 0.000000  0.009741
 1.000000  0.009570
 2.000000  0.009766
 3.000000  0.009692
 4.000000  0.009766
 5.000000  0.009766
 6.000000  0.009766
 7.000000  0.009644
 8.000000  0.009766
 9.000000  0.009692
 10.000000  0.009766
 11.000000  0.009619
 12.000000  0.009766
 13.000000  0.009595
 14.000000  0.009766
 15.000000  0.009277
 16.000000  0.009766
 17.000000  0.009448
 18.000000  0.009766
 19.000000  0.009644
 20.000000  0.009766
 21.000000  0.009570
 22.000000  0.009766
 23.000000  0.009619
 24.000000  0.009766
 25.000000  0.009253
 26.000000  0.009766
 27.000000  0.011938
 28.000000  0.009766
 29.000000  0.009521
 30.000000  0.009766
 31.000000  0.009497
 32.000000  0.009766
 33.000000  0.009277
 34.000000  0.009741
 35.000000  0.009448
 36.000000  0.009766
 37.000000  0.009546
 38.000000  0.009790
 39.000000  0.011840
 40.000000  0.009766
 41.000000  0.009424
 42.000000  0.009766
 43.000000  0.009277
 44.000000  0.009766
 45.000000  0.009351
 46.000000  0.009766
 47.000000  0.009399
 48.000000  0.009766
 49.000000  0.009497
 50.000000  0.009766
 51.000000  0.009424
 52.000000  0.009790
 53.000000  0.009424
 54.000000  0.009766
 55.000000  0.009326
 56.000000  0.009717
 57.000000  0.009424
 58.000000  0.009766
 59.000000  0.011694
 60.000000  0.009766
 61.000000  0.012011
 62.000000  0.009790
 63.000000  0.009717
 64.000000  0.009790
 65.000000  0.009717
 66.000000  0.009888
 67.000000  0.012207
 68.000000  0.009814
 69.000000  0.009790
 70.000000  0.009790
 71.000000  0.009692
 72.000000  0.009814
 73.000000  0.009644
 74.000000  0.009766
 75.000000  0.009497
 76.000000  0.009741
 77.000000  0.009497
 78.000000  0.009692
 79.000000  0.009546
 80.000000  0.009766
 81.000000  0.009424
 82.000000  0.009741
 83.000000  0.009351
 84.000000  0.009741
 85.000000  0.009570
 86.000000  0.009790
 87.000000  0.009619
 88.000000  0.009790
 89.000000  0.009521
 90.000000  0.009790
 91.000000  0.009766
 92.000000  0.009936
 93.000000  0.009790
 94.000000  0.010278
 95.000000  0.009814
 96.000000  0.011060
 97.000000  0.010156
 98.000000  0.011328
 99.000000  0.010352
 100.000000  0.011206
 101.000000  0.012329
 102.000000  0.009961
 103.000000  0.012207
 104.000000  0.009790
 105.000000  0.009619
 106.000000  0.009766
 107.000000  0.009595
 108.000000  0.009790
 109.000000  0.012011
 110.000000  0.009766
 111.000000  0.009570
 112.000000  0.009766
 113.000000  0.009668
 114.000000  0.009766
 115.000000  0.009644
 116.000000  0.009839
 117.000000  0.009766
 118.000000  0.010815
 119.000000  0.010156
 120.000000  0.012109
 121.000000  0.011792
 122.000000  0.012207
 123.000000  0.012158
 124.000000  0.012573
 125.000000  0.012305
 126.000000  0.014526
 127.000000  0.016552
 128.000000  0.014624
 129.000000  0.014233
 130.000000  0.014624
 131.000000  0.016821
 132.000000  0.014575
 133.000000  0.013403
 134.000000  0.014014
 135.000000  0.014648
 136.000000  0.012207
 137.000000  0.009912
 138.000000  0.009888
 139.000000  0.009717
 140.000000  0.009766
 141.000000  0.009692
 142.000000  0.009766
 143.000000  0.009766
 144.000000  0.009766
 145.000000  0.012182
 146.000000  0.009766
 147.000000  0.009741
 148.000000  0.009766
 149.000000  0.012182
 150.000000  0.009766
 151.000000  0.009692
 152.000000  0.009766
 153.000000  0.009595
 154.000000  0.009766
 155.000000  0.009521
 156.000000  0.009766
 157.000000  0.012011
 158.000000  0.009766
 159.000000  0.009473
 160.000000  0.009766
 161.000000  0.009326
 162.000000  0.009766
 163.000000  0.009570
 164.000000  0.009790
 165.000000  0.009351
 166.000000  0.009766
 167.000000  0.009644
 168.000000  0.009766
 169.000000  0.011718
 170.000000  0.009766
 171.000000  0.009521
 172.000000  0.009766
 173.000000  0.009521
 174.000000  0.009766
 175.000000  0.009619
 176.000000  0.009766
 177.000000  0.009497
 178.000000  0.009766
 179.000000  0.011816
 180.000000  0.009766
 181.000000  0.009351
 182.000000  0.009766
 183.000000  0.009546
 184.000000  0.009766
 185.000000  0.009546
 186.000000  0.009790
 187.000000  0.009302
 188.000000  0.009741
 189.000000  0.009351
 190.000000  0.009741
 191.000000  0.009326
 192.000000  0.009766
 193.000000  0.009644
 194.000000  0.009741
 195.000000  0.009644
 196.000000  0.012182
 197.000000  0.009375
 198.000000  0.009766
 199.000000  0.011718
 200.000000  0.009766
 201.000000  0.011645
 202.000000  0.009741
 203.000000  0.009521
 204.000000  0.009766
 205.000000  0.009424
 206.000000  0.009790
 207.000000  0.009204
 208.000000  0.009790
 209.000000  0.011889
 210.000000  0.009766
 211.000000  0.009326
 212.000000  0.009790
 213.000000  0.011938
 214.000000  0.009790
 215.000000  0.009424
 216.000000  0.009766
 217.000000  0.009424
 218.000000  0.009741
 219.000000  0.011865
 220.000000  0.009766
 221.000000  0.009497
 222.000000  0.009741
 223.000000  0.009448
 224.000000  0.009766
 225.000000  0.009033
 226.000000  0.009790
 227.000000  0.011718
 228.000000  0.009766
 229.000000  0.011743
 230.000000  0.009741
 231.000000  0.009497
 232.000000  0.009741
 233.000000  0.011767
 234.000000  0.009790
 235.000000  0.009521
 236.000000  0.009766
 237.000000  0.009399
 238.000000  0.009766
 239.000000  0.011840
 240.000000  0.009766
 241.000000  0.009375
 242.000000  0.009790
 243.000000  0.011792
 244.000000  0.009741
 245.000000  0.009473
 246.000000  0.009766
 247.000000  0.009473
 248.000000  0.009741
 249.000000  0.009521
 250.000000  0.009766
 251.000000  0.009399
 252.000000  0.009790
 253.000000  0.009595
 254.000000  0.009741
 255.000000  0.011889
 256.000000  0.009766
 257.000000  0.009619
 258.000000  0.009717
 259.000000  0.009497
 260.000000  0.009814
 261.000000  0.009497
 262.000000  0.009766
 263.000000  0.011743
 264.000000  0.009766
 265.000000  0.012011
 266.000000  0.009766
 267.000000  0.011987
 268.000000  0.009790
 269.000000  0.011938
 270.000000  0.009766
 271.000000  0.009619
 272.000000  0.009790
 273.000000  0.009546
 274.000000  0.009790
 275.000000  0.012060
 276.000000  0.009766
 277.000000  0.012036
 278.000000  0.009814
 279.000000  0.009692
 280.000000  0.009863
 281.000000  0.012133
 282.000000  0.009741
 283.000000  0.012109
 284.000000  0.009766
 285.000000  0.009692
 286.000000  0.009766
 287.000000  0.009644
 288.000000  0.009741
 289.000000  0.012182
 290.000000  0.009766
 291.000000  0.009692
 292.000000  0.009766
 293.000000  0.009619
 294.000000  0.009766
 295.000000  0.012109
 296.000000  0.009766
 297.000000  0.012207
 298.000000  0.009790
 299.000000  0.012158
 300.000000  0.009790
 301.000000  0.009741
 302.000000  0.009790
 303.000000  0.012207
 304.000000  0.009790
 305.000000  0.009766
 306.000000  0.009790
 307.000000  0.012207
 308.000000  0.009814
 309.000000  0.012207
 310.000000  0.009790
 311.000000  0.009766
 312.000000  0.009790
 313.000000  0.009766
 314.000000  0.009888
 315.000000  0.012207
 316.000000  0.009961
 317.000000  0.009790
 318.000000  0.009839
 319.000000  0.009766
 320.000000  0.010059
 321.000000  0.012207
 322.000000  0.010156
 323.000000  0.012231
 324.000000  0.009961
 325.000000  0.009766
 326.000000  0.011352
 327.000000  0.011060
 328.000000  0.012207
 329.000000  0.014624
 330.000000  0.012207
 331.000000  0.014648
 332.000000  0.012451
 333.000000  0.014648
 334.000000  0.012280
 335.000000  0.014624
 336.000000  0.012207
 337.000000  0.010327
 338.000000  0.010474
 339.000000  0.009741
 340.000000  0.009790
 341.000000  0.012182
 342.000000  0.012231
 343.000000  0.012133
 344.000000  0.009790
 345.000000  0.012158
 346.000000  0.009766
 347.000000  0.009766
 348.000000  0.009814
 349.000000  0.012207
 350.000000  0.009936
 351.000000  0.012231
 352.000000  0.011084
 353.000000  0.012793
 354.000000  0.011865
 355.000000  0.010815
 356.000000  0.011914
 357.000000  0.011084
 358.000000  0.011987
 359.000000  0.012890
 360.000000  0.011255
 361.000000  0.009766
 362.000000  0.009863
 363.000000  0.012231
 364.000000  0.009766
 365.000000  0.009692
 366.000000  0.009814
 367.000000  0.009692
 368.000000  0.009790
 369.000000  0.009790
 370.000000  0.010596
 371.000000  0.012744
 372.000000  0.012207
 373.000000  0.014575
 374.000000  0.012280
 375.000000  0.014648
 376.000000  0.012500
 377.000000  0.012183
 378.000000  0.012451
 379.000000  0.012207
 380.000000  0.012427
 381.000000  0.014599
 382.000000  0.012158
 383.000000  0.012036
 384.000000  0.012231
 385.000000  0.012134
 386.000000  0.012427
 387.000000  0.014697
 388.000000  0.012817
 389.000000  0.014746
 390.000000  0.013672
 391.000000  0.014843
 392.000000  0.013623
 393.000000  0.012427
 394.000000  0.013306
 395.000000  0.012231
 396.000000  0.012646
 397.000000  0.012207
 398.000000  0.012305
 399.000000  0.012036
 400.000000  0.012158
 401.000000  0.012963
 402.000000  0.009985
 403.000000  0.009717
 404.000000  0.009790
 405.000000  0.009692
 406.000000  0.009790
 407.000000  0.009717
 408.000000  0.009790
 409.000000  0.012133
 410.000000  0.009790
 411.000000  0.012182
 412.000000  0.009790
 413.000000  0.009717
 414.000000  0.009790
 415.000000  0.012182
 416.000000  0.009766
 417.000000  0.009692
 418.000000  0.009790
 419.000000  0.009717
 420.000000  0.009863
 421.000000  0.009766
 422.000000  0.009814
 423.000000  0.009717
 424.000000  0.009790
 425.000000  0.012182
 426.000000  0.009814
 427.000000  0.012231
 428.000000  0.009839
 429.000000  0.012109
 430.000000  0.009766
 431.000000  0.012158
 432.000000  0.009839
 433.000000  0.009692
 434.000000  0.009766
 435.000000  0.012158
 436.000000  0.009741
 437.000000  0.012158
 438.000000  0.009790
 439.000000  0.012158
 440.000000  0.009790
 441.000000  0.012109
 442.000000  0.009790
 443.000000  0.012133
 444.000000  0.009863
 445.000000  0.012158
 446.000000  0.009766
 447.000000  0.009692
 448.000000  0.009766
 449.000000  0.012085
 450.000000  0.009790
 451.000000  0.012207
 452.000000  0.009766
 453.000000  0.012109
 454.000000  0.009766
 455.000000  0.012207
 456.000000  0.009790
 457.000000  0.012133
 458.000000  0.009790
 459.000000  0.012207
 460.000000  0.009766
 461.000000  0.012207
 462.000000  0.009790
 463.000000  0.012158
 464.000000  0.009814
 465.000000  0.012207
 466.000000  0.010181
 467.000000  0.009839
 468.000000  0.011255
 469.000000  0.010815
 470.000000  0.012158
 471.000000  0.014355
 472.000000  0.012207
 473.000000  0.012109
 474.000000  0.012207
 475.000000  0.013916
 476.000000  0.012134
 477.000000  0.010229
 478.000000  0.010596
 479.000000  0.012207
 480.000000  0.009766
 481.000000  0.012158
 482.000000  0.009766
 483.000000  0.009766
 484.000000  0.009766
 485.000000  0.012207
 486.000000  0.009766
 487.000000  0.009717
 488.000000  0.009766
 489.000000  0.009717
 490.000000  0.009766
 491.000000  0.012133
 492.000000  0.009766
 493.000000  0.012182
 494.000000  0.009766
 495.000000  0.012182
 496.000000  0.009766
 497.000000  0.009741
 498.000000  0.009814
 499.000000  0.012158
 500.000000  0.009790
 501.000000  0.012182
 502.000000  0.009790
 503.000000  0.012158
 504.000000  0.009766
 505.000000  0.012182
 506.000000  0.009741
 507.000000  0.009766
 508.000000  0.009790
 509.000000  0.009717
 510.000000  0.009790
 511.000000  0.012158
 512.000000  0.009766
 513.000000  0.009717
 514.000000  0.009741
 515.000000  0.009644
 516.000000  0.009790
 517.000000  0.009668
 518.000000  0.009814
 519.000000  0.009619
 520.000000  0.009814
 521.000000  0.009692
 522.000000  0.009766
 523.000000  0.012036
 524.000000  0.009766
 525.000000  0.012158
 526.000000  0.009766
 527.000000  0.011938
 528.000000  0.009766
 529.000000  0.012207
 530.000000  0.009766
 531.000000  0.012036
 532.000000  0.009741
 533.000000  0.009741
 534.000000  0.009814
 535.000000  0.009717
 536.000000  0.009790
 537.000000  0.012085
 538.000000  0.009766
 539.000000  0.012109
 540.000000  0.009814
 541.000000  0.009668
 542.000000  0.009814
 543.000000  0.009766
 544.000000  0.009790
 545.000000  0.009668
 546.000000  0.009790
 547.000000  0.012109
 548.000000  0.009766
 549.000000  0.012133
 550.000000  0.009790
 551.000000  0.012158
 552.000000  0.009766
 553.000000  0.009741
 554.000000  0.009814
 555.000000  0.009644
 556.000000  0.009790
 557.000000  0.012109
 558.000000  0.009790
 559.000000  0.012109
 560.000000  0.009814
 561.000000  0.009692
 562.000000  0.009814
 563.000000  0.012133
 564.000000  0.009790
 565.000000  0.012182
 566.000000  0.009790
 567.000000  0.012133
 568.000000  0.009741
 569.000000  0.012109
 570.000000  0.009766
 571.000000  0.012085
 572.000000  0.009790
 573.000000  0.012182
 574.000000  0.009766
 575.000000  0.012133
 576.000000  0.009814
 577.000000  0.012109
 578.000000  0.009790
 579.000000  0.012085
 580.000000  0.009863
 581.000000  0.009766
 582.000000  0.009936
 583.000000  0.012231
 584.000000  0.010498
 585.000000  0.012622
 586.000000  0.011377
 587.000000  0.013183
 588.000000  0.011890
 589.000000  0.011108
 590.000000  0.012061
 591.000000  0.013525
 592.000000  0.011792
 593.000000  0.010278
 594.000000  0.010913
 595.000000  0.012304
 596.000000  0.009961
 597.000000  0.012231
 598.000000  0.009790
 599.000000  0.012158
 600.000000  0.009790
 601.000000  0.012182
 602.000000  0.009766
 603.000000  0.012182
 604.000000  0.009814
 605.000000  0.012182
 606.000000  0.009766
 607.000000  0.012182
 608.000000  0.009814
 609.000000  0.012109
 610.000000  0.009790
 611.000000  0.012158
 612.000000  0.012231
 613.000000  0.012182
 614.000000  0.012231
 615.000000  0.012207
 616.000000  0.009766
 617.000000  0.009717
 618.000000  0.009766
 619.000000  0.012158
 620.000000  0.009814
 621.000000  0.012133
 622.000000  0.009766
 623.000000  0.012207
 624.000000  0.012280
 625.000000  0.012207
 626.000000  0.009839
 627.000000  0.012207
 628.000000  0.010010
 629.000000  0.012207
 630.000000  0.009814
 631.000000  0.012207
 632.000000  0.009790
 633.000000  0.012182
 634.000000  0.009790
 635.000000  0.012207
 636.000000  0.009814
 637.000000  0.009741
 638.000000  0.009766
 639.000000  0.012207
 640.000000  0.009766
 641.000000  0.012158
 642.000000  0.009766
 643.000000  0.009741
 644.000000  0.012207
 645.000000  0.012133
 646.000000  0.012207
 647.000000  0.012158
 648.000000  0.009766
 649.000000  0.009766
 650.000000  0.009766
 651.000000  0.009717
 652.000000  0.009790
 653.000000  0.009766
 654.000000  0.009766
 655.000000  0.012158
 656.000000  0.009790
 657.000000  0.012182
 658.000000  0.009790
 659.000000  0.009766
 660.000000  0.009790
 661.000000  0.012158
 662.000000  0.009863
 663.000000  0.012158
 664.000000  0.012207
 665.000000  0.012207
 666.000000  0.012255
 667.000000  0.012182
 668.000000  0.009839
 669.000000  0.009766
 670.000000  0.009936
 671.000000  0.009766
 672.000000  0.009814
 673.000000  0.012158
 674.000000  0.012255
 675.000000  0.012182
 676.000000  0.009888
 677.000000  0.012182
 678.000000  0.009790
 679.000000  0.012158
 680.000000  0.009814
 681.000000  0.009717
 682.000000  0.009814
 683.000000  0.012133
 684.000000  0.009863
 685.000000  0.012158
 686.000000  0.009790
 687.000000  0.009717
 688.000000  0.012280
 689.000000  0.009692
 690.000000  0.012255
 691.000000  0.012060
 692.000000  0.009839
 693.000000  0.012182
 694.000000  0.009839
 695.000000  0.012158
 696.000000  0.012207
 697.000000  0.012158
 698.000000  0.009766
 699.000000  0.011987
 700.000000  0.009790
 701.000000  0.009717
 702.000000  0.009766
 703.000000  0.009692
 704.000000  0.012280
 705.000000  0.012085
 706.000000  0.009814
 707.000000  0.009717
 708.000000  0.009790
 709.000000  0.012109
 710.000000  0.009814
 711.000000  0.012109
 712.000000  0.009790
 713.000000  0.012109
 714.000000  0.009790
 715.000000  0.012085
 716.000000  0.009790
 717.000000  0.012133
 718.000000  0.009790
 719.000000  0.012207
 720.000000  0.009766
 721.000000  0.012133
 722.000000  0.009766
 723.000000  0.012182
 724.000000  0.009863
 725.000000  0.012231
 726.000000  0.009814
 727.000000  0.012133
 728.000000  0.009814
 729.000000  0.009668
 730.000000  0.009766
 731.000000  0.012207
 732.000000  0.009790
 733.000000  0.012158
 734.000000  0.012304
 735.000000  0.012158
 736.000000  0.009790
 737.000000  0.012158
 738.000000  0.009766
 739.000000  0.012158
 740.000000  0.009839
 741.000000  0.012158
 742.000000  0.009790
 743.000000  0.009741
 744.000000  0.009766
 745.000000  0.012207
 746.000000  0.009766
 747.000000  0.009668
 748.000000  0.009741
 749.000000  0.012133
 750.000000  0.009790
 751.000000  0.012158
 752.000000  0.012231
 753.000000  0.012158
 754.000000  0.009790
 755.000000  0.012207
 756.000000  0.009790
 757.000000  0.012085
 758.000000  0.009814
 759.000000  0.009741
 760.000000  0.009766
 761.000000  0.012158
 762.000000  0.009766
 763.000000  0.012182
 764.000000  0.009766
 765.000000  0.012133
 766.000000  0.009790
 767.000000  0.009741
 768.000000  0.009766
 769.000000  0.012133
 770.000000  0.009766
 771.000000  0.012109
 772.000000  0.009766
 773.000000  0.012109
 774.000000  0.012207
 775.000000  0.012158
 776.000000  0.012207
 777.000000  0.012133
 778.000000  0.009766
 779.000000  0.009644
 780.000000  0.009766
 781.000000  0.009619
 782.000000  0.012207
 783.000000  0.012158
 784.000000  0.009766
 785.000000  0.012158
 786.000000  0.009766
 787.000000  0.012085
 788.000000  0.012207
 789.000000  0.012085
 790.000000  0.009766
 791.000000  0.012036
 792.000000  0.009766
 793.000000  0.012133
 794.000000  0.009766
 795.000000  0.012085
 796.000000  0.009766
 797.000000  0.012133
 798.000000  0.009766
 799.000000  0.012182
 800.000000  0.009766
 801.000000  0.012109
 802.000000  0.012207
 803.000000  0.012085
 804.000000  0.009766
 805.000000  0.012207
 806.000000  0.009766
 807.000000  0.012085
 808.000000  0.012207
 809.000000  0.009692
 810.000000  0.009741
 811.000000  0.009692
 812.000000  0.009766
 813.000000  0.009717
 814.000000  0.009814
 815.000000  0.012109
 816.000000  0.009814
 817.000000  0.012182
 818.000000  0.009790
 819.000000  0.012182
 820.000000  0.009790
 821.000000  0.012207
 822.000000  0.009814
 823.000000  0.012207
 824.000000  0.012280
 825.000000  0.012207
 826.000000  0.009839
 827.000000  0.012182
 828.000000  0.009814
 829.000000  0.012207
 830.000000  0.009766
 831.000000  0.012158
 832.000000  0.009766
 833.000000  0.012060
 834.000000  0.009766
 835.000000  0.012109
 836.000000  0.012255
 837.000000  0.012158
 838.000000  0.009741
 839.000000  0.012060
 840.000000  0.009814
 841.000000  0.012036
 842.000000  0.012255
 843.000000  0.012060
 844.000000  0.009766
 845.000000  0.009692
 846.000000  0.012255
 847.000000  0.012207
 848.000000  0.009766
 849.000000  0.012060
 850.000000  0.009790
 851.000000  0.012109
 852.000000  0.009766
 853.000000  0.009692
 854.000000  0.012255
 855.000000  0.012109
 856.000000  0.009790
 857.000000  0.009644
 858.000000  0.009790
 859.000000  0.009692
 860.000000  0.012231
 861.000000  0.012085
 862.000000  0.009814
 863.000000  0.009668
 864.000000  0.009766
 865.000000  0.012182
 866.000000  0.012182
 867.000000  0.009668
 868.000000  0.009766
 869.000000  0.012085
 870.000000  0.009766
 871.000000  0.012133
 872.000000  0.009863
 873.000000  0.012207
 874.000000  0.009766
 875.000000  0.012182
 876.000000  0.009766
 877.000000  0.009619
 878.000000  0.009863
 879.000000  0.009668
 880.000000  0.009790
 881.000000  0.012182
 882.000000  0.009790
 883.000000  0.012060
 884.000000  0.009766
 885.000000  0.012182
 886.000000  0.009790
 887.000000  0.009595
 888.000000  0.009814
 889.000000  0.012133
 890.000000  0.009766
 891.000000  0.012133
 892.000000  0.009766
 893.000000  0.012109
 894.000000  0.009790
 895.000000  0.012133
 896.000000  0.009766
 897.000000  0.012158
 898.000000  0.009741
 899.000000  0.012158
 900.000000  0.009766
 901.000000  0.012109
 902.000000  0.012231
 903.000000  0.012182
 904.000000  0.009790
 905.000000  0.012109
 906.000000  0.012182
 907.000000  0.012036
 908.000000  0.012280
 909.000000  0.012158
 910.000000  0.009790
 911.000000  0.012036
 912.000000  0.009717
 913.000000  0.012133
 914.000000  0.009766
 915.000000  0.012182
 916.000000  0.009790
 917.000000  0.012207
 918.000000  0.012231
 919.000000  0.012158
 920.000000  0.012207
 921.000000  0.012085
 922.000000  0.009766
 923.000000  0.012133
 924.000000  0.009790
 925.000000  0.012207
 926.000000  0.009766
 927.000000  0.012207
 928.000000  0.009766
 929.000000  0.012207
 930.000000  0.009766
 931.000000  0.012182
 932.000000  0.009766
 933.000000  0.012207
 934.000000  0.009790
 935.000000  0.012207
 936.000000  0.009790
 937.000000  0.012207
 938.000000  0.009790
 939.000000  0.012182
 940.000000  0.009766
 941.000000  0.012182
 942.000000  0.009766
 943.000000  0.012158
 944.000000  0.009766
 945.000000  0.009766
 946.000000  0.012207
 947.000000  0.012207
 948.000000  0.009766
 949.000000  0.012207
 950.000000  0.012207
 951.000000  0.012207
 952.000000  0.009766
 953.000000  0.012207
 954.000000  0.009790
 955.000000  0.012207
 956.000000  0.009766
 957.000000  0.012207
 958.000000  0.009790
 959.000000  0.009766
 960.000000  0.009766
 961.000000  0.009741
 962.000000  0.012207
 963.000000  0.009741
 964.000000  0.009790
 965.000000  0.012207
 966.000000  0.009766
 967.000000  0.012182
 968.000000  0.009766
 969.000000  0.012207
 970.000000  0.012207
 971.000000  0.012182
 972.000000  0.009790
 973.000000  0.012207
 974.000000  0.009790
 975.000000  0.012231
 976.000000  0.009814
 977.000000  0.012182
 978.000000  0.009790
 979.000000  0.012182
 980.000000  0.009936
 981.000000  0.012207
 982.000000  0.010644
 983.000000  0.010596
 984.000000  0.011914
 985.000000  0.013989
 986.000000  0.012085
 987.000000  0.014257
 988.000000  0.014648
 989.000000  0.014233
 990.000000  0.012231
 991.000000  0.014086
 992.000000  0.012207
 993.000000  0.013501
 994.000000  0.011304
 995.000000  0.012329
 996.000000  0.009961
 997.000000  0.012207
 998.000000  0.012255
 999.000000  0.012158
 1000.000000  0.012255
 1001.000000  0.012133
 1002.000000  0.009790
 1003.000000  0.012207
 1004.000000  0.009790
 1005.000000  0.012158
 1006.000000  0.009839
 1007.000000  0.012231
 1008.000000  0.009790
 1009.000000  0.012207
 1010.000000  0.009814
 1011.000000  0.012133
 1012.000000  0.009766
 1013.000000  0.012109
 1014.000000  0.009766
 1015.000000  0.012158
 1016.000000  0.009839
 1017.000000  0.012207
 1018.000000  0.009814
 1019.000000  0.012133
 1020.000000  0.009863
 1021.000000  0.012158
 1022.000000  0.009790
 1023.000000  0.012207
