 0.000000  0.007373
 1.000000  0.007202
 2.000000  0.007324
 3.000000  0.007227
 4.000000  0.007324
 5.000000  0.007178
 6.000000  0.007349
 7.000000  0.007202
 8.000000  0.007324
 9.000000  0.007178
 10.000000  0.007324
 11.000000  0.007178
 12.000000  0.007324
 13.000000  0.007227
 14.000000  0.007324
 15.000000  0.007104
 16.000000  0.007349
 17.000000  0.007129
 18.000000  0.007349
 19.000000  0.007251
 20.000000  0.007324
 21.000000  0.007202
 22.000000  0.007324
 23.000000  0.007275
 24.000000  0.007324
 25.000000  0.007153
 26.000000  0.007324
 27.000000  0.009545
 28.000000  0.007324
 29.000000  0.007251
 30.000000  0.007324
 31.000000  0.007324
 32.000000  0.007324
 33.000000  0.007300
 34.000000  0.007324
 35.000000  0.007300
 36.000000  0.007324
 37.000000  0.007202
 38.000000  0.007324
 39.000000  0.009692
 40.000000  0.007324
 41.000000  0.007251
 42.000000  0.007324
 43.000000  0.007251
 44.000000  0.007324
 45.000000  0.007251
 46.000000  0.007324
 47.000000  0.007202
 48.000000  0.007324
 49.000000  0.007300
 50.000000  0.007324
 51.000000  0.007300
 52.000000  0.007324
 53.000000  0.007300
 54.000000  0.007324
 55.000000  0.007300
 56.000000  0.007324
 57.000000  0.007275
 58.000000  0.007324
 59.000000  0.009716
 60.000000  0.007324
 61.000000  0.009692
 62.000000  0.007324
 63.000000  0.007202
 64.000000  0.007324
 65.000000  0.007129
 66.000000  0.007324
 67.000000  0.009716
 68.000000  0.007324
 69.000000  0.007153
 70.000000  0.007324
 71.000000  0.007251
 72.000000  0.007324
 73.000000  0.007227
 74.000000  0.007324
 75.000000  0.007178
 76.000000  0.007324
 77.000000  0.007275
 78.000000  0.007324
 79.000000  0.007275
 80.000000  0.007324
 81.000000  0.007227
 82.000000  0.007324
 83.000000  0.007227
 84.000000  0.007324
 85.000000  0.007300
 86.000000  0.007324
 87.000000  0.007202
 88.000000  0.007324
 89.000000  0.007300
 90.000000  0.007324
 91.000000  0.007251
 92.000000  0.007324
 93.000000  0.007227
 94.000000  0.007324
 95.000000  0.007275
 96.000000  0.007324
 97.000000  0.007275
 98.000000  0.007324
 99.000000  0.007300
 100.000000  0.007324
 101.000000  0.009692
 102.000000  0.007324
 103.000000  0.009741
 104.000000  0.007324
 105.000000  0.007178
 106.000000  0.007349
 107.000000  0.007275
 108.000000  0.007324
 109.000000  0.009765
 110.000000  0.007324
 111.000000  0.007324
 112.000000  0.007324
 113.000000  0.007153
 114.000000  0.007275
 115.000000  0.007153
 116.000000  0.007300
 117.000000  0.007227
 118.000000  0.007495
 119.000000  0.007104
 120.000000  0.007471
 121.000000  0.007129
 122.000000  0.007446
 123.000000  0.006909
 124.000000  0.007373
 125.000000  0.006982
 126.000000  0.007422
 127.000000  0.009326
 128.000000  0.007349
 129.000000  0.007031
 130.000000  0.007495
 131.000000  0.009472
 132.000000  0.007544
 133.000000  0.007056
 134.000000  0.007397
 135.000000  0.009179
 136.000000  0.007349
 137.000000  0.007080
 138.000000  0.007349
 139.000000  0.007007
 140.000000  0.007373
 141.000000  0.007202
 142.000000  0.007373
 143.000000  0.007202
 144.000000  0.007324
 145.000000  0.009619
 146.000000  0.007349
 147.000000  0.007104
 148.000000  0.007324
 149.000000  0.009497
 150.000000  0.007349
 151.000000  0.007080
 152.000000  0.007349
 153.000000  0.007153
 154.000000  0.007349
 155.000000  0.007202
 156.000000  0.007324
 157.000000  0.009594
 158.000000  0.007373
 159.000000  0.007251
 160.000000  0.007324
 161.000000  0.007080
 162.000000  0.007349
 163.000000  0.007178
 164.000000  0.007324
 165.000000  0.007202
 166.000000  0.007324
 167.000000  0.007178
 168.000000  0.007324
 169.000000  0.009594
 170.000000  0.007324
 171.000000  0.007129
 172.000000  0.007324
 173.000000  0.007178
 174.000000  0.007324
 175.000000  0.007227
 176.000000  0.007324
 177.000000  0.007153
 178.000000  0.007324
 179.000000  0.009594
 180.000000  0.007324
 181.000000  0.007202
 182.000000  0.007324
 183.000000  0.007227
 184.000000  0.007324
 185.000000  0.007251
 186.000000  0.007324
 187.000000  0.007080
 188.000000  0.007324
 189.000000  0.007300
 190.000000  0.007324
 191.000000  0.007056
 192.000000  0.007324
 193.000000  0.007300
 194.000000  0.007324
 195.000000  0.007080
 196.000000  0.009765
 197.000000  0.007129
 198.000000  0.007324
 199.000000  0.009643
 200.000000  0.007324
 201.000000  0.009521
 202.000000  0.007324
 203.000000  0.007251
 204.000000  0.007349
 205.000000  0.007227
 206.000000  0.007324
 207.000000  0.007129
 208.000000  0.007324
 209.000000  0.009619
 210.000000  0.007324
 211.000000  0.007080
 212.000000  0.007324
 213.000000  0.009692
 214.000000  0.007324
 215.000000  0.007300
 216.000000  0.007324
 217.000000  0.007202
 218.000000  0.007324
 219.000000  0.009668
 220.000000  0.007324
 221.000000  0.007300
 222.000000  0.007324
 223.000000  0.007178
 224.000000  0.007324
 225.000000  0.007275
 226.000000  0.007324
 227.000000  0.009668
 228.000000  0.007324
 229.000000  0.009570
 230.000000  0.007324
 231.000000  0.007275
 232.000000  0.007324
 233.000000  0.009716
 234.000000  0.007324
 235.000000  0.007300
 236.000000  0.007324
 237.000000  0.007251
 238.000000  0.007324
 239.000000  0.009668
 240.000000  0.007324
 241.000000  0.007227
 242.000000  0.007324
 243.000000  0.009619
 244.000000  0.007349
 245.000000  0.007275
 246.000000  0.007324
 247.000000  0.007251
 248.000000  0.007324
 249.000000  0.007251
 250.000000  0.007349
 251.000000  0.007251
 252.000000  0.007324
 253.000000  0.007275
 254.000000  0.007324
 255.000000  0.009668
 256.000000  0.007349
 257.000000  0.007202
 258.000000  0.007324
 259.000000  0.007178
 260.000000  0.007324
 261.000000  0.007129
 262.000000  0.007324
 263.000000  0.009619
 264.000000  0.007373
 265.000000  0.009668
 266.000000  0.007324
 267.000000  0.009570
 268.000000  0.007275
 269.000000  0.009643
 270.000000  0.007373
 271.000000  0.007251
 272.000000  0.007397
 273.000000  0.007227
 274.000000  0.007422
 275.000000  0.009448
 276.000000  0.007324
 277.000000  0.009399
 278.000000  0.007422
 279.000000  0.007153
 280.000000  0.007471
 281.000000  0.009448
 282.000000  0.007568
 283.000000  0.009521
 284.000000  0.007739
 285.000000  0.007031
 286.000000  0.007300
 287.000000  0.006982
 288.000000  0.007324
 289.000000  0.009375
 290.000000  0.007471
 291.000000  0.007275
 292.000000  0.007690
 293.000000  0.007080
 294.000000  0.007373
 295.000000  0.009692
 296.000000  0.007373
 297.000000  0.009716
 298.000000  0.007373
 299.000000  0.009619
 300.000000  0.007324
 301.000000  0.007300
 302.000000  0.007349
 303.000000  0.009716
 304.000000  0.007471
 305.000000  0.007324
 306.000000  0.007373
 307.000000  0.009765
 308.000000  0.007397
 309.000000  0.009765
 310.000000  0.007373
 311.000000  0.007251
 312.000000  0.007349
 313.000000  0.007300
 314.000000  0.007471
 315.000000  0.009765
 316.000000  0.007519
 317.000000  0.007324
 318.000000  0.007446
 319.000000  0.007324
 320.000000  0.007446
 321.000000  0.009741
 322.000000  0.007373
 323.000000  0.009716
 324.000000  0.007373
 325.000000  0.007324
 326.000000  0.007519
 327.000000  0.007300
 328.000000  0.007446
 329.000000  0.009765
 330.000000  0.007446
 331.000000  0.009765
 332.000000  0.007495
 333.000000  0.009765
 334.000000  0.007519
 335.000000  0.009765
 336.000000  0.007471
 337.000000  0.007324
 338.000000  0.007519
 339.000000  0.007300
 340.000000  0.007568
 341.000000  0.009765
 342.000000  0.009838
 343.000000  0.009765
 344.000000  0.007593
 345.000000  0.009765
 346.000000  0.007666
 347.000000  0.007300
 348.000000  0.007544
 349.000000  0.009765
 350.000000  0.007690
 351.000000  0.009765
 352.000000  0.007666
 353.000000  0.009765
 354.000000  0.007617
 355.000000  0.007324
 356.000000  0.007544
 357.000000  0.007324
 358.000000  0.007788
 359.000000  0.009765
 360.000000  0.008276
 361.000000  0.007324
 362.000000  0.008081
 363.000000  0.009790
 364.000000  0.007959
 365.000000  0.007324
 366.000000  0.008301
 367.000000  0.007324
 368.000000  0.008301
 369.000000  0.007324
 370.000000  0.008398
 371.000000  0.009814
 372.000000  0.008618
 373.000000  0.009790
 374.000000  0.008765
 375.000000  0.009814
 376.000000  0.008838
 377.000000  0.007349
 378.000000  0.008887
 379.000000  0.007373
 380.000000  0.008789
 381.000000  0.009838
 382.000000  0.008862
 383.000000  0.007495
 384.000000  0.009302
 385.000000  0.007446
 386.000000  0.009155
 387.000000  0.009814
 388.000000  0.008765
 389.000000  0.009838
 390.000000  0.009644
 391.000000  0.009936
 392.000000  0.009131
 393.000000  0.007519
 394.000000  0.009546
 395.000000  0.007690
 396.000000  0.009668
 397.000000  0.008081
 398.000000  0.009521
 399.000000  0.007617
 400.000000  0.009692
 401.000000  0.010180
 402.000000  0.009619
 403.000000  0.008252
 404.000000  0.009619
 405.000000  0.008227
 406.000000  0.009717
 407.000000  0.008423
 408.000000  0.009741
 409.000000  0.010937
 410.000000  0.009741
 411.000000  0.010839
 412.000000  0.009766
 413.000000  0.009058
 414.000000  0.009766
 415.000000  0.011401
 416.000000  0.009766
 417.000000  0.009473
 418.000000  0.009766
 419.000000  0.009424
 420.000000  0.009766
 421.000000  0.009546
 422.000000  0.009766
 423.000000  0.009448
 424.000000  0.009766
 425.000000  0.011840
 426.000000  0.009668
 427.000000  0.012060
 428.000000  0.009692
 429.000000  0.012011
 430.000000  0.009912
 431.000000  0.012109
 432.000000  0.009936
 433.000000  0.009619
 434.000000  0.009936
 435.000000  0.011962
 436.000000  0.009863
 437.000000  0.012011
 438.000000  0.009839
 439.000000  0.012109
 440.000000  0.010132
 441.000000  0.011987
 442.000000  0.010449
 443.000000  0.012426
 444.000000  0.010474
 445.000000  0.012597
 446.000000  0.010718
 447.000000  0.009814
 448.000000  0.010205
 449.000000  0.012377
 450.000000  0.010474
 451.000000  0.012231
 452.000000  0.010352
 453.000000  0.012451
 454.000000  0.011352
 455.000000  0.012695
 456.000000  0.011426
 457.000000  0.012841
 458.000000  0.012012
 459.000000  0.013208
 460.000000  0.011597
 461.000000  0.013061
 462.000000  0.011963
 463.000000  0.013842
 464.000000  0.012109
 465.000000  0.014355
 466.000000  0.012207
 467.000000  0.012061
 468.000000  0.012207
 469.000000  0.012109
 470.000000  0.012231
 471.000000  0.014624
 472.000000  0.012329
 473.000000  0.012134
 474.000000  0.012353
 475.000000  0.014648
 476.000000  0.012769
 477.000000  0.012207
 478.000000  0.012256
 479.000000  0.014648
 480.000000  0.013257
 481.000000  0.014965
 482.000000  0.013232
 483.000000  0.012476
 484.000000  0.013354
 485.000000  0.015039
 486.000000  0.014258
 487.000000  0.012549
 488.000000  0.013477
 489.000000  0.012353
 490.000000  0.014600
 491.000000  0.016186
 492.000000  0.014575
 493.000000  0.016381
 494.000000  0.014648
 495.000000  0.017065
 496.000000  0.014648
 497.000000  0.013647
 498.000000  0.014648
 499.000000  0.017089
 500.000000  0.014819
 501.000000  0.016967
 502.000000  0.014648
 503.000000  0.017089
 504.000000  0.016089
 505.000000  0.017089
 506.000000  0.014648
 507.000000  0.014648
 508.000000  0.016797
 509.000000  0.015552
 510.000000  0.015381
 511.000000  0.017089
 512.000000  0.016675
 513.000000  0.016479
 514.000000  0.017090
 515.000000  0.014770
 516.000000  0.016040
 517.000000  0.015747
 518.000000  0.018603
 519.000000  0.017090
 520.000000  0.016626
 521.000000  0.016382
 522.000000  0.019531
 523.000000  0.023754
 524.000000  0.019507
 525.000000  0.019531
 526.000000  0.019507
 527.000000  0.026513
 528.000000  0.026831
 529.000000  0.024121
 530.000000  0.022974
 531.000000  0.040966
 532.000000  0.096558
 533.000000  0.085059
 534.000000  0.024414
 535.000000  0.019531
 536.000000  0.024341
 537.000000  0.039648
 538.000000  0.029272
 539.000000  0.019531
 540.000000  0.017139
 541.000000  0.022021
 542.000000  0.031982
 543.000000  0.021851
 544.000000  0.017090
 545.000000  0.017090
 546.000000  0.024365
 547.000000  0.035620
 548.000000  0.021948
 549.000000  0.019531
 550.000000  0.019189
 551.000000  0.029296
 552.000000  0.034155
 553.000000  0.019824
 554.000000  0.024414
 555.000000  0.070972
 556.000000  0.277905
 557.000000  0.267431
 558.000000  0.029175
 559.000000  0.020239
 560.000000  0.021973
 561.000000  0.029297
 562.000000  0.022095
 563.000000  0.019067
 564.000000  0.017090
 565.000000  0.019653
 566.000000  0.019531
 567.000000  0.018823
 568.000000  0.016186
 569.000000  0.017285
 570.000000  0.017090
 571.000000  0.018896
 572.000000  0.015308
 573.000000  0.017089
 574.000000  0.014868
 575.000000  0.017211
 576.000000  0.015259
 577.000000  0.016748
 578.000000  0.014648
 579.000000  0.016870
 580.000000  0.014844
 581.000000  0.014648
 582.000000  0.014697
 583.000000  0.016406
 584.000000  0.014648
 585.000000  0.017065
 586.000000  0.014453
 587.000000  0.015795
 588.000000  0.014453
 589.000000  0.013452
 590.000000  0.014160
 591.000000  0.015039
 592.000000  0.013965
 593.000000  0.012500
 594.000000  0.014087
 595.000000  0.015112
 596.000000  0.013550
 597.000000  0.014868
 598.000000  0.012793
 599.000000  0.014843
 600.000000  0.012524
 601.000000  0.014379
 602.000000  0.012427
 603.000000  0.014672
 604.000000  0.013159
 605.000000  0.014648
 606.000000  0.012329
 607.000000  0.014526
 608.000000  0.012280
 609.000000  0.014599
 610.000000  0.012183
 611.000000  0.014209
 612.000000  0.014672
 613.000000  0.014257
 614.000000  0.014624
 615.000000  0.014428
 616.000000  0.012109
 617.000000  0.011694
 618.000000  0.012134
 619.000000  0.013769
 620.000000  0.012134
 621.000000  0.012915
 622.000000  0.011523
 623.000000  0.012670
 624.000000  0.013745
 625.000000  0.012622
 626.000000  0.011011
 627.000000  0.012329
 628.000000  0.011450
 629.000000  0.012329
 630.000000  0.010840
 631.000000  0.012304
 632.000000  0.009961
 633.000000  0.012231
 634.000000  0.009936
 635.000000  0.012207
 636.000000  0.009985
 637.000000  0.009766
 638.000000  0.009814
 639.000000  0.012182
 640.000000  0.009766
 641.000000  0.012182
 642.000000  0.009766
 643.000000  0.009741
 644.000000  0.012231
 645.000000  0.012182
 646.000000  0.012207
 647.000000  0.012182
 648.000000  0.009790
 649.000000  0.009644
 650.000000  0.009766
 651.000000  0.009570
 652.000000  0.009766
 653.000000  0.009399
 654.000000  0.009766
 655.000000  0.011694
 656.000000  0.009766
 657.000000  0.011596
 658.000000  0.009766
 659.000000  0.008765
 660.000000  0.009741
 661.000000  0.011303
 662.000000  0.009741
 663.000000  0.011279
 664.000000  0.012133
 665.000000  0.011206
 666.000000  0.012158
 667.000000  0.010717
 668.000000  0.009619
 669.000000  0.007861
 670.000000  0.009668
 671.000000  0.007910
 672.000000  0.009717
 673.000000  0.010498
 674.000000  0.012085
 675.000000  0.010009
 676.000000  0.009619
 677.000000  0.010034
 678.000000  0.009204
 679.000000  0.010034
 680.000000  0.009326
 681.000000  0.007373
 682.000000  0.009302
 683.000000  0.009790
 684.000000  0.009106
 685.000000  0.009814
 686.000000  0.008496
 687.000000  0.007373
 688.000000  0.011303
 689.000000  0.007349
 690.000000  0.011230
 691.000000  0.009765
 692.000000  0.008691
 693.000000  0.009765
 694.000000  0.008130
 695.000000  0.009765
 696.000000  0.010180
 697.000000  0.009765
 698.000000  0.008008
 699.000000  0.009790
 700.000000  0.008350
 701.000000  0.007324
 702.000000  0.007739
 703.000000  0.007324
 704.000000  0.010327
 705.000000  0.009765
 706.000000  0.007715
 707.000000  0.007324
 708.000000  0.007739
 709.000000  0.009765
 710.000000  0.007739
 711.000000  0.009765
 712.000000  0.007812
 713.000000  0.009765
 714.000000  0.007617
 715.000000  0.009765
 716.000000  0.007642
 717.000000  0.009765
 718.000000  0.007519
 719.000000  0.009765
 720.000000  0.007715
 721.000000  0.009765
 722.000000  0.007593
 723.000000  0.009765
 724.000000  0.007471
 725.000000  0.009765
 726.000000  0.007397
 727.000000  0.009741
 728.000000  0.007373
 729.000000  0.007324
 730.000000  0.007422
 731.000000  0.009765
 732.000000  0.007349
 733.000000  0.009741
 734.000000  0.009863
 735.000000  0.009765
 736.000000  0.007397
 737.000000  0.009741
 738.000000  0.007373
 739.000000  0.009619
 740.000000  0.007397
 741.000000  0.009716
 742.000000  0.007349
 743.000000  0.007300
 744.000000  0.007593
 745.000000  0.009668
 746.000000  0.007471
 747.000000  0.007153
 748.000000  0.007495
 749.000000  0.009472
 750.000000  0.007495
 751.000000  0.009423
 752.000000  0.009814
 753.000000  0.009301
 754.000000  0.007519
 755.000000  0.009521
 756.000000  0.007471
 757.000000  0.009570
 758.000000  0.007666
 759.000000  0.006885
 760.000000  0.007202
 761.000000  0.009545
 762.000000  0.007349
 763.000000  0.009472
 764.000000  0.007324
 765.000000  0.009472
 766.000000  0.007349
 767.000000  0.007251
 768.000000  0.007349
 769.000000  0.009668
 770.000000  0.007324
 771.000000  0.009399
 772.000000  0.007324
 773.000000  0.009375
 774.000000  0.009741
 775.000000  0.009399
 776.000000  0.009765
 777.000000  0.009350
 778.000000  0.007324
 779.000000  0.007007
 780.000000  0.007324
 781.000000  0.007031
 782.000000  0.009741
 783.000000  0.009204
 784.000000  0.007300
 785.000000  0.009228
 786.000000  0.007324
 787.000000  0.009228
 788.000000  0.009790
 789.000000  0.009301
 790.000000  0.007324
 791.000000  0.009008
 792.000000  0.007300
 793.000000  0.009179
 794.000000  0.007324
 795.000000  0.009252
 796.000000  0.007275
 797.000000  0.009277
 798.000000  0.007324
 799.000000  0.009008
 800.000000  0.007300
 801.000000  0.008984
 802.000000  0.009765
 803.000000  0.009179
 804.000000  0.007324
 805.000000  0.008984
 806.000000  0.007275
 807.000000  0.009130
 808.000000  0.009765
 809.000000  0.006470
 810.000000  0.007324
 811.000000  0.006689
 812.000000  0.007324
 813.000000  0.006519
 814.000000  0.007275
 815.000000  0.008862
 816.000000  0.007300
 817.000000  0.008642
 818.000000  0.007324
 819.000000  0.008886
 820.000000  0.007324
 821.000000  0.008813
 822.000000  0.007300
 823.000000  0.008813
 824.000000  0.009716
 825.000000  0.008667
 826.000000  0.007300
 827.000000  0.008496
 828.000000  0.007300
 829.000000  0.008691
 830.000000  0.007324
 831.000000  0.008544
 832.000000  0.007275
 833.000000  0.008593
 834.000000  0.007275
 835.000000  0.008569
 836.000000  0.009765
 837.000000  0.008252
 838.000000  0.007324
 839.000000  0.008374
 840.000000  0.007300
 841.000000  0.008227
 842.000000  0.009765
 843.000000  0.008667
 844.000000  0.007178
 845.000000  0.006250
 846.000000  0.009741
 847.000000  0.008862
 848.000000  0.007275
 849.000000  0.008691
 850.000000  0.007251
 851.000000  0.008642
 852.000000  0.007324
 853.000000  0.006079
 854.000000  0.009765
 855.000000  0.008325
 856.000000  0.007251
 857.000000  0.006055
 858.000000  0.007227
 859.000000  0.005957
 860.000000  0.009765
 861.000000  0.008178
 862.000000  0.007275
 863.000000  0.005933
 864.000000  0.007275
 865.000000  0.008300
 866.000000  0.009668
 867.000000  0.006177
 868.000000  0.007300
 869.000000  0.008252
 870.000000  0.007300
 871.000000  0.008252
 872.000000  0.007324
 873.000000  0.008178
 874.000000  0.007251
 875.000000  0.008398
 876.000000  0.007227
 877.000000  0.005688
 878.000000  0.007300
 879.000000  0.005859
 880.000000  0.007153
 881.000000  0.008374
 882.000000  0.007178
 883.000000  0.008227
 884.000000  0.007251
 885.000000  0.008300
 886.000000  0.007129
 887.000000  0.005908
 888.000000  0.007275
 889.000000  0.008276
 890.000000  0.007080
 891.000000  0.008349
 892.000000  0.007227
 893.000000  0.008496
 894.000000  0.007227
 895.000000  0.008618
 896.000000  0.007129
 897.000000  0.008276
 898.000000  0.006958
 899.000000  0.008032
 900.000000  0.006934
 901.000000  0.008252
 902.000000  0.009350
 903.000000  0.008276
 904.000000  0.006934
 905.000000  0.008252
 906.000000  0.009399
 907.000000  0.008374
 908.000000  0.009399
 909.000000  0.008471
 910.000000  0.007031
 911.000000  0.008056
 912.000000  0.006738
 913.000000  0.007959
 914.000000  0.006372
 915.000000  0.008056
 916.000000  0.007104
 917.000000  0.008764
 918.000000  0.009716
 919.000000  0.007983
 920.000000  0.009545
 921.000000  0.008349
 922.000000  0.007153
 923.000000  0.007934
 924.000000  0.006934
 925.000000  0.008252
 926.000000  0.007178
 927.000000  0.008349
 928.000000  0.007104
 929.000000  0.008447
 930.000000  0.007153
 931.000000  0.008178
 932.000000  0.007007
 933.000000  0.008374
 934.000000  0.007202
 935.000000  0.008056
 936.000000  0.007300
 937.000000  0.008276
 938.000000  0.007251
 939.000000  0.007983
 940.000000  0.007178
 941.000000  0.008398
 942.000000  0.007178
 943.000000  0.008154
 944.000000  0.007178
 945.000000  0.005713
 946.000000  0.009619
 947.000000  0.008178
 948.000000  0.007153
 949.000000  0.008227
 950.000000  0.009521
 951.000000  0.008056
 952.000000  0.007031
 953.000000  0.008154
 954.000000  0.007178
 955.000000  0.008105
 956.000000  0.007202
 957.000000  0.007959
 958.000000  0.007153
 959.000000  0.005591
 960.000000  0.007178
 961.000000  0.005664
 962.000000  0.009692
 963.000000  0.005640
 964.000000  0.007153
 965.000000  0.008032
 966.000000  0.007251
 967.000000  0.008105
 968.000000  0.007153
 969.000000  0.007959
 970.000000  0.009692
 971.000000  0.008032
 972.000000  0.007300
 973.000000  0.007861
 974.000000  0.007251
 975.000000  0.008398
 976.000000  0.007104
 977.000000  0.008032
 978.000000  0.007300
 979.000000  0.008129
 980.000000  0.007275
 981.000000  0.008471
 982.000000  0.006982
 983.000000  0.005664
 984.000000  0.007153
 985.000000  0.008252
 986.000000  0.007080
 987.000000  0.007812
 988.000000  0.009692
 989.000000  0.007690
 990.000000  0.007300
 991.000000  0.007934
 992.000000  0.007178
 993.000000  0.008056
 994.000000  0.007080
 995.000000  0.007885
 996.000000  0.007007
 997.000000  0.008032
 998.000000  0.009619
 999.000000  0.007861
 1000.000000  0.009741
 1001.000000  0.007836
 1002.000000  0.007178
 1003.000000  0.007885
 1004.000000  0.007153
 1005.000000  0.007763
 1006.000000  0.007202
 1007.000000  0.007763
 1008.000000  0.007227
 1009.000000  0.007910
 1010.000000  0.007251
 1011.000000  0.007983
 1012.000000  0.007031
 1013.000000  0.007763
 1014.000000  0.006909
 1015.000000  0.007959
 1016.000000  0.007080
 1017.000000  0.008007
 1018.000000  0.006958
 1019.000000  0.007812
 1020.000000  0.007080
 1021.000000  0.007788
 1022.000000  0.007153
 1023.000000  0.008007
