 0.000000  0.007593
 1.000000  0.007227
 2.000000  0.007397
 3.000000  0.007080
 4.000000  0.007349
 5.000000  0.007153
 6.000000  0.007349
 7.000000  0.007275
 8.000000  0.007349
 9.000000  0.007251
 10.000000  0.007324
 11.000000  0.007178
 12.000000  0.007324
 13.000000  0.007227
 14.000000  0.007349
 15.000000  0.007251
 16.000000  0.007349
 17.000000  0.007227
 18.000000  0.007422
 19.000000  0.007300
 20.000000  0.007373
 21.000000  0.007275
 22.000000  0.007349
 23.000000  0.007275
 24.000000  0.007324
 25.000000  0.007251
 26.000000  0.007446
 27.000000  0.009741
 28.000000  0.007349
 29.000000  0.007300
 30.000000  0.007324
 31.000000  0.007275
 32.000000  0.007324
 33.000000  0.007300
 34.000000  0.007349
 35.000000  0.007275
 36.000000  0.007324
 37.000000  0.007324
 38.000000  0.007324
 39.000000  0.009765
 40.000000  0.007349
 41.000000  0.007227
 42.000000  0.007324
 43.000000  0.007275
 44.000000  0.007324
 45.000000  0.007300
 46.000000  0.007446
 47.000000  0.007251
 48.000000  0.007324
 49.000000  0.007300
 50.000000  0.007324
 51.000000  0.007324
 52.000000  0.007324
 53.000000  0.007300
 54.000000  0.007324
 55.000000  0.007275
 56.000000  0.007324
 57.000000  0.007227
 58.000000  0.007324
 59.000000  0.009765
 60.000000  0.007349
 61.000000  0.009716
 62.000000  0.007324
 63.000000  0.007275
 64.000000  0.007324
 65.000000  0.007275
 66.000000  0.007324
 67.000000  0.009741
 68.000000  0.007324
 69.000000  0.007300
 70.000000  0.007324
 71.000000  0.007324
 72.000000  0.007324
 73.000000  0.007324
 74.000000  0.007324
 75.000000  0.007324
 76.000000  0.007324
 77.000000  0.007300
 78.000000  0.007324
 79.000000  0.007324
 80.000000  0.007324
 81.000000  0.007324
 82.000000  0.007324
 83.000000  0.007275
 84.000000  0.007324
 85.000000  0.007324
 86.000000  0.007324
 87.000000  0.007324
 88.000000  0.007324
 89.000000  0.007324
 90.000000  0.007324
 91.000000  0.007300
 92.000000  0.007324
 93.000000  0.007324
 94.000000  0.007324
 95.000000  0.007275
 96.000000  0.007324
 97.000000  0.007324
 98.000000  0.007324
 99.000000  0.007300
 100.000000  0.007324
 101.000000  0.009765
 102.000000  0.007349
 103.000000  0.009765
 104.000000  0.007324
 105.000000  0.007324
 106.000000  0.007349
 107.000000  0.007300
 108.000000  0.007349
 109.000000  0.009765
 110.000000  0.007349
 111.000000  0.007324
 112.000000  0.007324
 113.000000  0.007300
 114.000000  0.007324
 115.000000  0.007324
 116.000000  0.007324
 117.000000  0.007300
 118.000000  0.007324
 119.000000  0.007324
 120.000000  0.007324
 121.000000  0.007300
 122.000000  0.007373
 123.000000  0.007300
 124.000000  0.007324
 125.000000  0.007324
 126.000000  0.007324
 127.000000  0.009692
 128.000000  0.007324
 129.000000  0.007300
 130.000000  0.007324
 131.000000  0.009692
 132.000000  0.007324
 133.000000  0.007275
 134.000000  0.007349
 135.000000  0.009765
 136.000000  0.007324
 137.000000  0.007227
 138.000000  0.007373
 139.000000  0.007202
 140.000000  0.007349
 141.000000  0.007300
 142.000000  0.007324
 143.000000  0.007300
 144.000000  0.007373
 145.000000  0.009350
 146.000000  0.006860
 147.000000  0.007178
 148.000000  0.007617
 149.000000  0.009521
 150.000000  0.008227
 151.000000  0.007471
 152.000000  0.007519
 153.000000  0.006421
 154.000000  0.007568
 155.000000  0.007202
 156.000000  0.007349
 157.000000  0.009619
 158.000000  0.007422
 159.000000  0.007227
 160.000000  0.007349
 161.000000  0.007227
 162.000000  0.007397
 163.000000  0.007202
 164.000000  0.007373
 165.000000  0.007227
 166.000000  0.007349
 167.000000  0.007275
 168.000000  0.007373
 169.000000  0.009643
 170.000000  0.007349
 171.000000  0.007227
 172.000000  0.007349
 173.000000  0.007251
 174.000000  0.007373
 175.000000  0.007202
 176.000000  0.007397
 177.000000  0.007202
 178.000000  0.007324
 179.000000  0.009668
 180.000000  0.007349
 181.000000  0.007300
 182.000000  0.007373
 183.000000  0.007300
 184.000000  0.007373
 185.000000  0.007300
 186.000000  0.007349
 187.000000  0.007300
 188.000000  0.007373
 189.000000  0.007300
 190.000000  0.007373
 191.000000  0.007227
 192.000000  0.007324
 193.000000  0.007275
 194.000000  0.007349
 195.000000  0.007324
 196.000000  0.009790
 197.000000  0.007324
 198.000000  0.007349
 199.000000  0.009716
 200.000000  0.007324
 201.000000  0.009741
 202.000000  0.007349
 203.000000  0.007300
 204.000000  0.007349
 205.000000  0.007227
 206.000000  0.007324
 207.000000  0.007275
 208.000000  0.007324
 209.000000  0.009765
 210.000000  0.007349
 211.000000  0.007324
 212.000000  0.007349
 213.000000  0.009765
 214.000000  0.007349
 215.000000  0.007324
 216.000000  0.007349
 217.000000  0.007300
 218.000000  0.007373
 219.000000  0.009765
 220.000000  0.007373
 221.000000  0.007275
 222.000000  0.007324
 223.000000  0.007324
 224.000000  0.007324
 225.000000  0.007324
 226.000000  0.007324
 227.000000  0.009765
 228.000000  0.007422
 229.000000  0.009765
 230.000000  0.007324
 231.000000  0.007324
 232.000000  0.007373
 233.000000  0.009765
 234.000000  0.007324
 235.000000  0.007324
 236.000000  0.007324
 237.000000  0.007324
 238.000000  0.007373
 239.000000  0.009765
 240.000000  0.007349
 241.000000  0.007324
 242.000000  0.007349
 243.000000  0.009765
 244.000000  0.007349
 245.000000  0.007324
 246.000000  0.007373
 247.000000  0.007324
 248.000000  0.007349
 249.000000  0.007324
 250.000000  0.007324
 251.000000  0.007300
 252.000000  0.007324
 253.000000  0.007324
 254.000000  0.007349
 255.000000  0.009765
 256.000000  0.007324
 257.000000  0.007324
 258.000000  0.007349
 259.000000  0.007324
 260.000000  0.007349
 261.000000  0.007324
 262.000000  0.007373
 263.000000  0.009741
 264.000000  0.007373
 265.000000  0.009765
 266.000000  0.007324
 267.000000  0.009765
 268.000000  0.007324
 269.000000  0.009765
 270.000000  0.007397
 271.000000  0.007324
 272.000000  0.007446
 273.000000  0.007324
 274.000000  0.007397
 275.000000  0.009765
 276.000000  0.007373
 277.000000  0.009765
 278.000000  0.007593
 279.000000  0.007324
 280.000000  0.007519
 281.000000  0.009741
 282.000000  0.007397
 283.000000  0.009741
 284.000000  0.007519
 285.000000  0.007324
 286.000000  0.007544
 287.000000  0.007324
 288.000000  0.007422
 289.000000  0.009765
 290.000000  0.007519
 291.000000  0.007300
 292.000000  0.007739
 293.000000  0.007324
 294.000000  0.007495
 295.000000  0.009765
 296.000000  0.007715
 297.000000  0.009765
 298.000000  0.007617
 299.000000  0.009765
 300.000000  0.007690
 301.000000  0.007495
 302.000000  0.008862
 303.000000  0.009912
 304.000000  0.007764
 305.000000  0.007568
 306.000000  0.007422
 307.000000  0.009399
 308.000000  0.008398
 309.000000  0.010571
 310.000000  0.008545
 311.000000  0.007422
 312.000000  0.007983
 313.000000  0.007519
 314.000000  0.008813
 315.000000  0.009863
 316.000000  0.008398
 317.000000  0.007422
 318.000000  0.008398
 319.000000  0.007397
 320.000000  0.008350
 321.000000  0.009790
 322.000000  0.008301
 323.000000  0.009790
 324.000000  0.008276
 325.000000  0.007349
 326.000000  0.008398
 327.000000  0.007446
 328.000000  0.008618
 329.000000  0.009936
 330.000000  0.008887
 331.000000  0.009887
 332.000000  0.008984
 333.000000  0.010180
 334.000000  0.008887
 335.000000  0.010083
 336.000000  0.008813
 337.000000  0.007446
 338.000000  0.009228
 339.000000  0.007422
 340.000000  0.008984
 341.000000  0.010156
 342.000000  0.011377
 343.000000  0.009863
 344.000000  0.009277
 345.000000  0.010253
 346.000000  0.009351
 347.000000  0.007812
 348.000000  0.009204
 349.000000  0.010107
 350.000000  0.009473
 351.000000  0.010327
 352.000000  0.009521
 353.000000  0.010498
 354.000000  0.009497
 355.000000  0.007812
 356.000000  0.009546
 357.000000  0.008325
 358.000000  0.009692
 359.000000  0.010571
 360.000000  0.009741
 361.000000  0.008105
 362.000000  0.009692
 363.000000  0.010717
 364.000000  0.009668
 365.000000  0.008301
 366.000000  0.009766
 367.000000  0.008472
 368.000000  0.009741
 369.000000  0.009033
 370.000000  0.009741
 371.000000  0.011425
 372.000000  0.009766
 373.000000  0.011645
 374.000000  0.009766
 375.000000  0.011718
 376.000000  0.009766
 377.000000  0.009424
 378.000000  0.009766
 379.000000  0.009424
 380.000000  0.009766
 381.000000  0.012060
 382.000000  0.009766
 383.000000  0.009546
 384.000000  0.009766
 385.000000  0.009595
 386.000000  0.009766
 387.000000  0.012109
 388.000000  0.009766
 389.000000  0.012158
 390.000000  0.009766
 391.000000  0.012207
 392.000000  0.009766
 393.000000  0.009766
 394.000000  0.009766
 395.000000  0.009741
 396.000000  0.009790
 397.000000  0.009766
 398.000000  0.009766
 399.000000  0.009766
 400.000000  0.009766
 401.000000  0.012207
 402.000000  0.009766
 403.000000  0.009766
 404.000000  0.009814
 405.000000  0.009766
 406.000000  0.009839
 407.000000  0.009766
 408.000000  0.010083
 409.000000  0.012231
 410.000000  0.010132
 411.000000  0.012231
 412.000000  0.010181
 413.000000  0.009790
 414.000000  0.010644
 415.000000  0.012280
 416.000000  0.011060
 417.000000  0.010107
 418.000000  0.011328
 419.000000  0.010303
 420.000000  0.011572
 421.000000  0.010278
 422.000000  0.011938
 423.000000  0.010913
 424.000000  0.012012
 425.000000  0.013476
 426.000000  0.012061
 427.000000  0.014013
 428.000000  0.012158
 429.000000  0.013940
 430.000000  0.012207
 431.000000  0.014379
 432.000000  0.012183
 433.000000  0.012183
 434.000000  0.012207
 435.000000  0.014599
 436.000000  0.012207
 437.000000  0.014648
 438.000000  0.012207
 439.000000  0.014648
 440.000000  0.012427
 441.000000  0.014648
 442.000000  0.012524
 443.000000  0.014648
 444.000000  0.012744
 445.000000  0.014648
 446.000000  0.013159
 447.000000  0.012378
 448.000000  0.013061
 449.000000  0.014721
 450.000000  0.013892
 451.000000  0.015014
 452.000000  0.014453
 453.000000  0.016015
 454.000000  0.014526
 455.000000  0.016186
 456.000000  0.014648
 457.000000  0.016772
 458.000000  0.013769
 459.000000  0.016577
 460.000000  0.014502
 461.000000  0.016943
 462.000000  0.014868
 463.000000  0.017334
 464.000000  0.015356
 465.000000  0.017065
 466.000000  0.014966
 467.000000  0.014795
 468.000000  0.015674
 469.000000  0.014697
 470.000000  0.015527
 471.000000  0.017309
 472.000000  0.016455
 473.000000  0.014990
 474.000000  0.016772
 475.000000  0.017602
 476.000000  0.016846
 477.000000  0.015894
 478.000000  0.017090
 479.000000  0.018652
 480.000000  0.017114
 481.000000  0.019384
 482.000000  0.017139
 483.000000  0.017065
 484.000000  0.017139
 485.000000  0.019458
 486.000000  0.017261
 487.000000  0.017090
 488.000000  0.017310
 489.000000  0.017090
 490.000000  0.017456
 491.000000  0.019653
 492.000000  0.019019
 493.000000  0.020385
 494.000000  0.019263
 495.000000  0.020605
 496.000000  0.019531
 497.000000  0.019214
 498.000000  0.019531
 499.000000  0.021606
 500.000000  0.019800
 501.000000  0.021997
 502.000000  0.019556
 503.000000  0.021972
 504.000000  0.020312
 505.000000  0.022436
 506.000000  0.020679
 507.000000  0.019604
 508.000000  0.020459
 509.000000  0.020557
 510.000000  0.021948
 511.000000  0.022876
 512.000000  0.021973
 513.000000  0.020166
 514.000000  0.021973
 515.000000  0.021973
 516.000000  0.022607
 517.000000  0.021973
 518.000000  0.021997
 519.000000  0.022070
 520.000000  0.024414
 521.000000  0.024756
 522.000000  0.024219
 523.000000  0.026831
 524.000000  0.026855
 525.000000  0.029663
 526.000000  0.031128
 527.000000  0.029272
 528.000000  0.029810
 529.000000  0.041894
 530.000000  0.067529
 531.000000  0.068139
 532.000000  0.033960
 533.000000  0.041748
 534.000000  0.064087
 535.000000  0.115112
 536.000000  0.061328
 537.000000  0.040283
 538.000000  0.063306
 539.000000  0.180151
 540.000000  0.313379
 541.000000  0.067407
 542.000000  0.077783
 543.000000  0.161694
 544.000000  0.345435
 545.000000  0.348291
 546.000000  0.073096
 547.000000  0.192041
 548.000000  0.232275
 549.000000  0.146093
 550.000000  0.083398
 551.000000  0.033032
 552.000000  0.036865
 553.000000  0.034106
 554.000000  0.035327
 555.000000  0.026611
 556.000000  0.024561
 557.000000  0.027270
 558.000000  0.025806
 559.000000  0.026855
 560.000000  0.022168
 561.000000  0.021973
 562.000000  0.022559
 563.000000  0.024414
 564.000000  0.021973
 565.000000  0.024267
 566.000000  0.021924
 567.000000  0.023315
 568.000000  0.021948
 569.000000  0.022119
 570.000000  0.021753
 571.000000  0.022143
 572.000000  0.019751
 573.000000  0.021972
 574.000000  0.019629
 575.000000  0.021972
 576.000000  0.019531
 577.000000  0.021948
 578.000000  0.019580
 579.000000  0.021948
 580.000000  0.019507
 581.000000  0.018848
 582.000000  0.019434
 583.000000  0.020507
 584.000000  0.019189
 585.000000  0.019677
 586.000000  0.018726
 587.000000  0.019873
 588.000000  0.017651
 589.000000  0.017139
 590.000000  0.017432
 591.000000  0.019531
 592.000000  0.017261
 593.000000  0.017090
 594.000000  0.017212
 595.000000  0.019531
 596.000000  0.017114
 597.000000  0.019238
 598.000000  0.017065
 599.000000  0.018554
 600.000000  0.016968
 601.000000  0.017627
 602.000000  0.016846
 603.000000  0.017895
 604.000000  0.017041
 605.000000  0.017944
 606.000000  0.016919
 607.000000  0.017456
 608.000000  0.016724
 609.000000  0.017138
 610.000000  0.016016
 611.000000  0.017089
 612.000000  0.017797
 613.000000  0.017138
 614.000000  0.018603
 615.000000  0.017529
 616.000000  0.015039
 617.000000  0.014722
 618.000000  0.014868
 619.000000  0.016064
 620.000000  0.014624
 621.000000  0.016796
 622.000000  0.015430
 623.000000  0.016601
 624.000000  0.017187
 625.000000  0.016699
 626.000000  0.014673
 627.000000  0.015918
 628.000000  0.014502
 629.000000  0.015527
 630.000000  0.014062
 631.000000  0.015161
 632.000000  0.014062
 633.000000  0.015063
 634.000000  0.013769
 635.000000  0.014868
 636.000000  0.013135
 637.000000  0.012256
 638.000000  0.012769
 639.000000  0.014648
 640.000000  0.012842
 641.000000  0.014672
 642.000000  0.012329
 643.000000  0.012085
 644.000000  0.014721
 645.000000  0.014624
 646.000000  0.014648
 647.000000  0.014502
 648.000000  0.012207
 649.000000  0.012085
 650.000000  0.012207
 651.000000  0.011816
 652.000000  0.012207
 653.000000  0.011621
 654.000000  0.012109
 655.000000  0.013867
 656.000000  0.012109
 657.000000  0.013623
 658.000000  0.012012
 659.000000  0.010596
 660.000000  0.011523
 661.000000  0.012768
 662.000000  0.011572
 663.000000  0.012548
 664.000000  0.013061
 665.000000  0.012451
 666.000000  0.012988
 667.000000  0.012402
 668.000000  0.010352
 669.000000  0.009790
 670.000000  0.010059
 671.000000  0.009766
 672.000000  0.009814
 673.000000  0.012207
 674.000000  0.012377
 675.000000  0.012207
 676.000000  0.009814
 677.000000  0.012158
 678.000000  0.009766
 679.000000  0.012207
 680.000000  0.009766
 681.000000  0.009766
 682.000000  0.009766
 683.000000  0.012207
 684.000000  0.009766
 685.000000  0.012158
 686.000000  0.009766
 687.000000  0.009692
 688.000000  0.012207
 689.000000  0.009692
 690.000000  0.012207
 691.000000  0.012011
 692.000000  0.009766
 693.000000  0.012109
 694.000000  0.009766
 695.000000  0.011718
 696.000000  0.012207
 697.000000  0.011596
 698.000000  0.009766
 699.000000  0.011474
 700.000000  0.009766
 701.000000  0.009351
 702.000000  0.009766
 703.000000  0.009082
 704.000000  0.012207
 705.000000  0.011230
 706.000000  0.009766
 707.000000  0.008447
 708.000000  0.009692
 709.000000  0.010595
 710.000000  0.009717
 711.000000  0.010449
 712.000000  0.009717
 713.000000  0.010449
 714.000000  0.009595
 715.000000  0.010278
 716.000000  0.009717
 717.000000  0.010302
 718.000000  0.009595
 719.000000  0.009912
 720.000000  0.009546
 721.000000  0.010156
 722.000000  0.009180
 723.000000  0.010058
 724.000000  0.009351
 725.000000  0.009961
 726.000000  0.009399
 727.000000  0.009863
 728.000000  0.009180
 729.000000  0.007397
 730.000000  0.008984
 731.000000  0.009838
 732.000000  0.008887
 733.000000  0.009814
 734.000000  0.011499
 735.000000  0.009790
 736.000000  0.008496
 737.000000  0.009790
 738.000000  0.008960
 739.000000  0.009814
 740.000000  0.008594
 741.000000  0.009790
 742.000000  0.008667
 743.000000  0.007349
 744.000000  0.008472
 745.000000  0.009790
 746.000000  0.007959
 747.000000  0.007324
 748.000000  0.007935
 749.000000  0.009765
 750.000000  0.007886
 751.000000  0.009790
 752.000000  0.010034
 753.000000  0.009790
 754.000000  0.007910
 755.000000  0.009765
 756.000000  0.007764
 757.000000  0.009765
 758.000000  0.007593
 759.000000  0.007324
 760.000000  0.007642
 761.000000  0.009765
 762.000000  0.007544
 763.000000  0.009765
 764.000000  0.007422
 765.000000  0.009765
 766.000000  0.007422
 767.000000  0.007324
 768.000000  0.007397
 769.000000  0.009741
 770.000000  0.007178
 771.000000  0.009277
 772.000000  0.007495
 773.000000  0.009594
 774.000000  0.010229
 775.000000  0.010083
 776.000000  0.011059
 777.000000  0.009326
 778.000000  0.007544
 779.000000  0.007178
 780.000000  0.007544
 781.000000  0.007080
 782.000000  0.009863
 783.000000  0.009643
 784.000000  0.007373
 785.000000  0.009716
 786.000000  0.007495
 787.000000  0.009765
 788.000000  0.009814
 789.000000  0.009594
 790.000000  0.007373
 791.000000  0.009692
 792.000000  0.007373
 793.000000  0.009668
 794.000000  0.007349
 795.000000  0.009668
 796.000000  0.007349
 797.000000  0.009643
 798.000000  0.007324
 799.000000  0.009594
 800.000000  0.007324
 801.000000  0.009570
 802.000000  0.009790
 803.000000  0.009643
 804.000000  0.007349
 805.000000  0.009668
 806.000000  0.007349
 807.000000  0.009692
 808.000000  0.009814
 809.000000  0.007275
 810.000000  0.007324
 811.000000  0.007178
 812.000000  0.007324
 813.000000  0.007153
 814.000000  0.007324
 815.000000  0.009619
 816.000000  0.007324
 817.000000  0.009521
 818.000000  0.007324
 819.000000  0.009619
 820.000000  0.007324
 821.000000  0.009570
 822.000000  0.007324
 823.000000  0.009472
 824.000000  0.009765
 825.000000  0.009472
 826.000000  0.007324
 827.000000  0.009472
 828.000000  0.007349
 829.000000  0.009399
 830.000000  0.007324
 831.000000  0.009375
 832.000000  0.007324
 833.000000  0.009399
 834.000000  0.007324
 835.000000  0.009350
 836.000000  0.009765
 837.000000  0.009423
 838.000000  0.007324
 839.000000  0.009350
 840.000000  0.007324
 841.000000  0.009204
 842.000000  0.009741
 843.000000  0.009301
 844.000000  0.007300
 845.000000  0.007104
 846.000000  0.009765
 847.000000  0.009375
 848.000000  0.007324
 849.000000  0.009399
 850.000000  0.007324
 851.000000  0.009448
 852.000000  0.007324
 853.000000  0.007056
 854.000000  0.009765
 855.000000  0.009252
 856.000000  0.007324
 857.000000  0.006494
 858.000000  0.007324
 859.000000  0.006421
 860.000000  0.009765
 861.000000  0.009204
 862.000000  0.007324
 863.000000  0.006714
 864.000000  0.007300
 865.000000  0.009155
 866.000000  0.009765
 867.000000  0.006909
 868.000000  0.007300
 869.000000  0.009252
 870.000000  0.007324
 871.000000  0.009228
 872.000000  0.007324
 873.000000  0.009057
 874.000000  0.007324
 875.000000  0.009082
 876.000000  0.007324
 877.000000  0.006519
 878.000000  0.007300
 879.000000  0.006567
 880.000000  0.007300
 881.000000  0.009106
 882.000000  0.007275
 883.000000  0.009057
 884.000000  0.007324
 885.000000  0.009057
 886.000000  0.007324
 887.000000  0.006519
 888.000000  0.007324
 889.000000  0.009033
 890.000000  0.007324
 891.000000  0.009106
 892.000000  0.007324
 893.000000  0.008837
 894.000000  0.007300
 895.000000  0.009008
 896.000000  0.007251
 897.000000  0.009228
 898.000000  0.007324
 899.000000  0.008813
 900.000000  0.007324
 901.000000  0.008618
 902.000000  0.009741
 903.000000  0.008642
 904.000000  0.007275
 905.000000  0.008569
 906.000000  0.009765
 907.000000  0.008593
 908.000000  0.009741
 909.000000  0.008960
 910.000000  0.007300
 911.000000  0.008715
 912.000000  0.007178
 913.000000  0.008471
 914.000000  0.007202
 915.000000  0.008667
 916.000000  0.007202
 917.000000  0.008642
 918.000000  0.009741
 919.000000  0.008300
 920.000000  0.009716
 921.000000  0.008374
 922.000000  0.007300
 923.000000  0.008398
 924.000000  0.007129
 925.000000  0.008471
 926.000000  0.007275
 927.000000  0.009228
 928.000000  0.007153
 929.000000  0.008227
 930.000000  0.007031
 931.000000  0.007666
 932.000000  0.005640
 933.000000  0.008764
 934.000000  0.007227
 935.000000  0.009033
 936.000000  0.007080
 937.000000  0.008471
 938.000000  0.007275
 939.000000  0.008911
 940.000000  0.007275
 941.000000  0.008960
 942.000000  0.007227
 943.000000  0.008447
 944.000000  0.007275
 945.000000  0.006177
 946.000000  0.009668
 947.000000  0.008667
 948.000000  0.007202
 949.000000  0.008667
 950.000000  0.009716
 951.000000  0.008520
 952.000000  0.007275
 953.000000  0.008593
 954.000000  0.007227
 955.000000  0.008544
 956.000000  0.007300
 957.000000  0.008862
 958.000000  0.007300
 959.000000  0.006103
 960.000000  0.007251
 961.000000  0.006055
 962.000000  0.009619
 963.000000  0.006128
 964.000000  0.007300
 965.000000  0.008813
 966.000000  0.007202
 967.000000  0.008764
 968.000000  0.007227
 969.000000  0.008520
 970.000000  0.009643
 971.000000  0.008642
 972.000000  0.007251
 973.000000  0.008496
 974.000000  0.007227
 975.000000  0.008569
 976.000000  0.007300
 977.000000  0.008691
 978.000000  0.007227
 979.000000  0.008520
 980.000000  0.007251
 981.000000  0.008691
 982.000000  0.007178
 983.000000  0.006006
 984.000000  0.007202
 985.000000  0.008911
 986.000000  0.007202
 987.000000  0.008471
 988.000000  0.009668
 989.000000  0.008276
 990.000000  0.007300
 991.000000  0.008227
 992.000000  0.007251
 993.000000  0.008374
 994.000000  0.007227
 995.000000  0.008471
 996.000000  0.007178
 997.000000  0.008422
 998.000000  0.009741
 999.000000  0.008325
 1000.000000  0.009741
 1001.000000  0.008129
 1002.000000  0.007300
 1003.000000  0.008374
 1004.000000  0.007275
 1005.000000  0.008276
 1006.000000  0.007300
 1007.000000  0.007959
 1008.000000  0.007275
 1009.000000  0.008252
 1010.000000  0.007178
 1011.000000  0.008471
 1012.000000  0.007251
 1013.000000  0.008300
 1014.000000  0.007251
 1015.000000  0.008520
 1016.000000  0.007202
 1017.000000  0.008667
 1018.000000  0.007227
 1019.000000  0.008276
 1020.000000  0.007251
 1021.000000  0.007910
 1022.000000  0.007178
 1023.000000  0.008422
