 0.000000  0.007324
 1.000000  0.007251
 2.000000  0.007324
 3.000000  0.007251
 4.000000  0.007349
 5.000000  0.007324
 6.000000  0.007324
 7.000000  0.007275
 8.000000  0.007324
 9.000000  0.007300
 10.000000  0.007324
 11.000000  0.007227
 12.000000  0.007324
 13.000000  0.007275
 14.000000  0.007324
 15.000000  0.007324
 16.000000  0.007324
 17.000000  0.007275
 18.000000  0.007324
 19.000000  0.007324
 20.000000  0.007324
 21.000000  0.007300
 22.000000  0.007324
 23.000000  0.007300
 24.000000  0.007324
 25.000000  0.007227
 26.000000  0.007324
 27.000000  0.009668
 28.000000  0.007324
 29.000000  0.007300
 30.000000  0.007349
 31.000000  0.007300
 32.000000  0.007324
 33.000000  0.007324
 34.000000  0.007324
 35.000000  0.007324
 36.000000  0.007324
 37.000000  0.007227
 38.000000  0.007324
 39.000000  0.009692
 40.000000  0.007324
 41.000000  0.007251
 42.000000  0.007422
 43.000000  0.007300
 44.000000  0.007324
 45.000000  0.007251
 46.000000  0.007349
 47.000000  0.007227
 48.000000  0.007349
 49.000000  0.007324
 50.000000  0.007324
 51.000000  0.007251
 52.000000  0.007349
 53.000000  0.007251
 54.000000  0.007324
 55.000000  0.007324
 56.000000  0.007349
 57.000000  0.007275
 58.000000  0.007397
 59.000000  0.009643
 60.000000  0.007349
 61.000000  0.009692
 62.000000  0.007349
 63.000000  0.007227
 64.000000  0.007422
 65.000000  0.007178
 66.000000  0.007373
 67.000000  0.009692
 68.000000  0.007397
 69.000000  0.007178
 70.000000  0.007397
 71.000000  0.007275
 72.000000  0.007349
 73.000000  0.007275
 74.000000  0.007397
 75.000000  0.007104
 76.000000  0.007373
 77.000000  0.007251
 78.000000  0.007397
 79.000000  0.007129
 80.000000  0.007349
 81.000000  0.007202
 82.000000  0.007373
 83.000000  0.007153
 84.000000  0.007397
 85.000000  0.007104
 86.000000  0.007397
 87.000000  0.007178
 88.000000  0.007397
 89.000000  0.007104
 90.000000  0.007397
 91.000000  0.007153
 92.000000  0.007495
 93.000000  0.007056
 94.000000  0.007324
 95.000000  0.006982
 96.000000  0.007349
 97.000000  0.006958
 98.000000  0.007471
 99.000000  0.007300
 100.000000  0.007324
 101.000000  0.009692
 102.000000  0.007324
 103.000000  0.009741
 104.000000  0.007349
 105.000000  0.007324
 106.000000  0.007397
 107.000000  0.007129
 108.000000  0.007349
 109.000000  0.009692
 110.000000  0.007324
 111.000000  0.007178
 112.000000  0.007324
 113.000000  0.007251
 114.000000  0.007373
 115.000000  0.007227
 116.000000  0.007324
 117.000000  0.007227
 118.000000  0.007422
 119.000000  0.007275
 120.000000  0.007324
 121.000000  0.007251
 122.000000  0.007349
 123.000000  0.007251
 124.000000  0.007349
 125.000000  0.007300
 126.000000  0.007324
 127.000000  0.009643
 128.000000  0.007349
 129.000000  0.007202
 130.000000  0.007349
 131.000000  0.009668
 132.000000  0.007324
 133.000000  0.007178
 134.000000  0.007324
 135.000000  0.009765
 136.000000  0.007349
 137.000000  0.007300
 138.000000  0.007349
 139.000000  0.007275
 140.000000  0.007373
 141.000000  0.007178
 142.000000  0.007349
 143.000000  0.007300
 144.000000  0.007324
 145.000000  0.009765
 146.000000  0.007324
 147.000000  0.007275
 148.000000  0.007349
 149.000000  0.009692
 150.000000  0.007349
 151.000000  0.007227
 152.000000  0.007324
 153.000000  0.007324
 154.000000  0.007349
 155.000000  0.007202
 156.000000  0.007324
 157.000000  0.009741
 158.000000  0.007324
 159.000000  0.007324
 160.000000  0.007324
 161.000000  0.007275
 162.000000  0.007324
 163.000000  0.007227
 164.000000  0.007324
 165.000000  0.007251
 166.000000  0.007324
 167.000000  0.007300
 168.000000  0.007324
 169.000000  0.009765
 170.000000  0.007324
 171.000000  0.007300
 172.000000  0.007324
 173.000000  0.007324
 174.000000  0.007324
 175.000000  0.007324
 176.000000  0.007324
 177.000000  0.007300
 178.000000  0.007324
 179.000000  0.009741
 180.000000  0.007324
 181.000000  0.007300
 182.000000  0.007324
 183.000000  0.007324
 184.000000  0.007324
 185.000000  0.007324
 186.000000  0.007349
 187.000000  0.007300
 188.000000  0.007349
 189.000000  0.007227
 190.000000  0.007324
 191.000000  0.007251
 192.000000  0.007324
 193.000000  0.007324
 194.000000  0.007324
 195.000000  0.007300
 196.000000  0.009765
 197.000000  0.007300
 198.000000  0.007349
 199.000000  0.009741
 200.000000  0.007324
 201.000000  0.009741
 202.000000  0.007324
 203.000000  0.007300
 204.000000  0.007373
 205.000000  0.007324
 206.000000  0.007324
 207.000000  0.007300
 208.000000  0.007324
 209.000000  0.009692
 210.000000  0.007324
 211.000000  0.007324
 212.000000  0.007349
 213.000000  0.009741
 214.000000  0.007349
 215.000000  0.007227
 216.000000  0.007373
 217.000000  0.007324
 218.000000  0.007471
 219.000000  0.009741
 220.000000  0.007422
 221.000000  0.007251
 222.000000  0.007397
 223.000000  0.007227
 224.000000  0.007422
 225.000000  0.007202
 226.000000  0.007397
 227.000000  0.009668
 228.000000  0.007471
 229.000000  0.009643
 230.000000  0.007544
 231.000000  0.007275
 232.000000  0.007495
 233.000000  0.009716
 234.000000  0.007446
 235.000000  0.007275
 236.000000  0.007446
 237.000000  0.007227
 238.000000  0.007446
 239.000000  0.009668
 240.000000  0.007373
 241.000000  0.007275
 242.000000  0.007519
 243.000000  0.009643
 244.000000  0.007568
 245.000000  0.007227
 246.000000  0.007519
 247.000000  0.007251
 248.000000  0.007593
 249.000000  0.007153
 250.000000  0.007642
 251.000000  0.007349
 252.000000  0.007666
 253.000000  0.007349
 254.000000  0.007715
 255.000000  0.009619
 256.000000  0.007373
 257.000000  0.007324
 258.000000  0.007519
 259.000000  0.007324
 260.000000  0.007495
 261.000000  0.007275
 262.000000  0.007422
 263.000000  0.009716
 264.000000  0.007422
 265.000000  0.009716
 266.000000  0.007422
 267.000000  0.009765
 268.000000  0.007397
 269.000000  0.009741
 270.000000  0.007446
 271.000000  0.007300
 272.000000  0.007397
 273.000000  0.007324
 274.000000  0.007471
 275.000000  0.009765
 276.000000  0.007397
 277.000000  0.009765
 278.000000  0.007495
 279.000000  0.007324
 280.000000  0.007568
 281.000000  0.009716
 282.000000  0.007422
 283.000000  0.009741
 284.000000  0.007324
 285.000000  0.007324
 286.000000  0.007446
 287.000000  0.007324
 288.000000  0.007446
 289.000000  0.009765
 290.000000  0.007544
 291.000000  0.007324
 292.000000  0.007568
 293.000000  0.007324
 294.000000  0.007544
 295.000000  0.009765
 296.000000  0.007471
 297.000000  0.009765
 298.000000  0.007519
 299.000000  0.009765
 300.000000  0.007519
 301.000000  0.007324
 302.000000  0.007617
 303.000000  0.009765
 304.000000  0.007812
 305.000000  0.007324
 306.000000  0.007690
 307.000000  0.009765
 308.000000  0.007764
 309.000000  0.009765
 310.000000  0.007935
 311.000000  0.007324
 312.000000  0.007764
 313.000000  0.007324
 314.000000  0.008057
 315.000000  0.009765
 316.000000  0.008081
 317.000000  0.007324
 318.000000  0.008008
 319.000000  0.007349
 320.000000  0.007959
 321.000000  0.009765
 322.000000  0.007935
 323.000000  0.009765
 324.000000  0.008203
 325.000000  0.007324
 326.000000  0.007959
 327.000000  0.007349
 328.000000  0.008301
 329.000000  0.009814
 330.000000  0.008691
 331.000000  0.009814
 332.000000  0.008569
 333.000000  0.009790
 334.000000  0.008520
 335.000000  0.009838
 336.000000  0.008740
 337.000000  0.007349
 338.000000  0.008984
 339.000000  0.007373
 340.000000  0.008789
 341.000000  0.009912
 342.000000  0.011352
 343.000000  0.009814
 344.000000  0.008911
 345.000000  0.009961
 346.000000  0.009424
 347.000000  0.007373
 348.000000  0.009106
 349.000000  0.009863
 350.000000  0.009424
 351.000000  0.010009
 352.000000  0.009399
 353.000000  0.010034
 354.000000  0.009546
 355.000000  0.007666
 356.000000  0.009570
 357.000000  0.007935
 358.000000  0.009668
 359.000000  0.010180
 360.000000  0.009619
 361.000000  0.007788
 362.000000  0.009644
 363.000000  0.010498
 364.000000  0.009668
 365.000000  0.008057
 366.000000  0.009668
 367.000000  0.008520
 368.000000  0.009766
 369.000000  0.008691
 370.000000  0.009692
 371.000000  0.011108
 372.000000  0.009692
 373.000000  0.011401
 374.000000  0.009668
 375.000000  0.011254
 376.000000  0.009668
 377.000000  0.008813
 378.000000  0.009766
 379.000000  0.009155
 380.000000  0.009790
 381.000000  0.011499
 382.000000  0.009741
 383.000000  0.009204
 384.000000  0.009814
 385.000000  0.009448
 386.000000  0.009814
 387.000000  0.011743
 388.000000  0.009741
 389.000000  0.011767
 390.000000  0.009717
 391.000000  0.011987
 392.000000  0.009814
 393.000000  0.009448
 394.000000  0.009814
 395.000000  0.009644
 396.000000  0.009790
 397.000000  0.009644
 398.000000  0.009814
 399.000000  0.009497
 400.000000  0.009888
 401.000000  0.012036
 402.000000  0.009839
 403.000000  0.009717
 404.000000  0.010132
 405.000000  0.009839
 406.000000  0.009961
 407.000000  0.009717
 408.000000  0.009985
 409.000000  0.011962
 410.000000  0.010156
 411.000000  0.012231
 412.000000  0.010303
 413.000000  0.009790
 414.000000  0.010376
 415.000000  0.012280
 416.000000  0.010498
 417.000000  0.009814
 418.000000  0.010693
 419.000000  0.009888
 420.000000  0.011011
 421.000000  0.009936
 422.000000  0.011401
 423.000000  0.010449
 424.000000  0.011597
 425.000000  0.013037
 426.000000  0.011890
 427.000000  0.013354
 428.000000  0.011914
 429.000000  0.013818
 430.000000  0.012109
 431.000000  0.014038
 432.000000  0.012036
 433.000000  0.011401
 434.000000  0.012183
 435.000000  0.014453
 436.000000  0.012158
 437.000000  0.014209
 438.000000  0.012207
 439.000000  0.014648
 440.000000  0.012280
 441.000000  0.014624
 442.000000  0.012207
 443.000000  0.014648
 444.000000  0.012402
 445.000000  0.014648
 446.000000  0.012305
 447.000000  0.012207
 448.000000  0.012646
 449.000000  0.014648
 450.000000  0.012622
 451.000000  0.014721
 452.000000  0.013086
 453.000000  0.014746
 454.000000  0.013892
 455.000000  0.015356
 456.000000  0.014331
 457.000000  0.015502
 458.000000  0.014648
 459.000000  0.016333
 460.000000  0.014648
 461.000000  0.016601
 462.000000  0.014648
 463.000000  0.016992
 464.000000  0.014648
 465.000000  0.017065
 466.000000  0.014648
 467.000000  0.014648
 468.000000  0.014746
 469.000000  0.014648
 470.000000  0.014697
 471.000000  0.017089
 472.000000  0.015918
 473.000000  0.014697
 474.000000  0.015698
 475.000000  0.017114
 476.000000  0.016626
 477.000000  0.015039
 478.000000  0.016943
 479.000000  0.017187
 480.000000  0.017090
 481.000000  0.018725
 482.000000  0.017090
 483.000000  0.016699
 484.000000  0.017065
 485.000000  0.019531
 486.000000  0.017090
 487.000000  0.016992
 488.000000  0.017090
 489.000000  0.017090
 490.000000  0.017187
 491.000000  0.019531
 492.000000  0.017334
 493.000000  0.019531
 494.000000  0.018457
 495.000000  0.020141
 496.000000  0.018823
 497.000000  0.017212
 498.000000  0.019311
 499.000000  0.020947
 500.000000  0.019678
 501.000000  0.021777
 502.000000  0.019531
 503.000000  0.021777
 504.000000  0.020605
 505.000000  0.021972
 506.000000  0.019556
 507.000000  0.019507
 508.000000  0.020605
 509.000000  0.020459
 510.000000  0.020410
 511.000000  0.022070
 512.000000  0.021899
 513.000000  0.021973
 514.000000  0.024414
 515.000000  0.021973
 516.000000  0.021973
 517.000000  0.021899
 518.000000  0.024414
 519.000000  0.024805
 520.000000  0.026660
 521.000000  0.023657
 522.000000  0.026855
 523.000000  0.035961
 524.000000  0.033618
 525.000000  0.031835
 526.000000  0.026880
 527.000000  0.036132
 528.000000  0.046118
 529.000000  0.058618
 530.000000  0.051440
 531.000000  0.039038
 532.000000  0.065576
 533.000000  0.097974
 534.000000  0.123901
 535.000000  0.055469
 536.000000  0.036353
 537.000000  0.063354
 538.000000  0.158081
 539.000000  0.233984
 540.000000  0.053833
 541.000000  0.066406
 542.000000  0.168237
 543.000000  0.395898
 544.000000  0.378125
 545.000000  0.055542
 546.000000  0.122070
 547.000000  0.161938
 548.000000  0.072461
 549.000000  0.043383
 550.000000  0.025854
 551.000000  0.029516
 552.000000  0.028979
 553.000000  0.027051
 554.000000  0.022583
 555.000000  0.021973
 556.000000  0.024145
 557.000000  0.024633
 558.000000  0.022461
 559.000000  0.022290
 560.000000  0.021631
 561.000000  0.021289
 562.000000  0.021802
 563.000000  0.022290
 564.000000  0.020044
 565.000000  0.022168
 566.000000  0.021338
 567.000000  0.021972
 568.000000  0.019434
 569.000000  0.021020
 570.000000  0.019531
 571.000000  0.021582
 572.000000  0.019507
 573.000000  0.021240
 574.000000  0.019287
 575.000000  0.020361
 576.000000  0.019287
 577.000000  0.020166
 578.000000  0.019336
 579.000000  0.019531
 580.000000  0.017895
 581.000000  0.017163
 582.000000  0.017187
 583.000000  0.019531
 584.000000  0.017236
 585.000000  0.019531
 586.000000  0.017139
 587.000000  0.019335
 588.000000  0.017090
 589.000000  0.016455
 590.000000  0.017041
 591.000000  0.019091
 592.000000  0.017090
 593.000000  0.015674
 594.000000  0.017041
 595.000000  0.017675
 596.000000  0.017017
 597.000000  0.017309
 598.000000  0.016016
 599.000000  0.017138
 600.000000  0.015088
 601.000000  0.017089
 602.000000  0.014917
 603.000000  0.017089
 604.000000  0.015015
 605.000000  0.017065
 606.000000  0.014941
 607.000000  0.017089
 608.000000  0.014770
 609.000000  0.017065
 610.000000  0.014673
 611.000000  0.016918
 612.000000  0.017089
 613.000000  0.017041
 614.000000  0.017089
 615.000000  0.016918
 616.000000  0.014648
 617.000000  0.014233
 618.000000  0.014453
 619.000000  0.015380
 620.000000  0.014551
 621.000000  0.014843
 622.000000  0.014185
 623.000000  0.014868
 624.000000  0.016674
 625.000000  0.014770
 626.000000  0.014136
 627.000000  0.014746
 628.000000  0.013257
 629.000000  0.014648
 630.000000  0.012622
 631.000000  0.014648
 632.000000  0.012476
 633.000000  0.014648
 634.000000  0.012256
 635.000000  0.014648
 636.000000  0.012231
 637.000000  0.012134
 638.000000  0.012207
 639.000000  0.014624
 640.000000  0.012207
 641.000000  0.014453
 642.000000  0.012207
 643.000000  0.012012
 644.000000  0.014648
 645.000000  0.013452
 646.000000  0.014477
 647.000000  0.013623
 648.000000  0.012085
 649.000000  0.010718
 650.000000  0.011694
 651.000000  0.010352
 652.000000  0.011255
 653.000000  0.009912
 654.000000  0.011206
 655.000000  0.012353
 656.000000  0.010913
 657.000000  0.012255
 658.000000  0.010425
 659.000000  0.009766
 660.000000  0.009985
 661.000000  0.012231
 662.000000  0.009912
 663.000000  0.012207
 664.000000  0.012207
 665.000000  0.012207
 666.000000  0.012255
 667.000000  0.012207
 668.000000  0.009766
 669.000000  0.009766
 670.000000  0.009814
 671.000000  0.009766
 672.000000  0.009766
 673.000000  0.012158
 674.000000  0.012207
 675.000000  0.012060
 676.000000  0.009790
 677.000000  0.012036
 678.000000  0.009766
 679.000000  0.011987
 680.000000  0.009741
 681.000000  0.009497
 682.000000  0.009766
 683.000000  0.011840
 684.000000  0.009741
 685.000000  0.011792
 686.000000  0.009692
 687.000000  0.009204
 688.000000  0.012085
 689.000000  0.008667
 690.000000  0.012207
 691.000000  0.010986
 692.000000  0.009741
 693.000000  0.011010
 694.000000  0.009717
 695.000000  0.010839
 696.000000  0.012133
 697.000000  0.010864
 698.000000  0.009448
 699.000000  0.010522
 700.000000  0.009497
 701.000000  0.007983
 702.000000  0.009424
 703.000000  0.007959
 704.000000  0.011914
 705.000000  0.010351
 706.000000  0.009424
 707.000000  0.008081
 708.000000  0.009424
 709.000000  0.010180
 710.000000  0.009131
 711.000000  0.010229
 712.000000  0.009399
 713.000000  0.010376
 714.000000  0.009058
 715.000000  0.010278
 716.000000  0.009009
 717.000000  0.010376
 718.000000  0.009228
 719.000000  0.009985
 720.000000  0.008594
 721.000000  0.010058
 722.000000  0.008813
 723.000000  0.009985
 724.000000  0.008911
 725.000000  0.009961
 726.000000  0.008594
 727.000000  0.009912
 728.000000  0.008472
 729.000000  0.007495
 730.000000  0.008618
 731.000000  0.009838
 732.000000  0.008325
 733.000000  0.009814
 734.000000  0.011059
 735.000000  0.009814
 736.000000  0.008057
 737.000000  0.009765
 738.000000  0.008105
 739.000000  0.009790
 740.000000  0.008057
 741.000000  0.009790
 742.000000  0.008252
 743.000000  0.007373
 744.000000  0.007764
 745.000000  0.009790
 746.000000  0.007739
 747.000000  0.007324
 748.000000  0.007739
 749.000000  0.009790
 750.000000  0.007642
 751.000000  0.009765
 752.000000  0.009912
 753.000000  0.009765
 754.000000  0.007471
 755.000000  0.009765
 756.000000  0.007666
 757.000000  0.009765
 758.000000  0.007349
 759.000000  0.007324
 760.000000  0.007422
 761.000000  0.009765
 762.000000  0.007397
 763.000000  0.009765
 764.000000  0.007422
 765.000000  0.009765
 766.000000  0.007324
 767.000000  0.007324
 768.000000  0.007373
 769.000000  0.009765
 770.000000  0.007373
 771.000000  0.009765
 772.000000  0.007324
 773.000000  0.009716
 774.000000  0.009863
 775.000000  0.009765
 776.000000  0.009765
 777.000000  0.009716
 778.000000  0.007349
 779.000000  0.007300
 780.000000  0.007324
 781.000000  0.007202
 782.000000  0.009765
 783.000000  0.009741
 784.000000  0.007324
 785.000000  0.009692
 786.000000  0.007324
 787.000000  0.009716
 788.000000  0.009765
 789.000000  0.009668
 790.000000  0.007324
 791.000000  0.009619
 792.000000  0.007324
 793.000000  0.009668
 794.000000  0.007324
 795.000000  0.009643
 796.000000  0.007324
 797.000000  0.009594
 798.000000  0.007324
 799.000000  0.009741
 800.000000  0.007324
 801.000000  0.009619
 802.000000  0.009765
 803.000000  0.009643
 804.000000  0.007324
 805.000000  0.009668
 806.000000  0.007324
 807.000000  0.009570
 808.000000  0.009765
 809.000000  0.007227
 810.000000  0.007324
 811.000000  0.007153
 812.000000  0.007324
 813.000000  0.007104
 814.000000  0.007324
 815.000000  0.009594
 816.000000  0.007324
 817.000000  0.009423
 818.000000  0.007324
 819.000000  0.009570
 820.000000  0.007324
 821.000000  0.009399
 822.000000  0.007300
 823.000000  0.009497
 824.000000  0.009765
 825.000000  0.009423
 826.000000  0.007324
 827.000000  0.009375
 828.000000  0.007300
 829.000000  0.009472
 830.000000  0.007324
 831.000000  0.009375
 832.000000  0.007324
 833.000000  0.009277
 834.000000  0.007300
 835.000000  0.009301
 836.000000  0.009765
 837.000000  0.009521
 838.000000  0.007300
 839.000000  0.009155
 840.000000  0.007300
 841.000000  0.009008
 842.000000  0.009765
 843.000000  0.009179
 844.000000  0.007349
 845.000000  0.006958
 846.000000  0.009668
 847.000000  0.009252
 848.000000  0.007202
 849.000000  0.009155
 850.000000  0.007251
 851.000000  0.009252
 852.000000  0.007251
 853.000000  0.006592
 854.000000  0.009741
 855.000000  0.009033
 856.000000  0.007251
 857.000000  0.006665
 858.000000  0.007202
 859.000000  0.006470
 860.000000  0.009716
 861.000000  0.008837
 862.000000  0.007275
 863.000000  0.006396
 864.000000  0.007227
 865.000000  0.008715
 866.000000  0.009668
 867.000000  0.006445
 868.000000  0.007251
 869.000000  0.008813
 870.000000  0.007300
 871.000000  0.009033
 872.000000  0.007178
 873.000000  0.008862
 874.000000  0.007153
 875.000000  0.008984
 876.000000  0.007227
 877.000000  0.006396
 878.000000  0.007275
 879.000000  0.006274
 880.000000  0.007129
 881.000000  0.009033
 882.000000  0.007275
 883.000000  0.008764
 884.000000  0.007300
 885.000000  0.008740
 886.000000  0.007227
 887.000000  0.006348
 888.000000  0.007275
 889.000000  0.008764
 890.000000  0.007275
 891.000000  0.008715
 892.000000  0.007324
 893.000000  0.008886
 894.000000  0.007324
 895.000000  0.008862
 896.000000  0.007275
 897.000000  0.008935
 898.000000  0.007251
 899.000000  0.008667
 900.000000  0.007324
 901.000000  0.008813
 902.000000  0.009741
 903.000000  0.008740
 904.000000  0.007275
 905.000000  0.008642
 906.000000  0.009643
 907.000000  0.008471
 908.000000  0.009619
 909.000000  0.008862
 910.000000  0.007227
 911.000000  0.008471
 912.000000  0.007275
 913.000000  0.008569
 914.000000  0.007251
 915.000000  0.008715
 916.000000  0.007251
 917.000000  0.008593
 918.000000  0.009741
 919.000000  0.008422
 920.000000  0.009765
 921.000000  0.008447
 922.000000  0.007227
 923.000000  0.008471
 924.000000  0.007300
 925.000000  0.008398
 926.000000  0.007227
 927.000000  0.008349
 928.000000  0.007300
 929.000000  0.008447
 930.000000  0.007275
 931.000000  0.008374
 932.000000  0.007227
 933.000000  0.008740
 934.000000  0.007227
 935.000000  0.008422
 936.000000  0.007324
 937.000000  0.008349
 938.000000  0.007300
 939.000000  0.008081
 940.000000  0.007275
 941.000000  0.008520
 942.000000  0.007300
 943.000000  0.008496
 944.000000  0.007300
 945.000000  0.005933
 946.000000  0.009668
 947.000000  0.008691
 948.000000  0.007300
 949.000000  0.008496
 950.000000  0.009643
 951.000000  0.008496
 952.000000  0.007275
 953.000000  0.008447
 954.000000  0.007300
 955.000000  0.008374
 956.000000  0.007251
 957.000000  0.008374
 958.000000  0.007324
 959.000000  0.005859
 960.000000  0.007300
 961.000000  0.005981
 962.000000  0.009619
 963.000000  0.005811
 964.000000  0.007251
 965.000000  0.008618
 966.000000  0.007275
 967.000000  0.008422
 968.000000  0.007300
 969.000000  0.008471
 970.000000  0.009741
 971.000000  0.008227
 972.000000  0.007300
 973.000000  0.008325
 974.000000  0.007178
 975.000000  0.008496
 976.000000  0.007300
 977.000000  0.008276
 978.000000  0.007129
 979.000000  0.008154
 980.000000  0.007251
 981.000000  0.008618
 982.000000  0.007202
 983.000000  0.005981
 984.000000  0.007275
 985.000000  0.008764
 986.000000  0.007153
 987.000000  0.008374
 988.000000  0.009668
 989.000000  0.007885
 990.000000  0.007275
 991.000000  0.008203
 992.000000  0.007227
 993.000000  0.008300
 994.000000  0.007251
 995.000000  0.008325
 996.000000  0.007178
 997.000000  0.008447
 998.000000  0.009570
 999.000000  0.008227
 1000.000000  0.009594
 1001.000000  0.008129
 1002.000000  0.007129
 1003.000000  0.007959
 1004.000000  0.007104
 1005.000000  0.008129
 1006.000000  0.007056
 1007.000000  0.008032
 1008.000000  0.007104
 1009.000000  0.008447
 1010.000000  0.007031
 1011.000000  0.008203
 1012.000000  0.006958
 1013.000000  0.008032
 1014.000000  0.006665
 1015.000000  0.008252
 1016.000000  0.006934
 1017.000000  0.008447
 1018.000000  0.006958
 1019.000000  0.008105
 1020.000000  0.007031
 1021.000000  0.007959
 1022.000000  0.007080
 1023.000000  0.008203
