 0.000000  0.007349
 1.000000  0.007324
 2.000000  0.007324
 3.000000  0.007324
 4.000000  0.007324
 5.000000  0.007324
 6.000000  0.007324
 7.000000  0.007251
 8.000000  0.007349
 9.000000  0.007300
 10.000000  0.007324
 11.000000  0.007300
 12.000000  0.007324
 13.000000  0.007324
 14.000000  0.007349
 15.000000  0.007275
 16.000000  0.007349
 17.000000  0.007227
 18.000000  0.007324
 19.000000  0.007324
 20.000000  0.007349
 21.000000  0.007300
 22.000000  0.007324
 23.000000  0.007275
 24.000000  0.007349
 25.000000  0.007251
 26.000000  0.007373
 27.000000  0.009619
 28.000000  0.007324
 29.000000  0.007275
 30.000000  0.007397
 31.000000  0.007300
 32.000000  0.007349
 33.000000  0.007227
 34.000000  0.007349
 35.000000  0.007275
 36.000000  0.007373
 37.000000  0.007202
 38.000000  0.007373
 39.000000  0.009741
 40.000000  0.007373
 41.000000  0.007202
 42.000000  0.007373
 43.000000  0.007300
 44.000000  0.007373
 45.000000  0.007275
 46.000000  0.007519
 47.000000  0.007275
 48.000000  0.007593
 49.000000  0.007104
 50.000000  0.007422
 51.000000  0.006958
 52.000000  0.007910
 53.000000  0.006860
 54.000000  0.007471
 55.000000  0.006714
 56.000000  0.007422
 57.000000  0.006909
 58.000000  0.007764
 59.000000  0.009594
 60.000000  0.007544
 61.000000  0.009692
 62.000000  0.007397
 63.000000  0.007251
 64.000000  0.007397
 65.000000  0.007251
 66.000000  0.007373
 67.000000  0.009668
 68.000000  0.007373
 69.000000  0.007227
 70.000000  0.007471
 71.000000  0.007178
 72.000000  0.007373
 73.000000  0.007227
 74.000000  0.007349
 75.000000  0.007275
 76.000000  0.007324
 77.000000  0.007227
 78.000000  0.007349
 79.000000  0.007300
 80.000000  0.007397
 81.000000  0.007275
 82.000000  0.007324
 83.000000  0.007300
 84.000000  0.007324
 85.000000  0.007251
 86.000000  0.007324
 87.000000  0.007251
 88.000000  0.007446
 89.000000  0.007275
 90.000000  0.007349
 91.000000  0.007251
 92.000000  0.007324
 93.000000  0.007251
 94.000000  0.007324
 95.000000  0.007227
 96.000000  0.007373
 97.000000  0.007227
 98.000000  0.007349
 99.000000  0.007251
 100.000000  0.007397
 101.000000  0.009692
 102.000000  0.007349
 103.000000  0.009741
 104.000000  0.007349
 105.000000  0.007275
 106.000000  0.007349
 107.000000  0.007349
 108.000000  0.007349
 109.000000  0.009741
 110.000000  0.007349
 111.000000  0.007227
 112.000000  0.007349
 113.000000  0.007300
 114.000000  0.007324
 115.000000  0.007324
 116.000000  0.007324
 117.000000  0.007300
 118.000000  0.007324
 119.000000  0.007324
 120.000000  0.007324
 121.000000  0.007324
 122.000000  0.007349
 123.000000  0.007300
 124.000000  0.007349
 125.000000  0.007300
 126.000000  0.007349
 127.000000  0.009741
 128.000000  0.007324
 129.000000  0.007324
 130.000000  0.007349
 131.000000  0.009716
 132.000000  0.007324
 133.000000  0.007324
 134.000000  0.007373
 135.000000  0.009741
 136.000000  0.007349
 137.000000  0.007324
 138.000000  0.007349
 139.000000  0.007275
 140.000000  0.007373
 141.000000  0.007251
 142.000000  0.007373
 143.000000  0.007300
 144.000000  0.007324
 145.000000  0.009765
 146.000000  0.007324
 147.000000  0.007300
 148.000000  0.007349
 149.000000  0.009765
 150.000000  0.007324
 151.000000  0.007300
 152.000000  0.007324
 153.000000  0.007324
 154.000000  0.007324
 155.000000  0.007324
 156.000000  0.007373
 157.000000  0.009741
 158.000000  0.007324
 159.000000  0.007275
 160.000000  0.007349
 161.000000  0.007324
 162.000000  0.007324
 163.000000  0.007324
 164.000000  0.007324
 165.000000  0.007275
 166.000000  0.007324
 167.000000  0.007275
 168.000000  0.007324
 169.000000  0.009765
 170.000000  0.007349
 171.000000  0.007324
 172.000000  0.007324
 173.000000  0.007300
 174.000000  0.007324
 175.000000  0.007324
 176.000000  0.007349
 177.000000  0.007324
 178.000000  0.007324
 179.000000  0.009692
 180.000000  0.007324
 181.000000  0.007324
 182.000000  0.007349
 183.000000  0.007324
 184.000000  0.007349
 185.000000  0.007324
 186.000000  0.007349
 187.000000  0.007300
 188.000000  0.007373
 189.000000  0.007275
 190.000000  0.007324
 191.000000  0.007275
 192.000000  0.007324
 193.000000  0.007300
 194.000000  0.007349
 195.000000  0.007300
 196.000000  0.009814
 197.000000  0.007300
 198.000000  0.007349
 199.000000  0.009692
 200.000000  0.007373
 201.000000  0.009301
 202.000000  0.007275
 203.000000  0.007129
 204.000000  0.007373
 205.000000  0.007178
 206.000000  0.007812
 207.000000  0.007129
 208.000000  0.007715
 209.000000  0.009497
 210.000000  0.008032
 211.000000  0.007324
 212.000000  0.007861
 213.000000  0.009619
 214.000000  0.007495
 215.000000  0.007080
 216.000000  0.007471
 217.000000  0.007300
 218.000000  0.007495
 219.000000  0.009741
 220.000000  0.007446
 221.000000  0.007275
 222.000000  0.007471
 223.000000  0.007300
 224.000000  0.007544
 225.000000  0.007324
 226.000000  0.007373
 227.000000  0.009765
 228.000000  0.007544
 229.000000  0.009765
 230.000000  0.007495
 231.000000  0.007324
 232.000000  0.007519
 233.000000  0.009765
 234.000000  0.007446
 235.000000  0.007324
 236.000000  0.007373
 237.000000  0.007324
 238.000000  0.007397
 239.000000  0.009716
 240.000000  0.007422
 241.000000  0.007324
 242.000000  0.007446
 243.000000  0.009741
 244.000000  0.007422
 245.000000  0.007300
 246.000000  0.007568
 247.000000  0.007324
 248.000000  0.007446
 249.000000  0.007324
 250.000000  0.007495
 251.000000  0.007300
 252.000000  0.007397
 253.000000  0.007324
 254.000000  0.007373
 255.000000  0.009765
 256.000000  0.007422
 257.000000  0.007324
 258.000000  0.007422
 259.000000  0.007324
 260.000000  0.007519
 261.000000  0.007324
 262.000000  0.007446
 263.000000  0.009765
 264.000000  0.007397
 265.000000  0.009765
 266.000000  0.007373
 267.000000  0.009765
 268.000000  0.007397
 269.000000  0.009765
 270.000000  0.007397
 271.000000  0.007324
 272.000000  0.007373
 273.000000  0.007324
 274.000000  0.007544
 275.000000  0.009765
 276.000000  0.007397
 277.000000  0.009765
 278.000000  0.007471
 279.000000  0.007324
 280.000000  0.007495
 281.000000  0.009765
 282.000000  0.007519
 283.000000  0.009765
 284.000000  0.007593
 285.000000  0.007324
 286.000000  0.007446
 287.000000  0.007324
 288.000000  0.007495
 289.000000  0.009765
 290.000000  0.007690
 291.000000  0.007324
 292.000000  0.007666
 293.000000  0.007324
 294.000000  0.007715
 295.000000  0.009765
 296.000000  0.007910
 297.000000  0.009765
 298.000000  0.007959
 299.000000  0.009765
 300.000000  0.007642
 301.000000  0.007324
 302.000000  0.007886
 303.000000  0.009765
 304.000000  0.008227
 305.000000  0.007324
 306.000000  0.008081
 307.000000  0.009765
 308.000000  0.008105
 309.000000  0.009765
 310.000000  0.008398
 311.000000  0.007324
 312.000000  0.008227
 313.000000  0.007324
 314.000000  0.008325
 315.000000  0.009765
 316.000000  0.008691
 317.000000  0.007397
 318.000000  0.008374
 319.000000  0.007349
 320.000000  0.008472
 321.000000  0.009790
 322.000000  0.008813
 323.000000  0.009863
 324.000000  0.008667
 325.000000  0.007349
 326.000000  0.008887
 327.000000  0.007373
 328.000000  0.008789
 329.000000  0.009863
 330.000000  0.009082
 331.000000  0.009814
 332.000000  0.009253
 333.000000  0.010009
 334.000000  0.008911
 335.000000  0.009936
 336.000000  0.009131
 337.000000  0.007593
 338.000000  0.009375
 339.000000  0.007642
 340.000000  0.009326
 341.000000  0.010424
 342.000000  0.011767
 343.000000  0.010180
 344.000000  0.009424
 345.000000  0.010205
 346.000000  0.009595
 347.000000  0.007861
 348.000000  0.009424
 349.000000  0.010498
 350.000000  0.009644
 351.000000  0.010473
 352.000000  0.009595
 353.000000  0.010717
 354.000000  0.009570
 355.000000  0.008130
 356.000000  0.009570
 357.000000  0.008765
 358.000000  0.009692
 359.000000  0.010766
 360.000000  0.009717
 361.000000  0.008520
 362.000000  0.009228
 363.000000  0.010717
 364.000000  0.009375
 365.000000  0.008618
 366.000000  0.009424
 367.000000  0.008301
 368.000000  0.009570
 369.000000  0.009009
 370.000000  0.009717
 371.000000  0.011914
 372.000000  0.009741
 373.000000  0.011743
 374.000000  0.009766
 375.000000  0.012085
 376.000000  0.009790
 377.000000  0.009497
 378.000000  0.009766
 379.000000  0.009448
 380.000000  0.009766
 381.000000  0.011987
 382.000000  0.009766
 383.000000  0.009644
 384.000000  0.009766
 385.000000  0.009692
 386.000000  0.009790
 387.000000  0.012182
 388.000000  0.009790
 389.000000  0.012158
 390.000000  0.009839
 391.000000  0.012207
 392.000000  0.009888
 393.000000  0.009741
 394.000000  0.009814
 395.000000  0.009766
 396.000000  0.010107
 397.000000  0.009766
 398.000000  0.009985
 399.000000  0.009741
 400.000000  0.010107
 401.000000  0.012231
 402.000000  0.010132
 403.000000  0.009790
 404.000000  0.010303
 405.000000  0.009814
 406.000000  0.010278
 407.000000  0.009839
 408.000000  0.010937
 409.000000  0.012329
 410.000000  0.011084
 411.000000  0.012353
 412.000000  0.011206
 413.000000  0.010425
 414.000000  0.011670
 415.000000  0.012866
 416.000000  0.011670
 417.000000  0.010742
 418.000000  0.011987
 419.000000  0.011499
 420.000000  0.012183
 421.000000  0.011304
 422.000000  0.012183
 423.000000  0.011865
 424.000000  0.012158
 425.000000  0.014379
 426.000000  0.012207
 427.000000  0.014575
 428.000000  0.012207
 429.000000  0.014648
 430.000000  0.012207
 431.000000  0.014648
 432.000000  0.012402
 433.000000  0.012207
 434.000000  0.012427
 435.000000  0.014648
 436.000000  0.012549
 437.000000  0.014648
 438.000000  0.012524
 439.000000  0.014672
 440.000000  0.012964
 441.000000  0.014648
 442.000000  0.013306
 443.000000  0.014746
 444.000000  0.013989
 445.000000  0.014892
 446.000000  0.014355
 447.000000  0.013061
 448.000000  0.014453
 449.000000  0.016015
 450.000000  0.014648
 451.000000  0.016357
 452.000000  0.014648
 453.000000  0.016650
 454.000000  0.014648
 455.000000  0.017016
 456.000000  0.014648
 457.000000  0.017089
 458.000000  0.014648
 459.000000  0.017089
 460.000000  0.014722
 461.000000  0.017089
 462.000000  0.014868
 463.000000  0.017089
 464.000000  0.015576
 465.000000  0.017089
 466.000000  0.016479
 467.000000  0.014673
 468.000000  0.016870
 469.000000  0.015356
 470.000000  0.017090
 471.000000  0.018286
 472.000000  0.017090
 473.000000  0.016626
 474.000000  0.017065
 475.000000  0.019165
 476.000000  0.017090
 477.000000  0.017041
 478.000000  0.017114
 479.000000  0.019506
 480.000000  0.017187
 481.000000  0.019531
 482.000000  0.017578
 483.000000  0.017114
 484.000000  0.017725
 485.000000  0.019628
 486.000000  0.018384
 487.000000  0.017505
 488.000000  0.019263
 489.000000  0.018579
 490.000000  0.019531
 491.000000  0.021362
 492.000000  0.019556
 493.000000  0.021875
 494.000000  0.019531
 495.000000  0.021875
 496.000000  0.019531
 497.000000  0.019531
 498.000000  0.019727
 499.000000  0.021972
 500.000000  0.020532
 501.000000  0.022485
 502.000000  0.021289
 503.000000  0.022680
 504.000000  0.021802
 505.000000  0.023461
 506.000000  0.021973
 507.000000  0.021191
 508.000000  0.021973
 509.000000  0.021240
 510.000000  0.021973
 511.000000  0.024414
 512.000000  0.023242
 513.000000  0.022217
 514.000000  0.021973
 515.000000  0.022510
 516.000000  0.023999
 517.000000  0.023828
 518.000000  0.023853
 519.000000  0.023682
 520.000000  0.025708
 521.000000  0.025488
 522.000000  0.027905
 523.000000  0.027148
 524.000000  0.027026
 525.000000  0.031396
 526.000000  0.033813
 527.000000  0.034814
 528.000000  0.029346
 529.000000  0.036279
 530.000000  0.053223
 531.000000  0.092480
 532.000000  0.057861
 533.000000  0.037915
 534.000000  0.052246
 535.000000  0.079956
 536.000000  0.136060
 537.000000  0.048413
 538.000000  0.051587
 539.000000  0.098632
 540.000000  0.247852
 541.000000  0.271728
 542.000000  0.061035
 543.000000  0.116089
 544.000000  0.174561
 545.000000  0.351294
 546.000000  0.190503
 547.000000  0.119262
 548.000000  0.267187
 549.000000  0.189013
 550.000000  0.214136
 551.000000  0.066235
 552.000000  0.057056
 553.000000  0.077075
 554.000000  0.042847
 555.000000  0.039160
 556.000000  0.027881
 557.000000  0.030200
 558.000000  0.028540
 559.000000  0.028955
 560.000000  0.026270
 561.000000  0.024268
 562.000000  0.025073
 563.000000  0.026416
 564.000000  0.024414
 565.000000  0.025415
 566.000000  0.023926
 567.000000  0.024707
 568.000000  0.021997
 569.000000  0.024414
 570.000000  0.022021
 571.000000  0.024316
 572.000000  0.021973
 573.000000  0.024218
 574.000000  0.021973
 575.000000  0.022998
 576.000000  0.021777
 577.000000  0.022412
 578.000000  0.021728
 579.000000  0.022143
 580.000000  0.020410
 581.000000  0.019531
 582.000000  0.019653
 583.000000  0.021972
 584.000000  0.019531
 585.000000  0.021948
 586.000000  0.019556
 587.000000  0.021948
 588.000000  0.019531
 589.000000  0.019385
 590.000000  0.019531
 591.000000  0.021337
 592.000000  0.019482
 593.000000  0.018408
 594.000000  0.018774
 595.000000  0.019555
 596.000000  0.018726
 597.000000  0.019604
 598.000000  0.017944
 599.000000  0.019555
 600.000000  0.017407
 601.000000  0.019531
 602.000000  0.017114
 603.000000  0.019506
 604.000000  0.017090
 605.000000  0.019531
 606.000000  0.017090
 607.000000  0.019213
 608.000000  0.017090
 609.000000  0.019213
 610.000000  0.017090
 611.000000  0.018579
 612.000000  0.019531
 613.000000  0.018188
 614.000000  0.019409
 615.000000  0.017651
 616.000000  0.016675
 617.000000  0.014722
 618.000000  0.015674
 619.000000  0.017114
 620.000000  0.015942
 621.000000  0.017089
 622.000000  0.014844
 623.000000  0.017089
 624.000000  0.017382
 625.000000  0.017089
 626.000000  0.014844
 627.000000  0.017089
 628.000000  0.014673
 629.000000  0.017065
 630.000000  0.014648
 631.000000  0.016943
 632.000000  0.014648
 633.000000  0.016699
 634.000000  0.014648
 635.000000  0.016601
 636.000000  0.014624
 637.000000  0.012866
 638.000000  0.014307
 639.000000  0.014941
 640.000000  0.014429
 641.000000  0.014721
 642.000000  0.013379
 643.000000  0.012427
 644.000000  0.015600
 645.000000  0.014746
 646.000000  0.015161
 647.000000  0.014648
 648.000000  0.012378
 649.000000  0.012207
 650.000000  0.012231
 651.000000  0.012207
 652.000000  0.012280
 653.000000  0.012109
 654.000000  0.012231
 655.000000  0.014502
 656.000000  0.012183
 657.000000  0.014282
 658.000000  0.012231
 659.000000  0.011768
 660.000000  0.012158
 661.000000  0.013696
 662.000000  0.012109
 663.000000  0.013598
 664.000000  0.014306
 665.000000  0.013183
 666.000000  0.013989
 667.000000  0.013037
 668.000000  0.011426
 669.000000  0.010059
 670.000000  0.011377
 671.000000  0.010205
 672.000000  0.010742
 673.000000  0.012573
 674.000000  0.012866
 675.000000  0.012329
 676.000000  0.010449
 677.000000  0.012597
 678.000000  0.010449
 679.000000  0.012207
 680.000000  0.010254
 681.000000  0.009619
 682.000000  0.010547
 683.000000  0.012304
 684.000000  0.010400
 685.000000  0.012231
 686.000000  0.009863
 687.000000  0.009766
 688.000000  0.012280
 689.000000  0.009766
 690.000000  0.012304
 691.000000  0.012060
 692.000000  0.009766
 693.000000  0.012036
 694.000000  0.009814
 695.000000  0.012060
 696.000000  0.012207
 697.000000  0.012109
 698.000000  0.009766
 699.000000  0.012060
 700.000000  0.009766
 701.000000  0.009521
 702.000000  0.009766
 703.000000  0.009228
 704.000000  0.012182
 705.000000  0.011596
 706.000000  0.009766
 707.000000  0.009375
 708.000000  0.009766
 709.000000  0.011523
 710.000000  0.009766
 711.000000  0.011450
 712.000000  0.009741
 713.000000  0.011303
 714.000000  0.009692
 715.000000  0.011084
 716.000000  0.009692
 717.000000  0.010913
 718.000000  0.009766
 719.000000  0.010546
 720.000000  0.009595
 721.000000  0.010693
 722.000000  0.009595
 723.000000  0.010498
 724.000000  0.009644
 725.000000  0.010376
 726.000000  0.009595
 727.000000  0.010180
 728.000000  0.009448
 729.000000  0.007666
 730.000000  0.009521
 731.000000  0.010473
 732.000000  0.009277
 733.000000  0.010156
 734.000000  0.012109
 735.000000  0.010131
 736.000000  0.009326
 737.000000  0.010205
 738.000000  0.009375
 739.000000  0.009912
 740.000000  0.009253
 741.000000  0.010009
 742.000000  0.009326
 743.000000  0.007446
 744.000000  0.008618
 745.000000  0.009814
 746.000000  0.008398
 747.000000  0.007324
 748.000000  0.008569
 749.000000  0.009765
 750.000000  0.008569
 751.000000  0.009765
 752.000000  0.010400
 753.000000  0.009765
 754.000000  0.008252
 755.000000  0.009765
 756.000000  0.008057
 757.000000  0.009765
 758.000000  0.007886
 759.000000  0.007324
 760.000000  0.007715
 761.000000  0.009765
 762.000000  0.007642
 763.000000  0.009765
 764.000000  0.007519
 765.000000  0.009765
 766.000000  0.007690
 767.000000  0.007324
 768.000000  0.007471
 769.000000  0.009765
 770.000000  0.007495
 771.000000  0.009765
 772.000000  0.007446
 773.000000  0.009765
 774.000000  0.009838
 775.000000  0.009765
 776.000000  0.009887
 777.000000  0.009765
 778.000000  0.007373
 779.000000  0.007324
 780.000000  0.007373
 781.000000  0.007324
 782.000000  0.009814
 783.000000  0.009765
 784.000000  0.007349
 785.000000  0.009765
 786.000000  0.007349
 787.000000  0.009765
 788.000000  0.009765
 789.000000  0.009765
 790.000000  0.007324
 791.000000  0.009716
 792.000000  0.007324
 793.000000  0.009765
 794.000000  0.007324
 795.000000  0.009765
 796.000000  0.007324
 797.000000  0.009765
 798.000000  0.007324
 799.000000  0.009716
 800.000000  0.007324
 801.000000  0.009741
 802.000000  0.009765
 803.000000  0.009716
 804.000000  0.007324
 805.000000  0.009765
 806.000000  0.007324
 807.000000  0.009765
 808.000000  0.009765
 809.000000  0.007251
 810.000000  0.007324
 811.000000  0.007251
 812.000000  0.007324
 813.000000  0.007202
 814.000000  0.007324
 815.000000  0.009692
 816.000000  0.007324
 817.000000  0.009570
 818.000000  0.007324
 819.000000  0.009668
 820.000000  0.007324
 821.000000  0.009545
 822.000000  0.007324
 823.000000  0.009619
 824.000000  0.009765
 825.000000  0.009594
 826.000000  0.007080
 827.000000  0.009326
 828.000000  0.007153
 829.000000  0.009399
 830.000000  0.007251
 831.000000  0.009399
 832.000000  0.007300
 833.000000  0.009106
 834.000000  0.007495
 835.000000  0.009448
 836.000000  0.010058
 837.000000  0.009423
 838.000000  0.007300
 839.000000  0.008837
 840.000000  0.007275
 841.000000  0.009033
 842.000000  0.009765
 843.000000  0.009228
 844.000000  0.007275
 845.000000  0.006885
 846.000000  0.009741
 847.000000  0.009570
 848.000000  0.007324
 849.000000  0.009545
 850.000000  0.007300
 851.000000  0.009472
 852.000000  0.007300
 853.000000  0.006934
 854.000000  0.009765
 855.000000  0.009252
 856.000000  0.007324
 857.000000  0.006885
 858.000000  0.007324
 859.000000  0.006836
 860.000000  0.009765
 861.000000  0.009252
 862.000000  0.007275
 863.000000  0.006836
 864.000000  0.007275
 865.000000  0.009155
 866.000000  0.009765
 867.000000  0.006763
 868.000000  0.007324
 869.000000  0.009277
 870.000000  0.007324
 871.000000  0.009399
 872.000000  0.007324
 873.000000  0.009155
 874.000000  0.007275
 875.000000  0.009301
 876.000000  0.007324
 877.000000  0.006494
 878.000000  0.007300
 879.000000  0.006689
 880.000000  0.007324
 881.000000  0.009326
 882.000000  0.007324
 883.000000  0.009228
 884.000000  0.007324
 885.000000  0.009204
 886.000000  0.007324
 887.000000  0.006567
 888.000000  0.007324
 889.000000  0.008911
 890.000000  0.007324
 891.000000  0.009057
 892.000000  0.007324
 893.000000  0.009252
 894.000000  0.007324
 895.000000  0.009155
 896.000000  0.007324
 897.000000  0.009277
 898.000000  0.007324
 899.000000  0.008960
 900.000000  0.007300
 901.000000  0.009008
 902.000000  0.009765
 903.000000  0.008911
 904.000000  0.007324
 905.000000  0.008740
 906.000000  0.009741
 907.000000  0.008789
 908.000000  0.009765
 909.000000  0.008935
 910.000000  0.007324
 911.000000  0.008935
 912.000000  0.007324
 913.000000  0.008862
 914.000000  0.007275
 915.000000  0.008960
 916.000000  0.007324
 917.000000  0.008862
 918.000000  0.009765
 919.000000  0.008569
 920.000000  0.009765
 921.000000  0.008569
 922.000000  0.007324
 923.000000  0.008642
 924.000000  0.007324
 925.000000  0.008813
 926.000000  0.007324
 927.000000  0.008886
 928.000000  0.007324
 929.000000  0.008813
 930.000000  0.007324
 931.000000  0.008837
 932.000000  0.007324
 933.000000  0.008984
 934.000000  0.007300
 935.000000  0.008715
 936.000000  0.007324
 937.000000  0.008667
 938.000000  0.007324
 939.000000  0.008837
 940.000000  0.007324
 941.000000  0.008837
 942.000000  0.007324
 943.000000  0.008789
 944.000000  0.007300
 945.000000  0.006372
 946.000000  0.009716
 947.000000  0.009033
 948.000000  0.007324
 949.000000  0.008862
 950.000000  0.009741
 951.000000  0.008740
 952.000000  0.007324
 953.000000  0.008984
 954.000000  0.007275
 955.000000  0.008789
 956.000000  0.007251
 957.000000  0.008886
 958.000000  0.007324
 959.000000  0.006079
 960.000000  0.007251
 961.000000  0.006299
 962.000000  0.009741
 963.000000  0.006201
 964.000000  0.007251
 965.000000  0.008862
 966.000000  0.007300
 967.000000  0.008496
 968.000000  0.007202
 969.000000  0.008325
 970.000000  0.009716
 971.000000  0.008593
 972.000000  0.007251
 973.000000  0.008496
 974.000000  0.007227
 975.000000  0.008520
 976.000000  0.007227
 977.000000  0.008447
 978.000000  0.007202
 979.000000  0.008325
 980.000000  0.007251
 981.000000  0.008740
 982.000000  0.007251
 983.000000  0.006567
 984.000000  0.007178
 985.000000  0.008544
 986.000000  0.007104
 987.000000  0.008081
 988.000000  0.009350
 989.000000  0.008422
 990.000000  0.006958
 991.000000  0.008252
 992.000000  0.006665
 993.000000  0.008203
 994.000000  0.006836
 995.000000  0.008862
 996.000000  0.007202
 997.000000  0.008667
 998.000000  0.009472
 999.000000  0.008691
 1000.000000  0.009643
 1001.000000  0.008520
 1002.000000  0.007153
 1003.000000  0.008496
 1004.000000  0.007007
 1005.000000  0.008520
 1006.000000  0.007251
 1007.000000  0.008349
 1008.000000  0.007227
 1009.000000  0.008642
 1010.000000  0.007227
 1011.000000  0.008422
 1012.000000  0.007080
 1013.000000  0.008398
 1014.000000  0.007104
 1015.000000  0.008691
 1016.000000  0.007227
 1017.000000  0.008618
 1018.000000  0.007251
 1019.000000  0.008252
 1020.000000  0.007227
 1021.000000  0.008349
 1022.000000  0.007129
 1023.000000  0.008569
