 0.000000  0.007349
 1.000000  0.007227
 2.000000  0.007324
 3.000000  0.007227
 4.000000  0.007324
 5.000000  0.007202
 6.000000  0.007324
 7.000000  0.007129
 8.000000  0.007324
 9.000000  0.007251
 10.000000  0.007324
 11.000000  0.007153
 12.000000  0.007324
 13.000000  0.007227
 14.000000  0.007324
 15.000000  0.007031
 16.000000  0.007349
 17.000000  0.007227
 18.000000  0.007324
 19.000000  0.007227
 20.000000  0.007324
 21.000000  0.007300
 22.000000  0.007324
 23.000000  0.007275
 24.000000  0.007324
 25.000000  0.007104
 26.000000  0.007324
 27.000000  0.009545
 28.000000  0.007324
 29.000000  0.007129
 30.000000  0.007324
 31.000000  0.007251
 32.000000  0.007324
 33.000000  0.007251
 34.000000  0.007324
 35.000000  0.007251
 36.000000  0.007324
 37.000000  0.007129
 38.000000  0.007324
 39.000000  0.009668
 40.000000  0.007324
 41.000000  0.007202
 42.000000  0.007324
 43.000000  0.007202
 44.000000  0.007324
 45.000000  0.007031
 46.000000  0.007324
 47.000000  0.007104
 48.000000  0.007324
 49.000000  0.007178
 50.000000  0.007324
 51.000000  0.007202
 52.000000  0.007324
 53.000000  0.007227
 54.000000  0.007324
 55.000000  0.007251
 56.000000  0.007324
 57.000000  0.007031
 58.000000  0.007324
 59.000000  0.009497
 60.000000  0.007324
 61.000000  0.009472
 62.000000  0.007324
 63.000000  0.007104
 64.000000  0.007324
 65.000000  0.007080
 66.000000  0.007324
 67.000000  0.009594
 68.000000  0.007324
 69.000000  0.006982
 70.000000  0.007349
 71.000000  0.007056
 72.000000  0.007300
 73.000000  0.006909
 74.000000  0.007324
 75.000000  0.006763
 76.000000  0.007324
 77.000000  0.007104
 78.000000  0.007324
 79.000000  0.006958
 80.000000  0.007349
 81.000000  0.007056
 82.000000  0.007397
 83.000000  0.007056
 84.000000  0.007300
 85.000000  0.006909
 86.000000  0.007251
 87.000000  0.006836
 88.000000  0.007397
 89.000000  0.006836
 90.000000  0.007373
 91.000000  0.006982
 92.000000  0.007300
 93.000000  0.006738
 94.000000  0.007349
 95.000000  0.006738
 96.000000  0.007300
 97.000000  0.006641
 98.000000  0.007349
 99.000000  0.006860
 100.000000  0.007495
 101.000000  0.009375
 102.000000  0.007324
 103.000000  0.009326
 104.000000  0.007275
 105.000000  0.006714
 106.000000  0.007373
 107.000000  0.006836
 108.000000  0.007300
 109.000000  0.009228
 110.000000  0.007251
 111.000000  0.006811
 112.000000  0.007275
 113.000000  0.007031
 114.000000  0.007300
 115.000000  0.006909
 116.000000  0.007373
 117.000000  0.006885
 118.000000  0.007373
 119.000000  0.006787
 120.000000  0.007324
 121.000000  0.006885
 122.000000  0.007349
 123.000000  0.006885
 124.000000  0.007324
 125.000000  0.006885
 126.000000  0.007324
 127.000000  0.009423
 128.000000  0.007300
 129.000000  0.006860
 130.000000  0.007349
 131.000000  0.009448
 132.000000  0.007324
 133.000000  0.006885
 134.000000  0.007324
 135.000000  0.009472
 136.000000  0.007349
 137.000000  0.006811
 138.000000  0.007324
 139.000000  0.006811
 140.000000  0.007324
 141.000000  0.006982
 142.000000  0.007324
 143.000000  0.006934
 144.000000  0.007349
 145.000000  0.009375
 146.000000  0.007324
 147.000000  0.006909
 148.000000  0.007324
 149.000000  0.009448
 150.000000  0.007324
 151.000000  0.006860
 152.000000  0.007324
 153.000000  0.007080
 154.000000  0.007324
 155.000000  0.006958
 156.000000  0.007324
 157.000000  0.009179
 158.000000  0.007324
 159.000000  0.007007
 160.000000  0.007324
 161.000000  0.006982
 162.000000  0.007324
 163.000000  0.006811
 164.000000  0.007324
 165.000000  0.006958
 166.000000  0.007324
 167.000000  0.006909
 168.000000  0.007324
 169.000000  0.009130
 170.000000  0.007324
 171.000000  0.006934
 172.000000  0.007300
 173.000000  0.006934
 174.000000  0.007324
 175.000000  0.006885
 176.000000  0.007324
 177.000000  0.006787
 178.000000  0.007324
 179.000000  0.009228
 180.000000  0.007324
 181.000000  0.007007
 182.000000  0.007324
 183.000000  0.006982
 184.000000  0.007324
 185.000000  0.007104
 186.000000  0.007324
 187.000000  0.006982
 188.000000  0.007324
 189.000000  0.006763
 190.000000  0.007324
 191.000000  0.006665
 192.000000  0.007324
 193.000000  0.007031
 194.000000  0.007324
 195.000000  0.006982
 196.000000  0.009765
 197.000000  0.006738
 198.000000  0.007324
 199.000000  0.009130
 200.000000  0.007324
 201.000000  0.009130
 202.000000  0.007324
 203.000000  0.006738
 204.000000  0.007324
 205.000000  0.006665
 206.000000  0.007324
 207.000000  0.006641
 208.000000  0.007324
 209.000000  0.009204
 210.000000  0.007324
 211.000000  0.006885
 212.000000  0.007324
 213.000000  0.009350
 214.000000  0.007324
 215.000000  0.006885
 216.000000  0.007324
 217.000000  0.006885
 218.000000  0.007324
 219.000000  0.009130
 220.000000  0.007324
 221.000000  0.006909
 222.000000  0.007324
 223.000000  0.006860
 224.000000  0.007324
 225.000000  0.006689
 226.000000  0.007324
 227.000000  0.009106
 228.000000  0.007324
 229.000000  0.009252
 230.000000  0.007324
 231.000000  0.006787
 232.000000  0.007324
 233.000000  0.009130
 234.000000  0.007324
 235.000000  0.006763
 236.000000  0.007324
 237.000000  0.006763
 238.000000  0.007251
 239.000000  0.009204
 240.000000  0.007251
 241.000000  0.006714
 242.000000  0.007275
 243.000000  0.009228
 244.000000  0.007251
 245.000000  0.006665
 246.000000  0.007202
 247.000000  0.006641
 248.000000  0.007227
 249.000000  0.006567
 250.000000  0.007227
 251.000000  0.006592
 252.000000  0.007227
 253.000000  0.006787
 254.000000  0.007080
 255.000000  0.009228
 256.000000  0.007275
 257.000000  0.006616
 258.000000  0.007300
 259.000000  0.006421
 260.000000  0.007202
 261.000000  0.006421
 262.000000  0.007227
 263.000000  0.008960
 264.000000  0.007275
 265.000000  0.009057
 266.000000  0.007251
 267.000000  0.009033
 268.000000  0.007373
 269.000000  0.008886
 270.000000  0.007251
 271.000000  0.006494
 272.000000  0.007202
 273.000000  0.006641
 274.000000  0.007300
 275.000000  0.009130
 276.000000  0.007300
 277.000000  0.009057
 278.000000  0.007324
 279.000000  0.006811
 280.000000  0.007275
 281.000000  0.009008
 282.000000  0.007324
 283.000000  0.008984
 284.000000  0.007300
 285.000000  0.006836
 286.000000  0.007324
 287.000000  0.006958
 288.000000  0.007275
 289.000000  0.009448
 290.000000  0.007324
 291.000000  0.006885
 292.000000  0.007324
 293.000000  0.006811
 294.000000  0.007300
 295.000000  0.009155
 296.000000  0.007324
 297.000000  0.009301
 298.000000  0.007324
 299.000000  0.009155
 300.000000  0.007324
 301.000000  0.006934
 302.000000  0.007324
 303.000000  0.009448
 304.000000  0.007324
 305.000000  0.007129
 306.000000  0.007349
 307.000000  0.009277
 308.000000  0.007324
 309.000000  0.009326
 310.000000  0.007324
 311.000000  0.006934
 312.000000  0.007324
 313.000000  0.007129
 314.000000  0.007324
 315.000000  0.009643
 316.000000  0.007324
 317.000000  0.007056
 318.000000  0.007324
 319.000000  0.006958
 320.000000  0.007324
 321.000000  0.009448
 322.000000  0.007324
 323.000000  0.009472
 324.000000  0.007324
 325.000000  0.007056
 326.000000  0.007324
 327.000000  0.006860
 328.000000  0.007324
 329.000000  0.009399
 330.000000  0.007324
 331.000000  0.009521
 332.000000  0.007324
 333.000000  0.009521
 334.000000  0.007324
 335.000000  0.009521
 336.000000  0.007324
 337.000000  0.007178
 338.000000  0.007349
 339.000000  0.007104
 340.000000  0.007324
 341.000000  0.009692
 342.000000  0.009765
 343.000000  0.009545
 344.000000  0.007324
 345.000000  0.009668
 346.000000  0.007324
 347.000000  0.007153
 348.000000  0.007324
 349.000000  0.009375
 350.000000  0.007324
 351.000000  0.009497
 352.000000  0.007324
 353.000000  0.009668
 354.000000  0.007324
 355.000000  0.007202
 356.000000  0.007324
 357.000000  0.007129
 358.000000  0.007324
 359.000000  0.009594
 360.000000  0.007324
 361.000000  0.007227
 362.000000  0.007324
 363.000000  0.009594
 364.000000  0.007324
 365.000000  0.007080
 366.000000  0.007324
 367.000000  0.007275
 368.000000  0.007324
 369.000000  0.007251
 370.000000  0.007324
 371.000000  0.009668
 372.000000  0.007324
 373.000000  0.009668
 374.000000  0.007324
 375.000000  0.009643
 376.000000  0.007324
 377.000000  0.007300
 378.000000  0.007324
 379.000000  0.007227
 380.000000  0.007324
 381.000000  0.009668
 382.000000  0.007324
 383.000000  0.007251
 384.000000  0.007324
 385.000000  0.007227
 386.000000  0.007373
 387.000000  0.009716
 388.000000  0.007324
 389.000000  0.009570
 390.000000  0.007397
 391.000000  0.009765
 392.000000  0.007349
 393.000000  0.007349
 394.000000  0.007373
 395.000000  0.007202
 396.000000  0.007446
 397.000000  0.007202
 398.000000  0.007349
 399.000000  0.006934
 400.000000  0.007495
 401.000000  0.009570
 402.000000  0.007568
 403.000000  0.007251
 404.000000  0.007446
 405.000000  0.007251
 406.000000  0.007495
 407.000000  0.007251
 408.000000  0.007422
 409.000000  0.009643
 410.000000  0.007495
 411.000000  0.009594
 412.000000  0.007642
 413.000000  0.007251
 414.000000  0.007593
 415.000000  0.009643
 416.000000  0.007495
 417.000000  0.007178
 418.000000  0.007544
 419.000000  0.007227
 420.000000  0.007495
 421.000000  0.007153
 422.000000  0.007544
 423.000000  0.007227
 424.000000  0.007519
 425.000000  0.009643
 426.000000  0.007422
 427.000000  0.009790
 428.000000  0.007642
 429.000000  0.009765
 430.000000  0.007617
 431.000000  0.009716
 432.000000  0.007666
 433.000000  0.007373
 434.000000  0.007544
 435.000000  0.009765
 436.000000  0.007446
 437.000000  0.009790
 438.000000  0.007593
 439.000000  0.009790
 440.000000  0.007690
 441.000000  0.009741
 442.000000  0.007642
 443.000000  0.009765
 444.000000  0.007593
 445.000000  0.009765
 446.000000  0.008008
 447.000000  0.007324
 448.000000  0.007568
 449.000000  0.009765
 450.000000  0.007666
 451.000000  0.009790
 452.000000  0.007593
 453.000000  0.009790
 454.000000  0.007861
 455.000000  0.009814
 456.000000  0.007764
 457.000000  0.009765
 458.000000  0.007715
 459.000000  0.009765
 460.000000  0.008350
 461.000000  0.009790
 462.000000  0.007715
 463.000000  0.009814
 464.000000  0.008936
 465.000000  0.009814
 466.000000  0.008179
 467.000000  0.007349
 468.000000  0.008203
 469.000000  0.007446
 470.000000  0.008276
 471.000000  0.009814
 472.000000  0.008765
 473.000000  0.007617
 474.000000  0.009546
 475.000000  0.009765
 476.000000  0.008740
 477.000000  0.007422
 478.000000  0.009741
 479.000000  0.009887
 480.000000  0.008911
 481.000000  0.009790
 482.000000  0.009497
 483.000000  0.009644
 484.000000  0.008716
 485.000000  0.009814
 486.000000  0.009521
 487.000000  0.009741
 488.000000  0.009766
 489.000000  0.007422
 490.000000  0.009570
 491.000000  0.012036
 492.000000  0.012183
 493.000000  0.012207
 494.000000  0.009644
 495.000000  0.012109
 496.000000  0.014648
 497.000000  0.017944
 498.000000  0.010547
 499.000000  0.012060
 500.000000  0.012231
 501.000000  0.024560
 502.000000  0.023682
 503.000000  0.012207
 504.000000  0.009839
 505.000000  0.017089
 506.000000  0.024438
 507.000000  0.016772
 508.000000  0.014502
 509.000000  0.019556
 510.000000  0.049048
 511.000000  0.080273
 512.000000  0.031348
 513.000000  0.014478
 514.000000  0.014233
 515.000000  0.016504
 516.000000  0.017090
 517.000000  0.009790
 518.000000  0.009766
 519.000000  0.010400
 520.000000  0.014648
 521.000000  0.012207
 522.000000  0.009766
 523.000000  0.011669
 524.000000  0.009839
 525.000000  0.013647
 526.000000  0.009766
 527.000000  0.010009
 528.000000  0.009741
 529.000000  0.012207
 530.000000  0.010205
 531.000000  0.010351
 532.000000  0.009106
 533.000000  0.007642
 534.000000  0.009766
 535.000000  0.008838
 536.000000  0.008105
 537.000000  0.009765
 538.000000  0.009473
 539.000000  0.011840
 540.000000  0.009375
 541.000000  0.007324
 542.000000  0.008276
 543.000000  0.007495
 544.000000  0.009668
 545.000000  0.007324
 546.000000  0.008252
 547.000000  0.009814
 548.000000  0.009448
 549.000000  0.009936
 550.000000  0.007593
 551.000000  0.009716
 552.000000  0.007935
 553.000000  0.007544
 554.000000  0.008227
 555.000000  0.007324
 556.000000  0.007983
 557.000000  0.009912
 558.000000  0.008520
 559.000000  0.009741
 560.000000  0.007788
 561.000000  0.007275
 562.000000  0.008105
 563.000000  0.009838
 564.000000  0.007617
 565.000000  0.009692
 566.000000  0.007739
 567.000000  0.009838
 568.000000  0.007837
 569.000000  0.009619
 570.000000  0.007617
 571.000000  0.009643
 572.000000  0.007788
 573.000000  0.009716
 574.000000  0.007593
 575.000000  0.009790
 576.000000  0.007568
 577.000000  0.009790
 578.000000  0.007642
 579.000000  0.009594
 580.000000  0.007544
 581.000000  0.007397
 582.000000  0.007495
 583.000000  0.009692
 584.000000  0.007446
 585.000000  0.009619
 586.000000  0.007397
 587.000000  0.009790
 588.000000  0.007373
 589.000000  0.007300
 590.000000  0.007446
 591.000000  0.009765
 592.000000  0.007422
 593.000000  0.007251
 594.000000  0.007349
 595.000000  0.009692
 596.000000  0.007446
 597.000000  0.009741
 598.000000  0.007324
 599.000000  0.009716
 600.000000  0.007324
 601.000000  0.009765
 602.000000  0.007349
 603.000000  0.009545
 604.000000  0.007349
 605.000000  0.009521
 606.000000  0.007324
 607.000000  0.009594
 608.000000  0.007324
 609.000000  0.009472
 610.000000  0.007324
 611.000000  0.009521
 612.000000  0.009765
 613.000000  0.009545
 614.000000  0.009765
 615.000000  0.009716
 616.000000  0.007324
 617.000000  0.007202
 618.000000  0.007324
 619.000000  0.009545
 620.000000  0.007324
 621.000000  0.009448
 622.000000  0.007324
 623.000000  0.009472
 624.000000  0.009765
 625.000000  0.009448
 626.000000  0.007324
 627.000000  0.009472
 628.000000  0.007324
 629.000000  0.009252
 630.000000  0.007324
 631.000000  0.009375
 632.000000  0.007324
 633.000000  0.009521
 634.000000  0.007324
 635.000000  0.009399
 636.000000  0.007324
 637.000000  0.006885
 638.000000  0.007324
 639.000000  0.009326
 640.000000  0.007324
 641.000000  0.009057
 642.000000  0.007324
 643.000000  0.006982
 644.000000  0.009765
 645.000000  0.009252
 646.000000  0.009765
 647.000000  0.009252
 648.000000  0.007324
 649.000000  0.006763
 650.000000  0.007324
 651.000000  0.006860
 652.000000  0.007324
 653.000000  0.006811
 654.000000  0.007324
 655.000000  0.009033
 656.000000  0.007324
 657.000000  0.009350
 658.000000  0.007324
 659.000000  0.006641
 660.000000  0.007300
 661.000000  0.008984
 662.000000  0.007300
 663.000000  0.008862
 664.000000  0.009741
 665.000000  0.008789
 666.000000  0.009716
 667.000000  0.008740
 668.000000  0.007324
 669.000000  0.006445
 670.000000  0.007324
 671.000000  0.006470
 672.000000  0.007324
 673.000000  0.009033
 674.000000  0.009741
 675.000000  0.008471
 676.000000  0.007324
 677.000000  0.008593
 678.000000  0.007300
 679.000000  0.008862
 680.000000  0.007324
 681.000000  0.006128
 682.000000  0.007324
 683.000000  0.008862
 684.000000  0.007300
 685.000000  0.008862
 686.000000  0.007324
 687.000000  0.006299
 688.000000  0.009765
 689.000000  0.005908
 690.000000  0.009765
 691.000000  0.008105
 692.000000  0.007300
 693.000000  0.008325
 694.000000  0.007300
 695.000000  0.008325
 696.000000  0.009692
 697.000000  0.008520
 698.000000  0.007178
 699.000000  0.008300
 700.000000  0.007202
 701.000000  0.005908
 702.000000  0.007275
 703.000000  0.006274
 704.000000  0.009765
 705.000000  0.008105
 706.000000  0.007275
 707.000000  0.006201
 708.000000  0.007178
 709.000000  0.008154
 710.000000  0.007129
 711.000000  0.008105
 712.000000  0.007007
 713.000000  0.008081
 714.000000  0.007080
 715.000000  0.008593
 716.000000  0.007202
 717.000000  0.008593
 718.000000  0.007104
 719.000000  0.008349
 720.000000  0.007129
 721.000000  0.008300
 722.000000  0.007080
 723.000000  0.008178
 724.000000  0.007007
 725.000000  0.008374
 726.000000  0.007080
 727.000000  0.008203
 728.000000  0.006982
 729.000000  0.005835
 730.000000  0.007056
 731.000000  0.008593
 732.000000  0.007056
 733.000000  0.008276
 734.000000  0.009350
 735.000000  0.008422
 736.000000  0.006934
 737.000000  0.008374
 738.000000  0.007056
 739.000000  0.008544
 740.000000  0.006982
 741.000000  0.008471
 742.000000  0.007104
 743.000000  0.005713
 744.000000  0.007007
 745.000000  0.008007
 746.000000  0.006811
 747.000000  0.005615
 748.000000  0.007129
 749.000000  0.008105
 750.000000  0.007153
 751.000000  0.008178
 752.000000  0.009521
 753.000000  0.008252
 754.000000  0.007227
 755.000000  0.008105
 756.000000  0.007007
 757.000000  0.007983
 758.000000  0.007080
 759.000000  0.005640
 760.000000  0.007129
 761.000000  0.008129
 762.000000  0.006958
 763.000000  0.008105
 764.000000  0.007031
 765.000000  0.007861
 766.000000  0.007056
 767.000000  0.005737
 768.000000  0.007007
 769.000000  0.007739
 770.000000  0.007129
 771.000000  0.007836
 772.000000  0.006958
 773.000000  0.007788
 774.000000  0.009497
 775.000000  0.007910
 776.000000  0.009497
 777.000000  0.007617
 778.000000  0.007080
 779.000000  0.005225
 780.000000  0.006885
 781.000000  0.005225
 782.000000  0.009399
 783.000000  0.007495
 784.000000  0.007129
 785.000000  0.007739
 786.000000  0.007104
 787.000000  0.007739
 788.000000  0.009545
 789.000000  0.007519
 790.000000  0.007007
 791.000000  0.007592
 792.000000  0.006958
 793.000000  0.007592
 794.000000  0.006934
 795.000000  0.007714
 796.000000  0.006958
 797.000000  0.007592
 798.000000  0.007080
 799.000000  0.007592
 800.000000  0.007080
 801.000000  0.007641
 802.000000  0.009619
 803.000000  0.007568
 804.000000  0.007007
 805.000000  0.007641
 806.000000  0.006885
 807.000000  0.007763
 808.000000  0.009545
 809.000000  0.005249
 810.000000  0.007129
 811.000000  0.005249
 812.000000  0.007056
 813.000000  0.004980
 814.000000  0.006982
 815.000000  0.007690
 816.000000  0.007007
 817.000000  0.007470
 818.000000  0.007202
 819.000000  0.007568
 820.000000  0.007031
 821.000000  0.007544
 822.000000  0.006787
 823.000000  0.007495
 824.000000  0.009228
 825.000000  0.007519
 826.000000  0.006885
 827.000000  0.007568
 828.000000  0.006787
 829.000000  0.007519
 830.000000  0.006836
 831.000000  0.007544
 832.000000  0.006885
 833.000000  0.007714
 834.000000  0.006811
 835.000000  0.007641
 836.000000  0.009350
 837.000000  0.007592
 838.000000  0.007031
 839.000000  0.007519
 840.000000  0.007104
 841.000000  0.007421
 842.000000  0.009277
 843.000000  0.007617
 844.000000  0.006909
 845.000000  0.005225
 846.000000  0.009350
 847.000000  0.007812
 848.000000  0.006641
 849.000000  0.007592
 850.000000  0.006641
 851.000000  0.007739
 852.000000  0.006982
 853.000000  0.005176
 854.000000  0.009545
 855.000000  0.007568
 856.000000  0.006811
 857.000000  0.005249
 858.000000  0.006958
 859.000000  0.005103
 860.000000  0.009326
 861.000000  0.007568
 862.000000  0.006665
 863.000000  0.005103
 864.000000  0.006763
 865.000000  0.007910
 866.000000  0.009179
 867.000000  0.005395
 868.000000  0.007031
 869.000000  0.007763
 870.000000  0.006763
 871.000000  0.007763
 872.000000  0.006860
 873.000000  0.007763
 874.000000  0.006787
 875.000000  0.007959
 876.000000  0.006714
 877.000000  0.005518
 878.000000  0.006885
 879.000000  0.005493
 880.000000  0.006738
 881.000000  0.008105
 882.000000  0.006738
 883.000000  0.007861
 884.000000  0.006909
 885.000000  0.007910
 886.000000  0.006787
 887.000000  0.005444
 888.000000  0.006836
 889.000000  0.008007
 890.000000  0.006787
 891.000000  0.007934
 892.000000  0.006665
 893.000000  0.007934
 894.000000  0.006665
 895.000000  0.007836
 896.000000  0.006519
 897.000000  0.007934
 898.000000  0.006738
 899.000000  0.007714
 900.000000  0.006836
 901.000000  0.007861
 902.000000  0.009179
 903.000000  0.007690
 904.000000  0.006885
 905.000000  0.007714
 906.000000  0.009252
 907.000000  0.007641
 908.000000  0.009228
 909.000000  0.007788
 910.000000  0.006909
 911.000000  0.007592
 912.000000  0.006836
 913.000000  0.007519
 914.000000  0.006592
 915.000000  0.007714
 916.000000  0.006567
 917.000000  0.007836
 918.000000  0.009326
 919.000000  0.007666
 920.000000  0.009375
 921.000000  0.007446
 922.000000  0.006934
 923.000000  0.007519
 924.000000  0.006885
 925.000000  0.007592
 926.000000  0.006836
 927.000000  0.007495
 928.000000  0.007007
 929.000000  0.007617
 930.000000  0.006641
 931.000000  0.007495
 932.000000  0.006738
 933.000000  0.007763
 934.000000  0.007104
 935.000000  0.007495
 936.000000  0.007031
 937.000000  0.007446
 938.000000  0.007056
 939.000000  0.007446
 940.000000  0.006836
 941.000000  0.007617
 942.000000  0.006909
 943.000000  0.007470
 944.000000  0.006909
 945.000000  0.005176
 946.000000  0.009228
 947.000000  0.007739
 948.000000  0.006885
 949.000000  0.007544
 950.000000  0.008935
 951.000000  0.007568
 952.000000  0.006787
 953.000000  0.007544
 954.000000  0.006860
 955.000000  0.007592
 956.000000  0.007080
 957.000000  0.007544
 958.000000  0.006811
 959.000000  0.004980
 960.000000  0.006665
 961.000000  0.005029
 962.000000  0.009277
 963.000000  0.004980
 964.000000  0.006836
 965.000000  0.007617
 966.000000  0.006567
 967.000000  0.007544
 968.000000  0.006860
 969.000000  0.007446
 970.000000  0.009423
 971.000000  0.007592
 972.000000  0.007080
 973.000000  0.007568
 974.000000  0.006787
 975.000000  0.007714
 976.000000  0.006811
 977.000000  0.007592
 978.000000  0.006811
 979.000000  0.007495
 980.000000  0.006860
 981.000000  0.007568
 982.000000  0.006592
 983.000000  0.005176
 984.000000  0.006860
 985.000000  0.007690
 986.000000  0.006494
 987.000000  0.007568
 988.000000  0.009399
 989.000000  0.007495
 990.000000  0.006836
 991.000000  0.007544
 992.000000  0.006934
 993.000000  0.007617
 994.000000  0.006860
 995.000000  0.007495
 996.000000  0.006567
 997.000000  0.007568
 998.000000  0.008837
 999.000000  0.007641
 1000.000000  0.009130
 1001.000000  0.007446
 1002.000000  0.006811
 1003.000000  0.007544
 1004.000000  0.006592
 1005.000000  0.007568
 1006.000000  0.006811
 1007.000000  0.007617
 1008.000000  0.006958
 1009.000000  0.007544
 1010.000000  0.006689
 1011.000000  0.007519
 1012.000000  0.006567
 1013.000000  0.007617
 1014.000000  0.006323
 1015.000000  0.007666
 1016.000000  0.006494
 1017.000000  0.007641
 1018.000000  0.006299
 1019.000000  0.007544
 1020.000000  0.006421
 1021.000000  0.007470
 1022.000000  0.006396
 1023.000000  0.007641
