 0.000000  0.014697
 1.000000  0.014282
 2.000000  0.014453
 3.000000  0.014160
 4.000000  0.014648
 5.000000  0.014331
 6.000000  0.014770
 7.000000  0.014282
 8.000000  0.014600
 9.000000  0.014404
 10.000000  0.014673
 11.000000  0.014355
 12.000000  0.014673
 13.000000  0.014429
 14.000000  0.014697
 15.000000  0.014282
 16.000000  0.014722
 17.000000  0.014087
 18.000000  0.014673
 19.000000  0.014355
 20.000000  0.014600
 21.000000  0.014404
 22.000000  0.014648
 23.000000  0.014477
 24.000000  0.014673
 25.000000  0.014331
 26.000000  0.014648
 27.000000  0.019237
 28.000000  0.014526
 29.000000  0.014429
 30.000000  0.014575
 31.000000  0.014477
 32.000000  0.014722
 33.000000  0.014502
 34.000000  0.014575
 35.000000  0.014477
 36.000000  0.014624
 37.000000  0.014429
 38.000000  0.014600
 39.000000  0.019286
 40.000000  0.014624
 41.000000  0.014404
 42.000000  0.014575
 43.000000  0.014477
 44.000000  0.014575
 45.000000  0.014258
 46.000000  0.014648
 47.000000  0.014355
 48.000000  0.014600
 49.000000  0.014502
 50.000000  0.014575
 51.000000  0.014477
 52.000000  0.014600
 53.000000  0.014502
 54.000000  0.014575
 55.000000  0.014429
 56.000000  0.014600
 57.000000  0.014331
 58.000000  0.014600
 59.000000  0.019140
 60.000000  0.014575
 61.000000  0.019286
 62.000000  0.014575
 63.000000  0.014282
 64.000000  0.014575
 65.000000  0.014477
 66.000000  0.014575
 67.000000  0.019335
 68.000000  0.014575
 69.000000  0.014429
 70.000000  0.014575
 71.000000  0.014404
 72.000000  0.014575
 73.000000  0.014380
 74.000000  0.014575
 75.000000  0.014404
 76.000000  0.014575
 77.000000  0.014380
 78.000000  0.014575
 79.000000  0.014551
 80.000000  0.014600
 81.000000  0.014551
 82.000000  0.014551
 83.000000  0.014258
 84.000000  0.014502
 85.000000  0.014307
 86.000000  0.014526
 87.000000  0.014429
 88.000000  0.014722
 89.000000  0.014380
 90.000000  0.014746
 91.000000  0.014209
 92.000000  0.014673
 93.000000  0.014111
 94.000000  0.014697
 95.000000  0.014014
 96.000000  0.014673
 97.000000  0.013989
 98.000000  0.014819
 99.000000  0.014160
 100.000000  0.014746
 101.000000  0.019262
 102.000000  0.014648
 103.000000  0.019262
 104.000000  0.014673
 105.000000  0.014331
 106.000000  0.014770
 107.000000  0.014453
 108.000000  0.014795
 109.000000  0.019164
 110.000000  0.014624
 111.000000  0.014404
 112.000000  0.014600
 113.000000  0.014380
 114.000000  0.014575
 115.000000  0.014404
 116.000000  0.014600
 117.000000  0.014307
 118.000000  0.014648
 119.000000  0.014233
 120.000000  0.014624
 121.000000  0.014404
 122.000000  0.014600
 123.000000  0.014477
 124.000000  0.014600
 125.000000  0.014380
 126.000000  0.014600
 127.000000  0.019286
 128.000000  0.014575
 129.000000  0.014429
 130.000000  0.014624
 131.000000  0.019286
 132.000000  0.014575
 133.000000  0.014404
 134.000000  0.014648
 135.000000  0.019237
 136.000000  0.014575
 137.000000  0.014380
 138.000000  0.014575
 139.000000  0.014331
 140.000000  0.014624
 141.000000  0.014404
 142.000000  0.014575
 143.000000  0.014526
 144.000000  0.014551
 145.000000  0.019237
 146.000000  0.014600
 147.000000  0.014502
 148.000000  0.014600
 149.000000  0.019189
 150.000000  0.014624
 151.000000  0.014233
 152.000000  0.014575
 153.000000  0.014429
 154.000000  0.014624
 155.000000  0.014282
 156.000000  0.014600
 157.000000  0.019140
 158.000000  0.014624
 159.000000  0.014307
 160.000000  0.014624
 161.000000  0.014136
 162.000000  0.014575
 163.000000  0.014136
 164.000000  0.014697
 165.000000  0.014355
 166.000000  0.014624
 167.000000  0.014233
 168.000000  0.014673
 169.000000  0.019115
 170.000000  0.014575
 171.000000  0.014087
 172.000000  0.014624
 173.000000  0.014233
 174.000000  0.014648
 175.000000  0.014233
 176.000000  0.014600
 177.000000  0.014111
 178.000000  0.014600
 179.000000  0.019018
 180.000000  0.014502
 181.000000  0.014087
 182.000000  0.014624
 183.000000  0.014380
 184.000000  0.014648
 185.000000  0.014307
 186.000000  0.014648
 187.000000  0.014258
 188.000000  0.014575
 189.000000  0.014307
 190.000000  0.014600
 191.000000  0.014087
 192.000000  0.014600
 193.000000  0.014453
 194.000000  0.014575
 195.000000  0.014429
 196.000000  0.019482
 197.000000  0.014331
 198.000000  0.014575
 199.000000  0.019237
 200.000000  0.014575
 201.000000  0.019115
 202.000000  0.014600
 203.000000  0.014404
 204.000000  0.014551
 205.000000  0.014282
 206.000000  0.014575
 207.000000  0.014282
 208.000000  0.014575
 209.000000  0.019237
 210.000000  0.014575
 211.000000  0.014380
 212.000000  0.014575
 213.000000  0.019237
 214.000000  0.014575
 215.000000  0.014404
 216.000000  0.014575
 217.000000  0.014380
 218.000000  0.014575
 219.000000  0.019237
 220.000000  0.014600
 221.000000  0.014429
 222.000000  0.014600
 223.000000  0.014453
 224.000000  0.014600
 225.000000  0.014258
 226.000000  0.014575
 227.000000  0.019091
 228.000000  0.014575
 229.000000  0.019213
 230.000000  0.014600
 231.000000  0.014355
 232.000000  0.014575
 233.000000  0.019140
 234.000000  0.014624
 235.000000  0.014453
 236.000000  0.014600
 237.000000  0.014355
 238.000000  0.014575
 239.000000  0.019262
 240.000000  0.014722
 241.000000  0.014331
 242.000000  0.014697
 243.000000  0.019066
 244.000000  0.014575
 245.000000  0.014087
 246.000000  0.014722
 247.000000  0.014185
 248.000000  0.014795
 249.000000  0.014087
 250.000000  0.014624
 251.000000  0.014233
 252.000000  0.014673
 253.000000  0.014185
 254.000000  0.014722
 255.000000  0.019042
 256.000000  0.014673
 257.000000  0.014233
 258.000000  0.014624
 259.000000  0.014331
 260.000000  0.014722
 261.000000  0.014355
 262.000000  0.014624
 263.000000  0.018969
 264.000000  0.014673
 265.000000  0.019115
 266.000000  0.014648
 267.000000  0.019115
 268.000000  0.014575
 269.000000  0.019262
 270.000000  0.014600
 271.000000  0.014380
 272.000000  0.014648
 273.000000  0.014429
 274.000000  0.014600
 275.000000  0.019164
 276.000000  0.014575
 277.000000  0.019262
 278.000000  0.014624
 279.000000  0.014477
 280.000000  0.014770
 281.000000  0.019335
 282.000000  0.014624
 283.000000  0.019359
 284.000000  0.014624
 285.000000  0.014429
 286.000000  0.014575
 287.000000  0.014453
 288.000000  0.014673
 289.000000  0.019335
 290.000000  0.014624
 291.000000  0.014404
 292.000000  0.014648
 293.000000  0.014453
 294.000000  0.014624
 295.000000  0.019311
 296.000000  0.014624
 297.000000  0.019359
 298.000000  0.014673
 299.000000  0.019433
 300.000000  0.014648
 301.000000  0.014453
 302.000000  0.014673
 303.000000  0.019408
 304.000000  0.014722
 305.000000  0.014502
 306.000000  0.014673
 307.000000  0.019311
 308.000000  0.014648
 309.000000  0.019359
 310.000000  0.014697
 311.000000  0.014477
 312.000000  0.014722
 313.000000  0.014526
 314.000000  0.014819
 315.000000  0.019359
 316.000000  0.014844
 317.000000  0.014526
 318.000000  0.014819
 319.000000  0.014477
 320.000000  0.014746
 321.000000  0.019408
 322.000000  0.014795
 323.000000  0.019359
 324.000000  0.014770
 325.000000  0.014502
 326.000000  0.014770
 327.000000  0.014453
 328.000000  0.014795
 329.000000  0.019433
 330.000000  0.014941
 331.000000  0.019482
 332.000000  0.014819
 333.000000  0.019408
 334.000000  0.014819
 335.000000  0.019408
 336.000000  0.015015
 337.000000  0.014575
 338.000000  0.014990
 339.000000  0.014551
 340.000000  0.014819
 341.000000  0.019408
 342.000000  0.019799
 343.000000  0.019408
 344.000000  0.015063
 345.000000  0.019433
 346.000000  0.015259
 347.000000  0.014575
 348.000000  0.014941
 349.000000  0.019433
 350.000000  0.015088
 351.000000  0.019359
 352.000000  0.015063
 353.000000  0.019433
 354.000000  0.014966
 355.000000  0.014575
 356.000000  0.015063
 357.000000  0.014575
 358.000000  0.015283
 359.000000  0.019433
 360.000000  0.015430
 361.000000  0.014575
 362.000000  0.015137
 363.000000  0.019457
 364.000000  0.015088
 365.000000  0.014575
 366.000000  0.015308
 367.000000  0.014575
 368.000000  0.015454
 369.000000  0.014575
 370.000000  0.015625
 371.000000  0.019457
 372.000000  0.015894
 373.000000  0.019433
 374.000000  0.015723
 375.000000  0.019433
 376.000000  0.016089
 377.000000  0.014697
 378.000000  0.016553
 379.000000  0.014673
 380.000000  0.016528
 381.000000  0.019506
 382.000000  0.016138
 383.000000  0.014648
 384.000000  0.017187
 385.000000  0.014673
 386.000000  0.017139
 387.000000  0.019506
 388.000000  0.016748
 389.000000  0.019530
 390.000000  0.017773
 391.000000  0.019530
 392.000000  0.017627
 393.000000  0.014697
 394.000000  0.017895
 395.000000  0.014746
 396.000000  0.017944
 397.000000  0.014746
 398.000000  0.017798
 399.000000  0.015063
 400.000000  0.018310
 401.000000  0.020287
 402.000000  0.017749
 403.000000  0.015674
 404.000000  0.018164
 405.000000  0.015478
 406.000000  0.018384
 407.000000  0.015503
 408.000000  0.018677
 409.000000  0.020458
 410.000000  0.018774
 411.000000  0.020580
 412.000000  0.018799
 413.000000  0.015698
 414.000000  0.019043
 415.000000  0.020556
 416.000000  0.019067
 417.000000  0.016357
 418.000000  0.019189
 419.000000  0.016968
 420.000000  0.019287
 421.000000  0.016650
 422.000000  0.019238
 423.000000  0.017285
 424.000000  0.019385
 425.000000  0.022094
 426.000000  0.019434
 427.000000  0.022167
 428.000000  0.019434
 429.000000  0.022607
 430.000000  0.019409
 431.000000  0.022655
 432.000000  0.019434
 433.000000  0.018140
 434.000000  0.019434
 435.000000  0.023266
 436.000000  0.019434
 437.000000  0.023607
 438.000000  0.019409
 439.000000  0.023632
 440.000000  0.019458
 441.000000  0.023900
 442.000000  0.019434
 443.000000  0.024071
 444.000000  0.019458
 445.000000  0.024023
 446.000000  0.019434
 447.000000  0.019263
 448.000000  0.019507
 449.000000  0.024267
 450.000000  0.019482
 451.000000  0.024291
 452.000000  0.019507
 453.000000  0.024291
 454.000000  0.019873
 455.000000  0.024242
 456.000000  0.019751
 457.000000  0.024218
 458.000000  0.020117
 459.000000  0.024315
 460.000000  0.020508
 461.000000  0.024315
 462.000000  0.020435
 463.000000  0.024511
 464.000000  0.021826
 465.000000  0.024950
 466.000000  0.022461
 467.000000  0.020044
 468.000000  0.022266
 469.000000  0.020898
 470.000000  0.022900
 471.000000  0.026537
 472.000000  0.023486
 473.000000  0.021851
 474.000000  0.023315
 475.000000  0.027392
 476.000000  0.024097
 477.000000  0.023047
 478.000000  0.024072
 479.000000  0.028222
 480.000000  0.024145
 481.000000  0.028637
 482.000000  0.024316
 483.000000  0.024048
 484.000000  0.024487
 485.000000  0.028954
 486.000000  0.024731
 487.000000  0.024243
 488.000000  0.025561
 489.000000  0.024194
 490.000000  0.025610
 491.000000  0.029272
 492.000000  0.025757
 493.000000  0.029149
 494.000000  0.027124
 495.000000  0.030053
 496.000000  0.027612
 497.000000  0.025513
 498.000000  0.027173
 499.000000  0.030517
 500.000000  0.028613
 501.000000  0.031566
 502.000000  0.028467
 503.000000  0.031444
 504.000000  0.028784
 505.000000  0.032982
 506.000000  0.029028
 507.000000  0.027515
 508.000000  0.029126
 509.000000  0.028247
 510.000000  0.029394
 511.000000  0.033202
 512.000000  0.029272
 513.000000  0.029102
 514.000000  0.030078
 515.000000  0.029077
 516.000000  0.029712
 517.000000  0.029053
 518.000000  0.030664
 519.000000  0.029248
 520.000000  0.031641
 521.000000  0.029443
 522.000000  0.031128
 523.000000  0.034081
 524.000000  0.031934
 525.000000  0.035155
 526.000000  0.032031
 527.000000  0.034667
 528.000000  0.033960
 529.000000  0.036523
 530.000000  0.032397
 531.000000  0.035668
 532.000000  0.034009
 533.000000  0.033862
 534.000000  0.035596
 535.000000  0.031787
 536.000000  0.034009
 537.000000  0.039501
 538.000000  0.037598
 539.000000  0.040087
 540.000000  0.035010
 541.000000  0.035132
 542.000000  0.041284
 543.000000  0.039575
 544.000000  0.036963
 545.000000  0.039844
 546.000000  0.067822
 547.000000  0.084350
 548.000000  0.054834
 549.000000  0.045653
 550.000000  0.055908
 551.000000  0.132812
 552.000000  0.169775
 553.000000  0.094995
 554.000000  0.046167
 555.000000  0.043677
 556.000000  0.068164
 557.000000  0.094262
 558.000000  0.071680
 559.000000  0.048900
 560.000000  0.046118
 561.000000  0.066943
 562.000000  0.099927
 563.000000  0.110131
 564.000000  0.048657
 565.000000  0.059789
 566.000000  0.107300
 567.000000  0.241772
 568.000000  0.221118
 569.000000  0.075341
 570.000000  0.204639
 571.000000  0.513598
 572.000000  0.397290
 573.000000  0.169116
 574.000000  0.048926
 575.000000  0.058959
 576.000000  0.075244
 577.000000  0.077440
 578.000000  0.044580
 579.000000  0.040331
 580.000000  0.040210
 581.000000  0.039429
 582.000000  0.038892
 583.000000  0.038036
 584.000000  0.034131
 585.000000  0.038988
 586.000000  0.036206
 587.000000  0.036620
 588.000000  0.032690
 589.000000  0.031421
 590.000000  0.033911
 591.000000  0.036254
 592.000000  0.031567
 593.000000  0.030225
 594.000000  0.031934
 595.000000  0.035326
 596.000000  0.031763
 597.000000  0.034154
 598.000000  0.030640
 599.000000  0.034057
 600.000000  0.029834
 601.000000  0.033886
 602.000000  0.029126
 603.000000  0.033227
 604.000000  0.029858
 605.000000  0.033666
 606.000000  0.029517
 607.000000  0.033324
 608.000000  0.029199
 609.000000  0.033227
 610.000000  0.029028
 611.000000  0.031933
 612.000000  0.033056
 613.000000  0.031835
 614.000000  0.033080
 615.000000  0.031493
 616.000000  0.027246
 617.000000  0.025879
 618.000000  0.027197
 619.000000  0.030321
 620.000000  0.026929
 621.000000  0.029784
 622.000000  0.025879
 623.000000  0.029296
 624.000000  0.031225
 625.000000  0.029027
 626.000000  0.025952
 627.000000  0.028808
 628.000000  0.024829
 629.000000  0.028759
 630.000000  0.024487
 631.000000  0.028295
 632.000000  0.024170
 633.000000  0.028637
 634.000000  0.024145
 635.000000  0.028002
 636.000000  0.023755
 637.000000  0.022729
 638.000000  0.023853
 639.000000  0.027318
 640.000000  0.023511
 641.000000  0.027025
 642.000000  0.023022
 643.000000  0.021753
 644.000000  0.027904
 645.000000  0.026171
 646.000000  0.027685
 647.000000  0.025878
 648.000000  0.022241
 649.000000  0.020557
 650.000000  0.021924
 651.000000  0.020093
 652.000000  0.021387
 653.000000  0.020166
 654.000000  0.021289
 655.000000  0.024438
 656.000000  0.021118
 657.000000  0.024438
 658.000000  0.020435
 659.000000  0.019385
 660.000000  0.019946
 661.000000  0.024242
 662.000000  0.019727
 663.000000  0.024193
 664.000000  0.024315
 665.000000  0.024218
 666.000000  0.024291
 667.000000  0.024120
 668.000000  0.019458
 669.000000  0.019116
 670.000000  0.019434
 671.000000  0.019189
 672.000000  0.019409
 673.000000  0.023827
 674.000000  0.024291
 675.000000  0.023315
 676.000000  0.019434
 677.000000  0.023290
 678.000000  0.019311
 679.000000  0.023363
 680.000000  0.019434
 681.000000  0.017871
 682.000000  0.019434
 683.000000  0.022509
 684.000000  0.019409
 685.000000  0.022607
 686.000000  0.019311
 687.000000  0.017529
 688.000000  0.024218
 689.000000  0.016772
 690.000000  0.024242
 691.000000  0.021142
 692.000000  0.019311
 693.000000  0.020653
 694.000000  0.018896
 695.000000  0.020702
 696.000000  0.023632
 697.000000  0.020702
 698.000000  0.018823
 699.000000  0.020312
 700.000000  0.018603
 701.000000  0.015234
 702.000000  0.018335
 703.000000  0.015185
 704.000000  0.023046
 705.000000  0.019604
 706.000000  0.018481
 707.000000  0.015088
 708.000000  0.017773
 709.000000  0.019652
 710.000000  0.017432
 711.000000  0.019921
 712.000000  0.017749
 713.000000  0.019897
 714.000000  0.017139
 715.000000  0.019872
 716.000000  0.017163
 717.000000  0.019726
 718.000000  0.016675
 719.000000  0.019701
 720.000000  0.016577
 721.000000  0.019750
 722.000000  0.016162
 723.000000  0.019774
 724.000000  0.016357
 725.000000  0.019555
 726.000000  0.016113
 727.000000  0.019677
 728.000000  0.015649
 729.000000  0.014770
 730.000000  0.015820
 731.000000  0.019604
 732.000000  0.015820
 733.000000  0.019652
 734.000000  0.020678
 735.000000  0.019457
 736.000000  0.015185
 737.000000  0.019433
 738.000000  0.015015
 739.000000  0.019433
 740.000000  0.015161
 741.000000  0.019482
 742.000000  0.015210
 743.000000  0.014600
 744.000000  0.014941
 745.000000  0.019433
 746.000000  0.014868
 747.000000  0.014575
 748.000000  0.015063
 749.000000  0.019433
 750.000000  0.014673
 751.000000  0.019433
 752.000000  0.019628
 753.000000  0.019457
 754.000000  0.014795
 755.000000  0.019433
 756.000000  0.014648
 757.000000  0.019408
 758.000000  0.014722
 759.000000  0.014600
 760.000000  0.014648
 761.000000  0.019433
 762.000000  0.014600
 763.000000  0.019286
 764.000000  0.014624
 765.000000  0.019384
 766.000000  0.014624
 767.000000  0.014526
 768.000000  0.014624
 769.000000  0.019359
 770.000000  0.014624
 771.000000  0.019237
 772.000000  0.014600
 773.000000  0.019311
 774.000000  0.019457
 775.000000  0.019140
 776.000000  0.019506
 777.000000  0.019140
 778.000000  0.014673
 779.000000  0.014185
 780.000000  0.014575
 781.000000  0.014307
 782.000000  0.019482
 783.000000  0.019018
 784.000000  0.014697
 785.000000  0.018798
 786.000000  0.014551
 787.000000  0.018871
 788.000000  0.019384
 789.000000  0.018651
 790.000000  0.014551
 791.000000  0.018529
 792.000000  0.014526
 793.000000  0.019042
 794.000000  0.014575
 795.000000  0.018847
 796.000000  0.014477
 797.000000  0.018554
 798.000000  0.014526
 799.000000  0.018578
 800.000000  0.014551
 801.000000  0.018578
 802.000000  0.019408
 803.000000  0.018725
 804.000000  0.014526
 805.000000  0.018651
 806.000000  0.014502
 807.000000  0.018822
 808.000000  0.019457
 809.000000  0.013574
 810.000000  0.014575
 811.000000  0.013892
 812.000000  0.014526
 813.000000  0.013403
 814.000000  0.014551
 815.000000  0.018554
 816.000000  0.014551
 817.000000  0.018383
 818.000000  0.014551
 819.000000  0.018334
 820.000000  0.014526
 821.000000  0.018261
 822.000000  0.014551
 823.000000  0.018456
 824.000000  0.019408
 825.000000  0.018358
 826.000000  0.014575
 827.000000  0.018212
 828.000000  0.014551
 829.000000  0.018017
 830.000000  0.014526
 831.000000  0.018114
 832.000000  0.014575
 833.000000  0.018163
 834.000000  0.014502
 835.000000  0.018041
 836.000000  0.019433
 837.000000  0.017992
 838.000000  0.014575
 839.000000  0.017797
 840.000000  0.014551
 841.000000  0.017358
 842.000000  0.019433
 843.000000  0.017577
 844.000000  0.014502
 845.000000  0.013306
 846.000000  0.019335
 847.000000  0.018163
 848.000000  0.014526
 849.000000  0.017626
 850.000000  0.014551
 851.000000  0.017797
 852.000000  0.014551
 853.000000  0.012451
 854.000000  0.019433
 855.000000  0.017187
 856.000000  0.014575
 857.000000  0.012378
 858.000000  0.014551
 859.000000  0.012231
 860.000000  0.019408
 861.000000  0.016942
 862.000000  0.014429
 863.000000  0.012305
 864.000000  0.014404
 865.000000  0.017553
 866.000000  0.019311
 867.000000  0.012817
 868.000000  0.014453
 869.000000  0.016894
 870.000000  0.014331
 871.000000  0.017040
 872.000000  0.014429
 873.000000  0.017333
 874.000000  0.014331
 875.000000  0.016967
 876.000000  0.014282
 877.000000  0.012231
 878.000000  0.014355
 879.000000  0.012085
 880.000000  0.014355
 881.000000  0.017675
 882.000000  0.014307
 883.000000  0.017089
 884.000000  0.014307
 885.000000  0.016991
 886.000000  0.014331
 887.000000  0.012183
 888.000000  0.014307
 889.000000  0.016649
 890.000000  0.014429
 891.000000  0.016967
 892.000000  0.014502
 893.000000  0.017602
 894.000000  0.014429
 895.000000  0.017528
 896.000000  0.014404
 897.000000  0.017699
 898.000000  0.014453
 899.000000  0.017211
 900.000000  0.014526
 901.000000  0.016894
 902.000000  0.019237
 903.000000  0.016747
 904.000000  0.014453
 905.000000  0.016454
 906.000000  0.019335
 907.000000  0.016625
 908.000000  0.019335
 909.000000  0.017065
 910.000000  0.014404
 911.000000  0.016479
 912.000000  0.014453
 913.000000  0.016332
 914.000000  0.014331
 915.000000  0.016405
 916.000000  0.014404
 917.000000  0.017284
 918.000000  0.019335
 919.000000  0.016430
 920.000000  0.019311
 921.000000  0.016601
 922.000000  0.014477
 923.000000  0.016186
 924.000000  0.014307
 925.000000  0.016479
 926.000000  0.014258
 927.000000  0.016552
 928.000000  0.014380
 929.000000  0.016454
 930.000000  0.014429
 931.000000  0.016552
 932.000000  0.014282
 933.000000  0.017089
 934.000000  0.014307
 935.000000  0.016454
 936.000000  0.014282
 937.000000  0.016479
 938.000000  0.014233
 939.000000  0.016283
 940.000000  0.014404
 941.000000  0.016845
 942.000000  0.014355
 943.000000  0.016332
 944.000000  0.014307
 945.000000  0.011792
 946.000000  0.019115
 947.000000  0.016772
 948.000000  0.014404
 949.000000  0.016796
 950.000000  0.019018
 951.000000  0.016674
 952.000000  0.014331
 953.000000  0.016552
 954.000000  0.014282
 955.000000  0.016552
 956.000000  0.014258
 957.000000  0.016747
 958.000000  0.014355
 959.000000  0.011987
 960.000000  0.014160
 961.000000  0.011816
 962.000000  0.019189
 963.000000  0.011426
 964.000000  0.014282
 965.000000  0.017235
 966.000000  0.014307
 967.000000  0.016942
 968.000000  0.014380
 969.000000  0.016723
 970.000000  0.019237
 971.000000  0.016308
 972.000000  0.014355
 973.000000  0.016381
 974.000000  0.014380
 975.000000  0.017089
 976.000000  0.014307
 977.000000  0.016454
 978.000000  0.014331
 979.000000  0.016454
 980.000000  0.014477
 981.000000  0.016845
 982.000000  0.014258
 983.000000  0.011768
 984.000000  0.014160
 985.000000  0.016674
 986.000000  0.014307
 987.000000  0.016015
 988.000000  0.019286
 989.000000  0.016039
 990.000000  0.014307
 991.000000  0.015673
 992.000000  0.014380
 993.000000  0.016405
 994.000000  0.014233
 995.000000  0.016601
 996.000000  0.014209
 997.000000  0.016405
 998.000000  0.019091
 999.000000  0.016186
 1000.000000  0.019262
 1001.000000  0.016186
 1002.000000  0.014429
 1003.000000  0.016015
 1004.000000  0.014307
 1005.000000  0.016308
 1006.000000  0.014258
 1007.000000  0.015868
 1008.000000  0.014404
 1009.000000  0.016186
 1010.000000  0.014331
 1011.000000  0.016308
 1012.000000  0.014233
 1013.000000  0.016112
 1014.000000  0.014111
 1015.000000  0.016503
 1016.000000  0.014258
 1017.000000  0.016259
 1018.000000  0.014209
 1019.000000  0.016137
 1020.000000  0.014111
 1021.000000  0.015282
 1022.000000  0.013965
 1023.000000  0.016210
