 0.000000  0.007373
 1.000000  0.007300
 2.000000  0.007324
 3.000000  0.007251
 4.000000  0.007324
 5.000000  0.007202
 6.000000  0.007324
 7.000000  0.007251
 8.000000  0.007349
 9.000000  0.007300
 10.000000  0.007324
 11.000000  0.007251
 12.000000  0.007349
 13.000000  0.007300
 14.000000  0.007324
 15.000000  0.007275
 16.000000  0.007324
 17.000000  0.007251
 18.000000  0.007324
 19.000000  0.007324
 20.000000  0.007324
 21.000000  0.007324
 22.000000  0.007324
 23.000000  0.007324
 24.000000  0.007324
 25.000000  0.007300
 26.000000  0.007324
 27.000000  0.009741
 28.000000  0.007324
 29.000000  0.007251
 30.000000  0.007324
 31.000000  0.007251
 32.000000  0.007324
 33.000000  0.007251
 34.000000  0.007324
 35.000000  0.007324
 36.000000  0.007324
 37.000000  0.007275
 38.000000  0.007324
 39.000000  0.009692
 40.000000  0.007324
 41.000000  0.007324
 42.000000  0.007349
 43.000000  0.007251
 44.000000  0.007324
 45.000000  0.007324
 46.000000  0.007324
 47.000000  0.007251
 48.000000  0.007324
 49.000000  0.007324
 50.000000  0.007324
 51.000000  0.007300
 52.000000  0.007324
 53.000000  0.007300
 54.000000  0.007324
 55.000000  0.007300
 56.000000  0.007324
 57.000000  0.007275
 58.000000  0.007349
 59.000000  0.009668
 60.000000  0.007324
 61.000000  0.009692
 62.000000  0.007324
 63.000000  0.007251
 64.000000  0.007324
 65.000000  0.007202
 66.000000  0.007324
 67.000000  0.009716
 68.000000  0.007324
 69.000000  0.007251
 70.000000  0.007324
 71.000000  0.007227
 72.000000  0.007324
 73.000000  0.007202
 74.000000  0.007324
 75.000000  0.007153
 76.000000  0.007349
 77.000000  0.007275
 78.000000  0.007373
 79.000000  0.007251
 80.000000  0.007324
 81.000000  0.007227
 82.000000  0.007324
 83.000000  0.007202
 84.000000  0.007324
 85.000000  0.007251
 86.000000  0.007324
 87.000000  0.007251
 88.000000  0.007349
 89.000000  0.007300
 90.000000  0.007373
 91.000000  0.007324
 92.000000  0.007397
 93.000000  0.007129
 94.000000  0.007373
 95.000000  0.007153
 96.000000  0.007349
 97.000000  0.007007
 98.000000  0.007446
 99.000000  0.007178
 100.000000  0.007397
 101.000000  0.009643
 102.000000  0.007446
 103.000000  0.009716
 104.000000  0.007373
 105.000000  0.007202
 106.000000  0.007446
 107.000000  0.007056
 108.000000  0.007373
 109.000000  0.009545
 110.000000  0.007300
 111.000000  0.007104
 112.000000  0.007495
 113.000000  0.007104
 114.000000  0.007446
 115.000000  0.007129
 116.000000  0.007422
 117.000000  0.007251
 118.000000  0.007495
 119.000000  0.007251
 120.000000  0.007373
 121.000000  0.007080
 122.000000  0.007349
 123.000000  0.007129
 124.000000  0.007275
 125.000000  0.007056
 126.000000  0.007349
 127.000000  0.009570
 128.000000  0.007422
 129.000000  0.007080
 130.000000  0.007397
 131.000000  0.009472
 132.000000  0.007300
 133.000000  0.007251
 134.000000  0.007422
 135.000000  0.009643
 136.000000  0.007324
 137.000000  0.007227
 138.000000  0.007422
 139.000000  0.007153
 140.000000  0.007397
 141.000000  0.007202
 142.000000  0.007324
 143.000000  0.007300
 144.000000  0.007324
 145.000000  0.009716
 146.000000  0.007349
 147.000000  0.007202
 148.000000  0.007446
 149.000000  0.009668
 150.000000  0.007373
 151.000000  0.007104
 152.000000  0.007349
 153.000000  0.007153
 154.000000  0.007349
 155.000000  0.007275
 156.000000  0.007422
 157.000000  0.009619
 158.000000  0.007349
 159.000000  0.007275
 160.000000  0.007373
 161.000000  0.007275
 162.000000  0.007349
 163.000000  0.007227
 164.000000  0.007324
 165.000000  0.007251
 166.000000  0.007324
 167.000000  0.007251
 168.000000  0.007324
 169.000000  0.009692
 170.000000  0.007349
 171.000000  0.007202
 172.000000  0.007324
 173.000000  0.007227
 174.000000  0.007324
 175.000000  0.007251
 176.000000  0.007324
 177.000000  0.007227
 178.000000  0.007324
 179.000000  0.009668
 180.000000  0.007324
 181.000000  0.007251
 182.000000  0.007300
 183.000000  0.007275
 184.000000  0.007324
 185.000000  0.007324
 186.000000  0.007324
 187.000000  0.007300
 188.000000  0.007324
 189.000000  0.007251
 190.000000  0.007324
 191.000000  0.007251
 192.000000  0.007324
 193.000000  0.007300
 194.000000  0.007324
 195.000000  0.007300
 196.000000  0.009765
 197.000000  0.007202
 198.000000  0.007349
 199.000000  0.009765
 200.000000  0.007324
 201.000000  0.009643
 202.000000  0.007324
 203.000000  0.007324
 204.000000  0.007324
 205.000000  0.007251
 206.000000  0.007324
 207.000000  0.007251
 208.000000  0.007324
 209.000000  0.009741
 210.000000  0.007324
 211.000000  0.007227
 212.000000  0.007324
 213.000000  0.009765
 214.000000  0.007324
 215.000000  0.007251
 216.000000  0.007324
 217.000000  0.007275
 218.000000  0.007324
 219.000000  0.009741
 220.000000  0.007324
 221.000000  0.007300
 222.000000  0.007324
 223.000000  0.007300
 224.000000  0.007324
 225.000000  0.007300
 226.000000  0.007324
 227.000000  0.009668
 228.000000  0.007324
 229.000000  0.009692
 230.000000  0.007373
 231.000000  0.007300
 232.000000  0.007349
 233.000000  0.009716
 234.000000  0.007349
 235.000000  0.007300
 236.000000  0.007324
 237.000000  0.007300
 238.000000  0.007349
 239.000000  0.009716
 240.000000  0.007324
 241.000000  0.007324
 242.000000  0.007373
 243.000000  0.009716
 244.000000  0.007324
 245.000000  0.007324
 246.000000  0.007324
 247.000000  0.007324
 248.000000  0.007349
 249.000000  0.007227
 250.000000  0.007373
 251.000000  0.007251
 252.000000  0.007519
 253.000000  0.007275
 254.000000  0.007349
 255.000000  0.009668
 256.000000  0.007446
 257.000000  0.007153
 258.000000  0.007446
 259.000000  0.007275
 260.000000  0.007446
 261.000000  0.007227
 262.000000  0.007495
 263.000000  0.009643
 264.000000  0.007446
 265.000000  0.009741
 266.000000  0.007519
 267.000000  0.009619
 268.000000  0.007519
 269.000000  0.009692
 270.000000  0.007544
 271.000000  0.007104
 272.000000  0.007471
 273.000000  0.007129
 274.000000  0.007422
 275.000000  0.009643
 276.000000  0.007495
 277.000000  0.009668
 278.000000  0.007519
 279.000000  0.007300
 280.000000  0.007568
 281.000000  0.009692
 282.000000  0.007519
 283.000000  0.009692
 284.000000  0.007593
 285.000000  0.007202
 286.000000  0.007593
 287.000000  0.007275
 288.000000  0.007666
 289.000000  0.009741
 290.000000  0.007471
 291.000000  0.007202
 292.000000  0.007446
 293.000000  0.007300
 294.000000  0.007471
 295.000000  0.009765
 296.000000  0.007397
 297.000000  0.009765
 298.000000  0.007422
 299.000000  0.009765
 300.000000  0.007446
 301.000000  0.007324
 302.000000  0.007446
 303.000000  0.009716
 304.000000  0.007568
 305.000000  0.007324
 306.000000  0.007519
 307.000000  0.009765
 308.000000  0.007471
 309.000000  0.009765
 310.000000  0.007593
 311.000000  0.007300
 312.000000  0.007617
 313.000000  0.007324
 314.000000  0.007593
 315.000000  0.009765
 316.000000  0.007544
 317.000000  0.007324
 318.000000  0.007397
 319.000000  0.007349
 320.000000  0.007495
 321.000000  0.009765
 322.000000  0.007471
 323.000000  0.009765
 324.000000  0.007593
 325.000000  0.007324
 326.000000  0.007397
 327.000000  0.007324
 328.000000  0.007471
 329.000000  0.009765
 330.000000  0.007788
 331.000000  0.009765
 332.000000  0.007739
 333.000000  0.009765
 334.000000  0.007666
 335.000000  0.009765
 336.000000  0.007568
 337.000000  0.007324
 338.000000  0.008032
 339.000000  0.007324
 340.000000  0.007764
 341.000000  0.009765
 342.000000  0.010083
 343.000000  0.009765
 344.000000  0.007837
 345.000000  0.009765
 346.000000  0.008057
 347.000000  0.007324
 348.000000  0.007910
 349.000000  0.009765
 350.000000  0.008081
 351.000000  0.009765
 352.000000  0.008081
 353.000000  0.009765
 354.000000  0.007886
 355.000000  0.007373
 356.000000  0.008032
 357.000000  0.007373
 358.000000  0.008423
 359.000000  0.009765
 360.000000  0.008594
 361.000000  0.007373
 362.000000  0.008350
 363.000000  0.009790
 364.000000  0.008252
 365.000000  0.007349
 366.000000  0.008496
 367.000000  0.007373
 368.000000  0.008911
 369.000000  0.007324
 370.000000  0.008789
 371.000000  0.009863
 372.000000  0.008984
 373.000000  0.009814
 374.000000  0.009082
 375.000000  0.009863
 376.000000  0.009253
 377.000000  0.007471
 378.000000  0.009473
 379.000000  0.007519
 380.000000  0.009375
 381.000000  0.009985
 382.000000  0.009180
 383.000000  0.007568
 384.000000  0.009546
 385.000000  0.007983
 386.000000  0.009473
 387.000000  0.010253
 388.000000  0.009570
 389.000000  0.010034
 390.000000  0.009619
 391.000000  0.010327
 392.000000  0.009717
 393.000000  0.007788
 394.000000  0.009473
 395.000000  0.007812
 396.000000  0.009644
 397.000000  0.008227
 398.000000  0.009692
 399.000000  0.007812
 400.000000  0.009741
 401.000000  0.010961
 402.000000  0.009692
 403.000000  0.009131
 404.000000  0.009692
 405.000000  0.008887
 406.000000  0.009766
 407.000000  0.008887
 408.000000  0.009717
 409.000000  0.010961
 410.000000  0.009741
 411.000000  0.011401
 412.000000  0.009741
 413.000000  0.009106
 414.000000  0.009766
 415.000000  0.011523
 416.000000  0.009766
 417.000000  0.009326
 418.000000  0.009741
 419.000000  0.009473
 420.000000  0.009766
 421.000000  0.009228
 422.000000  0.009766
 423.000000  0.009375
 424.000000  0.009888
 425.000000  0.011914
 426.000000  0.009766
 427.000000  0.012011
 428.000000  0.009888
 429.000000  0.012109
 430.000000  0.009888
 431.000000  0.012182
 432.000000  0.009863
 433.000000  0.009766
 434.000000  0.009936
 435.000000  0.012158
 436.000000  0.009985
 437.000000  0.012231
 438.000000  0.010156
 439.000000  0.012255
 440.000000  0.010327
 441.000000  0.012133
 442.000000  0.010352
 443.000000  0.012231
 444.000000  0.010400
 445.000000  0.012280
 446.000000  0.010742
 447.000000  0.010107
 448.000000  0.010498
 449.000000  0.012451
 450.000000  0.011035
 451.000000  0.012670
 452.000000  0.011475
 453.000000  0.012817
 454.000000  0.011572
 455.000000  0.013085
 456.000000  0.012061
 457.000000  0.013891
 458.000000  0.012158
 459.000000  0.013623
 460.000000  0.012183
 461.000000  0.014306
 462.000000  0.012207
 463.000000  0.014428
 464.000000  0.012231
 465.000000  0.014502
 466.000000  0.012256
 467.000000  0.012183
 468.000000  0.012329
 469.000000  0.012183
 470.000000  0.012744
 471.000000  0.014648
 472.000000  0.012842
 473.000000  0.012256
 474.000000  0.013232
 475.000000  0.014697
 476.000000  0.013330
 477.000000  0.012329
 478.000000  0.013843
 479.000000  0.015039
 480.000000  0.014526
 481.000000  0.015380
 482.000000  0.014551
 483.000000  0.013306
 484.000000  0.014478
 485.000000  0.016235
 486.000000  0.014575
 487.000000  0.013721
 488.000000  0.014648
 489.000000  0.014551
 490.000000  0.014648
 491.000000  0.016967
 492.000000  0.014648
 493.000000  0.017089
 494.000000  0.014722
 495.000000  0.017089
 496.000000  0.014868
 497.000000  0.014648
 498.000000  0.015161
 499.000000  0.017089
 500.000000  0.015601
 501.000000  0.017114
 502.000000  0.016382
 503.000000  0.017358
 504.000000  0.016675
 505.000000  0.017700
 506.000000  0.016943
 507.000000  0.015576
 508.000000  0.017065
 509.000000  0.015967
 510.000000  0.017090
 511.000000  0.019140
 512.000000  0.017090
 513.000000  0.016919
 514.000000  0.017090
 515.000000  0.017090
 516.000000  0.017114
 517.000000  0.017090
 518.000000  0.017261
 519.000000  0.017090
 520.000000  0.017847
 521.000000  0.017114
 522.000000  0.018115
 523.000000  0.019799
 524.000000  0.018164
 525.000000  0.019628
 526.000000  0.019531
 527.000000  0.020385
 528.000000  0.019507
 529.000000  0.020898
 530.000000  0.019531
 531.000000  0.021972
 532.000000  0.019531
 533.000000  0.019507
 534.000000  0.019556
 535.000000  0.019556
 536.000000  0.020752
 537.000000  0.021972
 538.000000  0.019946
 539.000000  0.021972
 540.000000  0.021948
 541.000000  0.020117
 542.000000  0.021728
 543.000000  0.019629
 544.000000  0.021973
 545.000000  0.022363
 546.000000  0.023877
 547.000000  0.023999
 548.000000  0.023877
 549.000000  0.031591
 550.000000  0.029712
 551.000000  0.026879
 552.000000  0.022070
 553.000000  0.026855
 554.000000  0.039111
 555.000000  0.032837
 556.000000  0.027637
 557.000000  0.026806
 558.000000  0.039233
 559.000000  0.061084
 560.000000  0.044287
 561.000000  0.030957
 562.000000  0.027075
 563.000000  0.038501
 564.000000  0.070996
 565.000000  0.114062
 566.000000  0.044531
 567.000000  0.039965
 568.000000  0.092651
 569.000000  0.355762
 570.000000  0.451855
 571.000000  0.066943
 572.000000  0.064209
 573.000000  0.148022
 574.000000  0.201245
 575.000000  0.144604
 576.000000  0.033057
 577.000000  0.035766
 578.000000  0.047583
 579.000000  0.057836
 580.000000  0.035767
 581.000000  0.024097
 582.000000  0.024561
 583.000000  0.027343
 584.000000  0.026807
 585.000000  0.024292
 586.000000  0.021826
 587.000000  0.024267
 588.000000  0.022290
 589.000000  0.021460
 590.000000  0.019897
 591.000000  0.022119
 592.000000  0.021680
 593.000000  0.019727
 594.000000  0.020117
 595.000000  0.021777
 596.000000  0.019727
 597.000000  0.021923
 598.000000  0.019751
 599.000000  0.021704
 600.000000  0.019360
 601.000000  0.020092
 602.000000  0.018945
 603.000000  0.020703
 604.000000  0.019311
 605.000000  0.019995
 606.000000  0.018335
 607.000000  0.019897
 608.000000  0.019043
 609.000000  0.019531
 610.000000  0.017603
 611.000000  0.019531
 612.000000  0.019726
 613.000000  0.019531
 614.000000  0.019531
 615.000000  0.019531
 616.000000  0.017090
 617.000000  0.017041
 618.000000  0.017090
 619.000000  0.019018
 620.000000  0.017017
 621.000000  0.019091
 622.000000  0.017017
 623.000000  0.017846
 624.000000  0.019067
 625.000000  0.017138
 626.000000  0.016626
 627.000000  0.017456
 628.000000  0.016064
 629.000000  0.017089
 630.000000  0.015137
 631.000000  0.017089
 632.000000  0.014770
 633.000000  0.017089
 634.000000  0.014648
 635.000000  0.017089
 636.000000  0.014648
 637.000000  0.014648
 638.000000  0.014648
 639.000000  0.016870
 640.000000  0.014648
 641.000000  0.016455
 642.000000  0.014600
 643.000000  0.013501
 644.000000  0.016992
 645.000000  0.015210
 646.000000  0.016918
 647.000000  0.015283
 648.000000  0.014380
 649.000000  0.012353
 650.000000  0.013257
 651.000000  0.012280
 652.000000  0.013379
 653.000000  0.012451
 654.000000  0.013037
 655.000000  0.014648
 656.000000  0.012720
 657.000000  0.014648
 658.000000  0.012353
 659.000000  0.012207
 660.000000  0.012329
 661.000000  0.014599
 662.000000  0.012207
 663.000000  0.014550
 664.000000  0.014648
 665.000000  0.014502
 666.000000  0.014648
 667.000000  0.014111
 668.000000  0.012183
 669.000000  0.011206
 670.000000  0.011963
 671.000000  0.011377
 672.000000  0.012134
 673.000000  0.013574
 674.000000  0.014331
 675.000000  0.012939
 676.000000  0.011938
 677.000000  0.012744
 678.000000  0.011377
 679.000000  0.012426
 680.000000  0.010669
 681.000000  0.009790
 682.000000  0.010596
 683.000000  0.012231
 684.000000  0.010376
 685.000000  0.012207
 686.000000  0.009839
 687.000000  0.009766
 688.000000  0.012329
 689.000000  0.009766
 690.000000  0.012475
 691.000000  0.012207
 692.000000  0.009912
 693.000000  0.012207
 694.000000  0.009814
 695.000000  0.012182
 696.000000  0.012207
 697.000000  0.012182
 698.000000  0.009766
 699.000000  0.012133
 700.000000  0.009790
 701.000000  0.009692
 702.000000  0.009766
 703.000000  0.009644
 704.000000  0.012207
 705.000000  0.012011
 706.000000  0.009766
 707.000000  0.009448
 708.000000  0.009766
 709.000000  0.011767
 710.000000  0.009766
 711.000000  0.011669
 712.000000  0.009766
 713.000000  0.011743
 714.000000  0.009741
 715.000000  0.011523
 716.000000  0.009741
 717.000000  0.011254
 718.000000  0.009741
 719.000000  0.010864
 720.000000  0.009619
 721.000000  0.011010
 722.000000  0.009619
 723.000000  0.010669
 724.000000  0.009570
 725.000000  0.010522
 726.000000  0.009521
 727.000000  0.010327
 728.000000  0.009619
 729.000000  0.007861
 730.000000  0.009424
 731.000000  0.010498
 732.000000  0.009253
 733.000000  0.010498
 734.000000  0.011669
 735.000000  0.010205
 736.000000  0.008984
 737.000000  0.010278
 738.000000  0.008911
 739.000000  0.010180
 740.000000  0.008887
 741.000000  0.010083
 742.000000  0.009009
 743.000000  0.007568
 744.000000  0.008618
 745.000000  0.010107
 746.000000  0.008350
 747.000000  0.007495
 748.000000  0.008716
 749.000000  0.009887
 750.000000  0.008276
 751.000000  0.010009
 752.000000  0.010742
 753.000000  0.009936
 754.000000  0.008325
 755.000000  0.009765
 756.000000  0.008057
 757.000000  0.009692
 758.000000  0.008203
 759.000000  0.007495
 760.000000  0.007910
 761.000000  0.009765
 762.000000  0.008008
 763.000000  0.009790
 764.000000  0.007812
 765.000000  0.009790
 766.000000  0.007666
 767.000000  0.007324
 768.000000  0.007666
 769.000000  0.009765
 770.000000  0.007495
 771.000000  0.009765
 772.000000  0.007544
 773.000000  0.009790
 774.000000  0.010058
 775.000000  0.009765
 776.000000  0.009936
 777.000000  0.009741
 778.000000  0.007446
 779.000000  0.007324
 780.000000  0.007373
 781.000000  0.007324
 782.000000  0.009790
 783.000000  0.009716
 784.000000  0.007397
 785.000000  0.009765
 786.000000  0.007519
 787.000000  0.009765
 788.000000  0.009765
 789.000000  0.009741
 790.000000  0.007373
 791.000000  0.009741
 792.000000  0.007324
 793.000000  0.009765
 794.000000  0.007349
 795.000000  0.009716
 796.000000  0.007324
 797.000000  0.009619
 798.000000  0.007349
 799.000000  0.009741
 800.000000  0.007324
 801.000000  0.009716
 802.000000  0.009765
 803.000000  0.009692
 804.000000  0.007324
 805.000000  0.009765
 806.000000  0.007324
 807.000000  0.009741
 808.000000  0.009765
 809.000000  0.007300
 810.000000  0.007324
 811.000000  0.007251
 812.000000  0.007324
 813.000000  0.007300
 814.000000  0.007349
 815.000000  0.009716
 816.000000  0.007324
 817.000000  0.009692
 818.000000  0.007324
 819.000000  0.009692
 820.000000  0.007324
 821.000000  0.009692
 822.000000  0.007324
 823.000000  0.009668
 824.000000  0.009765
 825.000000  0.009570
 826.000000  0.007324
 827.000000  0.009619
 828.000000  0.007324
 829.000000  0.009619
 830.000000  0.007324
 831.000000  0.009423
 832.000000  0.007324
 833.000000  0.009692
 834.000000  0.007324
 835.000000  0.009619
 836.000000  0.009765
 837.000000  0.009594
 838.000000  0.007324
 839.000000  0.009423
 840.000000  0.007324
 841.000000  0.009570
 842.000000  0.009765
 843.000000  0.009497
 844.000000  0.007324
 845.000000  0.007178
 846.000000  0.009765
 847.000000  0.009497
 848.000000  0.007324
 849.000000  0.009375
 850.000000  0.007324
 851.000000  0.009472
 852.000000  0.007324
 853.000000  0.006836
 854.000000  0.009765
 855.000000  0.009326
 856.000000  0.007324
 857.000000  0.006860
 858.000000  0.007324
 859.000000  0.006787
 860.000000  0.009765
 861.000000  0.009252
 862.000000  0.007324
 863.000000  0.007080
 864.000000  0.007300
 865.000000  0.009277
 866.000000  0.009765
 867.000000  0.006860
 868.000000  0.007324
 869.000000  0.009082
 870.000000  0.007324
 871.000000  0.009326
 872.000000  0.007275
 873.000000  0.009130
 874.000000  0.007275
 875.000000  0.009106
 876.000000  0.007300
 877.000000  0.006689
 878.000000  0.007275
 879.000000  0.006738
 880.000000  0.007275
 881.000000  0.009130
 882.000000  0.007227
 883.000000  0.008862
 884.000000  0.007202
 885.000000  0.009057
 886.000000  0.007300
 887.000000  0.006372
 888.000000  0.007251
 889.000000  0.008764
 890.000000  0.007275
 891.000000  0.009301
 892.000000  0.007300
 893.000000  0.009057
 894.000000  0.007227
 895.000000  0.008886
 896.000000  0.007251
 897.000000  0.009033
 898.000000  0.007300
 899.000000  0.009033
 900.000000  0.007202
 901.000000  0.008642
 902.000000  0.009643
 903.000000  0.008837
 904.000000  0.007202
 905.000000  0.008593
 906.000000  0.009668
 907.000000  0.008691
 908.000000  0.009619
 909.000000  0.008740
 910.000000  0.007178
 911.000000  0.008837
 912.000000  0.007275
 913.000000  0.008862
 914.000000  0.007153
 915.000000  0.008886
 916.000000  0.007275
 917.000000  0.008886
 918.000000  0.009692
 919.000000  0.008447
 920.000000  0.009741
 921.000000  0.008715
 922.000000  0.007275
 923.000000  0.008447
 924.000000  0.007202
 925.000000  0.009033
 926.000000  0.007275
 927.000000  0.008862
 928.000000  0.007300
 929.000000  0.008789
 930.000000  0.007324
 931.000000  0.008544
 932.000000  0.007275
 933.000000  0.008911
 934.000000  0.007300
 935.000000  0.008837
 936.000000  0.007300
 937.000000  0.008715
 938.000000  0.007324
 939.000000  0.008349
 940.000000  0.007349
 941.000000  0.008862
 942.000000  0.007275
 943.000000  0.008544
 944.000000  0.007324
 945.000000  0.006348
 946.000000  0.009741
 947.000000  0.008960
 948.000000  0.007324
 949.000000  0.008764
 950.000000  0.009716
 951.000000  0.008740
 952.000000  0.007275
 953.000000  0.008593
 954.000000  0.007300
 955.000000  0.008667
 956.000000  0.007324
 957.000000  0.008789
 958.000000  0.007275
 959.000000  0.006299
 960.000000  0.007300
 961.000000  0.006323
 962.000000  0.009716
 963.000000  0.006152
 964.000000  0.007300
 965.000000  0.008886
 966.000000  0.007300
 967.000000  0.008740
 968.000000  0.007275
 969.000000  0.008642
 970.000000  0.009716
 971.000000  0.008544
 972.000000  0.007324
 973.000000  0.008447
 974.000000  0.007324
 975.000000  0.008618
 976.000000  0.007324
 977.000000  0.008520
 978.000000  0.007251
 979.000000  0.008178
 980.000000  0.007300
 981.000000  0.008618
 982.000000  0.007227
 983.000000  0.006177
 984.000000  0.007251
 985.000000  0.008593
 986.000000  0.007227
 987.000000  0.008374
 988.000000  0.009741
 989.000000  0.008325
 990.000000  0.007300
 991.000000  0.008544
 992.000000  0.007300
 993.000000  0.008300
 994.000000  0.007275
 995.000000  0.008544
 996.000000  0.007300
 997.000000  0.008544
 998.000000  0.009716
 999.000000  0.008715
 1000.000000  0.009643
 1001.000000  0.008276
 1002.000000  0.007275
 1003.000000  0.008398
 1004.000000  0.007275
 1005.000000  0.008154
 1006.000000  0.007202
 1007.000000  0.008056
 1008.000000  0.007227
 1009.000000  0.008520
 1010.000000  0.007300
 1011.000000  0.008618
 1012.000000  0.007104
 1013.000000  0.008349
 1014.000000  0.007227
 1015.000000  0.008252
 1016.000000  0.007178
 1017.000000  0.008422
 1018.000000  0.007275
 1019.000000  0.008154
 1020.000000  0.007153
 1021.000000  0.007885
 1022.000000  0.007056
 1023.000000  0.008227
