 0.000000  0.007324
 1.000000  0.007227
 2.000000  0.007324
 3.000000  0.007251
 4.000000  0.007324
 5.000000  0.007324
 6.000000  0.007324
 7.000000  0.007300
 8.000000  0.007324
 9.000000  0.007324
 10.000000  0.007349
 11.000000  0.007275
 12.000000  0.007324
 13.000000  0.007275
 14.000000  0.007324
 15.000000  0.007300
 16.000000  0.007349
 17.000000  0.007202
 18.000000  0.007324
 19.000000  0.007275
 20.000000  0.007324
 21.000000  0.007324
 22.000000  0.007349
 23.000000  0.007275
 24.000000  0.007324
 25.000000  0.007251
 26.000000  0.007349
 27.000000  0.009741
 28.000000  0.007324
 29.000000  0.007300
 30.000000  0.007324
 31.000000  0.007300
 32.000000  0.007349
 33.000000  0.007324
 34.000000  0.007324
 35.000000  0.007324
 36.000000  0.007324
 37.000000  0.007300
 38.000000  0.007324
 39.000000  0.009716
 40.000000  0.007324
 41.000000  0.007324
 42.000000  0.007324
 43.000000  0.007324
 44.000000  0.007324
 45.000000  0.007300
 46.000000  0.007349
 47.000000  0.007178
 48.000000  0.007324
 49.000000  0.007324
 50.000000  0.007324
 51.000000  0.007324
 52.000000  0.007324
 53.000000  0.007324
 54.000000  0.007324
 55.000000  0.007275
 56.000000  0.007324
 57.000000  0.007275
 58.000000  0.007324
 59.000000  0.009692
 60.000000  0.007324
 61.000000  0.009643
 62.000000  0.007324
 63.000000  0.007202
 64.000000  0.007324
 65.000000  0.007324
 66.000000  0.007324
 67.000000  0.009741
 68.000000  0.007324
 69.000000  0.007275
 70.000000  0.007324
 71.000000  0.007251
 72.000000  0.007324
 73.000000  0.007251
 74.000000  0.007324
 75.000000  0.007227
 76.000000  0.007324
 77.000000  0.007251
 78.000000  0.007324
 79.000000  0.007300
 80.000000  0.007324
 81.000000  0.007324
 82.000000  0.007300
 83.000000  0.007080
 84.000000  0.007251
 85.000000  0.007104
 86.000000  0.007275
 87.000000  0.007178
 88.000000  0.007471
 89.000000  0.007153
 90.000000  0.007495
 91.000000  0.007031
 92.000000  0.007422
 93.000000  0.006958
 94.000000  0.007446
 95.000000  0.006860
 96.000000  0.007422
 97.000000  0.006909
 98.000000  0.007568
 99.000000  0.006958
 100.000000  0.007495
 101.000000  0.009594
 102.000000  0.007397
 103.000000  0.009594
 104.000000  0.007422
 105.000000  0.007129
 106.000000  0.007519
 107.000000  0.007202
 108.000000  0.007544
 109.000000  0.009570
 110.000000  0.007373
 111.000000  0.007251
 112.000000  0.007349
 113.000000  0.007153
 114.000000  0.007324
 115.000000  0.007251
 116.000000  0.007349
 117.000000  0.007178
 118.000000  0.007397
 119.000000  0.007080
 120.000000  0.007373
 121.000000  0.007178
 122.000000  0.007349
 123.000000  0.007251
 124.000000  0.007349
 125.000000  0.007202
 126.000000  0.007349
 127.000000  0.009692
 128.000000  0.007324
 129.000000  0.007227
 130.000000  0.007373
 131.000000  0.009692
 132.000000  0.007324
 133.000000  0.007227
 134.000000  0.007397
 135.000000  0.009668
 136.000000  0.007324
 137.000000  0.007153
 138.000000  0.007324
 139.000000  0.007251
 140.000000  0.007324
 141.000000  0.007251
 142.000000  0.007324
 143.000000  0.007300
 144.000000  0.007324
 145.000000  0.009643
 146.000000  0.007324
 147.000000  0.007275
 148.000000  0.007324
 149.000000  0.009692
 150.000000  0.007349
 151.000000  0.007178
 152.000000  0.007324
 153.000000  0.007300
 154.000000  0.007324
 155.000000  0.007275
 156.000000  0.007324
 157.000000  0.009668
 158.000000  0.007324
 159.000000  0.007251
 160.000000  0.007324
 161.000000  0.007275
 162.000000  0.007349
 163.000000  0.007153
 164.000000  0.007324
 165.000000  0.007251
 166.000000  0.007324
 167.000000  0.007227
 168.000000  0.007349
 169.000000  0.009716
 170.000000  0.007324
 171.000000  0.007227
 172.000000  0.007324
 173.000000  0.007275
 174.000000  0.007324
 175.000000  0.007275
 176.000000  0.007324
 177.000000  0.007202
 178.000000  0.007324
 179.000000  0.009643
 180.000000  0.007324
 181.000000  0.007178
 182.000000  0.007324
 183.000000  0.007251
 184.000000  0.007324
 185.000000  0.007275
 186.000000  0.007324
 187.000000  0.007300
 188.000000  0.007324
 189.000000  0.007275
 190.000000  0.007324
 191.000000  0.007104
 192.000000  0.007324
 193.000000  0.007300
 194.000000  0.007324
 195.000000  0.007251
 196.000000  0.009765
 197.000000  0.007202
 198.000000  0.007324
 199.000000  0.009643
 200.000000  0.007324
 201.000000  0.009716
 202.000000  0.007324
 203.000000  0.007178
 204.000000  0.007324
 205.000000  0.007227
 206.000000  0.007324
 207.000000  0.007153
 208.000000  0.007324
 209.000000  0.009692
 210.000000  0.007324
 211.000000  0.007227
 212.000000  0.007324
 213.000000  0.009619
 214.000000  0.007324
 215.000000  0.007227
 216.000000  0.007324
 217.000000  0.007227
 218.000000  0.007324
 219.000000  0.009741
 220.000000  0.007324
 221.000000  0.007300
 222.000000  0.007349
 223.000000  0.007300
 224.000000  0.007349
 225.000000  0.007080
 226.000000  0.007324
 227.000000  0.009594
 228.000000  0.007324
 229.000000  0.009668
 230.000000  0.007349
 231.000000  0.007178
 232.000000  0.007324
 233.000000  0.009619
 234.000000  0.007373
 235.000000  0.007251
 236.000000  0.007349
 237.000000  0.007178
 238.000000  0.007324
 239.000000  0.009716
 240.000000  0.007471
 241.000000  0.007178
 242.000000  0.007446
 243.000000  0.009472
 244.000000  0.007300
 245.000000  0.006885
 246.000000  0.007471
 247.000000  0.006982
 248.000000  0.007544
 249.000000  0.006885
 250.000000  0.007349
 251.000000  0.007031
 252.000000  0.007422
 253.000000  0.006982
 254.000000  0.007471
 255.000000  0.009399
 256.000000  0.007422
 257.000000  0.007031
 258.000000  0.007373
 259.000000  0.007104
 260.000000  0.007471
 261.000000  0.007129
 262.000000  0.007373
 263.000000  0.009423
 264.000000  0.007397
 265.000000  0.009448
 266.000000  0.007397
 267.000000  0.009594
 268.000000  0.007324
 269.000000  0.009668
 270.000000  0.007349
 271.000000  0.007153
 272.000000  0.007397
 273.000000  0.007227
 274.000000  0.007349
 275.000000  0.009594
 276.000000  0.007324
 277.000000  0.009643
 278.000000  0.007349
 279.000000  0.007300
 280.000000  0.007495
 281.000000  0.009692
 282.000000  0.007373
 283.000000  0.009741
 284.000000  0.007373
 285.000000  0.007227
 286.000000  0.007324
 287.000000  0.007227
 288.000000  0.007397
 289.000000  0.009716
 290.000000  0.007324
 291.000000  0.007227
 292.000000  0.007397
 293.000000  0.007227
 294.000000  0.007349
 295.000000  0.009668
 296.000000  0.007373
 297.000000  0.009741
 298.000000  0.007397
 299.000000  0.009765
 300.000000  0.007373
 301.000000  0.007300
 302.000000  0.007349
 303.000000  0.009790
 304.000000  0.007349
 305.000000  0.007324
 306.000000  0.007324
 307.000000  0.009692
 308.000000  0.007349
 309.000000  0.009765
 310.000000  0.007349
 311.000000  0.007324
 312.000000  0.007324
 313.000000  0.007324
 314.000000  0.007422
 315.000000  0.009765
 316.000000  0.007397
 317.000000  0.007300
 318.000000  0.007324
 319.000000  0.007324
 320.000000  0.007349
 321.000000  0.009765
 322.000000  0.007373
 323.000000  0.009765
 324.000000  0.007324
 325.000000  0.007324
 326.000000  0.007397
 327.000000  0.007300
 328.000000  0.007373
 329.000000  0.009765
 330.000000  0.007446
 331.000000  0.009765
 332.000000  0.007397
 333.000000  0.009765
 334.000000  0.007422
 335.000000  0.009765
 336.000000  0.007471
 337.000000  0.007324
 338.000000  0.007495
 339.000000  0.007324
 340.000000  0.007422
 341.000000  0.009765
 342.000000  0.009912
 343.000000  0.009765
 344.000000  0.007446
 345.000000  0.009765
 346.000000  0.007617
 347.000000  0.007324
 348.000000  0.007495
 349.000000  0.009765
 350.000000  0.007544
 351.000000  0.009765
 352.000000  0.007519
 353.000000  0.009765
 354.000000  0.007544
 355.000000  0.007324
 356.000000  0.007593
 357.000000  0.007324
 358.000000  0.007690
 359.000000  0.009765
 360.000000  0.007886
 361.000000  0.007324
 362.000000  0.007519
 363.000000  0.009765
 364.000000  0.007666
 365.000000  0.007324
 366.000000  0.007739
 367.000000  0.007324
 368.000000  0.007788
 369.000000  0.007324
 370.000000  0.007861
 371.000000  0.009765
 372.000000  0.008252
 373.000000  0.009765
 374.000000  0.007935
 375.000000  0.009765
 376.000000  0.008325
 377.000000  0.007397
 378.000000  0.008545
 379.000000  0.007373
 380.000000  0.008520
 381.000000  0.009814
 382.000000  0.008374
 383.000000  0.007397
 384.000000  0.008960
 385.000000  0.007397
 386.000000  0.008936
 387.000000  0.009838
 388.000000  0.008789
 389.000000  0.009863
 390.000000  0.009155
 391.000000  0.009863
 392.000000  0.009131
 393.000000  0.007422
 394.000000  0.009180
 395.000000  0.007471
 396.000000  0.009253
 397.000000  0.007471
 398.000000  0.009033
 399.000000  0.007788
 400.000000  0.009399
 401.000000  0.010546
 402.000000  0.009058
 403.000000  0.008325
 404.000000  0.009131
 405.000000  0.008057
 406.000000  0.009228
 407.000000  0.008081
 408.000000  0.009375
 409.000000  0.010669
 410.000000  0.009351
 411.000000  0.010742
 412.000000  0.009351
 413.000000  0.008179
 414.000000  0.009521
 415.000000  0.010595
 416.000000  0.009473
 417.000000  0.008472
 418.000000  0.009668
 419.000000  0.009033
 420.000000  0.009717
 421.000000  0.008716
 422.000000  0.009619
 423.000000  0.009009
 424.000000  0.009741
 425.000000  0.011499
 426.000000  0.009766
 427.000000  0.011425
 428.000000  0.009766
 429.000000  0.011694
 430.000000  0.009766
 431.000000  0.011669
 432.000000  0.009766
 433.000000  0.009399
 434.000000  0.009766
 435.000000  0.011889
 436.000000  0.009766
 437.000000  0.012133
 438.000000  0.009741
 439.000000  0.011987
 440.000000  0.009790
 441.000000  0.012158
 442.000000  0.009766
 443.000000  0.012133
 444.000000  0.009790
 445.000000  0.012133
 446.000000  0.009766
 447.000000  0.009692
 448.000000  0.009839
 449.000000  0.012207
 450.000000  0.009814
 451.000000  0.012207
 452.000000  0.009839
 453.000000  0.012231
 454.000000  0.010181
 455.000000  0.012207
 456.000000  0.010083
 457.000000  0.012207
 458.000000  0.010205
 459.000000  0.012255
 460.000000  0.010669
 461.000000  0.012255
 462.000000  0.010425
 463.000000  0.012304
 464.000000  0.011328
 465.000000  0.012768
 466.000000  0.011890
 467.000000  0.010181
 468.000000  0.011743
 469.000000  0.010962
 470.000000  0.012061
 471.000000  0.014038
 472.000000  0.012158
 473.000000  0.011768
 474.000000  0.012207
 475.000000  0.014355
 476.000000  0.012207
 477.000000  0.012109
 478.000000  0.012207
 479.000000  0.014599
 480.000000  0.012207
 481.000000  0.014624
 482.000000  0.012329
 483.000000  0.012207
 484.000000  0.012500
 485.000000  0.014648
 486.000000  0.012500
 487.000000  0.012207
 488.000000  0.013281
 489.000000  0.012231
 490.000000  0.013403
 491.000000  0.014721
 492.000000  0.013354
 493.000000  0.014697
 494.000000  0.014258
 495.000000  0.015405
 496.000000  0.014600
 497.000000  0.013306
 498.000000  0.014575
 499.000000  0.015795
 500.000000  0.014648
 501.000000  0.016699
 502.000000  0.014624
 503.000000  0.016406
 504.000000  0.014648
 505.000000  0.017041
 506.000000  0.014648
 507.000000  0.014648
 508.000000  0.014648
 509.000000  0.014648
 510.000000  0.014941
 511.000000  0.017089
 512.000000  0.014795
 513.000000  0.014648
 514.000000  0.015552
 515.000000  0.014648
 516.000000  0.015210
 517.000000  0.014648
 518.000000  0.016113
 519.000000  0.014746
 520.000000  0.017090
 521.000000  0.014990
 522.000000  0.016431
 523.000000  0.017138
 524.000000  0.017090
 525.000000  0.018237
 526.000000  0.017090
 527.000000  0.017578
 528.000000  0.017041
 529.000000  0.019384
 530.000000  0.017090
 531.000000  0.018627
 532.000000  0.017090
 533.000000  0.017090
 534.000000  0.018994
 535.000000  0.017114
 536.000000  0.017090
 537.000000  0.019531
 538.000000  0.019531
 539.000000  0.021191
 540.000000  0.018115
 541.000000  0.017139
 542.000000  0.019531
 543.000000  0.021973
 544.000000  0.019897
 545.000000  0.018091
 546.000000  0.020752
 547.000000  0.031909
 548.000000  0.033081
 549.000000  0.024414
 550.000000  0.021973
 551.000000  0.045068
 552.000000  0.114771
 553.000000  0.075635
 554.000000  0.026904
 555.000000  0.020508
 556.000000  0.031909
 557.000000  0.060864
 558.000000  0.052417
 559.000000  0.028930
 560.000000  0.021948
 561.000000  0.028125
 562.000000  0.062769
 563.000000  0.088378
 564.000000  0.029248
 565.000000  0.028393
 566.000000  0.057007
 567.000000  0.202368
 568.000000  0.196924
 569.000000  0.034472
 570.000000  0.031787
 571.000000  0.096069
 572.000000  0.285132
 573.000000  0.144433
 574.000000  0.026929
 575.000000  0.025073
 576.000000  0.034155
 577.000000  0.055688
 578.000000  0.026440
 579.000000  0.020947
 580.000000  0.019556
 581.000000  0.020215
 582.000000  0.021973
 583.000000  0.019628
 584.000000  0.017212
 585.000000  0.019653
 586.000000  0.019385
 587.000000  0.019702
 588.000000  0.017090
 589.000000  0.016870
 590.000000  0.017114
 591.000000  0.019335
 592.000000  0.017017
 593.000000  0.015723
 594.000000  0.016919
 595.000000  0.018408
 596.000000  0.017090
 597.000000  0.017260
 598.000000  0.016138
 599.000000  0.017138
 600.000000  0.015332
 601.000000  0.017089
 602.000000  0.014673
 603.000000  0.017089
 604.000000  0.015356
 605.000000  0.017114
 606.000000  0.015039
 607.000000  0.017089
 608.000000  0.014746
 609.000000  0.017041
 610.000000  0.014844
 611.000000  0.017065
 612.000000  0.017089
 613.000000  0.016918
 614.000000  0.017089
 615.000000  0.016772
 616.000000  0.014600
 617.000000  0.013721
 618.000000  0.014551
 619.000000  0.015722
 620.000000  0.014600
 621.000000  0.015283
 622.000000  0.013647
 623.000000  0.014770
 624.000000  0.016577
 625.000000  0.014746
 626.000000  0.013769
 627.000000  0.014648
 628.000000  0.012695
 629.000000  0.014672
 630.000000  0.012451
 631.000000  0.014648
 632.000000  0.012207
 633.000000  0.014648
 634.000000  0.012207
 635.000000  0.014575
 636.000000  0.012231
 637.000000  0.012158
 638.000000  0.012207
 639.000000  0.014624
 640.000000  0.012207
 641.000000  0.014477
 642.000000  0.012207
 643.000000  0.011816
 644.000000  0.014624
 645.000000  0.013940
 646.000000  0.014624
 647.000000  0.013598
 648.000000  0.012085
 649.000000  0.010742
 650.000000  0.011841
 651.000000  0.010400
 652.000000  0.011426
 653.000000  0.010449
 654.000000  0.011304
 655.000000  0.012402
 656.000000  0.011255
 657.000000  0.012353
 658.000000  0.010596
 659.000000  0.009766
 660.000000  0.010229
 661.000000  0.012207
 662.000000  0.010059
 663.000000  0.012207
 664.000000  0.012231
 665.000000  0.012207
 666.000000  0.012207
 667.000000  0.012207
 668.000000  0.009814
 669.000000  0.009766
 670.000000  0.009766
 671.000000  0.009766
 672.000000  0.009766
 673.000000  0.012207
 674.000000  0.012207
 675.000000  0.012158
 676.000000  0.009766
 677.000000  0.012060
 678.000000  0.009766
 679.000000  0.012085
 680.000000  0.009766
 681.000000  0.009497
 682.000000  0.009766
 683.000000  0.011889
 684.000000  0.009766
 685.000000  0.011792
 686.000000  0.009766
 687.000000  0.009277
 688.000000  0.012182
 689.000000  0.009131
 690.000000  0.012207
 691.000000  0.010961
 692.000000  0.009766
 693.000000  0.010766
 694.000000  0.009692
 695.000000  0.010791
 696.000000  0.012133
 697.000000  0.010742
 698.000000  0.009717
 699.000000  0.010473
 700.000000  0.009668
 701.000000  0.007959
 702.000000  0.009521
 703.000000  0.007837
 704.000000  0.011840
 705.000000  0.009936
 706.000000  0.009570
 707.000000  0.007788
 708.000000  0.009253
 709.000000  0.009961
 710.000000  0.009058
 711.000000  0.010205
 712.000000  0.009228
 713.000000  0.010180
 714.000000  0.008984
 715.000000  0.010205
 716.000000  0.008618
 717.000000  0.010058
 718.000000  0.008740
 719.000000  0.010034
 720.000000  0.008667
 721.000000  0.010083
 722.000000  0.008447
 723.000000  0.010107
 724.000000  0.008447
 725.000000  0.009887
 726.000000  0.008374
 727.000000  0.010009
 728.000000  0.008227
 729.000000  0.007519
 730.000000  0.008301
 731.000000  0.009936
 732.000000  0.008374
 733.000000  0.009985
 734.000000  0.010791
 735.000000  0.009790
 736.000000  0.007886
 737.000000  0.009765
 738.000000  0.007764
 739.000000  0.009765
 740.000000  0.007788
 741.000000  0.009814
 742.000000  0.007837
 743.000000  0.007349
 744.000000  0.007690
 745.000000  0.009765
 746.000000  0.007617
 747.000000  0.007324
 748.000000  0.007715
 749.000000  0.009765
 750.000000  0.007397
 751.000000  0.009765
 752.000000  0.009961
 753.000000  0.009790
 754.000000  0.007544
 755.000000  0.009765
 756.000000  0.007397
 757.000000  0.009741
 758.000000  0.007422
 759.000000  0.007349
 760.000000  0.007397
 761.000000  0.009765
 762.000000  0.007349
 763.000000  0.009692
 764.000000  0.007373
 765.000000  0.009765
 766.000000  0.007349
 767.000000  0.007324
 768.000000  0.007349
 769.000000  0.009741
 770.000000  0.007349
 771.000000  0.009741
 772.000000  0.007324
 773.000000  0.009765
 774.000000  0.009765
 775.000000  0.009692
 776.000000  0.009765
 777.000000  0.009716
 778.000000  0.007324
 779.000000  0.007251
 780.000000  0.007324
 781.000000  0.007251
 782.000000  0.009765
 783.000000  0.009668
 784.000000  0.007324
 785.000000  0.009570
 786.000000  0.007324
 787.000000  0.009570
 788.000000  0.009765
 789.000000  0.009423
 790.000000  0.007324
 791.000000  0.009497
 792.000000  0.007324
 793.000000  0.009692
 794.000000  0.007324
 795.000000  0.009570
 796.000000  0.007324
 797.000000  0.009472
 798.000000  0.007324
 799.000000  0.009521
 800.000000  0.007324
 801.000000  0.009375
 802.000000  0.009765
 803.000000  0.009594
 804.000000  0.007324
 805.000000  0.009521
 806.000000  0.007324
 807.000000  0.009497
 808.000000  0.009765
 809.000000  0.006982
 810.000000  0.007324
 811.000000  0.007080
 812.000000  0.007324
 813.000000  0.006836
 814.000000  0.007324
 815.000000  0.009448
 816.000000  0.007324
 817.000000  0.009326
 818.000000  0.007324
 819.000000  0.009472
 820.000000  0.007324
 821.000000  0.009277
 822.000000  0.007324
 823.000000  0.009350
 824.000000  0.009765
 825.000000  0.009277
 826.000000  0.007324
 827.000000  0.009277
 828.000000  0.007324
 829.000000  0.009082
 830.000000  0.007324
 831.000000  0.009350
 832.000000  0.007324
 833.000000  0.009326
 834.000000  0.007324
 835.000000  0.009082
 836.000000  0.009790
 837.000000  0.009057
 838.000000  0.007324
 839.000000  0.008911
 840.000000  0.007324
 841.000000  0.008813
 842.000000  0.009765
 843.000000  0.008740
 844.000000  0.007251
 845.000000  0.006714
 846.000000  0.009741
 847.000000  0.009179
 848.000000  0.007275
 849.000000  0.008935
 850.000000  0.007300
 851.000000  0.008984
 852.000000  0.007300
 853.000000  0.006226
 854.000000  0.009765
 855.000000  0.008715
 856.000000  0.007324
 857.000000  0.006250
 858.000000  0.007300
 859.000000  0.006250
 860.000000  0.009765
 861.000000  0.008569
 862.000000  0.007227
 863.000000  0.006274
 864.000000  0.007251
 865.000000  0.008960
 866.000000  0.009692
 867.000000  0.006396
 868.000000  0.007202
 869.000000  0.008374
 870.000000  0.007104
 871.000000  0.008496
 872.000000  0.007178
 873.000000  0.008593
 874.000000  0.007080
 875.000000  0.008667
 876.000000  0.007056
 877.000000  0.006030
 878.000000  0.007129
 879.000000  0.006128
 880.000000  0.007153
 881.000000  0.008862
 882.000000  0.007056
 883.000000  0.008618
 884.000000  0.007178
 885.000000  0.008691
 886.000000  0.007080
 887.000000  0.006177
 888.000000  0.007056
 889.000000  0.008569
 890.000000  0.007178
 891.000000  0.008691
 892.000000  0.007275
 893.000000  0.008862
 894.000000  0.007227
 895.000000  0.008813
 896.000000  0.007227
 897.000000  0.008862
 898.000000  0.007275
 899.000000  0.008593
 900.000000  0.007300
 901.000000  0.008667
 902.000000  0.009619
 903.000000  0.008667
 904.000000  0.007227
 905.000000  0.008178
 906.000000  0.009716
 907.000000  0.008471
 908.000000  0.009716
 909.000000  0.008593
 910.000000  0.007227
 911.000000  0.008252
 912.000000  0.007227
 913.000000  0.008252
 914.000000  0.007129
 915.000000  0.008374
 916.000000  0.007300
 917.000000  0.008764
 918.000000  0.009716
 919.000000  0.008374
 920.000000  0.009668
 921.000000  0.008374
 922.000000  0.007324
 923.000000  0.008349
 924.000000  0.007227
 925.000000  0.008471
 926.000000  0.007153
 927.000000  0.008447
 928.000000  0.007300
 929.000000  0.008325
 930.000000  0.007324
 931.000000  0.008325
 932.000000  0.007153
 933.000000  0.008593
 934.000000  0.007300
 935.000000  0.008398
 936.000000  0.007300
 937.000000  0.008178
 938.000000  0.007300
 939.000000  0.008252
 940.000000  0.007300
 941.000000  0.008618
 942.000000  0.007300
 943.000000  0.008154
 944.000000  0.007275
 945.000000  0.006006
 946.000000  0.009741
 947.000000  0.008471
 948.000000  0.007324
 949.000000  0.008520
 950.000000  0.009668
 951.000000  0.008471
 952.000000  0.007300
 953.000000  0.008276
 954.000000  0.007251
 955.000000  0.008325
 956.000000  0.007300
 957.000000  0.008398
 958.000000  0.007300
 959.000000  0.006079
 960.000000  0.007275
 961.000000  0.005933
 962.000000  0.009692
 963.000000  0.005688
 964.000000  0.007251
 965.000000  0.008691
 966.000000  0.007300
 967.000000  0.008398
 968.000000  0.007251
 969.000000  0.008496
 970.000000  0.009692
 971.000000  0.008252
 972.000000  0.007251
 973.000000  0.008105
 974.000000  0.007300
 975.000000  0.008544
 976.000000  0.007202
 977.000000  0.008227
 978.000000  0.007251
 979.000000  0.008252
 980.000000  0.007300
 981.000000  0.008593
 982.000000  0.007178
 983.000000  0.005859
 984.000000  0.007153
 985.000000  0.008374
 986.000000  0.007178
 987.000000  0.008056
 988.000000  0.009716
 989.000000  0.008252
 990.000000  0.007227
 991.000000  0.007885
 992.000000  0.007275
 993.000000  0.008300
 994.000000  0.007178
 995.000000  0.008276
 996.000000  0.007202
 997.000000  0.008276
 998.000000  0.009594
 999.000000  0.008056
 1000.000000  0.009692
 1001.000000  0.008203
 1002.000000  0.007324
 1003.000000  0.008154
 1004.000000  0.007251
 1005.000000  0.008325
 1006.000000  0.007227
 1007.000000  0.007934
 1008.000000  0.007275
 1009.000000  0.008178
 1010.000000  0.007227
 1011.000000  0.008252
 1012.000000  0.007178
 1013.000000  0.008349
 1014.000000  0.007104
 1015.000000  0.008203
 1016.000000  0.007178
 1017.000000  0.008227
 1018.000000  0.007104
 1019.000000  0.008105
 1020.000000  0.007056
 1021.000000  0.007739
 1022.000000  0.006909
 1023.000000  0.008252
