 0.000000  0.007373
 1.000000  0.007300
 2.000000  0.007324
 3.000000  0.007251
 4.000000  0.007324
 5.000000  0.007275
 6.000000  0.007349
 7.000000  0.007300
 8.000000  0.007324
 9.000000  0.007275
 10.000000  0.007349
 11.000000  0.007251
 12.000000  0.007349
 13.000000  0.007202
 14.000000  0.007324
 15.000000  0.007275
 16.000000  0.007373
 17.000000  0.007227
 18.000000  0.007349
 19.000000  0.007251
 20.000000  0.007324
 21.000000  0.007300
 22.000000  0.007324
 23.000000  0.007275
 24.000000  0.007349
 25.000000  0.007178
 26.000000  0.007349
 27.000000  0.009668
 28.000000  0.007373
 29.000000  0.007324
 30.000000  0.007471
 31.000000  0.007227
 32.000000  0.007422
 33.000000  0.007056
 34.000000  0.007373
 35.000000  0.007178
 36.000000  0.007471
 37.000000  0.006934
 38.000000  0.007519
 39.000000  0.009521
 40.000000  0.007471
 41.000000  0.006982
 42.000000  0.007422
 43.000000  0.007056
 44.000000  0.007446
 45.000000  0.006934
 46.000000  0.007422
 47.000000  0.007153
 48.000000  0.007495
 49.000000  0.007153
 50.000000  0.007422
 51.000000  0.007202
 52.000000  0.007495
 53.000000  0.007104
 54.000000  0.007373
 55.000000  0.007227
 56.000000  0.007495
 57.000000  0.007031
 58.000000  0.007397
 59.000000  0.009521
 60.000000  0.007349
 61.000000  0.009570
 62.000000  0.007422
 63.000000  0.007251
 64.000000  0.007397
 65.000000  0.007129
 66.000000  0.007397
 67.000000  0.009692
 68.000000  0.007349
 69.000000  0.007153
 70.000000  0.007349
 71.000000  0.007275
 72.000000  0.007349
 73.000000  0.007251
 74.000000  0.007349
 75.000000  0.007202
 76.000000  0.007349
 77.000000  0.007202
 78.000000  0.007349
 79.000000  0.007251
 80.000000  0.007349
 81.000000  0.007275
 82.000000  0.007324
 83.000000  0.007251
 84.000000  0.007349
 85.000000  0.007251
 86.000000  0.007349
 87.000000  0.007275
 88.000000  0.007324
 89.000000  0.007275
 90.000000  0.007324
 91.000000  0.007300
 92.000000  0.007349
 93.000000  0.007275
 94.000000  0.007324
 95.000000  0.007251
 96.000000  0.007349
 97.000000  0.007251
 98.000000  0.007324
 99.000000  0.007300
 100.000000  0.007324
 101.000000  0.009668
 102.000000  0.007324
 103.000000  0.009741
 104.000000  0.007324
 105.000000  0.007324
 106.000000  0.007324
 107.000000  0.007251
 108.000000  0.007324
 109.000000  0.009716
 110.000000  0.007324
 111.000000  0.007324
 112.000000  0.007324
 113.000000  0.007300
 114.000000  0.007324
 115.000000  0.007324
 116.000000  0.007324
 117.000000  0.007324
 118.000000  0.007324
 119.000000  0.007275
 120.000000  0.007324
 121.000000  0.007324
 122.000000  0.007349
 123.000000  0.007275
 124.000000  0.007324
 125.000000  0.007324
 126.000000  0.007324
 127.000000  0.009716
 128.000000  0.007324
 129.000000  0.007251
 130.000000  0.007324
 131.000000  0.009741
 132.000000  0.007324
 133.000000  0.007275
 134.000000  0.007324
 135.000000  0.009765
 136.000000  0.007324
 137.000000  0.007324
 138.000000  0.007349
 139.000000  0.007324
 140.000000  0.007349
 141.000000  0.007251
 142.000000  0.007324
 143.000000  0.007300
 144.000000  0.007324
 145.000000  0.009716
 146.000000  0.007324
 147.000000  0.007275
 148.000000  0.007324
 149.000000  0.009765
 150.000000  0.007324
 151.000000  0.007275
 152.000000  0.007324
 153.000000  0.007300
 154.000000  0.007324
 155.000000  0.007324
 156.000000  0.007324
 157.000000  0.009741
 158.000000  0.007324
 159.000000  0.007324
 160.000000  0.007324
 161.000000  0.007324
 162.000000  0.007324
 163.000000  0.007300
 164.000000  0.007324
 165.000000  0.007300
 166.000000  0.007324
 167.000000  0.007275
 168.000000  0.007324
 169.000000  0.009716
 170.000000  0.007324
 171.000000  0.007275
 172.000000  0.007324
 173.000000  0.007324
 174.000000  0.007324
 175.000000  0.007251
 176.000000  0.007324
 177.000000  0.007227
 178.000000  0.007324
 179.000000  0.009643
 180.000000  0.007373
 181.000000  0.007251
 182.000000  0.007324
 183.000000  0.007251
 184.000000  0.007300
 185.000000  0.007227
 186.000000  0.007324
 187.000000  0.007153
 188.000000  0.007422
 189.000000  0.007178
 190.000000  0.007471
 191.000000  0.007129
 192.000000  0.007446
 193.000000  0.007080
 194.000000  0.007422
 195.000000  0.006982
 196.000000  0.009912
 197.000000  0.007153
 198.000000  0.007495
 199.000000  0.009399
 200.000000  0.007495
 201.000000  0.009643
 202.000000  0.007422
 203.000000  0.007056
 204.000000  0.007446
 205.000000  0.007031
 206.000000  0.007324
 207.000000  0.007129
 208.000000  0.007373
 209.000000  0.009594
 210.000000  0.007471
 211.000000  0.007080
 212.000000  0.007373
 213.000000  0.009594
 214.000000  0.007373
 215.000000  0.007104
 216.000000  0.007397
 217.000000  0.007251
 218.000000  0.007446
 219.000000  0.009594
 220.000000  0.007324
 221.000000  0.007251
 222.000000  0.007373
 223.000000  0.007227
 224.000000  0.007422
 225.000000  0.007324
 226.000000  0.007373
 227.000000  0.009668
 228.000000  0.007422
 229.000000  0.009716
 230.000000  0.007422
 231.000000  0.007275
 232.000000  0.007422
 233.000000  0.009741
 234.000000  0.007324
 235.000000  0.007300
 236.000000  0.007373
 237.000000  0.007300
 238.000000  0.007349
 239.000000  0.009765
 240.000000  0.007422
 241.000000  0.007324
 242.000000  0.007349
 243.000000  0.009765
 244.000000  0.007324
 245.000000  0.007324
 246.000000  0.007373
 247.000000  0.007324
 248.000000  0.007349
 249.000000  0.007324
 250.000000  0.007373
 251.000000  0.007300
 252.000000  0.007324
 253.000000  0.007324
 254.000000  0.007324
 255.000000  0.009765
 256.000000  0.007349
 257.000000  0.007300
 258.000000  0.007397
 259.000000  0.007324
 260.000000  0.007349
 261.000000  0.007300
 262.000000  0.007349
 263.000000  0.009741
 264.000000  0.007349
 265.000000  0.009765
 266.000000  0.007324
 267.000000  0.009765
 268.000000  0.007324
 269.000000  0.009765
 270.000000  0.007349
 271.000000  0.007300
 272.000000  0.007349
 273.000000  0.007324
 274.000000  0.007373
 275.000000  0.009765
 276.000000  0.007349
 277.000000  0.009765
 278.000000  0.007397
 279.000000  0.007324
 280.000000  0.007471
 281.000000  0.009765
 282.000000  0.007349
 283.000000  0.009765
 284.000000  0.007373
 285.000000  0.007324
 286.000000  0.007349
 287.000000  0.007324
 288.000000  0.007349
 289.000000  0.009765
 290.000000  0.007373
 291.000000  0.007324
 292.000000  0.007446
 293.000000  0.007324
 294.000000  0.007373
 295.000000  0.009765
 296.000000  0.007495
 297.000000  0.009741
 298.000000  0.007446
 299.000000  0.009765
 300.000000  0.007397
 301.000000  0.007324
 302.000000  0.007471
 303.000000  0.009790
 304.000000  0.007495
 305.000000  0.007324
 306.000000  0.007519
 307.000000  0.009765
 308.000000  0.007495
 309.000000  0.009765
 310.000000  0.007593
 311.000000  0.007324
 312.000000  0.007495
 313.000000  0.007324
 314.000000  0.007666
 315.000000  0.009765
 316.000000  0.007593
 317.000000  0.007324
 318.000000  0.007568
 319.000000  0.007324
 320.000000  0.007739
 321.000000  0.009765
 322.000000  0.007642
 323.000000  0.009765
 324.000000  0.007739
 325.000000  0.007349
 326.000000  0.007446
 327.000000  0.007324
 328.000000  0.007764
 329.000000  0.009765
 330.000000  0.007837
 331.000000  0.009765
 332.000000  0.007935
 333.000000  0.009765
 334.000000  0.007666
 335.000000  0.009814
 336.000000  0.007788
 337.000000  0.007349
 338.000000  0.008179
 339.000000  0.007373
 340.000000  0.008252
 341.000000  0.009863
 342.000000  0.010669
 343.000000  0.009912
 344.000000  0.008252
 345.000000  0.009814
 346.000000  0.008179
 347.000000  0.007446
 348.000000  0.008130
 349.000000  0.009912
 350.000000  0.008472
 351.000000  0.010180
 352.000000  0.008545
 353.000000  0.009961
 354.000000  0.008472
 355.000000  0.007519
 356.000000  0.008447
 357.000000  0.007617
 358.000000  0.008789
 359.000000  0.009936
 360.000000  0.009033
 361.000000  0.007715
 362.000000  0.008813
 363.000000  0.009863
 364.000000  0.008472
 365.000000  0.007446
 366.000000  0.008984
 367.000000  0.007519
 368.000000  0.009082
 369.000000  0.007617
 370.000000  0.008887
 371.000000  0.010180
 372.000000  0.008984
 373.000000  0.010058
 374.000000  0.009131
 375.000000  0.010034
 376.000000  0.009351
 377.000000  0.007666
 378.000000  0.009473
 379.000000  0.008130
 380.000000  0.009473
 381.000000  0.010571
 382.000000  0.009497
 383.000000  0.008276
 384.000000  0.009497
 385.000000  0.008203
 386.000000  0.009473
 387.000000  0.010669
 388.000000  0.009595
 389.000000  0.010571
 390.000000  0.009717
 391.000000  0.010644
 392.000000  0.009619
 393.000000  0.008496
 394.000000  0.009717
 395.000000  0.008936
 396.000000  0.009692
 397.000000  0.008667
 398.000000  0.009766
 399.000000  0.008691
 400.000000  0.009741
 401.000000  0.011425
 402.000000  0.009717
 403.000000  0.009228
 404.000000  0.009766
 405.000000  0.009326
 406.000000  0.009766
 407.000000  0.009644
 408.000000  0.009766
 409.000000  0.011743
 410.000000  0.009766
 411.000000  0.012085
 412.000000  0.009766
 413.000000  0.009717
 414.000000  0.009766
 415.000000  0.012133
 416.000000  0.009766
 417.000000  0.009692
 418.000000  0.009766
 419.000000  0.009741
 420.000000  0.009766
 421.000000  0.009717
 422.000000  0.009766
 423.000000  0.009766
 424.000000  0.009766
 425.000000  0.012207
 426.000000  0.009766
 427.000000  0.012207
 428.000000  0.009766
 429.000000  0.012207
 430.000000  0.009936
 431.000000  0.012207
 432.000000  0.009863
 433.000000  0.009766
 434.000000  0.009936
 435.000000  0.012207
 436.000000  0.009985
 437.000000  0.012231
 438.000000  0.010254
 439.000000  0.012207
 440.000000  0.010278
 441.000000  0.012207
 442.000000  0.010791
 443.000000  0.012353
 444.000000  0.011255
 445.000000  0.012475
 446.000000  0.011352
 447.000000  0.010449
 448.000000  0.011816
 449.000000  0.013256
 450.000000  0.012085
 451.000000  0.013720
 452.000000  0.012158
 453.000000  0.014135
 454.000000  0.012158
 455.000000  0.014526
 456.000000  0.012207
 457.000000  0.014550
 458.000000  0.012207
 459.000000  0.014575
 460.000000  0.012256
 461.000000  0.014648
 462.000000  0.012231
 463.000000  0.014648
 464.000000  0.012280
 465.000000  0.014648
 466.000000  0.012598
 467.000000  0.012207
 468.000000  0.012720
 469.000000  0.012207
 470.000000  0.013281
 471.000000  0.014697
 472.000000  0.013574
 473.000000  0.012256
 474.000000  0.014185
 475.000000  0.015014
 476.000000  0.014526
 477.000000  0.013647
 478.000000  0.014600
 479.000000  0.016259
 480.000000  0.014648
 481.000000  0.016577
 482.000000  0.014648
 483.000000  0.014648
 484.000000  0.014648
 485.000000  0.017089
 486.000000  0.014697
 487.000000  0.014648
 488.000000  0.014722
 489.000000  0.014624
 490.000000  0.014990
 491.000000  0.017089
 492.000000  0.015234
 493.000000  0.017089
 494.000000  0.015991
 495.000000  0.017114
 496.000000  0.016699
 497.000000  0.014746
 498.000000  0.016650
 499.000000  0.017871
 500.000000  0.017041
 501.000000  0.018335
 502.000000  0.017139
 503.000000  0.019018
 504.000000  0.017187
 505.000000  0.019238
 506.000000  0.017236
 507.000000  0.016626
 508.000000  0.017139
 509.000000  0.017041
 510.000000  0.017554
 511.000000  0.019604
 512.000000  0.017456
 513.000000  0.017383
 514.000000  0.018262
 515.000000  0.017505
 516.000000  0.018506
 517.000000  0.017773
 518.000000  0.019092
 519.000000  0.018530
 520.000000  0.019409
 521.000000  0.019067
 522.000000  0.019482
 523.000000  0.021826
 524.000000  0.019556
 525.000000  0.021875
 526.000000  0.020142
 527.000000  0.021923
 528.000000  0.019775
 529.000000  0.022045
 530.000000  0.020337
 531.000000  0.022119
 532.000000  0.021484
 533.000000  0.020801
 534.000000  0.021313
 535.000000  0.020410
 536.000000  0.021973
 537.000000  0.023608
 538.000000  0.021948
 539.000000  0.023925
 540.000000  0.022363
 541.000000  0.021997
 542.000000  0.022144
 543.000000  0.021704
 544.000000  0.021973
 545.000000  0.022144
 546.000000  0.024438
 547.000000  0.026635
 548.000000  0.023975
 549.000000  0.025830
 550.000000  0.026758
 551.000000  0.028881
 552.000000  0.026855
 553.000000  0.023877
 554.000000  0.026172
 555.000000  0.028345
 556.000000  0.030054
 557.000000  0.029809
 558.000000  0.026855
 559.000000  0.034692
 560.000000  0.040991
 561.000000  0.046460
 562.000000  0.033862
 563.000000  0.031811
 564.000000  0.040674
 565.000000  0.087695
 566.000000  0.126123
 567.000000  0.046972
 568.000000  0.046143
 569.000000  0.128467
 570.000000  0.482812
 571.000000  0.473584
 572.000000  0.066943
 573.000000  0.098974
 574.000000  0.183765
 575.000000  0.218530
 576.000000  0.127222
 577.000000  0.038818
 578.000000  0.057520
 579.000000  0.074536
 580.000000  0.063403
 581.000000  0.035693
 582.000000  0.026978
 583.000000  0.029418
 584.000000  0.029541
 585.000000  0.031591
 586.000000  0.024756
 587.000000  0.026293
 588.000000  0.024438
 589.000000  0.024341
 590.000000  0.024390
 591.000000  0.024389
 592.000000  0.022388
 593.000000  0.021973
 594.000000  0.022681
 595.000000  0.024414
 596.000000  0.021997
 597.000000  0.024389
 598.000000  0.021997
 599.000000  0.023046
 600.000000  0.021191
 601.000000  0.022045
 602.000000  0.021533
 603.000000  0.022045
 604.000000  0.021118
 605.000000  0.021972
 606.000000  0.020020
 607.000000  0.021972
 608.000000  0.020239
 609.000000  0.021972
 610.000000  0.019531
 611.000000  0.021948
 612.000000  0.021972
 613.000000  0.021801
 614.000000  0.021948
 615.000000  0.021533
 616.000000  0.019482
 617.000000  0.018457
 618.000000  0.019336
 619.000000  0.019873
 620.000000  0.018799
 621.000000  0.019580
 622.000000  0.017920
 623.000000  0.019531
 624.000000  0.019970
 625.000000  0.019531
 626.000000  0.017139
 627.000000  0.019384
 628.000000  0.017090
 629.000000  0.019311
 630.000000  0.017065
 631.000000  0.018725
 632.000000  0.017065
 633.000000  0.017504
 634.000000  0.016846
 635.000000  0.017309
 636.000000  0.016577
 637.000000  0.014697
 638.000000  0.015405
 639.000000  0.017138
 640.000000  0.016309
 641.000000  0.017089
 642.000000  0.014795
 643.000000  0.014648
 644.000000  0.017309
 645.000000  0.017089
 646.000000  0.017138
 647.000000  0.017089
 648.000000  0.014673
 649.000000  0.014551
 650.000000  0.014673
 651.000000  0.014526
 652.000000  0.014648
 653.000000  0.014380
 654.000000  0.014673
 655.000000  0.016210
 656.000000  0.014600
 657.000000  0.015918
 658.000000  0.014404
 659.000000  0.013281
 660.000000  0.014111
 661.000000  0.015161
 662.000000  0.013818
 663.000000  0.015136
 664.000000  0.015820
 665.000000  0.014770
 666.000000  0.015380
 667.000000  0.014648
 668.000000  0.012451
 669.000000  0.012085
 670.000000  0.012598
 671.000000  0.012085
 672.000000  0.012427
 673.000000  0.014550
 674.000000  0.014941
 675.000000  0.014477
 676.000000  0.012231
 677.000000  0.014355
 678.000000  0.012134
 679.000000  0.014184
 680.000000  0.012231
 681.000000  0.011548
 682.000000  0.011963
 683.000000  0.013403
 684.000000  0.011938
 685.000000  0.013232
 686.000000  0.011743
 687.000000  0.011035
 688.000000  0.014184
 689.000000  0.010229
 690.000000  0.013867
 691.000000  0.012377
 692.000000  0.010913
 693.000000  0.012280
 694.000000  0.010937
 695.000000  0.012402
 696.000000  0.013012
 697.000000  0.012353
 698.000000  0.010181
 699.000000  0.012280
 700.000000  0.009961
 701.000000  0.009766
 702.000000  0.009936
 703.000000  0.009766
 704.000000  0.012304
 705.000000  0.012207
 706.000000  0.009790
 707.000000  0.009766
 708.000000  0.009766
 709.000000  0.012133
 710.000000  0.009766
 711.000000  0.012158
 712.000000  0.009766
 713.000000  0.012207
 714.000000  0.009766
 715.000000  0.012133
 716.000000  0.009766
 717.000000  0.012133
 718.000000  0.009766
 719.000000  0.011889
 720.000000  0.009766
 721.000000  0.011962
 722.000000  0.009766
 723.000000  0.011840
 724.000000  0.009766
 725.000000  0.011694
 726.000000  0.009766
 727.000000  0.011450
 728.000000  0.009766
 729.000000  0.009058
 730.000000  0.009766
 731.000000  0.011401
 732.000000  0.009741
 733.000000  0.011035
 734.000000  0.012207
 735.000000  0.011230
 736.000000  0.009717
 737.000000  0.010571
 738.000000  0.009692
 739.000000  0.010327
 740.000000  0.009644
 741.000000  0.010400
 742.000000  0.009717
 743.000000  0.007812
 744.000000  0.009521
 745.000000  0.010229
 746.000000  0.009326
 747.000000  0.007495
 748.000000  0.009473
 749.000000  0.009838
 750.000000  0.009326
 751.000000  0.009863
 752.000000  0.011718
 753.000000  0.010034
 754.000000  0.009326
 755.000000  0.009790
 756.000000  0.008838
 757.000000  0.009790
 758.000000  0.008911
 759.000000  0.007471
 760.000000  0.008569
 761.000000  0.009790
 762.000000  0.008325
 763.000000  0.009790
 764.000000  0.008276
 765.000000  0.009790
 766.000000  0.008179
 767.000000  0.007349
 768.000000  0.008105
 769.000000  0.009790
 770.000000  0.007861
 771.000000  0.009765
 772.000000  0.007715
 773.000000  0.009765
 774.000000  0.010131
 775.000000  0.009765
 776.000000  0.010253
 777.000000  0.009765
 778.000000  0.007715
 779.000000  0.007324
 780.000000  0.007544
 781.000000  0.007324
 782.000000  0.009863
 783.000000  0.009765
 784.000000  0.007397
 785.000000  0.009765
 786.000000  0.007471
 787.000000  0.009765
 788.000000  0.009912
 789.000000  0.009765
 790.000000  0.007349
 791.000000  0.009765
 792.000000  0.007324
 793.000000  0.009765
 794.000000  0.007324
 795.000000  0.009765
 796.000000  0.007324
 797.000000  0.009741
 798.000000  0.007324
 799.000000  0.009765
 800.000000  0.007324
 801.000000  0.009765
 802.000000  0.009814
 803.000000  0.009765
 804.000000  0.007324
 805.000000  0.009741
 806.000000  0.007324
 807.000000  0.009765
 808.000000  0.009790
 809.000000  0.007251
 810.000000  0.007349
 811.000000  0.007275
 812.000000  0.007397
 813.000000  0.007153
 814.000000  0.007446
 815.000000  0.009668
 816.000000  0.007373
 817.000000  0.009472
 818.000000  0.007544
 819.000000  0.009594
 820.000000  0.007446
 821.000000  0.009545
 822.000000  0.007495
 823.000000  0.009594
 824.000000  0.009863
 825.000000  0.009399
 826.000000  0.007446
 827.000000  0.009448
 828.000000  0.007446
 829.000000  0.009497
 830.000000  0.007324
 831.000000  0.009521
 832.000000  0.007324
 833.000000  0.009497
 834.000000  0.007349
 835.000000  0.009716
 836.000000  0.009814
 837.000000  0.009521
 838.000000  0.007300
 839.000000  0.009350
 840.000000  0.007397
 841.000000  0.009399
 842.000000  0.009838
 843.000000  0.009497
 844.000000  0.007275
 845.000000  0.007104
 846.000000  0.009765
 847.000000  0.009423
 848.000000  0.007275
 849.000000  0.009448
 850.000000  0.007324
 851.000000  0.009594
 852.000000  0.007324
 853.000000  0.006982
 854.000000  0.009765
 855.000000  0.009423
 856.000000  0.007324
 857.000000  0.007129
 858.000000  0.007324
 859.000000  0.006982
 860.000000  0.009765
 861.000000  0.009277
 862.000000  0.007324
 863.000000  0.006909
 864.000000  0.007300
 865.000000  0.009545
 866.000000  0.009765
 867.000000  0.007007
 868.000000  0.007349
 869.000000  0.009375
 870.000000  0.007324
 871.000000  0.009252
 872.000000  0.007324
 873.000000  0.009301
 874.000000  0.007324
 875.000000  0.009497
 876.000000  0.007324
 877.000000  0.006836
 878.000000  0.007324
 879.000000  0.006787
 880.000000  0.007324
 881.000000  0.009350
 882.000000  0.007324
 883.000000  0.009130
 884.000000  0.007324
 885.000000  0.009350
 886.000000  0.007324
 887.000000  0.006811
 888.000000  0.007324
 889.000000  0.008984
 890.000000  0.007324
 891.000000  0.009252
 892.000000  0.007300
 893.000000  0.009252
 894.000000  0.007324
 895.000000  0.009179
 896.000000  0.007300
 897.000000  0.009448
 898.000000  0.007324
 899.000000  0.009204
 900.000000  0.007324
 901.000000  0.009033
 902.000000  0.009741
 903.000000  0.008813
 904.000000  0.007324
 905.000000  0.009057
 906.000000  0.009765
 907.000000  0.008789
 908.000000  0.009765
 909.000000  0.009228
 910.000000  0.007324
 911.000000  0.008960
 912.000000  0.007324
 913.000000  0.008911
 914.000000  0.007300
 915.000000  0.009033
 916.000000  0.007300
 917.000000  0.009228
 918.000000  0.009765
 919.000000  0.008691
 920.000000  0.009765
 921.000000  0.008740
 922.000000  0.007300
 923.000000  0.008935
 924.000000  0.007300
 925.000000  0.008960
 926.000000  0.007300
 927.000000  0.008813
 928.000000  0.007324
 929.000000  0.008837
 930.000000  0.007275
 931.000000  0.008667
 932.000000  0.007324
 933.000000  0.008911
 934.000000  0.007324
 935.000000  0.009130
 936.000000  0.007324
 937.000000  0.008837
 938.000000  0.007300
 939.000000  0.008593
 940.000000  0.007324
 941.000000  0.009057
 942.000000  0.007275
 943.000000  0.008593
 944.000000  0.007300
 945.000000  0.006396
 946.000000  0.009765
 947.000000  0.009179
 948.000000  0.007324
 949.000000  0.009057
 950.000000  0.009741
 951.000000  0.008886
 952.000000  0.007227
 953.000000  0.008837
 954.000000  0.007251
 955.000000  0.008618
 956.000000  0.007251
 957.000000  0.009008
 958.000000  0.007300
 959.000000  0.006250
 960.000000  0.007300
 961.000000  0.006274
 962.000000  0.009692
 963.000000  0.006274
 964.000000  0.007227
 965.000000  0.008911
 966.000000  0.007349
 967.000000  0.008837
 968.000000  0.007324
 969.000000  0.008667
 970.000000  0.009570
 971.000000  0.008496
 972.000000  0.007104
 973.000000  0.008374
 974.000000  0.007129
 975.000000  0.008642
 976.000000  0.007104
 977.000000  0.008764
 978.000000  0.007056
 979.000000  0.008496
 980.000000  0.007129
 981.000000  0.008667
 982.000000  0.007129
 983.000000  0.006470
 984.000000  0.007056
 985.000000  0.008740
 986.000000  0.007129
 987.000000  0.008667
 988.000000  0.009594
 989.000000  0.008398
 990.000000  0.007129
 991.000000  0.008447
 992.000000  0.007202
 993.000000  0.008764
 994.000000  0.007104
 995.000000  0.008764
 996.000000  0.007031
 997.000000  0.008715
 998.000000  0.009594
 999.000000  0.008618
 1000.000000  0.009692
 1001.000000  0.008642
 1002.000000  0.007275
 1003.000000  0.008447
 1004.000000  0.007227
 1005.000000  0.008569
 1006.000000  0.007153
 1007.000000  0.008544
 1008.000000  0.007227
 1009.000000  0.008520
 1010.000000  0.007275
 1011.000000  0.008813
 1012.000000  0.007227
 1013.000000  0.008325
 1014.000000  0.007104
 1015.000000  0.008227
 1016.000000  0.007251
 1017.000000  0.008569
 1018.000000  0.007251
 1019.000000  0.008105
 1020.000000  0.007129
 1021.000000  0.007934
 1022.000000  0.007202
 1023.000000  0.008398
