 0.000000  0.007397
 1.000000  0.007178
 2.000000  0.007300
 3.000000  0.006982
 4.000000  0.007324
 5.000000  0.006836
 6.000000  0.007397
 7.000000  0.006934
 8.000000  0.007324
 9.000000  0.007104
 10.000000  0.007373
 11.000000  0.007202
 12.000000  0.007349
 13.000000  0.007251
 14.000000  0.007349
 15.000000  0.007153
 16.000000  0.007373
 17.000000  0.007153
 18.000000  0.007349
 19.000000  0.007178
 20.000000  0.007324
 21.000000  0.007251
 22.000000  0.007324
 23.000000  0.007251
 24.000000  0.007349
 25.000000  0.007227
 26.000000  0.007397
 27.000000  0.009472
 28.000000  0.007349
 29.000000  0.007202
 30.000000  0.007324
 31.000000  0.007300
 32.000000  0.007349
 33.000000  0.007227
 34.000000  0.007349
 35.000000  0.007275
 36.000000  0.007349
 37.000000  0.007153
 38.000000  0.007349
 39.000000  0.009668
 40.000000  0.007324
 41.000000  0.007178
 42.000000  0.007324
 43.000000  0.007178
 44.000000  0.007324
 45.000000  0.007178
 46.000000  0.007324
 47.000000  0.007202
 48.000000  0.007324
 49.000000  0.007275
 50.000000  0.007324
 51.000000  0.007275
 52.000000  0.007324
 53.000000  0.007324
 54.000000  0.007324
 55.000000  0.007227
 56.000000  0.007324
 57.000000  0.007227
 58.000000  0.007324
 59.000000  0.009594
 60.000000  0.007324
 61.000000  0.009668
 62.000000  0.007324
 63.000000  0.007178
 64.000000  0.007324
 65.000000  0.007275
 66.000000  0.007324
 67.000000  0.009643
 68.000000  0.007324
 69.000000  0.007202
 70.000000  0.007324
 71.000000  0.007275
 72.000000  0.007324
 73.000000  0.007227
 74.000000  0.007324
 75.000000  0.007275
 76.000000  0.007324
 77.000000  0.007251
 78.000000  0.007324
 79.000000  0.007227
 80.000000  0.007324
 81.000000  0.007129
 82.000000  0.007324
 83.000000  0.007251
 84.000000  0.007324
 85.000000  0.007227
 86.000000  0.007324
 87.000000  0.007300
 88.000000  0.007324
 89.000000  0.007227
 90.000000  0.007324
 91.000000  0.007300
 92.000000  0.007324
 93.000000  0.007300
 94.000000  0.007324
 95.000000  0.007227
 96.000000  0.007324
 97.000000  0.007227
 98.000000  0.007324
 99.000000  0.007227
 100.000000  0.007324
 101.000000  0.009716
 102.000000  0.007324
 103.000000  0.009692
 104.000000  0.007324
 105.000000  0.007227
 106.000000  0.007324
 107.000000  0.007300
 108.000000  0.007324
 109.000000  0.009692
 110.000000  0.007324
 111.000000  0.007275
 112.000000  0.007324
 113.000000  0.007251
 114.000000  0.007324
 115.000000  0.007300
 116.000000  0.007324
 117.000000  0.007202
 118.000000  0.007324
 119.000000  0.007178
 120.000000  0.007324
 121.000000  0.007227
 122.000000  0.007324
 123.000000  0.007251
 124.000000  0.007324
 125.000000  0.007202
 126.000000  0.007324
 127.000000  0.009570
 128.000000  0.007300
 129.000000  0.007202
 130.000000  0.007275
 131.000000  0.009570
 132.000000  0.007349
 133.000000  0.007227
 134.000000  0.007373
 135.000000  0.009545
 136.000000  0.007349
 137.000000  0.006958
 138.000000  0.007397
 139.000000  0.007031
 140.000000  0.007300
 141.000000  0.007129
 142.000000  0.007471
 143.000000  0.007031
 144.000000  0.007373
 145.000000  0.009668
 146.000000  0.007300
 147.000000  0.006934
 148.000000  0.007446
 149.000000  0.009497
 150.000000  0.007373
 151.000000  0.007007
 152.000000  0.007373
 153.000000  0.007227
 154.000000  0.007373
 155.000000  0.006982
 156.000000  0.007349
 157.000000  0.009399
 158.000000  0.007471
 159.000000  0.007031
 160.000000  0.007349
 161.000000  0.007056
 162.000000  0.007349
 163.000000  0.007202
 164.000000  0.007373
 165.000000  0.007007
 166.000000  0.007275
 167.000000  0.007056
 168.000000  0.007324
 169.000000  0.009545
 170.000000  0.007324
 171.000000  0.007129
 172.000000  0.007324
 173.000000  0.007129
 174.000000  0.007324
 175.000000  0.007153
 176.000000  0.007324
 177.000000  0.007104
 178.000000  0.007324
 179.000000  0.009472
 180.000000  0.007349
 181.000000  0.007080
 182.000000  0.007324
 183.000000  0.006982
 184.000000  0.007349
 185.000000  0.007227
 186.000000  0.007349
 187.000000  0.007178
 188.000000  0.007324
 189.000000  0.007227
 190.000000  0.007324
 191.000000  0.007031
 192.000000  0.007324
 193.000000  0.007251
 194.000000  0.007324
 195.000000  0.007129
 196.000000  0.009765
 197.000000  0.007031
 198.000000  0.007324
 199.000000  0.009619
 200.000000  0.007324
 201.000000  0.009570
 202.000000  0.007324
 203.000000  0.007227
 204.000000  0.007324
 205.000000  0.007080
 206.000000  0.007324
 207.000000  0.007153
 208.000000  0.007324
 209.000000  0.009545
 210.000000  0.007324
 211.000000  0.007202
 212.000000  0.007324
 213.000000  0.009741
 214.000000  0.007324
 215.000000  0.007275
 216.000000  0.007324
 217.000000  0.007251
 218.000000  0.007324
 219.000000  0.009594
 220.000000  0.007324
 221.000000  0.007202
 222.000000  0.007324
 223.000000  0.007202
 224.000000  0.007324
 225.000000  0.007251
 226.000000  0.007324
 227.000000  0.009545
 228.000000  0.007324
 229.000000  0.009570
 230.000000  0.007324
 231.000000  0.007251
 232.000000  0.007324
 233.000000  0.009668
 234.000000  0.007324
 235.000000  0.007251
 236.000000  0.007324
 237.000000  0.007275
 238.000000  0.007324
 239.000000  0.009545
 240.000000  0.007324
 241.000000  0.007300
 242.000000  0.007324
 243.000000  0.009643
 244.000000  0.007324
 245.000000  0.007300
 246.000000  0.007324
 247.000000  0.007227
 248.000000  0.007324
 249.000000  0.007275
 250.000000  0.007349
 251.000000  0.007202
 252.000000  0.007324
 253.000000  0.007227
 254.000000  0.007324
 255.000000  0.009716
 256.000000  0.007324
 257.000000  0.007300
 258.000000  0.007324
 259.000000  0.007251
 260.000000  0.007324
 261.000000  0.007202
 262.000000  0.007324
 263.000000  0.009619
 264.000000  0.007349
 265.000000  0.009668
 266.000000  0.007324
 267.000000  0.009692
 268.000000  0.007324
 269.000000  0.009741
 270.000000  0.007324
 271.000000  0.007251
 272.000000  0.007324
 273.000000  0.007251
 274.000000  0.007373
 275.000000  0.009692
 276.000000  0.007324
 277.000000  0.009692
 278.000000  0.007349
 279.000000  0.007300
 280.000000  0.007349
 281.000000  0.009643
 282.000000  0.007324
 283.000000  0.009716
 284.000000  0.007373
 285.000000  0.007251
 286.000000  0.007373
 287.000000  0.007300
 288.000000  0.007397
 289.000000  0.009716
 290.000000  0.007422
 291.000000  0.007080
 292.000000  0.007471
 293.000000  0.007031
 294.000000  0.007519
 295.000000  0.009619
 296.000000  0.007422
 297.000000  0.009643
 298.000000  0.007519
 299.000000  0.009668
 300.000000  0.007397
 301.000000  0.007251
 302.000000  0.007397
 303.000000  0.009668
 304.000000  0.007519
 305.000000  0.007300
 306.000000  0.007397
 307.000000  0.009765
 308.000000  0.007568
 309.000000  0.009716
 310.000000  0.007568
 311.000000  0.007202
 312.000000  0.007544
 313.000000  0.007275
 314.000000  0.007568
 315.000000  0.009741
 316.000000  0.007568
 317.000000  0.007324
 318.000000  0.007446
 319.000000  0.007300
 320.000000  0.007568
 321.000000  0.009716
 322.000000  0.007690
 323.000000  0.009741
 324.000000  0.007544
 325.000000  0.007324
 326.000000  0.007544
 327.000000  0.007349
 328.000000  0.007519
 329.000000  0.009790
 330.000000  0.007519
 331.000000  0.009765
 332.000000  0.007495
 333.000000  0.009765
 334.000000  0.007593
 335.000000  0.009741
 336.000000  0.007471
 337.000000  0.007349
 338.000000  0.007666
 339.000000  0.007324
 340.000000  0.007715
 341.000000  0.009765
 342.000000  0.010034
 343.000000  0.009765
 344.000000  0.007666
 345.000000  0.009765
 346.000000  0.007935
 347.000000  0.007349
 348.000000  0.007788
 349.000000  0.009790
 350.000000  0.007886
 351.000000  0.009790
 352.000000  0.007983
 353.000000  0.009765
 354.000000  0.007837
 355.000000  0.007324
 356.000000  0.007715
 357.000000  0.007324
 358.000000  0.008130
 359.000000  0.009765
 360.000000  0.008130
 361.000000  0.007349
 362.000000  0.008130
 363.000000  0.009790
 364.000000  0.008203
 365.000000  0.007349
 366.000000  0.008740
 367.000000  0.007349
 368.000000  0.008667
 369.000000  0.007373
 370.000000  0.008765
 371.000000  0.009912
 372.000000  0.008716
 373.000000  0.009961
 374.000000  0.008984
 375.000000  0.009838
 376.000000  0.008984
 377.000000  0.007422
 378.000000  0.009497
 379.000000  0.007422
 380.000000  0.009253
 381.000000  0.010058
 382.000000  0.009277
 383.000000  0.007519
 384.000000  0.009497
 385.000000  0.007764
 386.000000  0.009473
 387.000000  0.010058
 388.000000  0.009644
 389.000000  0.010253
 390.000000  0.009692
 391.000000  0.010180
 392.000000  0.009546
 393.000000  0.008179
 394.000000  0.009692
 395.000000  0.008276
 396.000000  0.009766
 397.000000  0.008472
 398.000000  0.009766
 399.000000  0.008105
 400.000000  0.009766
 401.000000  0.011181
 402.000000  0.009692
 403.000000  0.008936
 404.000000  0.009741
 405.000000  0.009106
 406.000000  0.009766
 407.000000  0.009253
 408.000000  0.009741
 409.000000  0.011523
 410.000000  0.009766
 411.000000  0.011694
 412.000000  0.009766
 413.000000  0.009131
 414.000000  0.009766
 415.000000  0.012085
 416.000000  0.009766
 417.000000  0.009521
 418.000000  0.009766
 419.000000  0.009766
 420.000000  0.009766
 421.000000  0.009741
 422.000000  0.009766
 423.000000  0.009692
 424.000000  0.009766
 425.000000  0.012182
 426.000000  0.009790
 427.000000  0.012182
 428.000000  0.009766
 429.000000  0.012207
 430.000000  0.009863
 431.000000  0.012207
 432.000000  0.009888
 433.000000  0.009766
 434.000000  0.009912
 435.000000  0.012207
 436.000000  0.009766
 437.000000  0.012207
 438.000000  0.009961
 439.000000  0.012255
 440.000000  0.009863
 441.000000  0.012182
 442.000000  0.010278
 443.000000  0.012500
 444.000000  0.010913
 445.000000  0.012377
 446.000000  0.011011
 447.000000  0.010400
 448.000000  0.011938
 449.000000  0.012768
 450.000000  0.011108
 451.000000  0.012866
 452.000000  0.012183
 453.000000  0.014135
 454.000000  0.011865
 455.000000  0.013452
 456.000000  0.011987
 457.000000  0.014697
 458.000000  0.012183
 459.000000  0.013427
 460.000000  0.012036
 461.000000  0.014721
 462.000000  0.012939
 463.000000  0.014282
 464.000000  0.012207
 465.000000  0.014624
 466.000000  0.014526
 467.000000  0.012280
 468.000000  0.012329
 469.000000  0.012085
 470.000000  0.014136
 471.000000  0.017065
 472.000000  0.012598
 473.000000  0.012134
 474.000000  0.013647
 475.000000  0.017260
 476.000000  0.014819
 477.000000  0.012280
 478.000000  0.013110
 479.000000  0.016674
 480.000000  0.017114
 481.000000  0.015918
 482.000000  0.013428
 483.000000  0.013428
 484.000000  0.017041
 485.000000  0.021606
 486.000000  0.014380
 487.000000  0.013159
 488.000000  0.014746
 489.000000  0.019263
 490.000000  0.017163
 491.000000  0.015478
 492.000000  0.014648
 493.000000  0.021850
 494.000000  0.026831
 495.000000  0.019116
 496.000000  0.016602
 497.000000  0.025366
 498.000000  0.072681
 499.000000  0.086840
 500.000000  0.019531
 501.000000  0.017285
 502.000000  0.019482
 503.000000  0.029321
 504.000000  0.021875
 505.000000  0.017089
 506.000000  0.016895
 507.000000  0.022021
 508.000000  0.029297
 509.000000  0.018530
 510.000000  0.016895
 511.000000  0.019702
 512.000000  0.029468
 513.000000  0.031519
 514.000000  0.017236
 515.000000  0.014697
 516.000000  0.017090
 517.000000  0.020020
 518.000000  0.019482
 519.000000  0.014648
 520.000000  0.016235
 521.000000  0.019604
 522.000000  0.024463
 523.000000  0.021777
 524.000000  0.014697
 525.000000  0.017089
 526.000000  0.019531
 527.000000  0.021972
 528.000000  0.015625
 529.000000  0.017089
 530.000000  0.015991
 531.000000  0.021875
 532.000000  0.020508
 533.000000  0.014624
 534.000000  0.014648
 535.000000  0.014673
 536.000000  0.019531
 537.000000  0.019531
 538.000000  0.014453
 539.000000  0.015966
 540.000000  0.017090
 541.000000  0.019531
 542.000000  0.015918
 543.000000  0.013257
 544.000000  0.014648
 545.000000  0.017676
 546.000000  0.021973
 547.000000  0.017065
 548.000000  0.014648
 549.000000  0.017163
 550.000000  0.022559
 551.000000  0.025170
 552.000000  0.015015
 553.000000  0.017114
 554.000000  0.052344
 555.000000  0.160620
 556.000000  0.096606
 557.000000  0.019238
 558.000000  0.014648
 559.000000  0.021972
 560.000000  0.028271
 561.000000  0.016211
 562.000000  0.014307
 563.000000  0.015673
 564.000000  0.017090
 565.000000  0.020263
 566.000000  0.013721
 567.000000  0.014648
 568.000000  0.013354
 569.000000  0.017114
 570.000000  0.014648
 571.000000  0.014648
 572.000000  0.012231
 573.000000  0.014648
 574.000000  0.014111
 575.000000  0.014648
 576.000000  0.012207
 577.000000  0.014550
 578.000000  0.012280
 579.000000  0.014648
 580.000000  0.012207
 581.000000  0.011206
 582.000000  0.012109
 583.000000  0.014428
 584.000000  0.012207
 585.000000  0.012817
 586.000000  0.010986
 587.000000  0.012719
 588.000000  0.011865
 589.000000  0.010815
 590.000000  0.011084
 591.000000  0.012402
 592.000000  0.011060
 593.000000  0.010376
 594.000000  0.010913
 595.000000  0.012255
 596.000000  0.010278
 597.000000  0.012255
 598.000000  0.010498
 599.000000  0.012255
 600.000000  0.009985
 601.000000  0.012231
 602.000000  0.010205
 603.000000  0.012182
 604.000000  0.010132
 605.000000  0.012133
 606.000000  0.009985
 607.000000  0.012133
 608.000000  0.010083
 609.000000  0.012182
 610.000000  0.009814
 611.000000  0.012036
 612.000000  0.012353
 613.000000  0.012036
 614.000000  0.012207
 615.000000  0.012036
 616.000000  0.009766
 617.000000  0.009668
 618.000000  0.009741
 619.000000  0.011669
 620.000000  0.009766
 621.000000  0.011694
 622.000000  0.009692
 623.000000  0.011523
 624.000000  0.012158
 625.000000  0.011743
 626.000000  0.009692
 627.000000  0.011523
 628.000000  0.009766
 629.000000  0.011352
 630.000000  0.009668
 631.000000  0.011108
 632.000000  0.009668
 633.000000  0.011254
 634.000000  0.009448
 635.000000  0.010839
 636.000000  0.009644
 637.000000  0.008472
 638.000000  0.009644
 639.000000  0.010351
 640.000000  0.009619
 641.000000  0.010473
 642.000000  0.009448
 643.000000  0.007642
 644.000000  0.011694
 645.000000  0.010034
 646.000000  0.011669
 647.000000  0.010034
 648.000000  0.009228
 649.000000  0.007544
 650.000000  0.008960
 651.000000  0.007544
 652.000000  0.008911
 653.000000  0.007544
 654.000000  0.008887
 655.000000  0.009912
 656.000000  0.008765
 657.000000  0.009863
 658.000000  0.008447
 659.000000  0.007422
 660.000000  0.008691
 661.000000  0.009887
 662.000000  0.008154
 663.000000  0.009790
 664.000000  0.010498
 665.000000  0.009814
 666.000000  0.010473
 667.000000  0.009765
 668.000000  0.007959
 669.000000  0.007324
 670.000000  0.007739
 671.000000  0.007324
 672.000000  0.007788
 673.000000  0.009765
 674.000000  0.010131
 675.000000  0.009765
 676.000000  0.007764
 677.000000  0.009765
 678.000000  0.007593
 679.000000  0.009790
 680.000000  0.007519
 681.000000  0.007324
 682.000000  0.007666
 683.000000  0.009765
 684.000000  0.007519
 685.000000  0.009765
 686.000000  0.007397
 687.000000  0.007324
 688.000000  0.009936
 689.000000  0.007324
 690.000000  0.009912
 691.000000  0.009765
 692.000000  0.007471
 693.000000  0.009765
 694.000000  0.007373
 695.000000  0.009765
 696.000000  0.009790
 697.000000  0.009765
 698.000000  0.007324
 699.000000  0.009765
 700.000000  0.007349
 701.000000  0.007300
 702.000000  0.007324
 703.000000  0.007300
 704.000000  0.009790
 705.000000  0.009765
 706.000000  0.007349
 707.000000  0.007324
 708.000000  0.007349
 709.000000  0.009741
 710.000000  0.007324
 711.000000  0.009716
 712.000000  0.007349
 713.000000  0.009741
 714.000000  0.007324
 715.000000  0.009765
 716.000000  0.007324
 717.000000  0.009765
 718.000000  0.007324
 719.000000  0.009741
 720.000000  0.007349
 721.000000  0.009716
 722.000000  0.007324
 723.000000  0.009741
 724.000000  0.007324
 725.000000  0.009741
 726.000000  0.007349
 727.000000  0.009741
 728.000000  0.007324
 729.000000  0.007251
 730.000000  0.007324
 731.000000  0.009716
 732.000000  0.007324
 733.000000  0.009716
 734.000000  0.009765
 735.000000  0.009765
 736.000000  0.007324
 737.000000  0.009765
 738.000000  0.007324
 739.000000  0.009692
 740.000000  0.007324
 741.000000  0.009692
 742.000000  0.007324
 743.000000  0.007227
 744.000000  0.007324
 745.000000  0.009716
 746.000000  0.007300
 747.000000  0.006934
 748.000000  0.007324
 749.000000  0.009545
 750.000000  0.007324
 751.000000  0.009619
 752.000000  0.009741
 753.000000  0.009570
 754.000000  0.007324
 755.000000  0.009497
 756.000000  0.007349
 757.000000  0.009423
 758.000000  0.007300
 759.000000  0.006836
 760.000000  0.007373
 761.000000  0.009301
 762.000000  0.007300
 763.000000  0.009130
 764.000000  0.007275
 765.000000  0.009033
 766.000000  0.007251
 767.000000  0.006714
 768.000000  0.007324
 769.000000  0.009301
 770.000000  0.007373
 771.000000  0.009057
 772.000000  0.007227
 773.000000  0.008911
 774.000000  0.009765
 775.000000  0.008911
 776.000000  0.009692
 777.000000  0.008935
 778.000000  0.007202
 779.000000  0.006665
 780.000000  0.007178
 781.000000  0.006470
 782.000000  0.009594
 783.000000  0.008764
 784.000000  0.007080
 785.000000  0.008764
 786.000000  0.007202
 787.000000  0.008837
 788.000000  0.009716
 789.000000  0.008764
 790.000000  0.007153
 791.000000  0.008471
 792.000000  0.007178
 793.000000  0.008789
 794.000000  0.007275
 795.000000  0.008789
 796.000000  0.007275
 797.000000  0.008471
 798.000000  0.007227
 799.000000  0.008886
 800.000000  0.007275
 801.000000  0.008667
 802.000000  0.009765
 803.000000  0.008569
 804.000000  0.007275
 805.000000  0.008715
 806.000000  0.007178
 807.000000  0.008471
 808.000000  0.009765
 809.000000  0.005957
 810.000000  0.007275
 811.000000  0.006226
 812.000000  0.007300
 813.000000  0.006103
 814.000000  0.007227
 815.000000  0.008447
 816.000000  0.007129
 817.000000  0.008056
 818.000000  0.007324
 819.000000  0.008349
 820.000000  0.007202
 821.000000  0.008471
 822.000000  0.007153
 823.000000  0.008496
 824.000000  0.009692
 825.000000  0.008081
 826.000000  0.007251
 827.000000  0.008300
 828.000000  0.007227
 829.000000  0.008398
 830.000000  0.007275
 831.000000  0.008398
 832.000000  0.007202
 833.000000  0.008154
 834.000000  0.007251
 835.000000  0.008471
 836.000000  0.009716
 837.000000  0.008325
 838.000000  0.007202
 839.000000  0.008129
 840.000000  0.007251
 841.000000  0.007959
 842.000000  0.009741
 843.000000  0.008252
 844.000000  0.007227
 845.000000  0.006006
 846.000000  0.009521
 847.000000  0.008374
 848.000000  0.007251
 849.000000  0.008252
 850.000000  0.007275
 851.000000  0.008227
 852.000000  0.007275
 853.000000  0.005615
 854.000000  0.009716
 855.000000  0.008105
 856.000000  0.007227
 857.000000  0.005688
 858.000000  0.007227
 859.000000  0.005493
 860.000000  0.009668
 861.000000  0.007885
 862.000000  0.007056
 863.000000  0.005469
 864.000000  0.007080
 865.000000  0.007983
 866.000000  0.009643
 867.000000  0.005859
 868.000000  0.007227
 869.000000  0.008056
 870.000000  0.007202
 871.000000  0.008105
 872.000000  0.007202
 873.000000  0.008154
 874.000000  0.007251
 875.000000  0.008105
 876.000000  0.007056
 877.000000  0.005640
 878.000000  0.007251
 879.000000  0.005566
 880.000000  0.007202
 881.000000  0.008227
 882.000000  0.007178
 883.000000  0.008007
 884.000000  0.007202
 885.000000  0.008081
 886.000000  0.007178
 887.000000  0.005518
 888.000000  0.007227
 889.000000  0.007812
 890.000000  0.007153
 891.000000  0.008105
 892.000000  0.007202
 893.000000  0.008203
 894.000000  0.007153
 895.000000  0.008227
 896.000000  0.007080
 897.000000  0.008447
 898.000000  0.006934
 899.000000  0.007885
 900.000000  0.007202
 901.000000  0.008081
 902.000000  0.009594
 903.000000  0.007959
 904.000000  0.007178
 905.000000  0.007812
 906.000000  0.009472
 907.000000  0.007836
 908.000000  0.009570
 909.000000  0.008081
 910.000000  0.007129
 911.000000  0.007983
 912.000000  0.006811
 913.000000  0.007788
 914.000000  0.006836
 915.000000  0.007959
 916.000000  0.006689
 917.000000  0.008105
 918.000000  0.009399
 919.000000  0.008032
 920.000000  0.009521
 921.000000  0.008032
 922.000000  0.007031
 923.000000  0.007788
 924.000000  0.006860
 925.000000  0.007959
 926.000000  0.007031
 927.000000  0.008203
 928.000000  0.006982
 929.000000  0.007959
 930.000000  0.006811
 931.000000  0.007983
 932.000000  0.006787
 933.000000  0.008300
 934.000000  0.007007
 935.000000  0.007959
 936.000000  0.006982
 937.000000  0.007959
 938.000000  0.007080
 939.000000  0.007861
 940.000000  0.007007
 941.000000  0.008178
 942.000000  0.006836
 943.000000  0.007959
 944.000000  0.006714
 945.000000  0.005786
 946.000000  0.009326
 947.000000  0.008081
 948.000000  0.006982
 949.000000  0.008154
 950.000000  0.009326
 951.000000  0.008325
 952.000000  0.007153
 953.000000  0.008154
 954.000000  0.007202
 955.000000  0.008056
 956.000000  0.007227
 957.000000  0.007983
 958.000000  0.006860
 959.000000  0.005493
 960.000000  0.007080
 961.000000  0.005469
 962.000000  0.009497
 963.000000  0.005688
 964.000000  0.007031
 965.000000  0.008300
 966.000000  0.007080
 967.000000  0.007812
 968.000000  0.007080
 969.000000  0.007885
 970.000000  0.009448
 971.000000  0.007861
 972.000000  0.007178
 973.000000  0.007861
 974.000000  0.007104
 975.000000  0.008154
 976.000000  0.006982
 977.000000  0.007885
 978.000000  0.007007
 979.000000  0.007959
 980.000000  0.007178
 981.000000  0.007983
 982.000000  0.007031
 983.000000  0.005615
 984.000000  0.007080
 985.000000  0.007934
 986.000000  0.006934
 987.000000  0.007885
 988.000000  0.009643
 989.000000  0.007666
 990.000000  0.007129
 991.000000  0.007836
 992.000000  0.007178
 993.000000  0.007885
 994.000000  0.007056
 995.000000  0.007788
 996.000000  0.006885
 997.000000  0.008007
 998.000000  0.009350
 999.000000  0.007763
 1000.000000  0.009594
 1001.000000  0.007666
 1002.000000  0.007178
 1003.000000  0.007763
 1004.000000  0.007129
 1005.000000  0.007592
 1006.000000  0.007056
 1007.000000  0.007690
 1008.000000  0.007080
 1009.000000  0.007910
 1010.000000  0.007104
 1011.000000  0.008032
 1012.000000  0.007080
 1013.000000  0.007763
 1014.000000  0.006787
 1015.000000  0.007617
 1016.000000  0.007080
 1017.000000  0.008007
 1018.000000  0.007007
 1019.000000  0.007666
 1020.000000  0.007031
 1021.000000  0.007446
 1022.000000  0.006982
 1023.000000  0.007934
