 0.000000  0.007349
 1.000000  0.007202
 2.000000  0.007324
 3.000000  0.007202
 4.000000  0.007324
 5.000000  0.007275
 6.000000  0.007324
 7.000000  0.007300
 8.000000  0.007324
 9.000000  0.007300
 10.000000  0.007324
 11.000000  0.007275
 12.000000  0.007324
 13.000000  0.007251
 14.000000  0.007324
 15.000000  0.007275
 16.000000  0.007324
 17.000000  0.007202
 18.000000  0.007324
 19.000000  0.007300
 20.000000  0.007324
 21.000000  0.007300
 22.000000  0.007324
 23.000000  0.007251
 24.000000  0.007324
 25.000000  0.007275
 26.000000  0.007324
 27.000000  0.009716
 28.000000  0.007324
 29.000000  0.007300
 30.000000  0.007324
 31.000000  0.007227
 32.000000  0.007349
 33.000000  0.007300
 34.000000  0.007324
 35.000000  0.007324
 36.000000  0.007349
 37.000000  0.007300
 38.000000  0.007324
 39.000000  0.009716
 40.000000  0.007349
 41.000000  0.007275
 42.000000  0.007324
 43.000000  0.007202
 44.000000  0.007324
 45.000000  0.007227
 46.000000  0.007324
 47.000000  0.007227
 48.000000  0.007324
 49.000000  0.007324
 50.000000  0.007324
 51.000000  0.007300
 52.000000  0.007324
 53.000000  0.007178
 54.000000  0.007324
 55.000000  0.007324
 56.000000  0.007324
 57.000000  0.007202
 58.000000  0.007324
 59.000000  0.009668
 60.000000  0.007324
 61.000000  0.009692
 62.000000  0.007324
 63.000000  0.007300
 64.000000  0.007324
 65.000000  0.007251
 66.000000  0.007324
 67.000000  0.009643
 68.000000  0.007324
 69.000000  0.007202
 70.000000  0.007324
 71.000000  0.007275
 72.000000  0.007324
 73.000000  0.007300
 74.000000  0.007324
 75.000000  0.007202
 76.000000  0.007324
 77.000000  0.007202
 78.000000  0.007324
 79.000000  0.007324
 80.000000  0.007324
 81.000000  0.007275
 82.000000  0.007324
 83.000000  0.007251
 84.000000  0.007324
 85.000000  0.007300
 86.000000  0.007349
 87.000000  0.007251
 88.000000  0.007324
 89.000000  0.007275
 90.000000  0.007324
 91.000000  0.007300
 92.000000  0.007324
 93.000000  0.007300
 94.000000  0.007349
 95.000000  0.007104
 96.000000  0.007349
 97.000000  0.007178
 98.000000  0.007300
 99.000000  0.007104
 100.000000  0.007275
 101.000000  0.009472
 102.000000  0.007300
 103.000000  0.009643
 104.000000  0.007471
 105.000000  0.007202
 106.000000  0.007495
 107.000000  0.007056
 108.000000  0.007471
 109.000000  0.009375
 110.000000  0.007544
 111.000000  0.007178
 112.000000  0.007397
 113.000000  0.006860
 114.000000  0.007471
 115.000000  0.006860
 116.000000  0.007349
 117.000000  0.007031
 118.000000  0.007617
 119.000000  0.007031
 120.000000  0.007544
 121.000000  0.007056
 122.000000  0.007324
 123.000000  0.007007
 124.000000  0.007275
 125.000000  0.007202
 126.000000  0.007373
 127.000000  0.009545
 128.000000  0.007324
 129.000000  0.007251
 130.000000  0.007324
 131.000000  0.009692
 132.000000  0.007349
 133.000000  0.007153
 134.000000  0.007324
 135.000000  0.009619
 136.000000  0.007349
 137.000000  0.007104
 138.000000  0.007373
 139.000000  0.007129
 140.000000  0.007397
 141.000000  0.007080
 142.000000  0.007349
 143.000000  0.007275
 144.000000  0.007324
 145.000000  0.009643
 146.000000  0.007324
 147.000000  0.007178
 148.000000  0.007324
 149.000000  0.009643
 150.000000  0.007324
 151.000000  0.007080
 152.000000  0.007324
 153.000000  0.007178
 154.000000  0.007324
 155.000000  0.007275
 156.000000  0.007324
 157.000000  0.009594
 158.000000  0.007324
 159.000000  0.007178
 160.000000  0.007373
 161.000000  0.007178
 162.000000  0.007349
 163.000000  0.007202
 164.000000  0.007324
 165.000000  0.007178
 166.000000  0.007324
 167.000000  0.007324
 168.000000  0.007324
 169.000000  0.009643
 170.000000  0.007324
 171.000000  0.007251
 172.000000  0.007324
 173.000000  0.007202
 174.000000  0.007324
 175.000000  0.007202
 176.000000  0.007324
 177.000000  0.007153
 178.000000  0.007324
 179.000000  0.009668
 180.000000  0.007324
 181.000000  0.007275
 182.000000  0.007324
 183.000000  0.007251
 184.000000  0.007324
 185.000000  0.007300
 186.000000  0.007324
 187.000000  0.007275
 188.000000  0.007324
 189.000000  0.007227
 190.000000  0.007324
 191.000000  0.007129
 192.000000  0.007324
 193.000000  0.007202
 194.000000  0.007324
 195.000000  0.007251
 196.000000  0.009765
 197.000000  0.007275
 198.000000  0.007324
 199.000000  0.009668
 200.000000  0.007324
 201.000000  0.009619
 202.000000  0.007324
 203.000000  0.007227
 204.000000  0.007324
 205.000000  0.007275
 206.000000  0.007324
 207.000000  0.007275
 208.000000  0.007324
 209.000000  0.009692
 210.000000  0.007324
 211.000000  0.007251
 212.000000  0.007324
 213.000000  0.009692
 214.000000  0.007324
 215.000000  0.007275
 216.000000  0.007324
 217.000000  0.007275
 218.000000  0.007349
 219.000000  0.009765
 220.000000  0.007324
 221.000000  0.007202
 222.000000  0.007324
 223.000000  0.007300
 224.000000  0.007324
 225.000000  0.007275
 226.000000  0.007324
 227.000000  0.009594
 228.000000  0.007324
 229.000000  0.009570
 230.000000  0.007349
 231.000000  0.007178
 232.000000  0.007349
 233.000000  0.009716
 234.000000  0.007324
 235.000000  0.007324
 236.000000  0.007349
 237.000000  0.007275
 238.000000  0.007324
 239.000000  0.009643
 240.000000  0.007373
 241.000000  0.007227
 242.000000  0.007324
 243.000000  0.009545
 244.000000  0.007324
 245.000000  0.007275
 246.000000  0.007349
 247.000000  0.007251
 248.000000  0.007373
 249.000000  0.007251
 250.000000  0.007373
 251.000000  0.007178
 252.000000  0.007324
 253.000000  0.007227
 254.000000  0.007324
 255.000000  0.009716
 256.000000  0.007446
 257.000000  0.007202
 258.000000  0.007373
 259.000000  0.007251
 260.000000  0.007373
 261.000000  0.006934
 262.000000  0.007349
 263.000000  0.009375
 264.000000  0.007519
 265.000000  0.009423
 266.000000  0.007324
 267.000000  0.009545
 268.000000  0.007422
 269.000000  0.009545
 270.000000  0.007495
 271.000000  0.007056
 272.000000  0.007397
 273.000000  0.006909
 274.000000  0.007446
 275.000000  0.009448
 276.000000  0.007446
 277.000000  0.009472
 278.000000  0.007544
 279.000000  0.007324
 280.000000  0.007446
 281.000000  0.009668
 282.000000  0.007373
 283.000000  0.009619
 284.000000  0.007397
 285.000000  0.007202
 286.000000  0.007397
 287.000000  0.007275
 288.000000  0.007422
 289.000000  0.009741
 290.000000  0.007446
 291.000000  0.007300
 292.000000  0.007373
 293.000000  0.007300
 294.000000  0.007422
 295.000000  0.009741
 296.000000  0.007422
 297.000000  0.009765
 298.000000  0.007397
 299.000000  0.009716
 300.000000  0.007397
 301.000000  0.007275
 302.000000  0.007422
 303.000000  0.009765
 304.000000  0.007446
 305.000000  0.007324
 306.000000  0.007422
 307.000000  0.009741
 308.000000  0.007349
 309.000000  0.009765
 310.000000  0.007446
 311.000000  0.007324
 312.000000  0.007397
 313.000000  0.007324
 314.000000  0.007446
 315.000000  0.009716
 316.000000  0.007422
 317.000000  0.007324
 318.000000  0.007397
 319.000000  0.007300
 320.000000  0.007397
 321.000000  0.009765
 322.000000  0.007495
 323.000000  0.009765
 324.000000  0.007471
 325.000000  0.007324
 326.000000  0.007422
 327.000000  0.007324
 328.000000  0.007422
 329.000000  0.009765
 330.000000  0.007617
 331.000000  0.009765
 332.000000  0.007715
 333.000000  0.009765
 334.000000  0.007471
 335.000000  0.009765
 336.000000  0.007519
 337.000000  0.007324
 338.000000  0.007690
 339.000000  0.007324
 340.000000  0.007690
 341.000000  0.009765
 342.000000  0.010180
 343.000000  0.009790
 344.000000  0.007764
 345.000000  0.009765
 346.000000  0.007983
 347.000000  0.007324
 348.000000  0.007959
 349.000000  0.009765
 350.000000  0.007959
 351.000000  0.009790
 352.000000  0.008032
 353.000000  0.009790
 354.000000  0.008130
 355.000000  0.007349
 356.000000  0.008057
 357.000000  0.007324
 358.000000  0.008350
 359.000000  0.009790
 360.000000  0.008643
 361.000000  0.007324
 362.000000  0.008301
 363.000000  0.009765
 364.000000  0.008105
 365.000000  0.007324
 366.000000  0.008569
 367.000000  0.007349
 368.000000  0.008643
 369.000000  0.007349
 370.000000  0.008691
 371.000000  0.009814
 372.000000  0.008960
 373.000000  0.009814
 374.000000  0.008838
 375.000000  0.009790
 376.000000  0.009277
 377.000000  0.007373
 378.000000  0.009351
 379.000000  0.007495
 380.000000  0.009326
 381.000000  0.009936
 382.000000  0.009253
 383.000000  0.007544
 384.000000  0.009619
 385.000000  0.007568
 386.000000  0.009521
 387.000000  0.010156
 388.000000  0.009595
 389.000000  0.010278
 390.000000  0.009692
 391.000000  0.010400
 392.000000  0.009644
 393.000000  0.007764
 394.000000  0.009741
 395.000000  0.007910
 396.000000  0.009717
 397.000000  0.008374
 398.000000  0.009766
 399.000000  0.008130
 400.000000  0.009766
 401.000000  0.011010
 402.000000  0.009741
 403.000000  0.008960
 404.000000  0.009766
 405.000000  0.008960
 406.000000  0.009766
 407.000000  0.009399
 408.000000  0.009766
 409.000000  0.011499
 410.000000  0.009766
 411.000000  0.011645
 412.000000  0.009692
 413.000000  0.009204
 414.000000  0.009717
 415.000000  0.011718
 416.000000  0.009814
 417.000000  0.009546
 418.000000  0.009863
 419.000000  0.009326
 420.000000  0.009644
 421.000000  0.009302
 422.000000  0.009839
 423.000000  0.009570
 424.000000  0.009766
 425.000000  0.011792
 426.000000  0.009985
 427.000000  0.011938
 428.000000  0.009888
 429.000000  0.012109
 430.000000  0.010156
 431.000000  0.012231
 432.000000  0.010083
 433.000000  0.009790
 434.000000  0.010132
 435.000000  0.012207
 436.000000  0.009985
 437.000000  0.012255
 438.000000  0.010156
 439.000000  0.012207
 440.000000  0.010522
 441.000000  0.012353
 442.000000  0.010644
 443.000000  0.012304
 444.000000  0.011035
 445.000000  0.012670
 446.000000  0.011304
 447.000000  0.010156
 448.000000  0.011157
 449.000000  0.012841
 450.000000  0.011768
 451.000000  0.013085
 452.000000  0.011621
 453.000000  0.013330
 454.000000  0.012183
 455.000000  0.014135
 456.000000  0.012134
 457.000000  0.014184
 458.000000  0.012231
 459.000000  0.014477
 460.000000  0.012231
 461.000000  0.014575
 462.000000  0.012231
 463.000000  0.014575
 464.000000  0.012329
 465.000000  0.014599
 466.000000  0.012280
 467.000000  0.012207
 468.000000  0.012573
 469.000000  0.012207
 470.000000  0.012451
 471.000000  0.014648
 472.000000  0.013208
 473.000000  0.012231
 474.000000  0.013867
 475.000000  0.014819
 476.000000  0.014209
 477.000000  0.013208
 478.000000  0.014575
 479.000000  0.014941
 480.000000  0.014258
 481.000000  0.015136
 482.000000  0.014624
 483.000000  0.013843
 484.000000  0.014648
 485.000000  0.016992
 486.000000  0.014648
 487.000000  0.014600
 488.000000  0.014648
 489.000000  0.014648
 490.000000  0.014648
 491.000000  0.017089
 492.000000  0.014648
 493.000000  0.017089
 494.000000  0.014648
 495.000000  0.017089
 496.000000  0.015625
 497.000000  0.014648
 498.000000  0.014697
 499.000000  0.017089
 500.000000  0.016577
 501.000000  0.017187
 502.000000  0.015771
 503.000000  0.017089
 504.000000  0.016724
 505.000000  0.018042
 506.000000  0.016943
 507.000000  0.014697
 508.000000  0.017065
 509.000000  0.016235
 510.000000  0.017114
 511.000000  0.018896
 512.000000  0.017065
 513.000000  0.016577
 514.000000  0.017139
 515.000000  0.017090
 516.000000  0.017090
 517.000000  0.016479
 518.000000  0.017090
 519.000000  0.017627
 520.000000  0.018188
 521.000000  0.017090
 522.000000  0.017456
 523.000000  0.021972
 524.000000  0.021973
 525.000000  0.021923
 526.000000  0.019360
 527.000000  0.021972
 528.000000  0.024121
 529.000000  0.026879
 530.000000  0.021973
 531.000000  0.024511
 532.000000  0.038135
 533.000000  0.080176
 534.000000  0.053979
 535.000000  0.021973
 536.000000  0.021948
 537.000000  0.036132
 538.000000  0.058862
 539.000000  0.041479
 540.000000  0.020874
 541.000000  0.021973
 542.000000  0.043799
 543.000000  0.069214
 544.000000  0.040088
 545.000000  0.019531
 546.000000  0.022021
 547.000000  0.046997
 548.000000  0.083008
 549.000000  0.039184
 550.000000  0.019531
 551.000000  0.023706
 552.000000  0.035596
 553.000000  0.042261
 554.000000  0.023535
 555.000000  0.024390
 556.000000  0.070752
 557.000000  0.284839
 558.000000  0.267993
 559.000000  0.032348
 560.000000  0.019775
 561.000000  0.021875
 562.000000  0.031128
 563.000000  0.024462
 564.000000  0.017139
 565.000000  0.019531
 566.000000  0.019214
 567.000000  0.022021
 568.000000  0.017920
 569.000000  0.019409
 570.000000  0.017212
 571.000000  0.019580
 572.000000  0.017578
 573.000000  0.018432
 574.000000  0.016455
 575.000000  0.017993
 576.000000  0.017432
 577.000000  0.018920
 578.000000  0.016699
 579.000000  0.017553
 580.000000  0.016821
 581.000000  0.015771
 582.000000  0.016186
 583.000000  0.017163
 584.000000  0.015405
 585.000000  0.017358
 586.000000  0.015478
 587.000000  0.017065
 588.000000  0.014990
 589.000000  0.014600
 590.000000  0.015332
 591.000000  0.017138
 592.000000  0.014722
 593.000000  0.014233
 594.000000  0.014673
 595.000000  0.017041
 596.000000  0.014648
 597.000000  0.016479
 598.000000  0.014575
 599.000000  0.016040
 600.000000  0.014258
 601.000000  0.015258
 602.000000  0.014478
 603.000000  0.015576
 604.000000  0.014502
 605.000000  0.015625
 606.000000  0.013892
 607.000000  0.014794
 608.000000  0.013745
 609.000000  0.014917
 610.000000  0.013818
 611.000000  0.014770
 612.000000  0.015185
 613.000000  0.014648
 614.000000  0.015185
 615.000000  0.014721
 616.000000  0.012329
 617.000000  0.012183
 618.000000  0.012329
 619.000000  0.014648
 620.000000  0.012378
 621.000000  0.014599
 622.000000  0.012207
 623.000000  0.014599
 624.000000  0.014648
 625.000000  0.014526
 626.000000  0.012207
 627.000000  0.014257
 628.000000  0.012207
 629.000000  0.014013
 630.000000  0.012134
 631.000000  0.013623
 632.000000  0.011938
 633.000000  0.013574
 634.000000  0.011841
 635.000000  0.012915
 636.000000  0.010986
 637.000000  0.009888
 638.000000  0.010718
 639.000000  0.012280
 640.000000  0.010913
 641.000000  0.012231
 642.000000  0.010327
 643.000000  0.009766
 644.000000  0.012304
 645.000000  0.012207
 646.000000  0.012329
 647.000000  0.012207
 648.000000  0.009912
 649.000000  0.009741
 650.000000  0.009790
 651.000000  0.009766
 652.000000  0.009790
 653.000000  0.009766
 654.000000  0.009766
 655.000000  0.012207
 656.000000  0.009766
 657.000000  0.012182
 658.000000  0.009766
 659.000000  0.009668
 660.000000  0.009766
 661.000000  0.012060
 662.000000  0.009766
 663.000000  0.012036
 664.000000  0.012207
 665.000000  0.012085
 666.000000  0.012207
 667.000000  0.011743
 668.000000  0.009766
 669.000000  0.009302
 670.000000  0.009766
 671.000000  0.009106
 672.000000  0.009766
 673.000000  0.011547
 674.000000  0.012182
 675.000000  0.011181
 676.000000  0.009766
 677.000000  0.010693
 678.000000  0.009717
 679.000000  0.010498
 680.000000  0.009644
 681.000000  0.007886
 682.000000  0.009741
 683.000000  0.010229
 684.000000  0.009692
 685.000000  0.010278
 686.000000  0.009521
 687.000000  0.007910
 688.000000  0.012036
 689.000000  0.007495
 690.000000  0.011987
 691.000000  0.009887
 692.000000  0.009326
 693.000000  0.009912
 694.000000  0.009473
 695.000000  0.009936
 696.000000  0.011377
 697.000000  0.009814
 698.000000  0.009009
 699.000000  0.009765
 700.000000  0.008862
 701.000000  0.007422
 702.000000  0.008520
 703.000000  0.007349
 704.000000  0.011132
 705.000000  0.009790
 706.000000  0.008203
 707.000000  0.007373
 708.000000  0.008545
 709.000000  0.009765
 710.000000  0.008081
 711.000000  0.009765
 712.000000  0.008203
 713.000000  0.009765
 714.000000  0.007959
 715.000000  0.009790
 716.000000  0.008057
 717.000000  0.009765
 718.000000  0.008081
 719.000000  0.009790
 720.000000  0.007983
 721.000000  0.009765
 722.000000  0.007910
 723.000000  0.009790
 724.000000  0.007861
 725.000000  0.009692
 726.000000  0.007886
 727.000000  0.009716
 728.000000  0.007837
 729.000000  0.007495
 730.000000  0.007983
 731.000000  0.009790
 732.000000  0.007812
 733.000000  0.009643
 734.000000  0.010351
 735.000000  0.009790
 736.000000  0.007642
 737.000000  0.009765
 738.000000  0.007739
 739.000000  0.009643
 740.000000  0.007715
 741.000000  0.009668
 742.000000  0.007739
 743.000000  0.007373
 744.000000  0.007690
 745.000000  0.009814
 746.000000  0.007544
 747.000000  0.007202
 748.000000  0.007422
 749.000000  0.009741
 750.000000  0.007422
 751.000000  0.009716
 752.000000  0.009887
 753.000000  0.009741
 754.000000  0.007373
 755.000000  0.009716
 756.000000  0.007422
 757.000000  0.009716
 758.000000  0.007349
 759.000000  0.007300
 760.000000  0.007373
 761.000000  0.009716
 762.000000  0.007324
 763.000000  0.009741
 764.000000  0.007397
 765.000000  0.009668
 766.000000  0.007324
 767.000000  0.007251
 768.000000  0.007324
 769.000000  0.009692
 770.000000  0.007349
 771.000000  0.009594
 772.000000  0.007324
 773.000000  0.009545
 774.000000  0.009765
 775.000000  0.009619
 776.000000  0.009765
 777.000000  0.009594
 778.000000  0.007324
 779.000000  0.007104
 780.000000  0.007300
 781.000000  0.007056
 782.000000  0.009765
 783.000000  0.009423
 784.000000  0.007324
 785.000000  0.009497
 786.000000  0.007324
 787.000000  0.009326
 788.000000  0.009765
 789.000000  0.009521
 790.000000  0.007324
 791.000000  0.009399
 792.000000  0.007324
 793.000000  0.009375
 794.000000  0.007324
 795.000000  0.009545
 796.000000  0.007324
 797.000000  0.009521
 798.000000  0.007324
 799.000000  0.009326
 800.000000  0.007300
 801.000000  0.009106
 802.000000  0.009765
 803.000000  0.009326
 804.000000  0.007324
 805.000000  0.009252
 806.000000  0.007324
 807.000000  0.009326
 808.000000  0.009765
 809.000000  0.006860
 810.000000  0.007324
 811.000000  0.006836
 812.000000  0.007324
 813.000000  0.006372
 814.000000  0.007324
 815.000000  0.009252
 816.000000  0.007324
 817.000000  0.008813
 818.000000  0.007324
 819.000000  0.009130
 820.000000  0.007324
 821.000000  0.009155
 822.000000  0.007300
 823.000000  0.009033
 824.000000  0.009765
 825.000000  0.008984
 826.000000  0.007324
 827.000000  0.008960
 828.000000  0.007300
 829.000000  0.008715
 830.000000  0.007324
 831.000000  0.008837
 832.000000  0.007300
 833.000000  0.008984
 834.000000  0.007324
 835.000000  0.008764
 836.000000  0.009765
 837.000000  0.008935
 838.000000  0.007324
 839.000000  0.008398
 840.000000  0.007275
 841.000000  0.008544
 842.000000  0.009765
 843.000000  0.008789
 844.000000  0.007300
 845.000000  0.006519
 846.000000  0.009765
 847.000000  0.008886
 848.000000  0.007324
 849.000000  0.008642
 850.000000  0.007275
 851.000000  0.008764
 852.000000  0.007324
 853.000000  0.006030
 854.000000  0.009765
 855.000000  0.008374
 856.000000  0.007251
 857.000000  0.006226
 858.000000  0.007275
 859.000000  0.006103
 860.000000  0.009741
 861.000000  0.008349
 862.000000  0.007275
 863.000000  0.006030
 864.000000  0.007178
 865.000000  0.008642
 866.000000  0.009692
 867.000000  0.006201
 868.000000  0.007275
 869.000000  0.008544
 870.000000  0.007275
 871.000000  0.008471
 872.000000  0.007300
 873.000000  0.008398
 874.000000  0.007153
 875.000000  0.008471
 876.000000  0.007251
 877.000000  0.005908
 878.000000  0.007251
 879.000000  0.005884
 880.000000  0.007251
 881.000000  0.008789
 882.000000  0.007056
 883.000000  0.008447
 884.000000  0.007129
 885.000000  0.008252
 886.000000  0.007104
 887.000000  0.005859
 888.000000  0.006982
 889.000000  0.008252
 890.000000  0.007031
 891.000000  0.008325
 892.000000  0.006982
 893.000000  0.008569
 894.000000  0.007056
 895.000000  0.008642
 896.000000  0.007104
 897.000000  0.008569
 898.000000  0.006934
 899.000000  0.008276
 900.000000  0.006909
 901.000000  0.008447
 902.000000  0.009375
 903.000000  0.008349
 904.000000  0.007300
 905.000000  0.008544
 906.000000  0.009643
 907.000000  0.008154
 908.000000  0.009668
 909.000000  0.008300
 910.000000  0.007202
 911.000000  0.008154
 912.000000  0.007007
 913.000000  0.008178
 914.000000  0.007007
 915.000000  0.008325
 916.000000  0.007104
 917.000000  0.008276
 918.000000  0.009668
 919.000000  0.008227
 920.000000  0.009741
 921.000000  0.008178
 922.000000  0.007227
 923.000000  0.008203
 924.000000  0.007129
 925.000000  0.008252
 926.000000  0.007251
 927.000000  0.008203
 928.000000  0.007251
 929.000000  0.008178
 930.000000  0.007104
 931.000000  0.008154
 932.000000  0.007178
 933.000000  0.008740
 934.000000  0.007227
 935.000000  0.008081
 936.000000  0.007251
 937.000000  0.008081
 938.000000  0.007275
 939.000000  0.007959
 940.000000  0.007275
 941.000000  0.008227
 942.000000  0.007227
 943.000000  0.008154
 944.000000  0.007178
 945.000000  0.005908
 946.000000  0.009668
 947.000000  0.008252
 948.000000  0.007275
 949.000000  0.008154
 950.000000  0.009570
 951.000000  0.008447
 952.000000  0.007300
 953.000000  0.008154
 954.000000  0.007202
 955.000000  0.008203
 956.000000  0.007300
 957.000000  0.008154
 958.000000  0.007275
 959.000000  0.005640
 960.000000  0.007251
 961.000000  0.005444
 962.000000  0.009692
 963.000000  0.005957
 964.000000  0.007251
 965.000000  0.008276
 966.000000  0.007275
 967.000000  0.008105
 968.000000  0.007275
 969.000000  0.008056
 970.000000  0.009643
 971.000000  0.008276
 972.000000  0.007300
 973.000000  0.008056
 974.000000  0.007251
 975.000000  0.008154
 976.000000  0.007227
 977.000000  0.008227
 978.000000  0.007275
 979.000000  0.007983
 980.000000  0.007251
 981.000000  0.008374
 982.000000  0.007202
 983.000000  0.005835
 984.000000  0.007178
 985.000000  0.008374
 986.000000  0.007227
 987.000000  0.007861
 988.000000  0.009716
 989.000000  0.007910
 990.000000  0.007251
 991.000000  0.007788
 992.000000  0.007275
 993.000000  0.008056
 994.000000  0.007178
 995.000000  0.008154
 996.000000  0.007031
 997.000000  0.007983
 998.000000  0.009448
 999.000000  0.008129
 1000.000000  0.009643
 1001.000000  0.007885
 1002.000000  0.007275
 1003.000000  0.008007
 1004.000000  0.007080
 1005.000000  0.007959
 1006.000000  0.007300
 1007.000000  0.007910
 1008.000000  0.007202
 1009.000000  0.008032
 1010.000000  0.007178
 1011.000000  0.007910
 1012.000000  0.007178
 1013.000000  0.007885
 1014.000000  0.006982
 1015.000000  0.007910
 1016.000000  0.007129
 1017.000000  0.008032
 1018.000000  0.007178
 1019.000000  0.007934
 1020.000000  0.007178
 1021.000000  0.007690
 1022.000000  0.006958
 1023.000000  0.008007
