 0.000000  0.007349
 1.000000  0.006958
 2.000000  0.007300
 3.000000  0.007007
 4.000000  0.007349
 5.000000  0.006860
 6.000000  0.007349
 7.000000  0.006811
 8.000000  0.007324
 9.000000  0.006860
 10.000000  0.007349
 11.000000  0.006958
 12.000000  0.007373
 13.000000  0.007007
 14.000000  0.007397
 15.000000  0.006860
 16.000000  0.007324
 17.000000  0.006641
 18.000000  0.007373
 19.000000  0.007007
 20.000000  0.007275
 21.000000  0.006982
 22.000000  0.007324
 23.000000  0.007129
 24.000000  0.007349
 25.000000  0.007007
 26.000000  0.007422
 27.000000  0.009521
 28.000000  0.007349
 29.000000  0.007153
 30.000000  0.007324
 31.000000  0.007104
 32.000000  0.007324
 33.000000  0.007080
 34.000000  0.007373
 35.000000  0.007129
 36.000000  0.007324
 37.000000  0.006934
 38.000000  0.007324
 39.000000  0.009619
 40.000000  0.007349
 41.000000  0.007031
 42.000000  0.007324
 43.000000  0.007007
 44.000000  0.007324
 45.000000  0.006958
 46.000000  0.007349
 47.000000  0.006982
 48.000000  0.007349
 49.000000  0.007007
 50.000000  0.007324
 51.000000  0.007104
 52.000000  0.007324
 53.000000  0.007031
 54.000000  0.007324
 55.000000  0.006958
 56.000000  0.007324
 57.000000  0.006982
 58.000000  0.007324
 59.000000  0.009277
 60.000000  0.007324
 61.000000  0.009497
 62.000000  0.007324
 63.000000  0.007056
 64.000000  0.007324
 65.000000  0.007056
 66.000000  0.007324
 67.000000  0.009497
 68.000000  0.007324
 69.000000  0.006958
 70.000000  0.007324
 71.000000  0.007007
 72.000000  0.007324
 73.000000  0.007178
 74.000000  0.007324
 75.000000  0.007104
 76.000000  0.007324
 77.000000  0.007080
 78.000000  0.007324
 79.000000  0.007275
 80.000000  0.007324
 81.000000  0.007080
 82.000000  0.007324
 83.000000  0.007007
 84.000000  0.007324
 85.000000  0.007007
 86.000000  0.007324
 87.000000  0.007104
 88.000000  0.007324
 89.000000  0.007056
 90.000000  0.007324
 91.000000  0.007104
 92.000000  0.007324
 93.000000  0.007153
 94.000000  0.007324
 95.000000  0.007080
 96.000000  0.007324
 97.000000  0.006982
 98.000000  0.007324
 99.000000  0.007129
 100.000000  0.007324
 101.000000  0.009570
 102.000000  0.007324
 103.000000  0.009448
 104.000000  0.007324
 105.000000  0.007080
 106.000000  0.007324
 107.000000  0.007080
 108.000000  0.007324
 109.000000  0.009570
 110.000000  0.007324
 111.000000  0.007104
 112.000000  0.007324
 113.000000  0.007104
 114.000000  0.007324
 115.000000  0.006958
 116.000000  0.007324
 117.000000  0.007153
 118.000000  0.007324
 119.000000  0.006885
 120.000000  0.007324
 121.000000  0.007056
 122.000000  0.007324
 123.000000  0.007007
 124.000000  0.007324
 125.000000  0.007129
 126.000000  0.007324
 127.000000  0.009497
 128.000000  0.007324
 129.000000  0.007007
 130.000000  0.007324
 131.000000  0.009350
 132.000000  0.007324
 133.000000  0.007007
 134.000000  0.007324
 135.000000  0.009570
 136.000000  0.007324
 137.000000  0.006982
 138.000000  0.007324
 139.000000  0.007031
 140.000000  0.007324
 141.000000  0.006958
 142.000000  0.007324
 143.000000  0.007080
 144.000000  0.007275
 145.000000  0.009472
 146.000000  0.007324
 147.000000  0.006934
 148.000000  0.007373
 149.000000  0.009399
 150.000000  0.007300
 151.000000  0.006714
 152.000000  0.007275
 153.000000  0.006958
 154.000000  0.007324
 155.000000  0.006860
 156.000000  0.007324
 157.000000  0.009277
 158.000000  0.007275
 159.000000  0.006811
 160.000000  0.007300
 161.000000  0.006763
 162.000000  0.007300
 163.000000  0.006836
 164.000000  0.007227
 165.000000  0.007031
 166.000000  0.007275
 167.000000  0.006714
 168.000000  0.007324
 169.000000  0.009082
 170.000000  0.007324
 171.000000  0.006494
 172.000000  0.007227
 173.000000  0.006641
 174.000000  0.007300
 175.000000  0.006665
 176.000000  0.007324
 177.000000  0.006567
 178.000000  0.007324
 179.000000  0.009008
 180.000000  0.007300
 181.000000  0.006641
 182.000000  0.007300
 183.000000  0.006787
 184.000000  0.007324
 185.000000  0.007104
 186.000000  0.007324
 187.000000  0.006689
 188.000000  0.007275
 189.000000  0.006714
 190.000000  0.007349
 191.000000  0.006543
 192.000000  0.007300
 193.000000  0.006763
 194.000000  0.007349
 195.000000  0.006714
 196.000000  0.009741
 197.000000  0.006665
 198.000000  0.007324
 199.000000  0.009179
 200.000000  0.007324
 201.000000  0.009252
 202.000000  0.007324
 203.000000  0.006811
 204.000000  0.007300
 205.000000  0.006567
 206.000000  0.007349
 207.000000  0.006470
 208.000000  0.007324
 209.000000  0.008984
 210.000000  0.007324
 211.000000  0.006616
 212.000000  0.007324
 213.000000  0.009350
 214.000000  0.007324
 215.000000  0.006836
 216.000000  0.007324
 217.000000  0.006641
 218.000000  0.007300
 219.000000  0.009179
 220.000000  0.007324
 221.000000  0.006738
 222.000000  0.007324
 223.000000  0.006787
 224.000000  0.007324
 225.000000  0.006641
 226.000000  0.007324
 227.000000  0.008862
 228.000000  0.007324
 229.000000  0.009130
 230.000000  0.007324
 231.000000  0.006616
 232.000000  0.007324
 233.000000  0.009155
 234.000000  0.007324
 235.000000  0.006763
 236.000000  0.007324
 237.000000  0.006616
 238.000000  0.007300
 239.000000  0.008886
 240.000000  0.007324
 241.000000  0.006665
 242.000000  0.007324
 243.000000  0.009228
 244.000000  0.007324
 245.000000  0.006836
 246.000000  0.007324
 247.000000  0.006665
 248.000000  0.007324
 249.000000  0.006665
 250.000000  0.007300
 251.000000  0.006860
 252.000000  0.007324
 253.000000  0.006738
 254.000000  0.007324
 255.000000  0.009375
 256.000000  0.007324
 257.000000  0.006763
 258.000000  0.007324
 259.000000  0.006787
 260.000000  0.007324
 261.000000  0.006763
 262.000000  0.007324
 263.000000  0.009277
 264.000000  0.007300
 265.000000  0.009155
 266.000000  0.007300
 267.000000  0.009301
 268.000000  0.007324
 269.000000  0.009252
 270.000000  0.007324
 271.000000  0.006543
 272.000000  0.007324
 273.000000  0.006738
 274.000000  0.007324
 275.000000  0.009204
 276.000000  0.007324
 277.000000  0.009057
 278.000000  0.007324
 279.000000  0.006982
 280.000000  0.007324
 281.000000  0.008984
 282.000000  0.007324
 283.000000  0.009228
 284.000000  0.007300
 285.000000  0.006689
 286.000000  0.007324
 287.000000  0.006885
 288.000000  0.007324
 289.000000  0.009497
 290.000000  0.007324
 291.000000  0.006714
 292.000000  0.007324
 293.000000  0.006592
 294.000000  0.007324
 295.000000  0.009204
 296.000000  0.007324
 297.000000  0.009082
 298.000000  0.007324
 299.000000  0.009326
 300.000000  0.007300
 301.000000  0.006714
 302.000000  0.007349
 303.000000  0.009301
 304.000000  0.007251
 305.000000  0.006860
 306.000000  0.007300
 307.000000  0.009301
 308.000000  0.007324
 309.000000  0.009204
 310.000000  0.007324
 311.000000  0.006763
 312.000000  0.007251
 313.000000  0.007104
 314.000000  0.007324
 315.000000  0.009375
 316.000000  0.007251
 317.000000  0.006934
 318.000000  0.007275
 319.000000  0.006787
 320.000000  0.007202
 321.000000  0.009423
 322.000000  0.007275
 323.000000  0.009350
 324.000000  0.007349
 325.000000  0.006616
 326.000000  0.007251
 327.000000  0.006787
 328.000000  0.007300
 329.000000  0.009057
 330.000000  0.007300
 331.000000  0.009252
 332.000000  0.007324
 333.000000  0.009423
 334.000000  0.007300
 335.000000  0.009594
 336.000000  0.007324
 337.000000  0.007104
 338.000000  0.007349
 339.000000  0.007153
 340.000000  0.007300
 341.000000  0.009643
 342.000000  0.009765
 343.000000  0.009448
 344.000000  0.007324
 345.000000  0.009668
 346.000000  0.007324
 347.000000  0.007104
 348.000000  0.007300
 349.000000  0.009545
 350.000000  0.007349
 351.000000  0.009594
 352.000000  0.007373
 353.000000  0.009692
 354.000000  0.007349
 355.000000  0.007227
 356.000000  0.007324
 357.000000  0.007153
 358.000000  0.007349
 359.000000  0.009643
 360.000000  0.007324
 361.000000  0.007153
 362.000000  0.007300
 363.000000  0.009570
 364.000000  0.007324
 365.000000  0.007178
 366.000000  0.007324
 367.000000  0.007324
 368.000000  0.007373
 369.000000  0.007275
 370.000000  0.007324
 371.000000  0.009741
 372.000000  0.007324
 373.000000  0.009716
 374.000000  0.007349
 375.000000  0.009741
 376.000000  0.007324
 377.000000  0.007324
 378.000000  0.007349
 379.000000  0.007275
 380.000000  0.007324
 381.000000  0.009741
 382.000000  0.007324
 383.000000  0.007324
 384.000000  0.007373
 385.000000  0.007324
 386.000000  0.007373
 387.000000  0.009765
 388.000000  0.007324
 389.000000  0.009765
 390.000000  0.007373
 391.000000  0.009765
 392.000000  0.007324
 393.000000  0.007324
 394.000000  0.007324
 395.000000  0.007324
 396.000000  0.007397
 397.000000  0.007324
 398.000000  0.007349
 399.000000  0.007324
 400.000000  0.007446
 401.000000  0.009765
 402.000000  0.007373
 403.000000  0.007324
 404.000000  0.007324
 405.000000  0.007324
 406.000000  0.007373
 407.000000  0.007324
 408.000000  0.007422
 409.000000  0.009765
 410.000000  0.007593
 411.000000  0.009765
 412.000000  0.007373
 413.000000  0.007324
 414.000000  0.007544
 415.000000  0.009765
 416.000000  0.007422
 417.000000  0.007324
 418.000000  0.007593
 419.000000  0.007324
 420.000000  0.007495
 421.000000  0.007324
 422.000000  0.007666
 423.000000  0.007324
 424.000000  0.007446
 425.000000  0.009765
 426.000000  0.007519
 427.000000  0.009765
 428.000000  0.007568
 429.000000  0.009765
 430.000000  0.007788
 431.000000  0.009765
 432.000000  0.008008
 433.000000  0.007324
 434.000000  0.007544
 435.000000  0.009765
 436.000000  0.007788
 437.000000  0.009765
 438.000000  0.008179
 439.000000  0.009814
 440.000000  0.008252
 441.000000  0.009765
 442.000000  0.008520
 443.000000  0.009765
 444.000000  0.008081
 445.000000  0.009765
 446.000000  0.008789
 447.000000  0.007373
 448.000000  0.008203
 449.000000  0.009814
 450.000000  0.008643
 451.000000  0.009936
 452.000000  0.008276
 453.000000  0.009814
 454.000000  0.008911
 455.000000  0.009936
 456.000000  0.009351
 457.000000  0.009912
 458.000000  0.008716
 459.000000  0.009863
 460.000000  0.009717
 461.000000  0.010083
 462.000000  0.008740
 463.000000  0.009936
 464.000000  0.009424
 465.000000  0.011450
 466.000000  0.009448
 467.000000  0.007715
 468.000000  0.009448
 469.000000  0.009155
 470.000000  0.009790
 471.000000  0.010473
 472.000000  0.009204
 473.000000  0.008887
 474.000000  0.010498
 475.000000  0.011694
 476.000000  0.009521
 477.000000  0.008276
 478.000000  0.010181
 479.000000  0.012719
 480.000000  0.009546
 481.000000  0.011035
 482.000000  0.009766
 483.000000  0.011645
 484.000000  0.011987
 485.000000  0.012011
 486.000000  0.009790
 487.000000  0.011719
 488.000000  0.016504
 489.000000  0.012280
 490.000000  0.013989
 491.000000  0.033544
 492.000000  0.144409
 493.000000  0.187085
 494.000000  0.021069
 495.000000  0.013867
 496.000000  0.013599
 497.000000  0.019165
 498.000000  0.017456
 499.000000  0.012207
 500.000000  0.009766
 501.000000  0.012768
 502.000000  0.013892
 503.000000  0.012207
 504.000000  0.009741
 505.000000  0.011474
 506.000000  0.010693
 507.000000  0.010449
 508.000000  0.009814
 509.000000  0.009302
 510.000000  0.009766
 511.000000  0.012207
 512.000000  0.009766
 513.000000  0.008301
 514.000000  0.009570
 515.000000  0.008984
 516.000000  0.009766
 517.000000  0.008569
 518.000000  0.009253
 519.000000  0.007422
 520.000000  0.009692
 521.000000  0.009326
 522.000000  0.009473
 523.000000  0.009961
 524.000000  0.009521
 525.000000  0.010961
 526.000000  0.009668
 527.000000  0.009790
 528.000000  0.008838
 529.000000  0.009863
 530.000000  0.009595
 531.000000  0.009912
 532.000000  0.008911
 533.000000  0.007446
 534.000000  0.008862
 535.000000  0.007666
 536.000000  0.008008
 537.000000  0.009765
 538.000000  0.008545
 539.000000  0.009814
 540.000000  0.008960
 541.000000  0.007349
 542.000000  0.008105
 543.000000  0.007324
 544.000000  0.008594
 545.000000  0.007324
 546.000000  0.008081
 547.000000  0.009765
 548.000000  0.007935
 549.000000  0.009765
 550.000000  0.007593
 551.000000  0.009765
 552.000000  0.007544
 553.000000  0.007324
 554.000000  0.007764
 555.000000  0.007324
 556.000000  0.007349
 557.000000  0.009765
 558.000000  0.007666
 559.000000  0.009765
 560.000000  0.007544
 561.000000  0.007324
 562.000000  0.007544
 563.000000  0.009765
 564.000000  0.007373
 565.000000  0.009765
 566.000000  0.007324
 567.000000  0.009765
 568.000000  0.007422
 569.000000  0.009765
 570.000000  0.007373
 571.000000  0.009765
 572.000000  0.007397
 573.000000  0.009765
 574.000000  0.007349
 575.000000  0.009765
 576.000000  0.007373
 577.000000  0.009741
 578.000000  0.007373
 579.000000  0.009765
 580.000000  0.007349
 581.000000  0.007324
 582.000000  0.007349
 583.000000  0.009741
 584.000000  0.007324
 585.000000  0.009765
 586.000000  0.007324
 587.000000  0.009741
 588.000000  0.007324
 589.000000  0.007300
 590.000000  0.007324
 591.000000  0.009741
 592.000000  0.007324
 593.000000  0.007275
 594.000000  0.007324
 595.000000  0.009716
 596.000000  0.007397
 597.000000  0.009668
 598.000000  0.007324
 599.000000  0.009570
 600.000000  0.007324
 601.000000  0.009619
 602.000000  0.007324
 603.000000  0.009423
 604.000000  0.007349
 605.000000  0.009521
 606.000000  0.007324
 607.000000  0.009545
 608.000000  0.007324
 609.000000  0.009326
 610.000000  0.007324
 611.000000  0.009350
 612.000000  0.009838
 613.000000  0.009619
 614.000000  0.009716
 615.000000  0.009570
 616.000000  0.007324
 617.000000  0.006958
 618.000000  0.007300
 619.000000  0.009130
 620.000000  0.007324
 621.000000  0.009228
 622.000000  0.007300
 623.000000  0.009106
 624.000000  0.009790
 625.000000  0.009057
 626.000000  0.007373
 627.000000  0.008837
 628.000000  0.007275
 629.000000  0.008715
 630.000000  0.007300
 631.000000  0.009057
 632.000000  0.007227
 633.000000  0.009033
 634.000000  0.007202
 635.000000  0.009252
 636.000000  0.007227
 637.000000  0.006445
 638.000000  0.007178
 639.000000  0.008691
 640.000000  0.007227
 641.000000  0.008837
 642.000000  0.007227
 643.000000  0.006494
 644.000000  0.009643
 645.000000  0.008642
 646.000000  0.009619
 647.000000  0.008911
 648.000000  0.007275
 649.000000  0.006592
 650.000000  0.007324
 651.000000  0.006567
 652.000000  0.007300
 653.000000  0.006494
 654.000000  0.007251
 655.000000  0.008837
 656.000000  0.007275
 657.000000  0.008837
 658.000000  0.007251
 659.000000  0.006323
 660.000000  0.007324
 661.000000  0.008960
 662.000000  0.007202
 663.000000  0.008740
 664.000000  0.009668
 665.000000  0.008837
 666.000000  0.009668
 667.000000  0.008715
 668.000000  0.007251
 669.000000  0.006079
 670.000000  0.007202
 671.000000  0.006274
 672.000000  0.007275
 673.000000  0.008593
 674.000000  0.009765
 675.000000  0.008618
 676.000000  0.007275
 677.000000  0.008422
 678.000000  0.007275
 679.000000  0.008520
 680.000000  0.007153
 681.000000  0.005933
 682.000000  0.007227
 683.000000  0.008593
 684.000000  0.007300
 685.000000  0.008569
 686.000000  0.007324
 687.000000  0.006177
 688.000000  0.009692
 689.000000  0.005884
 690.000000  0.009741
 691.000000  0.008056
 692.000000  0.007300
 693.000000  0.008398
 694.000000  0.007300
 695.000000  0.008203
 696.000000  0.009668
 697.000000  0.008520
 698.000000  0.007251
 699.000000  0.008276
 700.000000  0.007300
 701.000000  0.005933
 702.000000  0.007300
 703.000000  0.005713
 704.000000  0.009741
 705.000000  0.008203
 706.000000  0.007251
 707.000000  0.005859
 708.000000  0.007227
 709.000000  0.008178
 710.000000  0.007275
 711.000000  0.008154
 712.000000  0.007324
 713.000000  0.008422
 714.000000  0.007251
 715.000000  0.008325
 716.000000  0.007202
 717.000000  0.008325
 718.000000  0.007251
 719.000000  0.008032
 720.000000  0.007324
 721.000000  0.008129
 722.000000  0.007275
 723.000000  0.008227
 724.000000  0.007324
 725.000000  0.008105
 726.000000  0.007300
 727.000000  0.008105
 728.000000  0.007251
 729.000000  0.005713
 730.000000  0.007324
 731.000000  0.008447
 732.000000  0.007227
 733.000000  0.008300
 734.000000  0.009765
 735.000000  0.008129
 736.000000  0.007202
 737.000000  0.008129
 738.000000  0.007153
 739.000000  0.007934
 740.000000  0.007275
 741.000000  0.008300
 742.000000  0.007251
 743.000000  0.005518
 744.000000  0.007251
 745.000000  0.007885
 746.000000  0.007056
 747.000000  0.005395
 748.000000  0.007275
 749.000000  0.007812
 750.000000  0.007153
 751.000000  0.008007
 752.000000  0.009668
 753.000000  0.008032
 754.000000  0.007227
 755.000000  0.007885
 756.000000  0.007227
 757.000000  0.007763
 758.000000  0.007178
 759.000000  0.005542
 760.000000  0.007153
 761.000000  0.008032
 762.000000  0.007178
 763.000000  0.007885
 764.000000  0.007080
 765.000000  0.007934
 766.000000  0.007202
 767.000000  0.005542
 768.000000  0.007080
 769.000000  0.007861
 770.000000  0.007129
 771.000000  0.007714
 772.000000  0.007104
 773.000000  0.007910
 774.000000  0.009497
 775.000000  0.007690
 776.000000  0.009375
 777.000000  0.007714
 778.000000  0.007056
 779.000000  0.005347
 780.000000  0.006958
 781.000000  0.005395
 782.000000  0.009301
 783.000000  0.007714
 784.000000  0.006811
 785.000000  0.007812
 786.000000  0.006860
 787.000000  0.007812
 788.000000  0.009277
 789.000000  0.007763
 790.000000  0.006836
 791.000000  0.007763
 792.000000  0.006909
 793.000000  0.007959
 794.000000  0.006665
 795.000000  0.008007
 796.000000  0.006738
 797.000000  0.007959
 798.000000  0.006616
 799.000000  0.008007
 800.000000  0.006934
 801.000000  0.007812
 802.000000  0.009277
 803.000000  0.007885
 804.000000  0.006494
 805.000000  0.007763
 806.000000  0.006567
 807.000000  0.007836
 808.000000  0.009277
 809.000000  0.005273
 810.000000  0.006885
 811.000000  0.005371
 812.000000  0.006665
 813.000000  0.005347
 814.000000  0.006738
 815.000000  0.007641
 816.000000  0.006958
 817.000000  0.007544
 818.000000  0.006909
 819.000000  0.007763
 820.000000  0.006641
 821.000000  0.007568
 822.000000  0.006738
 823.000000  0.007519
 824.000000  0.009106
 825.000000  0.007568
 826.000000  0.006665
 827.000000  0.007739
 828.000000  0.006689
 829.000000  0.007592
 830.000000  0.006714
 831.000000  0.007568
 832.000000  0.006860
 833.000000  0.007666
 834.000000  0.006738
 835.000000  0.007739
 836.000000  0.009277
 837.000000  0.007544
 838.000000  0.006885
 839.000000  0.007519
 840.000000  0.006934
 841.000000  0.007495
 842.000000  0.009448
 843.000000  0.007568
 844.000000  0.006860
 845.000000  0.005225
 846.000000  0.009155
 847.000000  0.007739
 848.000000  0.006543
 849.000000  0.007714
 850.000000  0.006714
 851.000000  0.007739
 852.000000  0.006714
 853.000000  0.005078
 854.000000  0.009545
 855.000000  0.007373
 856.000000  0.006665
 857.000000  0.005005
 858.000000  0.006811
 859.000000  0.005054
 860.000000  0.009204
 861.000000  0.007470
 862.000000  0.006738
 863.000000  0.005005
 864.000000  0.006592
 865.000000  0.007470
 866.000000  0.009179
 867.000000  0.005054
 868.000000  0.006811
 869.000000  0.007470
 870.000000  0.007056
 871.000000  0.007397
 872.000000  0.006836
 873.000000  0.007470
 874.000000  0.006665
 875.000000  0.007495
 876.000000  0.006689
 877.000000  0.004956
 878.000000  0.006811
 879.000000  0.005005
 880.000000  0.006811
 881.000000  0.007714
 882.000000  0.006641
 883.000000  0.007592
 884.000000  0.007007
 885.000000  0.007544
 886.000000  0.006909
 887.000000  0.005029
 888.000000  0.007031
 889.000000  0.007519
 890.000000  0.006958
 891.000000  0.007592
 892.000000  0.006909
 893.000000  0.007495
 894.000000  0.006763
 895.000000  0.007568
 896.000000  0.006763
 897.000000  0.007592
 898.000000  0.006616
 899.000000  0.007495
 900.000000  0.006811
 901.000000  0.007519
 902.000000  0.009228
 903.000000  0.007421
 904.000000  0.006860
 905.000000  0.007348
 906.000000  0.009179
 907.000000  0.007470
 908.000000  0.009057
 909.000000  0.007617
 910.000000  0.006787
 911.000000  0.007519
 912.000000  0.006714
 913.000000  0.007470
 914.000000  0.006543
 915.000000  0.007470
 916.000000  0.006494
 917.000000  0.007592
 918.000000  0.009350
 919.000000  0.007397
 920.000000  0.009252
 921.000000  0.007446
 922.000000  0.006958
 923.000000  0.007519
 924.000000  0.006689
 925.000000  0.007763
 926.000000  0.006665
 927.000000  0.007544
 928.000000  0.006689
 929.000000  0.007568
 930.000000  0.006567
 931.000000  0.007617
 932.000000  0.006421
 933.000000  0.007763
 934.000000  0.006567
 935.000000  0.007592
 936.000000  0.006665
 937.000000  0.007714
 938.000000  0.007104
 939.000000  0.007568
 940.000000  0.006689
 941.000000  0.007836
 942.000000  0.006519
 943.000000  0.007666
 944.000000  0.006445
 945.000000  0.005420
 946.000000  0.008691
 947.000000  0.007788
 948.000000  0.006519
 949.000000  0.007910
 950.000000  0.008886
 951.000000  0.007788
 952.000000  0.006348
 953.000000  0.007739
 954.000000  0.006519
 955.000000  0.007812
 956.000000  0.006714
 957.000000  0.007861
 958.000000  0.006567
 959.000000  0.005469
 960.000000  0.006592
 961.000000  0.005249
 962.000000  0.009130
 963.000000  0.005298
 964.000000  0.006421
 965.000000  0.007836
 966.000000  0.006421
 967.000000  0.007763
 968.000000  0.006787
 969.000000  0.007714
 970.000000  0.009228
 971.000000  0.007568
 972.000000  0.006909
 973.000000  0.007666
 974.000000  0.006592
 975.000000  0.007641
 976.000000  0.006494
 977.000000  0.007617
 978.000000  0.006836
 979.000000  0.007617
 980.000000  0.006738
 981.000000  0.007763
 982.000000  0.006445
 983.000000  0.005200
 984.000000  0.006299
 985.000000  0.007666
 986.000000  0.006592
 987.000000  0.007568
 988.000000  0.009277
 989.000000  0.007446
 990.000000  0.006836
 991.000000  0.007519
 992.000000  0.006567
 993.000000  0.007568
 994.000000  0.006592
 995.000000  0.007470
 996.000000  0.006299
 997.000000  0.007690
 998.000000  0.008813
 999.000000  0.007568
 1000.000000  0.009277
 1001.000000  0.007544
 1002.000000  0.006738
 1003.000000  0.007617
 1004.000000  0.006543
 1005.000000  0.007397
 1006.000000  0.006763
 1007.000000  0.007446
 1008.000000  0.006470
 1009.000000  0.007470
 1010.000000  0.006641
 1011.000000  0.007519
 1012.000000  0.006641
 1013.000000  0.007519
 1014.000000  0.006250
 1015.000000  0.007348
 1016.000000  0.006470
 1017.000000  0.007592
 1018.000000  0.006421
 1019.000000  0.007446
 1020.000000  0.006372
 1021.000000  0.007373
 1022.000000  0.006445
 1023.000000  0.007544
