 0.000000  0.007324
 1.000000  0.007275
 2.000000  0.007324
 3.000000  0.007300
 4.000000  0.007324
 5.000000  0.007275
 6.000000  0.007324
 7.000000  0.007300
 8.000000  0.007324
 9.000000  0.007324
 10.000000  0.007324
 11.000000  0.007251
 12.000000  0.007324
 13.000000  0.007275
 14.000000  0.007324
 15.000000  0.007324
 16.000000  0.007349
 17.000000  0.007251
 18.000000  0.007324
 19.000000  0.007251
 20.000000  0.007324
 21.000000  0.007300
 22.000000  0.007324
 23.000000  0.007300
 24.000000  0.007324
 25.000000  0.007300
 26.000000  0.007373
 27.000000  0.009716
 28.000000  0.007324
 29.000000  0.007300
 30.000000  0.007324
 31.000000  0.007275
 32.000000  0.007324
 33.000000  0.007227
 34.000000  0.007349
 35.000000  0.007324
 36.000000  0.007349
 37.000000  0.007300
 38.000000  0.007324
 39.000000  0.009716
 40.000000  0.007324
 41.000000  0.007300
 42.000000  0.007324
 43.000000  0.007275
 44.000000  0.007324
 45.000000  0.007300
 46.000000  0.007324
 47.000000  0.007300
 48.000000  0.007324
 49.000000  0.007227
 50.000000  0.007324
 51.000000  0.007202
 52.000000  0.007397
 53.000000  0.007251
 54.000000  0.007471
 55.000000  0.007227
 56.000000  0.007544
 57.000000  0.006982
 58.000000  0.007495
 59.000000  0.009545
 60.000000  0.007349
 61.000000  0.009423
 62.000000  0.007422
 63.000000  0.007104
 64.000000  0.007397
 65.000000  0.007080
 66.000000  0.007349
 67.000000  0.009472
 68.000000  0.007324
 69.000000  0.007153
 70.000000  0.007446
 71.000000  0.007129
 72.000000  0.007422
 73.000000  0.007007
 74.000000  0.007422
 75.000000  0.007104
 76.000000  0.007349
 77.000000  0.007080
 78.000000  0.007471
 79.000000  0.007153
 80.000000  0.007422
 81.000000  0.007129
 82.000000  0.007397
 83.000000  0.007080
 84.000000  0.007373
 85.000000  0.007129
 86.000000  0.007471
 87.000000  0.007178
 88.000000  0.007422
 89.000000  0.007178
 90.000000  0.007300
 91.000000  0.007227
 92.000000  0.007349
 93.000000  0.007178
 94.000000  0.007349
 95.000000  0.007153
 96.000000  0.007349
 97.000000  0.007153
 98.000000  0.007397
 99.000000  0.007227
 100.000000  0.007349
 101.000000  0.009668
 102.000000  0.007324
 103.000000  0.009765
 104.000000  0.007373
 105.000000  0.007275
 106.000000  0.007422
 107.000000  0.007275
 108.000000  0.007324
 109.000000  0.009716
 110.000000  0.007324
 111.000000  0.007275
 112.000000  0.007324
 113.000000  0.007275
 114.000000  0.007373
 115.000000  0.007300
 116.000000  0.007324
 117.000000  0.007202
 118.000000  0.007324
 119.000000  0.007324
 120.000000  0.007324
 121.000000  0.007275
 122.000000  0.007349
 123.000000  0.007251
 124.000000  0.007349
 125.000000  0.007275
 126.000000  0.007324
 127.000000  0.009643
 128.000000  0.007324
 129.000000  0.007275
 130.000000  0.007324
 131.000000  0.009741
 132.000000  0.007324
 133.000000  0.007251
 134.000000  0.007324
 135.000000  0.009692
 136.000000  0.007324
 137.000000  0.007324
 138.000000  0.007324
 139.000000  0.007202
 140.000000  0.007349
 141.000000  0.007202
 142.000000  0.007324
 143.000000  0.007300
 144.000000  0.007324
 145.000000  0.009765
 146.000000  0.007324
 147.000000  0.007202
 148.000000  0.007324
 149.000000  0.009741
 150.000000  0.007324
 151.000000  0.007275
 152.000000  0.007324
 153.000000  0.007300
 154.000000  0.007324
 155.000000  0.007300
 156.000000  0.007324
 157.000000  0.009716
 158.000000  0.007324
 159.000000  0.007251
 160.000000  0.007324
 161.000000  0.007227
 162.000000  0.007324
 163.000000  0.007275
 164.000000  0.007324
 165.000000  0.007275
 166.000000  0.007324
 167.000000  0.007227
 168.000000  0.007324
 169.000000  0.009668
 170.000000  0.007324
 171.000000  0.007251
 172.000000  0.007324
 173.000000  0.007202
 174.000000  0.007324
 175.000000  0.007275
 176.000000  0.007324
 177.000000  0.007324
 178.000000  0.007324
 179.000000  0.009716
 180.000000  0.007324
 181.000000  0.007227
 182.000000  0.007324
 183.000000  0.007227
 184.000000  0.007324
 185.000000  0.007324
 186.000000  0.007349
 187.000000  0.007251
 188.000000  0.007324
 189.000000  0.007202
 190.000000  0.007324
 191.000000  0.007080
 192.000000  0.007324
 193.000000  0.007202
 194.000000  0.007324
 195.000000  0.007227
 196.000000  0.009765
 197.000000  0.007104
 198.000000  0.007349
 199.000000  0.009716
 200.000000  0.007349
 201.000000  0.009594
 202.000000  0.007324
 203.000000  0.007178
 204.000000  0.007397
 205.000000  0.007227
 206.000000  0.007422
 207.000000  0.007153
 208.000000  0.007373
 209.000000  0.009570
 210.000000  0.007446
 211.000000  0.007031
 212.000000  0.007471
 213.000000  0.009594
 214.000000  0.007349
 215.000000  0.007007
 216.000000  0.007446
 217.000000  0.007202
 218.000000  0.007422
 219.000000  0.009570
 220.000000  0.007495
 221.000000  0.007080
 222.000000  0.007349
 223.000000  0.007202
 224.000000  0.007519
 225.000000  0.006982
 226.000000  0.007324
 227.000000  0.009594
 228.000000  0.007422
 229.000000  0.009692
 230.000000  0.007471
 231.000000  0.007153
 232.000000  0.007568
 233.000000  0.009545
 234.000000  0.007373
 235.000000  0.007251
 236.000000  0.007446
 237.000000  0.007153
 238.000000  0.007471
 239.000000  0.009521
 240.000000  0.007446
 241.000000  0.007129
 242.000000  0.007422
 243.000000  0.009497
 244.000000  0.007324
 245.000000  0.007227
 246.000000  0.007519
 247.000000  0.007275
 248.000000  0.007397
 249.000000  0.007275
 250.000000  0.007373
 251.000000  0.007300
 252.000000  0.007397
 253.000000  0.007324
 254.000000  0.007324
 255.000000  0.009741
 256.000000  0.007397
 257.000000  0.007275
 258.000000  0.007373
 259.000000  0.007324
 260.000000  0.007397
 261.000000  0.007251
 262.000000  0.007373
 263.000000  0.009643
 264.000000  0.007349
 265.000000  0.009692
 266.000000  0.007349
 267.000000  0.009765
 268.000000  0.007324
 269.000000  0.009716
 270.000000  0.007349
 271.000000  0.007324
 272.000000  0.007373
 273.000000  0.007324
 274.000000  0.007373
 275.000000  0.009765
 276.000000  0.007324
 277.000000  0.009716
 278.000000  0.007349
 279.000000  0.007324
 280.000000  0.007397
 281.000000  0.009741
 282.000000  0.007373
 283.000000  0.009765
 284.000000  0.007373
 285.000000  0.007324
 286.000000  0.007349
 287.000000  0.007324
 288.000000  0.007349
 289.000000  0.009765
 290.000000  0.007349
 291.000000  0.007324
 292.000000  0.007397
 293.000000  0.007324
 294.000000  0.007349
 295.000000  0.009765
 296.000000  0.007471
 297.000000  0.009765
 298.000000  0.007471
 299.000000  0.009765
 300.000000  0.007349
 301.000000  0.007324
 302.000000  0.007471
 303.000000  0.009765
 304.000000  0.007446
 305.000000  0.007324
 306.000000  0.007422
 307.000000  0.009765
 308.000000  0.007471
 309.000000  0.009765
 310.000000  0.007544
 311.000000  0.007324
 312.000000  0.007495
 313.000000  0.007324
 314.000000  0.007593
 315.000000  0.009765
 316.000000  0.007617
 317.000000  0.007324
 318.000000  0.007422
 319.000000  0.007324
 320.000000  0.007568
 321.000000  0.009765
 322.000000  0.007617
 323.000000  0.009765
 324.000000  0.007690
 325.000000  0.007324
 326.000000  0.007739
 327.000000  0.007324
 328.000000  0.007690
 329.000000  0.009765
 330.000000  0.007935
 331.000000  0.009765
 332.000000  0.008008
 333.000000  0.009765
 334.000000  0.007861
 335.000000  0.009765
 336.000000  0.007959
 337.000000  0.007349
 338.000000  0.008154
 339.000000  0.007324
 340.000000  0.008203
 341.000000  0.009790
 342.000000  0.010717
 343.000000  0.009765
 344.000000  0.008374
 345.000000  0.009790
 346.000000  0.008887
 347.000000  0.007349
 348.000000  0.008740
 349.000000  0.009765
 350.000000  0.009009
 351.000000  0.009838
 352.000000  0.009058
 353.000000  0.009838
 354.000000  0.008765
 355.000000  0.007446
 356.000000  0.009033
 357.000000  0.007593
 358.000000  0.009155
 359.000000  0.009887
 360.000000  0.009253
 361.000000  0.007397
 362.000000  0.009155
 363.000000  0.010009
 364.000000  0.009155
 365.000000  0.007715
 366.000000  0.009448
 367.000000  0.007764
 368.000000  0.009302
 369.000000  0.008057
 370.000000  0.009424
 371.000000  0.010595
 372.000000  0.009521
 373.000000  0.010620
 374.000000  0.009570
 375.000000  0.010376
 376.000000  0.009570
 377.000000  0.008227
 378.000000  0.009521
 379.000000  0.008350
 380.000000  0.009521
 381.000000  0.010961
 382.000000  0.009546
 383.000000  0.008862
 384.000000  0.009668
 385.000000  0.008740
 386.000000  0.009668
 387.000000  0.011377
 388.000000  0.009644
 389.000000  0.011499
 390.000000  0.009790
 391.000000  0.011499
 392.000000  0.009668
 393.000000  0.009155
 394.000000  0.009766
 395.000000  0.009253
 396.000000  0.009668
 397.000000  0.009302
 398.000000  0.009814
 399.000000  0.009399
 400.000000  0.009790
 401.000000  0.012011
 402.000000  0.009692
 403.000000  0.009570
 404.000000  0.009766
 405.000000  0.009717
 406.000000  0.009766
 407.000000  0.009741
 408.000000  0.009766
 409.000000  0.012060
 410.000000  0.009839
 411.000000  0.012182
 412.000000  0.009888
 413.000000  0.009741
 414.000000  0.009888
 415.000000  0.012182
 416.000000  0.009839
 417.000000  0.009766
 418.000000  0.009814
 419.000000  0.009766
 420.000000  0.010132
 421.000000  0.009766
 422.000000  0.009839
 423.000000  0.009766
 424.000000  0.010156
 425.000000  0.012207
 426.000000  0.010254
 427.000000  0.012207
 428.000000  0.010718
 429.000000  0.012329
 430.000000  0.010962
 431.000000  0.012451
 432.000000  0.011523
 433.000000  0.010107
 434.000000  0.011133
 435.000000  0.012793
 436.000000  0.011694
 437.000000  0.013208
 438.000000  0.011938
 439.000000  0.013354
 440.000000  0.012085
 441.000000  0.013940
 442.000000  0.012207
 443.000000  0.014331
 444.000000  0.012207
 445.000000  0.014160
 446.000000  0.012207
 447.000000  0.012109
 448.000000  0.012207
 449.000000  0.014404
 450.000000  0.012207
 451.000000  0.014624
 452.000000  0.012231
 453.000000  0.014648
 454.000000  0.012280
 455.000000  0.014648
 456.000000  0.012671
 457.000000  0.014648
 458.000000  0.012769
 459.000000  0.014648
 460.000000  0.013330
 461.000000  0.014721
 462.000000  0.013745
 463.000000  0.014794
 464.000000  0.014014
 465.000000  0.015527
 466.000000  0.014526
 467.000000  0.013232
 468.000000  0.014575
 469.000000  0.013696
 470.000000  0.014648
 471.000000  0.016894
 472.000000  0.014648
 473.000000  0.014624
 474.000000  0.014673
 475.000000  0.017089
 476.000000  0.014648
 477.000000  0.014648
 478.000000  0.014917
 479.000000  0.017089
 480.000000  0.015552
 481.000000  0.017114
 482.000000  0.015454
 483.000000  0.014697
 484.000000  0.015991
 485.000000  0.017285
 486.000000  0.016699
 487.000000  0.015186
 488.000000  0.017065
 489.000000  0.016089
 490.000000  0.017090
 491.000000  0.017431
 492.000000  0.017065
 493.000000  0.019311
 494.000000  0.017041
 495.000000  0.018823
 496.000000  0.017090
 497.000000  0.016919
 498.000000  0.017090
 499.000000  0.019360
 500.000000  0.017114
 501.000000  0.019531
 502.000000  0.017554
 503.000000  0.019555
 504.000000  0.017529
 505.000000  0.019555
 506.000000  0.017822
 507.000000  0.017212
 508.000000  0.018457
 509.000000  0.017358
 510.000000  0.018872
 511.000000  0.020361
 512.000000  0.019434
 513.000000  0.018628
 514.000000  0.018774
 515.000000  0.018603
 516.000000  0.019580
 517.000000  0.019604
 518.000000  0.019580
 519.000000  0.018213
 520.000000  0.019580
 521.000000  0.019604
 522.000000  0.020093
 523.000000  0.021997
 524.000000  0.019751
 525.000000  0.022583
 526.000000  0.022095
 527.000000  0.022583
 528.000000  0.020776
 529.000000  0.023266
 530.000000  0.024390
 531.000000  0.027880
 532.000000  0.024438
 533.000000  0.022046
 534.000000  0.026929
 535.000000  0.034595
 536.000000  0.030786
 537.000000  0.026855
 538.000000  0.024853
 539.000000  0.044018
 540.000000  0.060620
 541.000000  0.046167
 542.000000  0.028442
 543.000000  0.034351
 544.000000  0.080176
 545.000000  0.119263
 546.000000  0.107593
 547.000000  0.032910
 548.000000  0.031519
 549.000000  0.065893
 550.000000  0.156641
 551.000000  0.109082
 552.000000  0.032666
 553.000000  0.049927
 554.000000  0.221826
 555.000000  0.523486
 556.000000  0.151489
 557.000000  0.031298
 558.000000  0.029004
 559.000000  0.043994
 560.000000  0.050757
 561.000000  0.024414
 562.000000  0.022095
 563.000000  0.024438
 564.000000  0.024902
 565.000000  0.026049
 566.000000  0.021655
 567.000000  0.021972
 568.000000  0.021045
 569.000000  0.023046
 570.000000  0.020361
 571.000000  0.021948
 572.000000  0.019629
 573.000000  0.021948
 574.000000  0.019702
 575.000000  0.021215
 576.000000  0.019482
 577.000000  0.021289
 578.000000  0.019531
 579.000000  0.021582
 580.000000  0.018579
 581.000000  0.017163
 582.000000  0.019434
 583.000000  0.020214
 584.000000  0.018628
 585.000000  0.019555
 586.000000  0.017212
 587.000000  0.019531
 588.000000  0.017163
 589.000000  0.017090
 590.000000  0.017114
 591.000000  0.019531
 592.000000  0.017090
 593.000000  0.016797
 594.000000  0.017090
 595.000000  0.019091
 596.000000  0.017090
 597.000000  0.018774
 598.000000  0.017041
 599.000000  0.017236
 600.000000  0.016064
 601.000000  0.017431
 602.000000  0.016943
 603.000000  0.017163
 604.000000  0.016919
 605.000000  0.017382
 606.000000  0.016528
 607.000000  0.017089
 608.000000  0.015894
 609.000000  0.017089
 610.000000  0.014819
 611.000000  0.017089
 612.000000  0.017187
 613.000000  0.017065
 614.000000  0.017138
 615.000000  0.017089
 616.000000  0.014648
 617.000000  0.014624
 618.000000  0.014648
 619.000000  0.017016
 620.000000  0.014648
 621.000000  0.017016
 622.000000  0.014648
 623.000000  0.016918
 624.000000  0.017089
 625.000000  0.015771
 626.000000  0.014551
 627.000000  0.014941
 628.000000  0.013916
 629.000000  0.014721
 630.000000  0.013574
 631.000000  0.014770
 632.000000  0.013525
 633.000000  0.014770
 634.000000  0.012817
 635.000000  0.014648
 636.000000  0.012451
 637.000000  0.012207
 638.000000  0.012427
 639.000000  0.014648
 640.000000  0.012353
 641.000000  0.014648
 642.000000  0.012207
 643.000000  0.012109
 644.000000  0.014648
 645.000000  0.014306
 646.000000  0.014624
 647.000000  0.014111
 648.000000  0.012158
 649.000000  0.011743
 650.000000  0.012183
 651.000000  0.011157
 652.000000  0.011987
 653.000000  0.010620
 654.000000  0.011523
 655.000000  0.012573
 656.000000  0.011401
 657.000000  0.012402
 658.000000  0.010962
 659.000000  0.009912
 660.000000  0.010669
 661.000000  0.012280
 662.000000  0.010400
 663.000000  0.012231
 664.000000  0.012451
 665.000000  0.012207
 666.000000  0.012500
 667.000000  0.012207
 668.000000  0.009790
 669.000000  0.009766
 670.000000  0.009814
 671.000000  0.009766
 672.000000  0.009814
 673.000000  0.012085
 674.000000  0.012182
 675.000000  0.012109
 676.000000  0.009717
 677.000000  0.012109
 678.000000  0.009741
 679.000000  0.012182
 680.000000  0.009814
 681.000000  0.009375
 682.000000  0.009766
 683.000000  0.011914
 684.000000  0.009839
 685.000000  0.011914
 686.000000  0.009717
 687.000000  0.009253
 688.000000  0.012158
 689.000000  0.009082
 690.000000  0.012085
 691.000000  0.011206
 692.000000  0.009692
 693.000000  0.011279
 694.000000  0.009570
 695.000000  0.011279
 696.000000  0.011987
 697.000000  0.011279
 698.000000  0.009595
 699.000000  0.010864
 700.000000  0.009595
 701.000000  0.008520
 702.000000  0.009619
 703.000000  0.008520
 704.000000  0.012109
 705.000000  0.010791
 706.000000  0.009546
 707.000000  0.008325
 708.000000  0.009424
 709.000000  0.010473
 710.000000  0.009473
 711.000000  0.010278
 712.000000  0.009546
 713.000000  0.010693
 714.000000  0.009228
 715.000000  0.010253
 716.000000  0.009155
 717.000000  0.010083
 718.000000  0.009424
 719.000000  0.010034
 720.000000  0.009009
 721.000000  0.009936
 722.000000  0.008936
 723.000000  0.010034
 724.000000  0.008960
 725.000000  0.009887
 726.000000  0.008887
 727.000000  0.009936
 728.000000  0.008691
 729.000000  0.007446
 730.000000  0.008691
 731.000000  0.009863
 732.000000  0.008252
 733.000000  0.009838
 734.000000  0.010815
 735.000000  0.009814
 736.000000  0.008081
 737.000000  0.009790
 738.000000  0.007910
 739.000000  0.009790
 740.000000  0.008032
 741.000000  0.009790
 742.000000  0.008203
 743.000000  0.007324
 744.000000  0.007666
 745.000000  0.009790
 746.000000  0.007593
 747.000000  0.007324
 748.000000  0.007568
 749.000000  0.009765
 750.000000  0.007495
 751.000000  0.009765
 752.000000  0.009985
 753.000000  0.009765
 754.000000  0.007471
 755.000000  0.009765
 756.000000  0.007519
 757.000000  0.009765
 758.000000  0.007471
 759.000000  0.007324
 760.000000  0.007422
 761.000000  0.009765
 762.000000  0.007349
 763.000000  0.009765
 764.000000  0.007397
 765.000000  0.009765
 766.000000  0.007349
 767.000000  0.007324
 768.000000  0.007422
 769.000000  0.009765
 770.000000  0.007349
 771.000000  0.009741
 772.000000  0.007349
 773.000000  0.009765
 774.000000  0.009790
 775.000000  0.009741
 776.000000  0.009765
 777.000000  0.009716
 778.000000  0.007349
 779.000000  0.007324
 780.000000  0.007324
 781.000000  0.007300
 782.000000  0.009765
 783.000000  0.009765
 784.000000  0.007349
 785.000000  0.009643
 786.000000  0.007324
 787.000000  0.009765
 788.000000  0.009765
 789.000000  0.009668
 790.000000  0.007324
 791.000000  0.009619
 792.000000  0.007324
 793.000000  0.009692
 794.000000  0.007324
 795.000000  0.009716
 796.000000  0.007324
 797.000000  0.009668
 798.000000  0.007324
 799.000000  0.009668
 800.000000  0.007324
 801.000000  0.009619
 802.000000  0.009765
 803.000000  0.009692
 804.000000  0.007324
 805.000000  0.009594
 806.000000  0.007324
 807.000000  0.009570
 808.000000  0.009741
 809.000000  0.007129
 810.000000  0.007324
 811.000000  0.007007
 812.000000  0.007324
 813.000000  0.007104
 814.000000  0.007324
 815.000000  0.009545
 816.000000  0.007324
 817.000000  0.009399
 818.000000  0.007324
 819.000000  0.009448
 820.000000  0.007324
 821.000000  0.009277
 822.000000  0.007324
 823.000000  0.009399
 824.000000  0.009765
 825.000000  0.009448
 826.000000  0.007324
 827.000000  0.009277
 828.000000  0.007300
 829.000000  0.009179
 830.000000  0.007324
 831.000000  0.009204
 832.000000  0.007251
 833.000000  0.009228
 834.000000  0.007251
 835.000000  0.008789
 836.000000  0.009716
 837.000000  0.008862
 838.000000  0.007251
 839.000000  0.008960
 840.000000  0.007300
 841.000000  0.008764
 842.000000  0.009741
 843.000000  0.009008
 844.000000  0.007202
 845.000000  0.006592
 846.000000  0.009619
 847.000000  0.009252
 848.000000  0.007227
 849.000000  0.008935
 850.000000  0.007153
 851.000000  0.008813
 852.000000  0.007275
 853.000000  0.006299
 854.000000  0.009741
 855.000000  0.008886
 856.000000  0.007275
 857.000000  0.006421
 858.000000  0.007275
 859.000000  0.006421
 860.000000  0.009643
 861.000000  0.008837
 862.000000  0.007251
 863.000000  0.006494
 864.000000  0.007178
 865.000000  0.008911
 866.000000  0.009692
 867.000000  0.006494
 868.000000  0.007227
 869.000000  0.008764
 870.000000  0.007324
 871.000000  0.008862
 872.000000  0.007324
 873.000000  0.008911
 874.000000  0.007275
 875.000000  0.008618
 876.000000  0.007251
 877.000000  0.006421
 878.000000  0.007275
 879.000000  0.006396
 880.000000  0.007324
 881.000000  0.009082
 882.000000  0.007275
 883.000000  0.008813
 884.000000  0.007324
 885.000000  0.008837
 886.000000  0.007251
 887.000000  0.006372
 888.000000  0.007300
 889.000000  0.008837
 890.000000  0.007324
 891.000000  0.008667
 892.000000  0.007324
 893.000000  0.008691
 894.000000  0.007300
 895.000000  0.008667
 896.000000  0.007251
 897.000000  0.008960
 898.000000  0.007300
 899.000000  0.008618
 900.000000  0.007227
 901.000000  0.008691
 902.000000  0.009716
 903.000000  0.008691
 904.000000  0.007300
 905.000000  0.008593
 906.000000  0.009692
 907.000000  0.008496
 908.000000  0.009692
 909.000000  0.008593
 910.000000  0.007275
 911.000000  0.008569
 912.000000  0.007251
 913.000000  0.008520
 914.000000  0.007300
 915.000000  0.008349
 916.000000  0.007324
 917.000000  0.008764
 918.000000  0.009716
 919.000000  0.008081
 920.000000  0.009741
 921.000000  0.008496
 922.000000  0.007324
 923.000000  0.008276
 924.000000  0.007300
 925.000000  0.008544
 926.000000  0.007300
 927.000000  0.008300
 928.000000  0.007300
 929.000000  0.008374
 930.000000  0.007251
 931.000000  0.008740
 932.000000  0.007251
 933.000000  0.008667
 934.000000  0.007324
 935.000000  0.008325
 936.000000  0.007324
 937.000000  0.008374
 938.000000  0.007300
 939.000000  0.008300
 940.000000  0.007324
 941.000000  0.008398
 942.000000  0.007300
 943.000000  0.008300
 944.000000  0.007202
 945.000000  0.005908
 946.000000  0.009765
 947.000000  0.008642
 948.000000  0.007324
 949.000000  0.008618
 950.000000  0.009716
 951.000000  0.008715
 952.000000  0.007324
 953.000000  0.008520
 954.000000  0.007300
 955.000000  0.008422
 956.000000  0.007300
 957.000000  0.008447
 958.000000  0.007324
 959.000000  0.005811
 960.000000  0.007324
 961.000000  0.006030
 962.000000  0.009668
 963.000000  0.006055
 964.000000  0.007251
 965.000000  0.008520
 966.000000  0.007251
 967.000000  0.008618
 968.000000  0.007300
 969.000000  0.008569
 970.000000  0.009716
 971.000000  0.008374
 972.000000  0.007300
 973.000000  0.008276
 974.000000  0.007300
 975.000000  0.008520
 976.000000  0.007275
 977.000000  0.008471
 978.000000  0.007178
 979.000000  0.008300
 980.000000  0.007227
 981.000000  0.008471
 982.000000  0.007227
 983.000000  0.005957
 984.000000  0.007251
 985.000000  0.008789
 986.000000  0.007080
 987.000000  0.008374
 988.000000  0.009668
 989.000000  0.008105
 990.000000  0.007129
 991.000000  0.008520
 992.000000  0.007202
 993.000000  0.008593
 994.000000  0.007031
 995.000000  0.008593
 996.000000  0.007104
 997.000000  0.008447
 998.000000  0.009472
 999.000000  0.008227
 1000.000000  0.009497
 1001.000000  0.008398
 1002.000000  0.006982
 1003.000000  0.008349
 1004.000000  0.006982
 1005.000000  0.008325
 1006.000000  0.007129
 1007.000000  0.008276
 1008.000000  0.007153
 1009.000000  0.008520
 1010.000000  0.007007
 1011.000000  0.008496
 1012.000000  0.007007
 1013.000000  0.008227
 1014.000000  0.006885
 1015.000000  0.008471
 1016.000000  0.007031
 1017.000000  0.008471
 1018.000000  0.007153
 1019.000000  0.008252
 1020.000000  0.007056
 1021.000000  0.008300
 1022.000000  0.006958
 1023.000000  0.008227
