 0.000000  0.007324
 1.000000  0.007251
 2.000000  0.007324
 3.000000  0.007324
 4.000000  0.007324
 5.000000  0.007275
 6.000000  0.007324
 7.000000  0.007275
 8.000000  0.007324
 9.000000  0.007300
 10.000000  0.007324
 11.000000  0.007324
 12.000000  0.007324
 13.000000  0.007300
 14.000000  0.007324
 15.000000  0.007300
 16.000000  0.007324
 17.000000  0.007300
 18.000000  0.007324
 19.000000  0.007275
 20.000000  0.007324
 21.000000  0.007324
 22.000000  0.007324
 23.000000  0.007300
 24.000000  0.007324
 25.000000  0.007275
 26.000000  0.007349
 27.000000  0.009716
 28.000000  0.007324
 29.000000  0.007300
 30.000000  0.007324
 31.000000  0.007275
 32.000000  0.007324
 33.000000  0.007251
 34.000000  0.007324
 35.000000  0.007300
 36.000000  0.007349
 37.000000  0.007275
 38.000000  0.007324
 39.000000  0.009692
 40.000000  0.007324
 41.000000  0.007300
 42.000000  0.007324
 43.000000  0.007251
 44.000000  0.007324
 45.000000  0.007275
 46.000000  0.007324
 47.000000  0.007251
 48.000000  0.007324
 49.000000  0.007275
 50.000000  0.007324
 51.000000  0.007275
 52.000000  0.007324
 53.000000  0.007324
 54.000000  0.007324
 55.000000  0.007300
 56.000000  0.007324
 57.000000  0.007251
 58.000000  0.007349
 59.000000  0.009594
 60.000000  0.007324
 61.000000  0.009765
 62.000000  0.007324
 63.000000  0.007300
 64.000000  0.007324
 65.000000  0.007251
 66.000000  0.007324
 67.000000  0.009741
 68.000000  0.007324
 69.000000  0.007275
 70.000000  0.007349
 71.000000  0.007251
 72.000000  0.007324
 73.000000  0.007227
 74.000000  0.007324
 75.000000  0.007227
 76.000000  0.007275
 77.000000  0.007178
 78.000000  0.007324
 79.000000  0.007104
 80.000000  0.007275
 81.000000  0.007227
 82.000000  0.007446
 83.000000  0.007104
 84.000000  0.007568
 85.000000  0.007007
 86.000000  0.007471
 87.000000  0.006909
 88.000000  0.007568
 89.000000  0.006836
 90.000000  0.007495
 91.000000  0.007080
 92.000000  0.007495
 93.000000  0.006909
 94.000000  0.007544
 95.000000  0.007031
 96.000000  0.007446
 97.000000  0.007056
 98.000000  0.007397
 99.000000  0.007178
 100.000000  0.007373
 101.000000  0.009643
 102.000000  0.007373
 103.000000  0.009668
 104.000000  0.007349
 105.000000  0.007202
 106.000000  0.007324
 107.000000  0.007300
 108.000000  0.007373
 109.000000  0.009545
 110.000000  0.007373
 111.000000  0.007202
 112.000000  0.007373
 113.000000  0.007251
 114.000000  0.007324
 115.000000  0.007324
 116.000000  0.007373
 117.000000  0.007202
 118.000000  0.007324
 119.000000  0.007300
 120.000000  0.007324
 121.000000  0.007153
 122.000000  0.007324
 123.000000  0.007153
 124.000000  0.007324
 125.000000  0.007178
 126.000000  0.007373
 127.000000  0.009716
 128.000000  0.007324
 129.000000  0.007275
 130.000000  0.007349
 131.000000  0.009716
 132.000000  0.007324
 133.000000  0.007300
 134.000000  0.007349
 135.000000  0.009716
 136.000000  0.007349
 137.000000  0.007251
 138.000000  0.007324
 139.000000  0.007300
 140.000000  0.007324
 141.000000  0.007227
 142.000000  0.007324
 143.000000  0.007251
 144.000000  0.007324
 145.000000  0.009741
 146.000000  0.007324
 147.000000  0.007300
 148.000000  0.007324
 149.000000  0.009741
 150.000000  0.007324
 151.000000  0.007202
 152.000000  0.007324
 153.000000  0.007275
 154.000000  0.007324
 155.000000  0.007300
 156.000000  0.007300
 157.000000  0.009643
 158.000000  0.007324
 159.000000  0.007300
 160.000000  0.007349
 161.000000  0.007300
 162.000000  0.007349
 163.000000  0.007153
 164.000000  0.007324
 165.000000  0.007251
 166.000000  0.007324
 167.000000  0.007227
 168.000000  0.007324
 169.000000  0.009668
 170.000000  0.007324
 171.000000  0.007202
 172.000000  0.007324
 173.000000  0.007275
 174.000000  0.007324
 175.000000  0.007178
 176.000000  0.007324
 177.000000  0.007178
 178.000000  0.007324
 179.000000  0.009668
 180.000000  0.007324
 181.000000  0.007275
 182.000000  0.007324
 183.000000  0.007300
 184.000000  0.007324
 185.000000  0.007275
 186.000000  0.007349
 187.000000  0.007251
 188.000000  0.007324
 189.000000  0.007227
 190.000000  0.007324
 191.000000  0.007275
 192.000000  0.007324
 193.000000  0.007300
 194.000000  0.007324
 195.000000  0.007227
 196.000000  0.009765
 197.000000  0.007251
 198.000000  0.007324
 199.000000  0.009643
 200.000000  0.007324
 201.000000  0.009668
 202.000000  0.007324
 203.000000  0.007300
 204.000000  0.007349
 205.000000  0.007275
 206.000000  0.007324
 207.000000  0.007202
 208.000000  0.007349
 209.000000  0.009643
 210.000000  0.007324
 211.000000  0.007251
 212.000000  0.007349
 213.000000  0.009619
 214.000000  0.007324
 215.000000  0.007275
 216.000000  0.007397
 217.000000  0.007227
 218.000000  0.007349
 219.000000  0.009619
 220.000000  0.007324
 221.000000  0.007129
 222.000000  0.007373
 223.000000  0.007251
 224.000000  0.007324
 225.000000  0.007227
 226.000000  0.007349
 227.000000  0.009521
 228.000000  0.007373
 229.000000  0.009668
 230.000000  0.007397
 231.000000  0.007202
 232.000000  0.007446
 233.000000  0.009619
 234.000000  0.007422
 235.000000  0.007251
 236.000000  0.007495
 237.000000  0.007202
 238.000000  0.007397
 239.000000  0.009399
 240.000000  0.007544
 241.000000  0.006885
 242.000000  0.007519
 243.000000  0.009472
 244.000000  0.007446
 245.000000  0.007056
 246.000000  0.007519
 247.000000  0.007056
 248.000000  0.007568
 249.000000  0.007031
 250.000000  0.007446
 251.000000  0.007056
 252.000000  0.007471
 253.000000  0.007227
 254.000000  0.007422
 255.000000  0.009643
 256.000000  0.007349
 257.000000  0.007275
 258.000000  0.007349
 259.000000  0.007251
 260.000000  0.007422
 261.000000  0.007202
 262.000000  0.007349
 263.000000  0.009643
 264.000000  0.007397
 265.000000  0.009741
 266.000000  0.007373
 267.000000  0.009668
 268.000000  0.007397
 269.000000  0.009716
 270.000000  0.007349
 271.000000  0.007300
 272.000000  0.007324
 273.000000  0.007275
 274.000000  0.007373
 275.000000  0.009741
 276.000000  0.007349
 277.000000  0.009716
 278.000000  0.007422
 279.000000  0.007300
 280.000000  0.007422
 281.000000  0.009692
 282.000000  0.007422
 283.000000  0.009716
 284.000000  0.007349
 285.000000  0.007300
 286.000000  0.007373
 287.000000  0.007275
 288.000000  0.007373
 289.000000  0.009765
 290.000000  0.007349
 291.000000  0.007300
 292.000000  0.007422
 293.000000  0.007300
 294.000000  0.007373
 295.000000  0.009741
 296.000000  0.007471
 297.000000  0.009765
 298.000000  0.007422
 299.000000  0.009741
 300.000000  0.007324
 301.000000  0.007324
 302.000000  0.007349
 303.000000  0.009765
 304.000000  0.007495
 305.000000  0.007324
 306.000000  0.007349
 307.000000  0.009765
 308.000000  0.007446
 309.000000  0.009765
 310.000000  0.007471
 311.000000  0.007324
 312.000000  0.007471
 313.000000  0.007324
 314.000000  0.007593
 315.000000  0.009765
 316.000000  0.007495
 317.000000  0.007324
 318.000000  0.007446
 319.000000  0.007324
 320.000000  0.007422
 321.000000  0.009765
 322.000000  0.007642
 323.000000  0.009765
 324.000000  0.007422
 325.000000  0.007324
 326.000000  0.007568
 327.000000  0.007324
 328.000000  0.007617
 329.000000  0.009765
 330.000000  0.007690
 331.000000  0.009765
 332.000000  0.007666
 333.000000  0.009790
 334.000000  0.007690
 335.000000  0.009765
 336.000000  0.007837
 337.000000  0.007324
 338.000000  0.008008
 339.000000  0.007324
 340.000000  0.007959
 341.000000  0.009790
 342.000000  0.010278
 343.000000  0.009765
 344.000000  0.007983
 345.000000  0.009765
 346.000000  0.008325
 347.000000  0.007324
 348.000000  0.008325
 349.000000  0.009765
 350.000000  0.008325
 351.000000  0.009765
 352.000000  0.008618
 353.000000  0.009765
 354.000000  0.008374
 355.000000  0.007373
 356.000000  0.008520
 357.000000  0.007349
 358.000000  0.008984
 359.000000  0.009790
 360.000000  0.009155
 361.000000  0.007324
 362.000000  0.008984
 363.000000  0.009887
 364.000000  0.008960
 365.000000  0.007397
 366.000000  0.009180
 367.000000  0.007373
 368.000000  0.009375
 369.000000  0.007446
 370.000000  0.009277
 371.000000  0.010034
 372.000000  0.009448
 373.000000  0.010034
 374.000000  0.009521
 375.000000  0.010083
 376.000000  0.009644
 377.000000  0.007935
 378.000000  0.009717
 379.000000  0.007886
 380.000000  0.009619
 381.000000  0.010669
 382.000000  0.009619
 383.000000  0.008227
 384.000000  0.009717
 385.000000  0.008618
 386.000000  0.009717
 387.000000  0.010791
 388.000000  0.009595
 389.000000  0.010620
 390.000000  0.009741
 391.000000  0.010864
 392.000000  0.009570
 393.000000  0.008545
 394.000000  0.009595
 395.000000  0.009277
 396.000000  0.009595
 397.000000  0.009106
 398.000000  0.009692
 399.000000  0.008838
 400.000000  0.009619
 401.000000  0.011547
 402.000000  0.009595
 403.000000  0.009180
 404.000000  0.009644
 405.000000  0.009326
 406.000000  0.009863
 407.000000  0.009326
 408.000000  0.009814
 409.000000  0.011718
 410.000000  0.009790
 411.000000  0.011938
 412.000000  0.009790
 413.000000  0.009570
 414.000000  0.009766
 415.000000  0.012085
 416.000000  0.009790
 417.000000  0.009766
 418.000000  0.009839
 419.000000  0.009741
 420.000000  0.009814
 421.000000  0.009741
 422.000000  0.009888
 423.000000  0.009766
 424.000000  0.009961
 425.000000  0.012207
 426.000000  0.009985
 427.000000  0.012231
 428.000000  0.010376
 429.000000  0.012231
 430.000000  0.010474
 431.000000  0.012280
 432.000000  0.010498
 433.000000  0.009912
 434.000000  0.010498
 435.000000  0.012402
 436.000000  0.011035
 437.000000  0.012475
 438.000000  0.011035
 439.000000  0.012500
 440.000000  0.011475
 441.000000  0.013012
 442.000000  0.011987
 443.000000  0.013134
 444.000000  0.011890
 445.000000  0.013501
 446.000000  0.012207
 447.000000  0.011450
 448.000000  0.012036
 449.000000  0.013916
 450.000000  0.012134
 451.000000  0.014306
 452.000000  0.012207
 453.000000  0.014257
 454.000000  0.012207
 455.000000  0.014624
 456.000000  0.012256
 457.000000  0.014648
 458.000000  0.012231
 459.000000  0.014648
 460.000000  0.012524
 461.000000  0.014672
 462.000000  0.013061
 463.000000  0.014648
 464.000000  0.013184
 465.000000  0.014672
 466.000000  0.013330
 467.000000  0.012280
 468.000000  0.013696
 469.000000  0.012622
 470.000000  0.014453
 471.000000  0.015380
 472.000000  0.014624
 473.000000  0.013892
 474.000000  0.014648
 475.000000  0.016381
 476.000000  0.014648
 477.000000  0.014380
 478.000000  0.014648
 479.000000  0.017065
 480.000000  0.014648
 481.000000  0.017041
 482.000000  0.014746
 483.000000  0.014648
 484.000000  0.014648
 485.000000  0.017089
 486.000000  0.014746
 487.000000  0.014648
 488.000000  0.015356
 489.000000  0.014673
 490.000000  0.016284
 491.000000  0.017211
 492.000000  0.017017
 493.000000  0.017431
 494.000000  0.016724
 495.000000  0.017089
 496.000000  0.017017
 497.000000  0.015674
 498.000000  0.017090
 499.000000  0.017627
 500.000000  0.017065
 501.000000  0.019531
 502.000000  0.017090
 503.000000  0.019311
 504.000000  0.017090
 505.000000  0.019531
 506.000000  0.017236
 507.000000  0.017090
 508.000000  0.017090
 509.000000  0.017065
 510.000000  0.017529
 511.000000  0.019580
 512.000000  0.017310
 513.000000  0.017090
 514.000000  0.017700
 515.000000  0.017505
 516.000000  0.019409
 517.000000  0.017358
 518.000000  0.018311
 519.000000  0.017871
 520.000000  0.019556
 521.000000  0.019482
 522.000000  0.019482
 523.000000  0.021630
 524.000000  0.020557
 525.000000  0.024023
 526.000000  0.020215
 527.000000  0.021899
 528.000000  0.021240
 529.000000  0.025097
 530.000000  0.026416
 531.000000  0.024414
 532.000000  0.021973
 533.000000  0.029761
 534.000000  0.049878
 535.000000  0.037500
 536.000000  0.024023
 537.000000  0.024633
 538.000000  0.041431
 539.000000  0.066748
 540.000000  0.042383
 541.000000  0.024316
 542.000000  0.029297
 543.000000  0.066406
 544.000000  0.138696
 545.000000  0.115039
 546.000000  0.029590
 547.000000  0.034033
 548.000000  0.097461
 549.000000  0.270996
 550.000000  0.142578
 551.000000  0.031274
 552.000000  0.035181
 553.000000  0.118726
 554.000000  0.233960
 555.000000  0.068799
 556.000000  0.023779
 557.000000  0.028271
 558.000000  0.051978
 559.000000  0.060400
 560.000000  0.022559
 561.000000  0.019409
 562.000000  0.020923
 563.000000  0.024487
 564.000000  0.021924
 565.000000  0.021020
 566.000000  0.019507
 567.000000  0.021972
 568.000000  0.020044
 569.000000  0.020361
 570.000000  0.018726
 571.000000  0.019604
 572.000000  0.018872
 573.000000  0.019995
 574.000000  0.017383
 575.000000  0.019506
 576.000000  0.017090
 577.000000  0.019506
 578.000000  0.017529
 579.000000  0.019287
 580.000000  0.017090
 581.000000  0.016846
 582.000000  0.017065
 583.000000  0.018774
 584.000000  0.017017
 585.000000  0.018066
 586.000000  0.016821
 587.000000  0.018603
 588.000000  0.016577
 589.000000  0.014795
 590.000000  0.016504
 591.000000  0.017358
 592.000000  0.016626
 593.000000  0.014648
 594.000000  0.015430
 595.000000  0.017114
 596.000000  0.015454
 597.000000  0.017114
 598.000000  0.014697
 599.000000  0.017089
 600.000000  0.014648
 601.000000  0.017065
 602.000000  0.014673
 603.000000  0.016967
 604.000000  0.014673
 605.000000  0.017016
 606.000000  0.014648
 607.000000  0.016748
 608.000000  0.014673
 609.000000  0.016626
 610.000000  0.014648
 611.000000  0.016235
 612.000000  0.017041
 613.000000  0.015795
 614.000000  0.016894
 615.000000  0.015722
 616.000000  0.014551
 617.000000  0.012720
 618.000000  0.013452
 619.000000  0.014672
 620.000000  0.013599
 621.000000  0.014648
 622.000000  0.012891
 623.000000  0.014648
 624.000000  0.015087
 625.000000  0.014648
 626.000000  0.012329
 627.000000  0.014648
 628.000000  0.012329
 629.000000  0.014624
 630.000000  0.012207
 631.000000  0.014648
 632.000000  0.012207
 633.000000  0.014550
 634.000000  0.012207
 635.000000  0.014453
 636.000000  0.012207
 637.000000  0.011890
 638.000000  0.012158
 639.000000  0.013964
 640.000000  0.012134
 641.000000  0.013403
 642.000000  0.011841
 643.000000  0.010840
 644.000000  0.014184
 645.000000  0.012744
 646.000000  0.013354
 647.000000  0.012304
 648.000000  0.010620
 649.000000  0.009814
 650.000000  0.010498
 651.000000  0.009790
 652.000000  0.010034
 653.000000  0.009766
 654.000000  0.010083
 655.000000  0.012231
 656.000000  0.010010
 657.000000  0.012207
 658.000000  0.009790
 659.000000  0.009766
 660.000000  0.009766
 661.000000  0.012182
 662.000000  0.009766
 663.000000  0.012207
 664.000000  0.012207
 665.000000  0.012158
 666.000000  0.012207
 667.000000  0.012207
 668.000000  0.009766
 669.000000  0.009717
 670.000000  0.009766
 671.000000  0.009668
 672.000000  0.009766
 673.000000  0.012109
 674.000000  0.012207
 675.000000  0.011889
 676.000000  0.009766
 677.000000  0.011743
 678.000000  0.009766
 679.000000  0.011792
 680.000000  0.009766
 681.000000  0.008887
 682.000000  0.009741
 683.000000  0.011206
 684.000000  0.009741
 685.000000  0.011328
 686.000000  0.009717
 687.000000  0.008691
 688.000000  0.012109
 689.000000  0.008105
 690.000000  0.012182
 691.000000  0.010229
 692.000000  0.009668
 693.000000  0.010522
 694.000000  0.009570
 695.000000  0.010400
 696.000000  0.011987
 697.000000  0.010522
 698.000000  0.009595
 699.000000  0.009961
 700.000000  0.009375
 701.000000  0.007715
 702.000000  0.009228
 703.000000  0.007739
 704.000000  0.011718
 705.000000  0.009985
 706.000000  0.009326
 707.000000  0.007959
 708.000000  0.009180
 709.000000  0.010180
 710.000000  0.008960
 711.000000  0.010302
 712.000000  0.008789
 713.000000  0.010253
 714.000000  0.008667
 715.000000  0.010156
 716.000000  0.008447
 717.000000  0.010107
 718.000000  0.008765
 719.000000  0.010156
 720.000000  0.008667
 721.000000  0.009936
 722.000000  0.008374
 723.000000  0.009887
 724.000000  0.008545
 725.000000  0.009790
 726.000000  0.008252
 727.000000  0.009790
 728.000000  0.008325
 729.000000  0.007349
 730.000000  0.007861
 731.000000  0.009790
 732.000000  0.007886
 733.000000  0.009765
 734.000000  0.010693
 735.000000  0.009863
 736.000000  0.007837
 737.000000  0.009741
 738.000000  0.007764
 739.000000  0.009790
 740.000000  0.007690
 741.000000  0.009765
 742.000000  0.007642
 743.000000  0.007324
 744.000000  0.007446
 745.000000  0.009765
 746.000000  0.007422
 747.000000  0.007324
 748.000000  0.007617
 749.000000  0.009790
 750.000000  0.007397
 751.000000  0.009765
 752.000000  0.009887
 753.000000  0.009765
 754.000000  0.007422
 755.000000  0.009790
 756.000000  0.007373
 757.000000  0.009765
 758.000000  0.007349
 759.000000  0.007324
 760.000000  0.007397
 761.000000  0.009765
 762.000000  0.007349
 763.000000  0.009741
 764.000000  0.007324
 765.000000  0.009716
 766.000000  0.007324
 767.000000  0.007324
 768.000000  0.007324
 769.000000  0.009765
 770.000000  0.007324
 771.000000  0.009668
 772.000000  0.007324
 773.000000  0.009692
 774.000000  0.009765
 775.000000  0.009692
 776.000000  0.009765
 777.000000  0.009741
 778.000000  0.007324
 779.000000  0.007251
 780.000000  0.007324
 781.000000  0.007178
 782.000000  0.009765
 783.000000  0.009643
 784.000000  0.007324
 785.000000  0.009448
 786.000000  0.007324
 787.000000  0.009570
 788.000000  0.009765
 789.000000  0.009521
 790.000000  0.007324
 791.000000  0.009277
 792.000000  0.007324
 793.000000  0.009570
 794.000000  0.007324
 795.000000  0.009521
 796.000000  0.007324
 797.000000  0.009448
 798.000000  0.007324
 799.000000  0.009423
 800.000000  0.007324
 801.000000  0.009448
 802.000000  0.009765
 803.000000  0.009570
 804.000000  0.007324
 805.000000  0.009643
 806.000000  0.007324
 807.000000  0.009423
 808.000000  0.009765
 809.000000  0.007080
 810.000000  0.007324
 811.000000  0.007080
 812.000000  0.007324
 813.000000  0.007031
 814.000000  0.007324
 815.000000  0.009252
 816.000000  0.007324
 817.000000  0.009204
 818.000000  0.007324
 819.000000  0.009423
 820.000000  0.007324
 821.000000  0.009155
 822.000000  0.007324
 823.000000  0.009301
 824.000000  0.009741
 825.000000  0.009106
 826.000000  0.007324
 827.000000  0.009130
 828.000000  0.007324
 829.000000  0.008935
 830.000000  0.007300
 831.000000  0.009375
 832.000000  0.007324
 833.000000  0.009277
 834.000000  0.007324
 835.000000  0.009204
 836.000000  0.009765
 837.000000  0.009008
 838.000000  0.007324
 839.000000  0.008837
 840.000000  0.007324
 841.000000  0.008642
 842.000000  0.009741
 843.000000  0.008837
 844.000000  0.007324
 845.000000  0.006567
 846.000000  0.009741
 847.000000  0.008911
 848.000000  0.007251
 849.000000  0.009082
 850.000000  0.007251
 851.000000  0.008862
 852.000000  0.007300
 853.000000  0.006445
 854.000000  0.009741
 855.000000  0.008544
 856.000000  0.007300
 857.000000  0.006226
 858.000000  0.007324
 859.000000  0.006250
 860.000000  0.009814
 861.000000  0.008447
 862.000000  0.007080
 863.000000  0.006201
 864.000000  0.007080
 865.000000  0.008789
 866.000000  0.009472
 867.000000  0.006006
 868.000000  0.007129
 869.000000  0.008691
 870.000000  0.007153
 871.000000  0.008593
 872.000000  0.007129
 873.000000  0.008618
 874.000000  0.007056
 875.000000  0.008471
 876.000000  0.006958
 877.000000  0.006103
 878.000000  0.007227
 879.000000  0.006103
 880.000000  0.007202
 881.000000  0.008789
 882.000000  0.007178
 883.000000  0.008471
 884.000000  0.007202
 885.000000  0.008520
 886.000000  0.007251
 887.000000  0.005933
 888.000000  0.007275
 889.000000  0.008667
 890.000000  0.007153
 891.000000  0.008667
 892.000000  0.007300
 893.000000  0.008862
 894.000000  0.007153
 895.000000  0.008935
 896.000000  0.007178
 897.000000  0.008813
 898.000000  0.007251
 899.000000  0.008642
 900.000000  0.007251
 901.000000  0.008593
 902.000000  0.009716
 903.000000  0.008471
 904.000000  0.007251
 905.000000  0.008398
 906.000000  0.009619
 907.000000  0.008154
 908.000000  0.009765
 909.000000  0.008789
 910.000000  0.007324
 911.000000  0.008252
 912.000000  0.007227
 913.000000  0.008325
 914.000000  0.007104
 915.000000  0.008276
 916.000000  0.007178
 917.000000  0.008520
 918.000000  0.009716
 919.000000  0.008227
 920.000000  0.009692
 921.000000  0.008276
 922.000000  0.007300
 923.000000  0.008129
 924.000000  0.007202
 925.000000  0.008349
 926.000000  0.007300
 927.000000  0.008447
 928.000000  0.007202
 929.000000  0.008398
 930.000000  0.007275
 931.000000  0.008349
 932.000000  0.007275
 933.000000  0.008520
 934.000000  0.007300
 935.000000  0.008398
 936.000000  0.007300
 937.000000  0.008422
 938.000000  0.007324
 939.000000  0.007885
 940.000000  0.007300
 941.000000  0.008422
 942.000000  0.007300
 943.000000  0.008252
 944.000000  0.007251
 945.000000  0.005981
 946.000000  0.009741
 947.000000  0.008544
 948.000000  0.007300
 949.000000  0.008496
 950.000000  0.009716
 951.000000  0.008398
 952.000000  0.007275
 953.000000  0.008544
 954.000000  0.007275
 955.000000  0.008374
 956.000000  0.007251
 957.000000  0.008203
 958.000000  0.007300
 959.000000  0.005933
 960.000000  0.007227
 961.000000  0.005859
 962.000000  0.009692
 963.000000  0.005811
 964.000000  0.007324
 965.000000  0.008276
 966.000000  0.007324
 967.000000  0.008422
 968.000000  0.007324
 969.000000  0.008325
 970.000000  0.009692
 971.000000  0.008227
 972.000000  0.007275
 973.000000  0.008032
 974.000000  0.007251
 975.000000  0.008447
 976.000000  0.007275
 977.000000  0.008276
 978.000000  0.007202
 979.000000  0.008203
 980.000000  0.007227
 981.000000  0.008642
 982.000000  0.007178
 983.000000  0.005884
 984.000000  0.007129
 985.000000  0.008715
 986.000000  0.007202
 987.000000  0.008374
 988.000000  0.009765
 989.000000  0.007983
 990.000000  0.007300
 991.000000  0.008227
 992.000000  0.007227
 993.000000  0.008007
 994.000000  0.007251
 995.000000  0.008471
 996.000000  0.007227
 997.000000  0.008544
 998.000000  0.009545
 999.000000  0.008227
 1000.000000  0.009692
 1001.000000  0.008129
 1002.000000  0.007251
 1003.000000  0.008105
 1004.000000  0.007227
 1005.000000  0.008056
 1006.000000  0.007227
 1007.000000  0.007959
 1008.000000  0.007227
 1009.000000  0.008032
 1010.000000  0.007178
 1011.000000  0.008276
 1012.000000  0.007104
 1013.000000  0.008056
 1014.000000  0.006982
 1015.000000  0.008203
 1016.000000  0.006982
 1017.000000  0.008325
 1018.000000  0.007080
 1019.000000  0.008496
 1020.000000  0.007031
 1021.000000  0.008276
 1022.000000  0.006958
 1023.000000  0.008667
