 0.000000  0.007324
 1.000000  0.007153
 2.000000  0.007324
 3.000000  0.007178
 4.000000  0.007324
 5.000000  0.007202
 6.000000  0.007349
 7.000000  0.007251
 8.000000  0.007324
 9.000000  0.007251
 10.000000  0.007349
 11.000000  0.007178
 12.000000  0.007373
 13.000000  0.007251
 14.000000  0.007373
 15.000000  0.007227
 16.000000  0.007349
 17.000000  0.007153
 18.000000  0.007349
 19.000000  0.007300
 20.000000  0.007324
 21.000000  0.007251
 22.000000  0.007349
 23.000000  0.007300
 24.000000  0.007324
 25.000000  0.007275
 26.000000  0.007349
 27.000000  0.009716
 28.000000  0.007324
 29.000000  0.007251
 30.000000  0.007324
 31.000000  0.007275
 32.000000  0.007324
 33.000000  0.007324
 34.000000  0.007324
 35.000000  0.007300
 36.000000  0.007324
 37.000000  0.007300
 38.000000  0.007349
 39.000000  0.009765
 40.000000  0.007324
 41.000000  0.007300
 42.000000  0.007349
 43.000000  0.007300
 44.000000  0.007324
 45.000000  0.007251
 46.000000  0.007397
 47.000000  0.007275
 48.000000  0.007324
 49.000000  0.007324
 50.000000  0.007324
 51.000000  0.007275
 52.000000  0.007324
 53.000000  0.007300
 54.000000  0.007324
 55.000000  0.007324
 56.000000  0.007324
 57.000000  0.007202
 58.000000  0.007324
 59.000000  0.009692
 60.000000  0.007324
 61.000000  0.009692
 62.000000  0.007324
 63.000000  0.007227
 64.000000  0.007324
 65.000000  0.007251
 66.000000  0.007324
 67.000000  0.009741
 68.000000  0.007324
 69.000000  0.007324
 70.000000  0.007324
 71.000000  0.007275
 72.000000  0.007324
 73.000000  0.007251
 74.000000  0.007324
 75.000000  0.007275
 76.000000  0.007324
 77.000000  0.007300
 78.000000  0.007324
 79.000000  0.007300
 80.000000  0.007324
 81.000000  0.007275
 82.000000  0.007324
 83.000000  0.007275
 84.000000  0.007324
 85.000000  0.007300
 86.000000  0.007324
 87.000000  0.007275
 88.000000  0.007349
 89.000000  0.007178
 90.000000  0.007324
 91.000000  0.007251
 92.000000  0.007324
 93.000000  0.007251
 94.000000  0.007324
 95.000000  0.007275
 96.000000  0.007324
 97.000000  0.007275
 98.000000  0.007324
 99.000000  0.007300
 100.000000  0.007324
 101.000000  0.009765
 102.000000  0.007324
 103.000000  0.009716
 104.000000  0.007324
 105.000000  0.007275
 106.000000  0.007373
 107.000000  0.007324
 108.000000  0.007349
 109.000000  0.009765
 110.000000  0.007324
 111.000000  0.007324
 112.000000  0.007324
 113.000000  0.007324
 114.000000  0.007324
 115.000000  0.007275
 116.000000  0.007324
 117.000000  0.007202
 118.000000  0.007373
 119.000000  0.007227
 120.000000  0.007300
 121.000000  0.007275
 122.000000  0.007300
 123.000000  0.007153
 124.000000  0.007373
 125.000000  0.007202
 126.000000  0.007422
 127.000000  0.009570
 128.000000  0.007324
 129.000000  0.007104
 130.000000  0.007446
 131.000000  0.009521
 132.000000  0.007446
 133.000000  0.007031
 134.000000  0.007397
 135.000000  0.009545
 136.000000  0.007422
 137.000000  0.007129
 138.000000  0.007642
 139.000000  0.007056
 140.000000  0.007666
 141.000000  0.006982
 142.000000  0.007446
 143.000000  0.007104
 144.000000  0.007471
 145.000000  0.009668
 146.000000  0.007495
 147.000000  0.007080
 148.000000  0.007349
 149.000000  0.009521
 150.000000  0.007422
 151.000000  0.007178
 152.000000  0.007397
 153.000000  0.007300
 154.000000  0.007397
 155.000000  0.007300
 156.000000  0.007397
 157.000000  0.009741
 158.000000  0.007373
 159.000000  0.007178
 160.000000  0.007446
 161.000000  0.007275
 162.000000  0.007324
 163.000000  0.007251
 164.000000  0.007349
 165.000000  0.007202
 166.000000  0.007324
 167.000000  0.007178
 168.000000  0.007349
 169.000000  0.009692
 170.000000  0.007324
 171.000000  0.007300
 172.000000  0.007324
 173.000000  0.007227
 174.000000  0.007324
 175.000000  0.007251
 176.000000  0.007349
 177.000000  0.007202
 178.000000  0.007349
 179.000000  0.009643
 180.000000  0.007349
 181.000000  0.007227
 182.000000  0.007324
 183.000000  0.007251
 184.000000  0.007324
 185.000000  0.007275
 186.000000  0.007324
 187.000000  0.007275
 188.000000  0.007373
 189.000000  0.007275
 190.000000  0.007349
 191.000000  0.007202
 192.000000  0.007349
 193.000000  0.007275
 194.000000  0.007324
 195.000000  0.007324
 196.000000  0.009765
 197.000000  0.007300
 198.000000  0.007324
 199.000000  0.009692
 200.000000  0.007324
 201.000000  0.009692
 202.000000  0.007324
 203.000000  0.007300
 204.000000  0.007324
 205.000000  0.007300
 206.000000  0.007324
 207.000000  0.007300
 208.000000  0.007324
 209.000000  0.009741
 210.000000  0.007349
 211.000000  0.007300
 212.000000  0.007349
 213.000000  0.009741
 214.000000  0.007324
 215.000000  0.007324
 216.000000  0.007349
 217.000000  0.007300
 218.000000  0.007324
 219.000000  0.009765
 220.000000  0.007324
 221.000000  0.007300
 222.000000  0.007324
 223.000000  0.007300
 224.000000  0.007324
 225.000000  0.007300
 226.000000  0.007349
 227.000000  0.009741
 228.000000  0.007349
 229.000000  0.009765
 230.000000  0.007397
 231.000000  0.007300
 232.000000  0.007373
 233.000000  0.009692
 234.000000  0.007324
 235.000000  0.007324
 236.000000  0.007349
 237.000000  0.007275
 238.000000  0.007324
 239.000000  0.009765
 240.000000  0.007349
 241.000000  0.007275
 242.000000  0.007373
 243.000000  0.009765
 244.000000  0.007324
 245.000000  0.007324
 246.000000  0.007324
 247.000000  0.007324
 248.000000  0.007324
 249.000000  0.007324
 250.000000  0.007324
 251.000000  0.007324
 252.000000  0.007349
 253.000000  0.007324
 254.000000  0.007349
 255.000000  0.009765
 256.000000  0.007324
 257.000000  0.007324
 258.000000  0.007349
 259.000000  0.007275
 260.000000  0.007397
 261.000000  0.007324
 262.000000  0.007373
 263.000000  0.009692
 264.000000  0.007373
 265.000000  0.009741
 266.000000  0.007373
 267.000000  0.009765
 268.000000  0.007324
 269.000000  0.009741
 270.000000  0.007349
 271.000000  0.007300
 272.000000  0.007495
 273.000000  0.007349
 274.000000  0.007568
 275.000000  0.009692
 276.000000  0.007422
 277.000000  0.009814
 278.000000  0.007471
 279.000000  0.007251
 280.000000  0.007568
 281.000000  0.009668
 282.000000  0.007568
 283.000000  0.009716
 284.000000  0.007593
 285.000000  0.007300
 286.000000  0.007446
 287.000000  0.007397
 288.000000  0.007471
 289.000000  0.009838
 290.000000  0.007739
 291.000000  0.007373
 292.000000  0.007642
 293.000000  0.007349
 294.000000  0.007666
 295.000000  0.009692
 296.000000  0.007837
 297.000000  0.009716
 298.000000  0.007837
 299.000000  0.009741
 300.000000  0.007690
 301.000000  0.007373
 302.000000  0.007739
 303.000000  0.009741
 304.000000  0.007886
 305.000000  0.007349
 306.000000  0.007959
 307.000000  0.009814
 308.000000  0.007861
 309.000000  0.009814
 310.000000  0.007861
 311.000000  0.007349
 312.000000  0.007812
 313.000000  0.007324
 314.000000  0.008057
 315.000000  0.009814
 316.000000  0.007739
 317.000000  0.007349
 318.000000  0.008130
 319.000000  0.007373
 320.000000  0.007788
 321.000000  0.009790
 322.000000  0.008032
 323.000000  0.009814
 324.000000  0.007812
 325.000000  0.007349
 326.000000  0.007910
 327.000000  0.007349
 328.000000  0.008105
 329.000000  0.009814
 330.000000  0.008105
 331.000000  0.009790
 332.000000  0.008081
 333.000000  0.009790
 334.000000  0.008105
 335.000000  0.009863
 336.000000  0.008252
 337.000000  0.007324
 338.000000  0.008276
 339.000000  0.007373
 340.000000  0.008350
 341.000000  0.009961
 342.000000  0.010961
 343.000000  0.009790
 344.000000  0.008911
 345.000000  0.009863
 346.000000  0.008984
 347.000000  0.007422
 348.000000  0.008643
 349.000000  0.009814
 350.000000  0.009155
 351.000000  0.009887
 352.000000  0.009131
 353.000000  0.009838
 354.000000  0.009131
 355.000000  0.007471
 356.000000  0.009204
 357.000000  0.007568
 358.000000  0.009448
 359.000000  0.010034
 360.000000  0.009619
 361.000000  0.007642
 362.000000  0.009375
 363.000000  0.010229
 364.000000  0.009473
 365.000000  0.007935
 366.000000  0.009692
 367.000000  0.007617
 368.000000  0.009570
 369.000000  0.007837
 370.000000  0.009717
 371.000000  0.010522
 372.000000  0.009644
 373.000000  0.010473
 374.000000  0.009766
 375.000000  0.010522
 376.000000  0.009766
 377.000000  0.008179
 378.000000  0.009766
 379.000000  0.008594
 380.000000  0.009717
 381.000000  0.010961
 382.000000  0.009766
 383.000000  0.008691
 384.000000  0.009766
 385.000000  0.008984
 386.000000  0.009766
 387.000000  0.011523
 388.000000  0.009766
 389.000000  0.011523
 390.000000  0.009766
 391.000000  0.011792
 392.000000  0.009766
 393.000000  0.009302
 394.000000  0.009766
 395.000000  0.009375
 396.000000  0.009766
 397.000000  0.009619
 398.000000  0.009766
 399.000000  0.009546
 400.000000  0.009766
 401.000000  0.012133
 402.000000  0.009766
 403.000000  0.009766
 404.000000  0.009766
 405.000000  0.009766
 406.000000  0.009790
 407.000000  0.009766
 408.000000  0.009766
 409.000000  0.012207
 410.000000  0.009766
 411.000000  0.012207
 412.000000  0.009839
 413.000000  0.009766
 414.000000  0.009912
 415.000000  0.012207
 416.000000  0.010083
 417.000000  0.009766
 418.000000  0.009863
 419.000000  0.009766
 420.000000  0.010181
 421.000000  0.009766
 422.000000  0.010059
 423.000000  0.009790
 424.000000  0.010596
 425.000000  0.012329
 426.000000  0.010962
 427.000000  0.012402
 428.000000  0.011230
 429.000000  0.012475
 430.000000  0.011401
 431.000000  0.012646
 432.000000  0.011621
 433.000000  0.010522
 434.000000  0.011987
 435.000000  0.013720
 436.000000  0.011914
 437.000000  0.013818
 438.000000  0.012109
 439.000000  0.013989
 440.000000  0.012085
 441.000000  0.014111
 442.000000  0.012134
 443.000000  0.014184
 444.000000  0.012256
 445.000000  0.014428
 446.000000  0.012329
 447.000000  0.012085
 448.000000  0.012402
 449.000000  0.014575
 450.000000  0.012549
 451.000000  0.014672
 452.000000  0.012891
 453.000000  0.014697
 454.000000  0.012891
 455.000000  0.014770
 456.000000  0.013477
 457.000000  0.014868
 458.000000  0.013477
 459.000000  0.014868
 460.000000  0.013867
 461.000000  0.015551
 462.000000  0.014258
 463.000000  0.015551
 464.000000  0.014478
 465.000000  0.016259
 466.000000  0.014624
 467.000000  0.014087
 468.000000  0.014648
 469.000000  0.014429
 470.000000  0.014673
 471.000000  0.017089
 472.000000  0.014673
 473.000000  0.014648
 474.000000  0.014990
 475.000000  0.017089
 476.000000  0.015698
 477.000000  0.014648
 478.000000  0.015210
 479.000000  0.017211
 480.000000  0.016431
 481.000000  0.017236
 482.000000  0.016479
 483.000000  0.015088
 484.000000  0.016724
 485.000000  0.017675
 486.000000  0.016919
 487.000000  0.015747
 488.000000  0.017090
 489.000000  0.016333
 490.000000  0.017090
 491.000000  0.019213
 492.000000  0.017090
 493.000000  0.019433
 494.000000  0.017114
 495.000000  0.019531
 496.000000  0.017090
 497.000000  0.017041
 498.000000  0.017456
 499.000000  0.019653
 500.000000  0.019214
 501.000000  0.019628
 502.000000  0.018896
 503.000000  0.020214
 504.000000  0.019409
 505.000000  0.020752
 506.000000  0.019263
 507.000000  0.018799
 508.000000  0.019531
 509.000000  0.019263
 510.000000  0.019531
 511.000000  0.021850
 512.000000  0.019556
 513.000000  0.019531
 514.000000  0.020166
 515.000000  0.019531
 516.000000  0.019751
 517.000000  0.019580
 518.000000  0.019897
 519.000000  0.019556
 520.000000  0.019971
 521.000000  0.019629
 522.000000  0.021948
 523.000000  0.023046
 524.000000  0.020825
 525.000000  0.023559
 526.000000  0.022437
 527.000000  0.024414
 528.000000  0.022412
 529.000000  0.023925
 530.000000  0.022974
 531.000000  0.026928
 532.000000  0.026538
 533.000000  0.024390
 534.000000  0.023950
 535.000000  0.027612
 536.000000  0.032056
 537.000000  0.031567
 538.000000  0.024829
 539.000000  0.027417
 540.000000  0.036279
 541.000000  0.039526
 542.000000  0.039746
 543.000000  0.027978
 544.000000  0.051709
 545.000000  0.111328
 546.000000  0.110913
 547.000000  0.080712
 548.000000  0.028516
 549.000000  0.033789
 550.000000  0.052441
 551.000000  0.093847
 552.000000  0.051367
 553.000000  0.035400
 554.000000  0.070776
 555.000000  0.327588
 556.000000  0.693896
 557.000000  0.136352
 558.000000  0.033447
 559.000000  0.041406
 560.000000  0.049023
 561.000000  0.046753
 562.000000  0.025415
 563.000000  0.026831
 564.000000  0.026514
 565.000000  0.029272
 566.000000  0.025854
 567.000000  0.024121
 568.000000  0.021973
 569.000000  0.024438
 570.000000  0.023437
 571.000000  0.022778
 572.000000  0.021094
 573.000000  0.022924
 574.000000  0.021973
 575.000000  0.022192
 576.000000  0.020020
 577.000000  0.021972
 578.000000  0.020435
 579.000000  0.022143
 580.000000  0.020386
 581.000000  0.019409
 582.000000  0.019604
 583.000000  0.021972
 584.000000  0.019531
 585.000000  0.021899
 586.000000  0.019531
 587.000000  0.020483
 588.000000  0.019434
 589.000000  0.018701
 590.000000  0.019336
 591.000000  0.020800
 592.000000  0.019067
 593.000000  0.018042
 594.000000  0.018872
 595.000000  0.019580
 596.000000  0.017969
 597.000000  0.019580
 598.000000  0.017505
 599.000000  0.019482
 600.000000  0.017187
 601.000000  0.019018
 602.000000  0.017041
 603.000000  0.019018
 604.000000  0.017236
 605.000000  0.018261
 606.000000  0.016992
 607.000000  0.017944
 608.000000  0.016992
 609.000000  0.018286
 610.000000  0.016748
 611.000000  0.017407
 612.000000  0.018920
 613.000000  0.017627
 614.000000  0.019091
 615.000000  0.017675
 616.000000  0.015503
 617.000000  0.014868
 618.000000  0.015625
 619.000000  0.017211
 620.000000  0.015356
 621.000000  0.017089
 622.000000  0.014917
 623.000000  0.017065
 624.000000  0.017114
 625.000000  0.016992
 626.000000  0.014648
 627.000000  0.016943
 628.000000  0.014648
 629.000000  0.016772
 630.000000  0.014648
 631.000000  0.016894
 632.000000  0.014648
 633.000000  0.016552
 634.000000  0.014600
 635.000000  0.016259
 636.000000  0.014575
 637.000000  0.013086
 638.000000  0.013672
 639.000000  0.014819
 640.000000  0.013281
 641.000000  0.014672
 642.000000  0.013232
 643.000000  0.012231
 644.000000  0.014794
 645.000000  0.014624
 646.000000  0.014697
 647.000000  0.014624
 648.000000  0.012231
 649.000000  0.012207
 650.000000  0.012231
 651.000000  0.012061
 652.000000  0.012207
 653.000000  0.011914
 654.000000  0.012207
 655.000000  0.013842
 656.000000  0.012061
 657.000000  0.013867
 658.000000  0.012036
 659.000000  0.010718
 660.000000  0.011841
 661.000000  0.012744
 662.000000  0.011304
 663.000000  0.012646
 664.000000  0.013818
 665.000000  0.012426
 666.000000  0.013085
 667.000000  0.012255
 668.000000  0.010376
 669.000000  0.009790
 670.000000  0.010205
 671.000000  0.009766
 672.000000  0.010156
 673.000000  0.012207
 674.000000  0.012255
 675.000000  0.012207
 676.000000  0.009912
 677.000000  0.012207
 678.000000  0.009766
 679.000000  0.012207
 680.000000  0.009766
 681.000000  0.009766
 682.000000  0.009766
 683.000000  0.012182
 684.000000  0.009790
 685.000000  0.012207
 686.000000  0.009766
 687.000000  0.009692
 688.000000  0.012207
 689.000000  0.009644
 690.000000  0.012207
 691.000000  0.012036
 692.000000  0.009766
 693.000000  0.012011
 694.000000  0.009766
 695.000000  0.011987
 696.000000  0.012207
 697.000000  0.011767
 698.000000  0.009766
 699.000000  0.011718
 700.000000  0.009766
 701.000000  0.009302
 702.000000  0.009766
 703.000000  0.009131
 704.000000  0.012207
 705.000000  0.011035
 706.000000  0.009741
 707.000000  0.008838
 708.000000  0.009766
 709.000000  0.010864
 710.000000  0.009717
 711.000000  0.010888
 712.000000  0.009766
 713.000000  0.010913
 714.000000  0.009692
 715.000000  0.010498
 716.000000  0.009668
 717.000000  0.010571
 718.000000  0.009668
 719.000000  0.010253
 720.000000  0.009692
 721.000000  0.010400
 722.000000  0.009521
 723.000000  0.009936
 724.000000  0.009546
 725.000000  0.010107
 726.000000  0.009277
 727.000000  0.009838
 728.000000  0.009253
 729.000000  0.007519
 730.000000  0.009180
 731.000000  0.009838
 732.000000  0.008887
 733.000000  0.009838
 734.000000  0.011547
 735.000000  0.009790
 736.000000  0.008545
 737.000000  0.009790
 738.000000  0.008447
 739.000000  0.009863
 740.000000  0.008545
 741.000000  0.009863
 742.000000  0.008569
 743.000000  0.007324
 744.000000  0.008276
 745.000000  0.009814
 746.000000  0.007983
 747.000000  0.007422
 748.000000  0.008203
 749.000000  0.009814
 750.000000  0.008154
 751.000000  0.009838
 752.000000  0.010571
 753.000000  0.009912
 754.000000  0.008276
 755.000000  0.009790
 756.000000  0.007861
 757.000000  0.009790
 758.000000  0.007935
 759.000000  0.007373
 760.000000  0.007910
 761.000000  0.009790
 762.000000  0.007886
 763.000000  0.009790
 764.000000  0.007959
 765.000000  0.009692
 766.000000  0.007764
 767.000000  0.007324
 768.000000  0.007861
 769.000000  0.009790
 770.000000  0.007739
 771.000000  0.009716
 772.000000  0.007544
 773.000000  0.009716
 774.000000  0.009863
 775.000000  0.009668
 776.000000  0.009912
 777.000000  0.009716
 778.000000  0.007446
 779.000000  0.007300
 780.000000  0.007446
 781.000000  0.007300
 782.000000  0.009814
 783.000000  0.009765
 784.000000  0.007446
 785.000000  0.009692
 786.000000  0.007349
 787.000000  0.009741
 788.000000  0.009912
 789.000000  0.009765
 790.000000  0.007324
 791.000000  0.009716
 792.000000  0.007349
 793.000000  0.009643
 794.000000  0.007324
 795.000000  0.009716
 796.000000  0.007349
 797.000000  0.009643
 798.000000  0.007324
 799.000000  0.009668
 800.000000  0.007324
 801.000000  0.009643
 802.000000  0.009814
 803.000000  0.009668
 804.000000  0.007324
 805.000000  0.009668
 806.000000  0.007324
 807.000000  0.009741
 808.000000  0.009765
 809.000000  0.007251
 810.000000  0.007324
 811.000000  0.007202
 812.000000  0.007324
 813.000000  0.007227
 814.000000  0.007324
 815.000000  0.009570
 816.000000  0.007324
 817.000000  0.009350
 818.000000  0.007324
 819.000000  0.009472
 820.000000  0.007324
 821.000000  0.009423
 822.000000  0.007324
 823.000000  0.009497
 824.000000  0.009765
 825.000000  0.009497
 826.000000  0.007324
 827.000000  0.009594
 828.000000  0.007324
 829.000000  0.009545
 830.000000  0.007324
 831.000000  0.009423
 832.000000  0.007324
 833.000000  0.009423
 834.000000  0.007324
 835.000000  0.009423
 836.000000  0.009765
 837.000000  0.009594
 838.000000  0.007324
 839.000000  0.009252
 840.000000  0.007324
 841.000000  0.009326
 842.000000  0.009765
 843.000000  0.009399
 844.000000  0.007324
 845.000000  0.007056
 846.000000  0.009765
 847.000000  0.009399
 848.000000  0.007324
 849.000000  0.009350
 850.000000  0.007324
 851.000000  0.009277
 852.000000  0.007324
 853.000000  0.006763
 854.000000  0.009765
 855.000000  0.009228
 856.000000  0.007324
 857.000000  0.006763
 858.000000  0.007324
 859.000000  0.006519
 860.000000  0.009765
 861.000000  0.009008
 862.000000  0.007324
 863.000000  0.006567
 864.000000  0.007300
 865.000000  0.009155
 866.000000  0.009765
 867.000000  0.006836
 868.000000  0.007324
 869.000000  0.009179
 870.000000  0.007324
 871.000000  0.008960
 872.000000  0.007300
 873.000000  0.009106
 874.000000  0.007275
 875.000000  0.009155
 876.000000  0.007324
 877.000000  0.006543
 878.000000  0.007251
 879.000000  0.006641
 880.000000  0.007324
 881.000000  0.009179
 882.000000  0.007275
 883.000000  0.008789
 884.000000  0.007251
 885.000000  0.009204
 886.000000  0.007300
 887.000000  0.006348
 888.000000  0.007300
 889.000000  0.008691
 890.000000  0.007324
 891.000000  0.008837
 892.000000  0.007324
 893.000000  0.008911
 894.000000  0.007324
 895.000000  0.009082
 896.000000  0.007300
 897.000000  0.008984
 898.000000  0.007251
 899.000000  0.008886
 900.000000  0.007300
 901.000000  0.008642
 902.000000  0.009716
 903.000000  0.008691
 904.000000  0.007300
 905.000000  0.008569
 906.000000  0.009668
 907.000000  0.008642
 908.000000  0.009668
 909.000000  0.008642
 910.000000  0.007104
 911.000000  0.008520
 912.000000  0.007227
 913.000000  0.008618
 914.000000  0.007104
 915.000000  0.008374
 916.000000  0.007031
 917.000000  0.008569
 918.000000  0.009619
 919.000000  0.008447
 920.000000  0.009521
 921.000000  0.008300
 922.000000  0.007178
 923.000000  0.008520
 924.000000  0.007153
 925.000000  0.008422
 926.000000  0.007129
 927.000000  0.008715
 928.000000  0.007178
 929.000000  0.008642
 930.000000  0.007178
 931.000000  0.008569
 932.000000  0.007153
 933.000000  0.008667
 934.000000  0.007275
 935.000000  0.008447
 936.000000  0.007275
 937.000000  0.008422
 938.000000  0.007300
 939.000000  0.008276
 940.000000  0.007251
 941.000000  0.008740
 942.000000  0.007202
 943.000000  0.008642
 944.000000  0.007251
 945.000000  0.006177
 946.000000  0.009668
 947.000000  0.008935
 948.000000  0.007275
 949.000000  0.008667
 950.000000  0.009716
 951.000000  0.008569
 952.000000  0.007178
 953.000000  0.008349
 954.000000  0.007324
 955.000000  0.008544
 956.000000  0.007275
 957.000000  0.008398
 958.000000  0.007227
 959.000000  0.005981
 960.000000  0.007300
 961.000000  0.006006
 962.000000  0.009619
 963.000000  0.006348
 964.000000  0.007202
 965.000000  0.008715
 966.000000  0.007227
 967.000000  0.008618
 968.000000  0.007275
 969.000000  0.008618
 970.000000  0.009741
 971.000000  0.008300
 972.000000  0.007275
 973.000000  0.008447
 974.000000  0.007300
 975.000000  0.008520
 976.000000  0.007300
 977.000000  0.008667
 978.000000  0.007251
 979.000000  0.008300
 980.000000  0.007275
 981.000000  0.008740
 982.000000  0.007300
 983.000000  0.006079
 984.000000  0.007275
 985.000000  0.008764
 986.000000  0.007251
 987.000000  0.008422
 988.000000  0.009765
 989.000000  0.007934
 990.000000  0.007300
 991.000000  0.008203
 992.000000  0.007251
 993.000000  0.008422
 994.000000  0.007300
 995.000000  0.008300
 996.000000  0.007178
 997.000000  0.008300
 998.000000  0.009692
 999.000000  0.008300
 1000.000000  0.009765
 1001.000000  0.008105
 1002.000000  0.007275
 1003.000000  0.008032
 1004.000000  0.007227
 1005.000000  0.008520
 1006.000000  0.007251
 1007.000000  0.008056
 1008.000000  0.007251
 1009.000000  0.008154
 1010.000000  0.007251
 1011.000000  0.008398
 1012.000000  0.007202
 1013.000000  0.008398
 1014.000000  0.007056
 1015.000000  0.008252
 1016.000000  0.007275
 1017.000000  0.008496
 1018.000000  0.007227
 1019.000000  0.008252
 1020.000000  0.007104
 1021.000000  0.007885
 1022.000000  0.007227
 1023.000000  0.008325
