 0.000000  0.007324
 1.000000  0.007324
 2.000000  0.007324
 3.000000  0.007324
 4.000000  0.007324
 5.000000  0.007324
 6.000000  0.007324
 7.000000  0.007324
 8.000000  0.007324
 9.000000  0.007324
 10.000000  0.007324
 11.000000  0.007324
 12.000000  0.007324
 13.000000  0.007324
 14.000000  0.007324
 15.000000  0.007324
 16.000000  0.007324
 17.000000  0.007324
 18.000000  0.007324
 19.000000  0.007324
 20.000000  0.007324
 21.000000  0.007324
 22.000000  0.007324
 23.000000  0.007324
 24.000000  0.007324
 25.000000  0.007324
 26.000000  0.007324
 27.000000  0.009765
 28.000000  0.007324
 29.000000  0.007324
 30.000000  0.007324
 31.000000  0.007324
 32.000000  0.007324
 33.000000  0.007324
 34.000000  0.007324
 35.000000  0.007324
 36.000000  0.007324
 37.000000  0.007324
 38.000000  0.007324
 39.000000  0.009765
 40.000000  0.007324
 41.000000  0.004883
 42.000000  0.007324
 43.000000  0.007324
 44.000000  0.007324
 45.000000  0.007324
 46.000000  0.007324
 47.000000  0.007324
 48.000000  0.007324
 49.000000  0.007324
 50.000000  0.007324
 51.000000  0.007324
 52.000000  0.007324
 53.000000  0.007324
 54.000000  0.007324
 55.000000  0.007324
 56.000000  0.007324
 57.000000  0.007324
 58.000000  0.004883
 59.000000  0.009765
 60.000000  0.007324
 61.000000  0.009765
 62.000000  0.007324
 63.000000  0.007324
 64.000000  0.007324
 65.000000  0.004883
 66.000000  0.007324
 67.000000  0.009765
 68.000000  0.007324
 69.000000  0.007324
 70.000000  0.007324
 71.000000  0.007324
 72.000000  0.007324
 73.000000  0.007324
 74.000000  0.007324
 75.000000  0.007324
 76.000000  0.007324
 77.000000  0.007324
 78.000000  0.007324
 79.000000  0.007324
 80.000000  0.007324
 81.000000  0.007324
 82.000000  0.007324
 83.000000  0.004883
 84.000000  0.007324
 85.000000  0.007324
 86.000000  0.007324
 87.000000  0.007324
 88.000000  0.007324
 89.000000  0.007324
 90.000000  0.007324
 91.000000  0.007324
 92.000000  0.007324
 93.000000  0.007324
 94.000000  0.007324
 95.000000  0.007324
 96.000000  0.007324
 97.000000  0.007324
 98.000000  0.007324
 99.000000  0.007324
 100.000000  0.007324
 101.000000  0.009765
 102.000000  0.007324
 103.000000  0.009765
 104.000000  0.007324
 105.000000  0.007324
 106.000000  0.007324
 107.000000  0.007324
 108.000000  0.007324
 109.000000  0.009765
 110.000000  0.007324
 111.000000  0.007324
 112.000000  0.007324
 113.000000  0.007324
 114.000000  0.007324
 115.000000  0.004883
 116.000000  0.007324
 117.000000  0.007324
 118.000000  0.007324
 119.000000  0.004883
 120.000000  0.007324
 121.000000  0.007324
 122.000000  0.007324
 123.000000  0.007324
 124.000000  0.007324
 125.000000  0.007324
 126.000000  0.007324
 127.000000  0.009765
 128.000000  0.007324
 129.000000  0.007324
 130.000000  0.007324
 131.000000  0.007324
 132.000000  0.007324
 133.000000  0.007324
 134.000000  0.007324
 135.000000  0.009765
 136.000000  0.007324
 137.000000  0.007324
 138.000000  0.007324
 139.000000  0.007324
 140.000000  0.007324
 141.000000  0.007324
 142.000000  0.007324
 143.000000  0.007324
 144.000000  0.007324
 145.000000  0.007324
 146.000000  0.007324
 147.000000  0.007324
 148.000000  0.007324
 149.000000  0.009765
 150.000000  0.007324
 151.000000  0.007324
 152.000000  0.007324
 153.000000  0.007324
 154.000000  0.007324
 155.000000  0.007324
 156.000000  0.007324
 157.000000  0.009765
 158.000000  0.007324
 159.000000  0.007324
 160.000000  0.007324
 161.000000  0.007324
 162.000000  0.007324
 163.000000  0.007324
 164.000000  0.007324
 165.000000  0.007324
 166.000000  0.007324
 167.000000  0.007324
 168.000000  0.007324
 169.000000  0.009765
 170.000000  0.007324
 171.000000  0.007324
 172.000000  0.007324
 173.000000  0.007324
 174.000000  0.007324
 175.000000  0.007324
 176.000000  0.007324
 177.000000  0.007324
 178.000000  0.007324
 179.000000  0.009765
 180.000000  0.007324
 181.000000  0.007324
 182.000000  0.007324
 183.000000  0.007324
 184.000000  0.007324
 185.000000  0.007324
 186.000000  0.007324
 187.000000  0.007324
 188.000000  0.007324
 189.000000  0.007324
 190.000000  0.007324
 191.000000  0.007324
 192.000000  0.007324
 193.000000  0.007324
 194.000000  0.007324
 195.000000  0.007324
 196.000000  0.009765
 197.000000  0.007324
 198.000000  0.007324
 199.000000  0.007324
 200.000000  0.007324
 201.000000  0.007324
 202.000000  0.007324
 203.000000  0.007324
 204.000000  0.007324
 205.000000  0.007324
 206.000000  0.007324
 207.000000  0.007324
 208.000000  0.007324
 209.000000  0.009765
 210.000000  0.007324
 211.000000  0.007324
 212.000000  0.007324
 213.000000  0.009765
 214.000000  0.007324
 215.000000  0.007324
 216.000000  0.007324
 217.000000  0.004883
 218.000000  0.007324
 219.000000  0.007324
 220.000000  0.007324
 221.000000  0.007324
 222.000000  0.007324
 223.000000  0.007324
 224.000000  0.007324
 225.000000  0.007324
 226.000000  0.007324
 227.000000  0.009765
 228.000000  0.007324
 229.000000  0.007324
 230.000000  0.007324
 231.000000  0.007324
 232.000000  0.007324
 233.000000  0.009765
 234.000000  0.007324
 235.000000  0.007324
 236.000000  0.007324
 237.000000  0.004883
 238.000000  0.007324
 239.000000  0.009765
 240.000000  0.007324
 241.000000  0.007324
 242.000000  0.007324
 243.000000  0.009765
 244.000000  0.007324
 245.000000  0.007324
 246.000000  0.007324
 247.000000  0.007324
 248.000000  0.007324
 249.000000  0.004883
 250.000000  0.007324
 251.000000  0.007324
 252.000000  0.007324
 253.000000  0.007324
 254.000000  0.007324
 255.000000  0.009765
 256.000000  0.007324
 257.000000  0.007324
 258.000000  0.007324
 259.000000  0.007324
 260.000000  0.007324
 261.000000  0.007324
 262.000000  0.007324
 263.000000  0.009765
 264.000000  0.007324
 265.000000  0.009765
 266.000000  0.007324
 267.000000  0.009765
 268.000000  0.007324
 269.000000  0.009765
 270.000000  0.007324
 271.000000  0.007324
 272.000000  0.007324
 273.000000  0.007324
 274.000000  0.007324
 275.000000  0.009765
 276.000000  0.007324
 277.000000  0.009765
 278.000000  0.007324
 279.000000  0.007324
 280.000000  0.007324
 281.000000  0.009765
 282.000000  0.007324
 283.000000  0.009765
 284.000000  0.007324
 285.000000  0.007324
 286.000000  0.007324
 287.000000  0.007324
 288.000000  0.007324
 289.000000  0.009765
 290.000000  0.007324
 291.000000  0.004883
 292.000000  0.007324
 293.000000  0.007324
 294.000000  0.007324
 295.000000  0.009765
 296.000000  0.007324
 297.000000  0.009765
 298.000000  0.007324
 299.000000  0.009765
 300.000000  0.007324
 301.000000  0.007324
 302.000000  0.007324
 303.000000  0.009765
 304.000000  0.007324
 305.000000  0.007324
 306.000000  0.007324
 307.000000  0.009765
 308.000000  0.007324
 309.000000  0.009765
 310.000000  0.007324
 311.000000  0.007324
 312.000000  0.007324
 313.000000  0.007324
 314.000000  0.007324
 315.000000  0.009765
 316.000000  0.007324
 317.000000  0.007324
 318.000000  0.007324
 319.000000  0.007324
 320.000000  0.007324
 321.000000  0.009765
 322.000000  0.007324
 323.000000  0.009765
 324.000000  0.007324
 325.000000  0.007324
 326.000000  0.007324
 327.000000  0.007324
 328.000000  0.007324
 329.000000  0.009765
 330.000000  0.007324
 331.000000  0.009765
 332.000000  0.007324
 333.000000  0.009765
 334.000000  0.007324
 335.000000  0.009765
 336.000000  0.007324
 337.000000  0.007324
 338.000000  0.007324
 339.000000  0.007324
 340.000000  0.007324
 341.000000  0.009765
 342.000000  0.009765
 343.000000  0.009765
 344.000000  0.007324
 345.000000  0.009765
 346.000000  0.007324
 347.000000  0.007324
 348.000000  0.007324
 349.000000  0.009765
 350.000000  0.007324
 351.000000  0.009765
 352.000000  0.007324
 353.000000  0.009765
 354.000000  0.007324
 355.000000  0.007324
 356.000000  0.007324
 357.000000  0.007324
 358.000000  0.009766
 359.000000  0.009765
 360.000000  0.009766
 361.000000  0.007324
 362.000000  0.009766
 363.000000  0.009765
 364.000000  0.007324
 365.000000  0.007324
 366.000000  0.009766
 367.000000  0.007324
 368.000000  0.007324
 369.000000  0.007324
 370.000000  0.007324
 371.000000  0.009765
 372.000000  0.009766
 373.000000  0.009765
 374.000000  0.009766
 375.000000  0.009765
 376.000000  0.007324
 377.000000  0.009766
 378.000000  0.009766
 379.000000  0.007324
 380.000000  0.009766
 381.000000  0.009765
 382.000000  0.009766
 383.000000  0.009766
 384.000000  0.009766
 385.000000  0.007324
 386.000000  0.009766
 387.000000  0.009765
 388.000000  0.007324
 389.000000  0.009765
 390.000000  0.009766
 391.000000  0.009765
 392.000000  0.009766
 393.000000  0.009766
 394.000000  0.009766
 395.000000  0.007324
 396.000000  0.009766
 397.000000  0.007324
 398.000000  0.009766
 399.000000  0.007324
 400.000000  0.009766
 401.000000  0.009765
 402.000000  0.009766
 403.000000  0.009766
 404.000000  0.009766
 405.000000  0.009766
 406.000000  0.009766
 407.000000  0.009766
 408.000000  0.009766
 409.000000  0.009765
 410.000000  0.009766
 411.000000  0.009765
 412.000000  0.009766
 413.000000  0.007324
 414.000000  0.009766
 415.000000  0.012207
 416.000000  0.009766
 417.000000  0.009766
 418.000000  0.009766
 419.000000  0.009766
 420.000000  0.009766
 421.000000  0.007324
 422.000000  0.009766
 423.000000  0.009766
 424.000000  0.009766
 425.000000  0.012207
 426.000000  0.009766
 427.000000  0.012207
 428.000000  0.009766
 429.000000  0.012207
 430.000000  0.009766
 431.000000  0.012207
 432.000000  0.009766
 433.000000  0.009766
 434.000000  0.009766
 435.000000  0.012207
 436.000000  0.009766
 437.000000  0.012207
 438.000000  0.012207
 439.000000  0.012207
 440.000000  0.009766
 441.000000  0.012207
 442.000000  0.012207
 443.000000  0.014648
 444.000000  0.012207
 445.000000  0.012207
 446.000000  0.012207
 447.000000  0.012207
 448.000000  0.012207
 449.000000  0.012207
 450.000000  0.009766
 451.000000  0.014648
 452.000000  0.017090
 453.000000  0.014648
 454.000000  0.012207
 455.000000  0.014648
 456.000000  0.017090
 457.000000  0.019531
 458.000000  0.012207
 459.000000  0.014648
 460.000000  0.014648
 461.000000  0.024414
 462.000000  0.017090
 463.000000  0.014648
 464.000000  0.014648
 465.000000  0.024414
 466.000000  0.034180
 467.000000  0.014648
 468.000000  0.014648
 469.000000  0.017090
 470.000000  0.039062
 471.000000  0.041503
 472.000000  0.014648
 473.000000  0.014648
 474.000000  0.024414
 475.000000  0.046386
 476.000000  0.024414
 477.000000  0.014648
 478.000000  0.017090
 479.000000  0.034179
 480.000000  0.046387
 481.000000  0.019531
 482.000000  0.014648
 483.000000  0.019531
 484.000000  0.043945
 485.000000  0.041503
 486.000000  0.014648
 487.000000  0.014648
 488.000000  0.026855
 489.000000  0.046387
 490.000000  0.021973
 491.000000  0.014648
 492.000000  0.017090
 493.000000  0.036621
 494.000000  0.043945
 495.000000  0.017089
 496.000000  0.014648
 497.000000  0.019531
 498.000000  0.031738
 499.000000  0.029296
 500.000000  0.012207
 501.000000  0.014648
 502.000000  0.019531
 503.000000  0.029296
 504.000000  0.017090
 505.000000  0.014648
 506.000000  0.014648
 507.000000  0.019531
 508.000000  0.019531
 509.000000  0.012207
 510.000000  0.012207
 511.000000  0.014648
 512.000000  0.017090
 513.000000  0.014648
 514.000000  0.012207
 515.000000  0.012207
 516.000000  0.014648
 517.000000  0.014648
 518.000000  0.012207
 519.000000  0.012207
 520.000000  0.012207
 521.000000  0.012207
 522.000000  0.012207
 523.000000  0.014648
 524.000000  0.012207
 525.000000  0.014648
 526.000000  0.014648
 527.000000  0.014648
 528.000000  0.012207
 529.000000  0.012207
 530.000000  0.009766
 531.000000  0.014648
 532.000000  0.012207
 533.000000  0.009766
 534.000000  0.009766
 535.000000  0.009766
 536.000000  0.012207
 537.000000  0.012207
 538.000000  0.009766
 539.000000  0.012207
 540.000000  0.009766
 541.000000  0.009766
 542.000000  0.009766
 543.000000  0.009766
 544.000000  0.009766
 545.000000  0.009766
 546.000000  0.012207
 547.000000  0.012207
 548.000000  0.009766
 549.000000  0.009765
 550.000000  0.009766
 551.000000  0.012207
 552.000000  0.009766
 553.000000  0.009766
 554.000000  0.009766
 555.000000  0.009766
 556.000000  0.009766
 557.000000  0.012207
 558.000000  0.009766
 559.000000  0.012207
 560.000000  0.009766
 561.000000  0.007324
 562.000000  0.009766
 563.000000  0.009765
 564.000000  0.009766
 565.000000  0.009765
 566.000000  0.009766
 567.000000  0.009765
 568.000000  0.009766
 569.000000  0.012207
 570.000000  0.009766
 571.000000  0.009765
 572.000000  0.007324
 573.000000  0.009765
 574.000000  0.009766
 575.000000  0.009765
 576.000000  0.007324
 577.000000  0.009765
 578.000000  0.009766
 579.000000  0.009765
 580.000000  0.009766
 581.000000  0.007324
 582.000000  0.007324
 583.000000  0.009765
 584.000000  0.009766
 585.000000  0.009765
 586.000000  0.009766
 587.000000  0.009765
 588.000000  0.007324
 589.000000  0.007324
 590.000000  0.009766
 591.000000  0.009765
 592.000000  0.009766
 593.000000  0.007324
 594.000000  0.009766
 595.000000  0.009765
 596.000000  0.007324
 597.000000  0.009765
 598.000000  0.007324
 599.000000  0.009765
 600.000000  0.007324
 601.000000  0.009765
 602.000000  0.009766
 603.000000  0.009765
 604.000000  0.009766
 605.000000  0.009765
 606.000000  0.007324
 607.000000  0.009765
 608.000000  0.007324
 609.000000  0.009765
 610.000000  0.007324
 611.000000  0.009765
 612.000000  0.009765
 613.000000  0.009765
 614.000000  0.009765
 615.000000  0.009765
 616.000000  0.007324
 617.000000  0.007324
 618.000000  0.007324
 619.000000  0.009765
 620.000000  0.007324
 621.000000  0.009765
 622.000000  0.007324
 623.000000  0.009765
 624.000000  0.009765
 625.000000  0.009765
 626.000000  0.007324
 627.000000  0.009765
 628.000000  0.007324
 629.000000  0.009765
 630.000000  0.007324
 631.000000  0.009765
 632.000000  0.007324
 633.000000  0.009765
 634.000000  0.007324
 635.000000  0.009765
 636.000000  0.007324
 637.000000  0.007324
 638.000000  0.007324
 639.000000  0.009765
 640.000000  0.007324
 641.000000  0.009765
 642.000000  0.007324
 643.000000  0.007324
 644.000000  0.009765
 645.000000  0.009765
 646.000000  0.009765
 647.000000  0.009765
 648.000000  0.007324
 649.000000  0.007324
 650.000000  0.007324
 651.000000  0.007324
 652.000000  0.007324
 653.000000  0.007324
 654.000000  0.007324
 655.000000  0.009765
 656.000000  0.007324
 657.000000  0.009765
 658.000000  0.007324
 659.000000  0.007324
 660.000000  0.007324
 661.000000  0.009765
 662.000000  0.007324
 663.000000  0.009765
 664.000000  0.009765
 665.000000  0.009765
 666.000000  0.009765
 667.000000  0.009765
 668.000000  0.007324
 669.000000  0.007324
 670.000000  0.007324
 671.000000  0.007324
 672.000000  0.007324
 673.000000  0.009765
 674.000000  0.009765
 675.000000  0.007324
 676.000000  0.007324
 677.000000  0.007324
 678.000000  0.009766
 679.000000  0.009765
 680.000000  0.007324
 681.000000  0.007324
 682.000000  0.007324
 683.000000  0.007324
 684.000000  0.007324
 685.000000  0.009765
 686.000000  0.007324
 687.000000  0.004883
 688.000000  0.009765
 689.000000  0.007324
 690.000000  0.009765
 691.000000  0.009765
 692.000000  0.007324
 693.000000  0.009765
 694.000000  0.007324
 695.000000  0.009765
 696.000000  0.009765
 697.000000  0.007324
 698.000000  0.007324
 699.000000  0.009765
 700.000000  0.007324
 701.000000  0.007324
 702.000000  0.007324
 703.000000  0.007324
 704.000000  0.009765
 705.000000  0.007324
 706.000000  0.007324
 707.000000  0.007324
 708.000000  0.007324
 709.000000  0.009765
 710.000000  0.007324
 711.000000  0.007324
 712.000000  0.007324
 713.000000  0.007324
 714.000000  0.007324
 715.000000  0.009765
 716.000000  0.007324
 717.000000  0.009765
 718.000000  0.007324
 719.000000  0.009765
 720.000000  0.007324
 721.000000  0.009765
 722.000000  0.007324
 723.000000  0.009765
 724.000000  0.007324
 725.000000  0.009765
 726.000000  0.007324
 727.000000  0.009765
 728.000000  0.007324
 729.000000  0.004883
 730.000000  0.007324
 731.000000  0.009765
 732.000000  0.007324
 733.000000  0.007324
 734.000000  0.009765
 735.000000  0.009765
 736.000000  0.007324
 737.000000  0.009765
 738.000000  0.007324
 739.000000  0.009765
 740.000000  0.007324
 741.000000  0.009765
 742.000000  0.007324
 743.000000  0.004883
 744.000000  0.007324
 745.000000  0.009765
 746.000000  0.007324
 747.000000  0.007324
 748.000000  0.007324
 749.000000  0.007324
 750.000000  0.007324
 751.000000  0.007324
 752.000000  0.009765
 753.000000  0.009765
 754.000000  0.007324
 755.000000  0.007324
 756.000000  0.007324
 757.000000  0.009765
 758.000000  0.007324
 759.000000  0.007324
 760.000000  0.007324
 761.000000  0.007324
 762.000000  0.007324
 763.000000  0.009765
 764.000000  0.007324
 765.000000  0.007324
 766.000000  0.007324
 767.000000  0.007324
 768.000000  0.007324
 769.000000  0.007324
 770.000000  0.007324
 771.000000  0.007324
 772.000000  0.007324
 773.000000  0.009765
 774.000000  0.009765
 775.000000  0.007324
 776.000000  0.009765
 777.000000  0.007324
 778.000000  0.007324
 779.000000  0.004883
 780.000000  0.007324
 781.000000  0.007324
 782.000000  0.009765
 783.000000  0.009765
 784.000000  0.007324
 785.000000  0.007324
 786.000000  0.007324
 787.000000  0.007324
 788.000000  0.009765
 789.000000  0.009765
 790.000000  0.007324
 791.000000  0.009765
 792.000000  0.007324
 793.000000  0.007324
 794.000000  0.007324
 795.000000  0.009765
 796.000000  0.007324
 797.000000  0.009765
 798.000000  0.007324
 799.000000  0.009765
 800.000000  0.007324
 801.000000  0.007324
 802.000000  0.007324
 803.000000  0.009765
 804.000000  0.007324
 805.000000  0.007324
 806.000000  0.004883
 807.000000  0.007324
 808.000000  0.009765
 809.000000  0.004883
 810.000000  0.007324
 811.000000  0.007324
 812.000000  0.004883
 813.000000  0.004883
 814.000000  0.007324
 815.000000  0.007324
 816.000000  0.007324
 817.000000  0.009765
 818.000000  0.007324
 819.000000  0.007324
 820.000000  0.007324
 821.000000  0.007324
 822.000000  0.007324
 823.000000  0.007324
 824.000000  0.009765
 825.000000  0.007324
 826.000000  0.007324
 827.000000  0.007324
 828.000000  0.007324
 829.000000  0.007324
 830.000000  0.007324
 831.000000  0.007324
 832.000000  0.007324
 833.000000  0.007324
 834.000000  0.004883
 835.000000  0.007324
 836.000000  0.009765
 837.000000  0.009765
 838.000000  0.007324
 839.000000  0.009765
 840.000000  0.007324
 841.000000  0.007324
 842.000000  0.007324
 843.000000  0.007324
 844.000000  0.007324
 845.000000  0.007324
 846.000000  0.009765
 847.000000  0.007324
 848.000000  0.007324
 849.000000  0.007324
 850.000000  0.004883
 851.000000  0.009765
 852.000000  0.007324
 853.000000  0.007324
 854.000000  0.009765
 855.000000  0.007324
 856.000000  0.007324
 857.000000  0.004883
 858.000000  0.007324
 859.000000  0.004883
 860.000000  0.007324
 861.000000  0.007324
 862.000000  0.007324
 863.000000  0.007324
 864.000000  0.007324
 865.000000  0.007324
 866.000000  0.007324
 867.000000  0.004883
 868.000000  0.007324
 869.000000  0.007324
 870.000000  0.007324
 871.000000  0.007324
 872.000000  0.007324
 873.000000  0.007324
 874.000000  0.007324
 875.000000  0.009765
 876.000000  0.007324
 877.000000  0.007324
 878.000000  0.007324
 879.000000  0.004883
 880.000000  0.007324
 881.000000  0.007324
 882.000000  0.007324
 883.000000  0.007324
 884.000000  0.007324
 885.000000  0.007324
 886.000000  0.007324
 887.000000  0.004883
 888.000000  0.007324
 889.000000  0.009765
 890.000000  0.007324
 891.000000  0.007324
 892.000000  0.007324
 893.000000  0.009765
 894.000000  0.007324
 895.000000  0.007324
 896.000000  0.007324
 897.000000  0.009765
 898.000000  0.007324
 899.000000  0.007324
 900.000000  0.007324
 901.000000  0.007324
 902.000000  0.009765
 903.000000  0.007324
 904.000000  0.007324
 905.000000  0.007324
 906.000000  0.009765
 907.000000  0.007324
 908.000000  0.009765
 909.000000  0.007324
 910.000000  0.007324
 911.000000  0.007324
 912.000000  0.007324
 913.000000  0.007324
 914.000000  0.004883
 915.000000  0.007324
 916.000000  0.007324
 917.000000  0.007324
 918.000000  0.009765
 919.000000  0.007324
 920.000000  0.009765
 921.000000  0.007324
 922.000000  0.007324
 923.000000  0.007324
 924.000000  0.007324
 925.000000  0.007324
 926.000000  0.007324
 927.000000  0.007324
 928.000000  0.007324
 929.000000  0.007324
 930.000000  0.007324
 931.000000  0.007324
 932.000000  0.007324
 933.000000  0.007324
 934.000000  0.007324
 935.000000  0.007324
 936.000000  0.007324
 937.000000  0.007324
 938.000000  0.007324
 939.000000  0.007324
 940.000000  0.007324
 941.000000  0.007324
 942.000000  0.007324
 943.000000  0.007324
 944.000000  0.007324
 945.000000  0.004883
 946.000000  0.009765
 947.000000  0.007324
 948.000000  0.004883
 949.000000  0.007324
 950.000000  0.009765
 951.000000  0.007324
 952.000000  0.007324
 953.000000  0.007324
 954.000000  0.007324
 955.000000  0.007324
 956.000000  0.007324
 957.000000  0.007324
 958.000000  0.007324
 959.000000  0.007324
 960.000000  0.007324
 961.000000  0.004883
 962.000000  0.009765
 963.000000  0.007324
 964.000000  0.004883
 965.000000  0.009765
 966.000000  0.004883
 967.000000  0.007324
 968.000000  0.007324
 969.000000  0.007324
 970.000000  0.009765
 971.000000  0.007324
 972.000000  0.007324
 973.000000  0.009765
 974.000000  0.007324
 975.000000  0.009765
 976.000000  0.004883
 977.000000  0.007324
 978.000000  0.007324
 979.000000  0.007324
 980.000000  0.007324
 981.000000  0.007324
 982.000000  0.007324
 983.000000  0.004883
 984.000000  0.007324
 985.000000  0.007324
 986.000000  0.007324
 987.000000  0.007324
 988.000000  0.007324
 989.000000  0.007324
 990.000000  0.007324
 991.000000  0.009765
 992.000000  0.004883
 993.000000  0.007324
 994.000000  0.007324
 995.000000  0.007324
 996.000000  0.004883
 997.000000  0.009765
 998.000000  0.009765
 999.000000  0.007324
 1000.000000  0.009765
 1001.000000  0.007324
 1002.000000  0.007324
 1003.000000  0.007324
 1004.000000  0.004883
 1005.000000  0.007324
 1006.000000  0.007324
 1007.000000  0.007324
 1008.000000  0.007324
 1009.000000  0.007324
 1010.000000  0.007324
 1011.000000  0.007324
 1012.000000  0.004883
 1013.000000  0.007324
 1014.000000  0.007324
 1015.000000  0.007324
 1016.000000  0.007324
 1017.000000  0.007324
 1018.000000  0.007324
 1019.000000  0.007324
 1020.000000  0.007324
 1021.000000  0.007324
 1022.000000  0.007324
 1023.000000  0.007324
