 0.000000  0.007324
 1.000000  0.007275
 2.000000  0.007324
 3.000000  0.007153
 4.000000  0.007324
 5.000000  0.007251
 6.000000  0.007324
 7.000000  0.007324
 8.000000  0.007324
 9.000000  0.007324
 10.000000  0.007324
 11.000000  0.007227
 12.000000  0.007349
 13.000000  0.007251
 14.000000  0.007324
 15.000000  0.007227
 16.000000  0.007349
 17.000000  0.007251
 18.000000  0.007324
 19.000000  0.007300
 20.000000  0.007324
 21.000000  0.007300
 22.000000  0.007324
 23.000000  0.007324
 24.000000  0.007324
 25.000000  0.007300
 26.000000  0.007324
 27.000000  0.009716
 28.000000  0.007324
 29.000000  0.007251
 30.000000  0.007324
 31.000000  0.007275
 32.000000  0.007324
 33.000000  0.007227
 34.000000  0.007324
 35.000000  0.007227
 36.000000  0.007324
 37.000000  0.007178
 38.000000  0.007324
 39.000000  0.009716
 40.000000  0.007422
 41.000000  0.007153
 42.000000  0.007349
 43.000000  0.007129
 44.000000  0.007373
 45.000000  0.007202
 46.000000  0.007324
 47.000000  0.007178
 48.000000  0.007324
 49.000000  0.007178
 50.000000  0.007324
 51.000000  0.007227
 52.000000  0.007324
 53.000000  0.007080
 54.000000  0.007373
 55.000000  0.007227
 56.000000  0.007324
 57.000000  0.007202
 58.000000  0.007349
 59.000000  0.009692
 60.000000  0.007324
 61.000000  0.009619
 62.000000  0.007349
 63.000000  0.007202
 64.000000  0.008203
 65.000000  0.007178
 66.000000  0.007471
 67.000000  0.009448
 68.000000  0.007275
 69.000000  0.005981
 70.000000  0.007251
 71.000000  0.006958
 72.000000  0.007544
 73.000000  0.006982
 74.000000  0.007397
 75.000000  0.006787
 76.000000  0.007471
 77.000000  0.007129
 78.000000  0.007422
 79.000000  0.007153
 80.000000  0.007324
 81.000000  0.007104
 82.000000  0.007324
 83.000000  0.007178
 84.000000  0.007324
 85.000000  0.007153
 86.000000  0.007349
 87.000000  0.007202
 88.000000  0.007324
 89.000000  0.007202
 90.000000  0.007324
 91.000000  0.007251
 92.000000  0.007324
 93.000000  0.007178
 94.000000  0.007324
 95.000000  0.007129
 96.000000  0.007349
 97.000000  0.007153
 98.000000  0.007324
 99.000000  0.007202
 100.000000  0.007324
 101.000000  0.009668
 102.000000  0.007324
 103.000000  0.009716
 104.000000  0.007349
 105.000000  0.007227
 106.000000  0.007373
 107.000000  0.007178
 108.000000  0.007324
 109.000000  0.009716
 110.000000  0.007324
 111.000000  0.007129
 112.000000  0.007324
 113.000000  0.007202
 114.000000  0.007349
 115.000000  0.007202
 116.000000  0.007373
 117.000000  0.007251
 118.000000  0.007373
 119.000000  0.007056
 120.000000  0.007324
 121.000000  0.007251
 122.000000  0.007349
 123.000000  0.007300
 124.000000  0.007324
 125.000000  0.007178
 126.000000  0.007349
 127.000000  0.009643
 128.000000  0.007324
 129.000000  0.007251
 130.000000  0.007324
 131.000000  0.009643
 132.000000  0.007324
 133.000000  0.007275
 134.000000  0.007324
 135.000000  0.009716
 136.000000  0.007324
 137.000000  0.007324
 138.000000  0.007324
 139.000000  0.007324
 140.000000  0.007324
 141.000000  0.007275
 142.000000  0.007324
 143.000000  0.007324
 144.000000  0.007324
 145.000000  0.009716
 146.000000  0.007324
 147.000000  0.007251
 148.000000  0.007324
 149.000000  0.009692
 150.000000  0.007324
 151.000000  0.007251
 152.000000  0.007324
 153.000000  0.007251
 154.000000  0.007324
 155.000000  0.007324
 156.000000  0.007324
 157.000000  0.009741
 158.000000  0.007324
 159.000000  0.007251
 160.000000  0.007324
 161.000000  0.007275
 162.000000  0.007324
 163.000000  0.007300
 164.000000  0.007324
 165.000000  0.007275
 166.000000  0.007324
 167.000000  0.007251
 168.000000  0.007349
 169.000000  0.009521
 170.000000  0.007324
 171.000000  0.007324
 172.000000  0.007324
 173.000000  0.007251
 174.000000  0.007324
 175.000000  0.007202
 176.000000  0.007324
 177.000000  0.007275
 178.000000  0.007324
 179.000000  0.009692
 180.000000  0.007324
 181.000000  0.007300
 182.000000  0.007324
 183.000000  0.007251
 184.000000  0.007324
 185.000000  0.007300
 186.000000  0.007324
 187.000000  0.007275
 188.000000  0.007324
 189.000000  0.007300
 190.000000  0.007324
 191.000000  0.007202
 192.000000  0.007324
 193.000000  0.007300
 194.000000  0.007324
 195.000000  0.007251
 196.000000  0.009765
 197.000000  0.007251
 198.000000  0.007324
 199.000000  0.009716
 200.000000  0.007324
 201.000000  0.009619
 202.000000  0.007349
 203.000000  0.007300
 204.000000  0.007324
 205.000000  0.007251
 206.000000  0.007324
 207.000000  0.007251
 208.000000  0.007349
 209.000000  0.009741
 210.000000  0.007324
 211.000000  0.007251
 212.000000  0.007324
 213.000000  0.009765
 214.000000  0.007324
 215.000000  0.007275
 216.000000  0.007373
 217.000000  0.007227
 218.000000  0.007349
 219.000000  0.009765
 220.000000  0.007275
 221.000000  0.006567
 222.000000  0.007373
 223.000000  0.007178
 224.000000  0.007519
 225.000000  0.007373
 226.000000  0.007959
 227.000000  0.009301
 228.000000  0.007568
 229.000000  0.009423
 230.000000  0.007617
 231.000000  0.007056
 232.000000  0.007617
 233.000000  0.009350
 234.000000  0.007324
 235.000000  0.007104
 236.000000  0.007397
 237.000000  0.007275
 238.000000  0.007397
 239.000000  0.009668
 240.000000  0.007397
 241.000000  0.007300
 242.000000  0.007471
 243.000000  0.009741
 244.000000  0.007373
 245.000000  0.007227
 246.000000  0.007324
 247.000000  0.007275
 248.000000  0.007373
 249.000000  0.007227
 250.000000  0.007324
 251.000000  0.007275
 252.000000  0.007373
 253.000000  0.007251
 254.000000  0.007324
 255.000000  0.009716
 256.000000  0.007397
 257.000000  0.007275
 258.000000  0.007373
 259.000000  0.007251
 260.000000  0.007397
 261.000000  0.007275
 262.000000  0.007349
 263.000000  0.009716
 264.000000  0.007324
 265.000000  0.009765
 266.000000  0.007397
 267.000000  0.009765
 268.000000  0.007373
 269.000000  0.009765
 270.000000  0.007324
 271.000000  0.007300
 272.000000  0.007373
 273.000000  0.007324
 274.000000  0.007397
 275.000000  0.009765
 276.000000  0.007373
 277.000000  0.009741
 278.000000  0.007397
 279.000000  0.007324
 280.000000  0.007422
 281.000000  0.009741
 282.000000  0.007349
 283.000000  0.009765
 284.000000  0.007446
 285.000000  0.007300
 286.000000  0.007324
 287.000000  0.007324
 288.000000  0.007373
 289.000000  0.009741
 290.000000  0.007373
 291.000000  0.007324
 292.000000  0.007349
 293.000000  0.007324
 294.000000  0.007397
 295.000000  0.009765
 296.000000  0.007397
 297.000000  0.009765
 298.000000  0.007397
 299.000000  0.009765
 300.000000  0.007397
 301.000000  0.007324
 302.000000  0.007422
 303.000000  0.009765
 304.000000  0.007666
 305.000000  0.007324
 306.000000  0.007519
 307.000000  0.009765
 308.000000  0.007495
 309.000000  0.009790
 310.000000  0.007471
 311.000000  0.007324
 312.000000  0.007568
 313.000000  0.007324
 314.000000  0.007642
 315.000000  0.009765
 316.000000  0.007593
 317.000000  0.007324
 318.000000  0.007519
 319.000000  0.007324
 320.000000  0.007690
 321.000000  0.009765
 322.000000  0.007861
 323.000000  0.009765
 324.000000  0.007886
 325.000000  0.007324
 326.000000  0.007910
 327.000000  0.007349
 328.000000  0.007935
 329.000000  0.009814
 330.000000  0.008423
 331.000000  0.009790
 332.000000  0.008374
 333.000000  0.009814
 334.000000  0.008325
 335.000000  0.009814
 336.000000  0.008423
 337.000000  0.007324
 338.000000  0.008496
 339.000000  0.007397
 340.000000  0.008789
 341.000000  0.009838
 342.000000  0.010937
 343.000000  0.009790
 344.000000  0.008887
 345.000000  0.009814
 346.000000  0.009033
 347.000000  0.007397
 348.000000  0.008862
 349.000000  0.009838
 350.000000  0.009009
 351.000000  0.009985
 352.000000  0.009058
 353.000000  0.010083
 354.000000  0.008887
 355.000000  0.007593
 356.000000  0.009131
 357.000000  0.007666
 358.000000  0.009375
 359.000000  0.010058
 360.000000  0.009204
 361.000000  0.007642
 362.000000  0.009302
 363.000000  0.010278
 364.000000  0.009399
 365.000000  0.007983
 366.000000  0.009668
 367.000000  0.007935
 368.000000  0.009644
 369.000000  0.008350
 370.000000  0.009668
 371.000000  0.011132
 372.000000  0.009619
 373.000000  0.010986
 374.000000  0.009668
 375.000000  0.010937
 376.000000  0.009717
 377.000000  0.009204
 378.000000  0.009888
 379.000000  0.008691
 380.000000  0.009595
 381.000000  0.010595
 382.000000  0.008740
 383.000000  0.008643
 384.000000  0.009814
 385.000000  0.009326
 386.000000  0.009692
 387.000000  0.011352
 388.000000  0.009619
 389.000000  0.011865
 390.000000  0.009814
 391.000000  0.011889
 392.000000  0.009814
 393.000000  0.009570
 394.000000  0.009790
 395.000000  0.009595
 396.000000  0.009790
 397.000000  0.009692
 398.000000  0.009814
 399.000000  0.009619
 400.000000  0.009766
 401.000000  0.012133
 402.000000  0.009766
 403.000000  0.009741
 404.000000  0.009814
 405.000000  0.009741
 406.000000  0.009814
 407.000000  0.009790
 408.000000  0.009863
 409.000000  0.012231
 410.000000  0.010156
 411.000000  0.012207
 412.000000  0.010132
 413.000000  0.009790
 414.000000  0.010132
 415.000000  0.012207
 416.000000  0.010400
 417.000000  0.009814
 418.000000  0.010327
 419.000000  0.009888
 420.000000  0.010644
 421.000000  0.009961
 422.000000  0.010962
 423.000000  0.010010
 424.000000  0.011255
 425.000000  0.012622
 426.000000  0.011352
 427.000000  0.013061
 428.000000  0.011938
 429.000000  0.013256
 430.000000  0.011987
 431.000000  0.013745
 432.000000  0.012085
 433.000000  0.011523
 434.000000  0.012158
 435.000000  0.014282
 436.000000  0.012183
 437.000000  0.014355
 438.000000  0.012183
 439.000000  0.014502
 440.000000  0.012231
 441.000000  0.014599
 442.000000  0.012207
 443.000000  0.014648
 444.000000  0.012353
 445.000000  0.014648
 446.000000  0.012549
 447.000000  0.012207
 448.000000  0.012671
 449.000000  0.014672
 450.000000  0.012988
 451.000000  0.014648
 452.000000  0.013599
 453.000000  0.014819
 454.000000  0.014307
 455.000000  0.015356
 456.000000  0.014600
 457.000000  0.016064
 458.000000  0.014648
 459.000000  0.016479
 460.000000  0.014648
 461.000000  0.016796
 462.000000  0.014648
 463.000000  0.016992
 464.000000  0.014648
 465.000000  0.017089
 466.000000  0.014697
 467.000000  0.014648
 468.000000  0.014697
 469.000000  0.014648
 470.000000  0.015186
 471.000000  0.017089
 472.000000  0.015405
 473.000000  0.014648
 474.000000  0.015527
 475.000000  0.017114
 476.000000  0.016675
 477.000000  0.014648
 478.000000  0.015967
 479.000000  0.017236
 480.000000  0.017065
 481.000000  0.018042
 482.000000  0.017090
 483.000000  0.015601
 484.000000  0.017090
 485.000000  0.019531
 486.000000  0.017090
 487.000000  0.016553
 488.000000  0.017090
 489.000000  0.017065
 490.000000  0.017236
 491.000000  0.019506
 492.000000  0.017090
 493.000000  0.019531
 494.000000  0.019311
 495.000000  0.019604
 496.000000  0.017529
 497.000000  0.017090
 498.000000  0.019482
 499.000000  0.021972
 500.000000  0.019482
 501.000000  0.019604
 502.000000  0.019531
 503.000000  0.022168
 504.000000  0.020923
 505.000000  0.021972
 506.000000  0.019531
 507.000000  0.019531
 508.000000  0.022095
 509.000000  0.019580
 510.000000  0.020288
 511.000000  0.022265
 512.000000  0.024414
 513.000000  0.028223
 514.000000  0.022656
 515.000000  0.021411
 516.000000  0.022412
 517.000000  0.026831
 518.000000  0.026855
 519.000000  0.024438
 520.000000  0.025610
 521.000000  0.034106
 522.000000  0.049072
 523.000000  0.041381
 524.000000  0.031738
 525.000000  0.032202
 526.000000  0.052344
 527.000000  0.078002
 528.000000  0.077246
 529.000000  0.053466
 530.000000  0.041479
 531.000000  0.075390
 532.000000  0.109229
 533.000000  0.131543
 534.000000  0.046484
 535.000000  0.044360
 536.000000  0.109277
 537.000000  0.308765
 538.000000  0.334888
 539.000000  0.053930
 540.000000  0.099878
 541.000000  0.214111
 542.000000  0.210132
 543.000000  0.109595
 544.000000  0.027905
 545.000000  0.029150
 546.000000  0.034033
 547.000000  0.034448
 548.000000  0.024023
 549.000000  0.024316
 550.000000  0.022607
 551.000000  0.024902
 552.000000  0.022510
 553.000000  0.019995
 554.000000  0.021606
 555.000000  0.021094
 556.000000  0.021582
 557.000000  0.022045
 558.000000  0.019580
 559.000000  0.021923
 560.000000  0.019678
 561.000000  0.019409
 562.000000  0.019507
 563.000000  0.020239
 564.000000  0.019067
 565.000000  0.020581
 566.000000  0.019458
 567.000000  0.020043
 568.000000  0.018433
 569.000000  0.019604
 570.000000  0.017822
 571.000000  0.019531
 572.000000  0.017114
 573.000000  0.019506
 574.000000  0.017139
 575.000000  0.019506
 576.000000  0.017090
 577.000000  0.019238
 578.000000  0.017090
 579.000000  0.019043
 580.000000  0.017090
 581.000000  0.016113
 582.000000  0.017041
 583.000000  0.018310
 584.000000  0.016748
 585.000000  0.017358
 586.000000  0.016235
 587.000000  0.017456
 588.000000  0.016382
 589.000000  0.014648
 590.000000  0.015552
 591.000000  0.017089
 592.000000  0.015454
 593.000000  0.014648
 594.000000  0.015039
 595.000000  0.017089
 596.000000  0.014868
 597.000000  0.017041
 598.000000  0.014648
 599.000000  0.016894
 600.000000  0.014648
 601.000000  0.016699
 602.000000  0.014648
 603.000000  0.016821
 604.000000  0.014648
 605.000000  0.016748
 606.000000  0.014624
 607.000000  0.015551
 608.000000  0.014624
 609.000000  0.014941
 610.000000  0.014453
 611.000000  0.015551
 612.000000  0.016845
 613.000000  0.014941
 614.000000  0.015673
 615.000000  0.014648
 616.000000  0.012915
 617.000000  0.012280
 618.000000  0.012842
 619.000000  0.014648
 620.000000  0.012500
 621.000000  0.014648
 622.000000  0.012256
 623.000000  0.014648
 624.000000  0.014697
 625.000000  0.014648
 626.000000  0.012207
 627.000000  0.014575
 628.000000  0.012207
 629.000000  0.013916
 630.000000  0.012207
 631.000000  0.014404
 632.000000  0.012207
 633.000000  0.014013
 634.000000  0.012061
 635.000000  0.014062
 636.000000  0.012134
 637.000000  0.010913
 638.000000  0.011792
 639.000000  0.012988
 640.000000  0.011694
 641.000000  0.012744
 642.000000  0.011352
 643.000000  0.009936
 644.000000  0.013671
 645.000000  0.012377
 646.000000  0.012988
 647.000000  0.012280
 648.000000  0.010327
 649.000000  0.009766
 650.000000  0.010010
 651.000000  0.009790
 652.000000  0.009888
 653.000000  0.009766
 654.000000  0.009912
 655.000000  0.012207
 656.000000  0.009814
 657.000000  0.012207
 658.000000  0.009766
 659.000000  0.009766
 660.000000  0.009766
 661.000000  0.012182
 662.000000  0.009766
 663.000000  0.012109
 664.000000  0.012231
 665.000000  0.012109
 666.000000  0.012207
 667.000000  0.011938
 668.000000  0.009766
 669.000000  0.009399
 670.000000  0.009766
 671.000000  0.009424
 672.000000  0.009741
 673.000000  0.011792
 674.000000  0.012207
 675.000000  0.011669
 676.000000  0.009741
 677.000000  0.011474
 678.000000  0.009668
 679.000000  0.011230
 680.000000  0.009668
 681.000000  0.008276
 682.000000  0.009692
 683.000000  0.010766
 684.000000  0.009546
 685.000000  0.010717
 686.000000  0.009692
 687.000000  0.008276
 688.000000  0.012060
 689.000000  0.008569
 690.000000  0.012182
 691.000000  0.010351
 692.000000  0.009131
 693.000000  0.010058
 694.000000  0.008325
 695.000000  0.010058
 696.000000  0.011401
 697.000000  0.011035
 698.000000  0.008838
 699.000000  0.010131
 700.000000  0.008911
 701.000000  0.007935
 702.000000  0.009424
 703.000000  0.007959
 704.000000  0.011596
 705.000000  0.010034
 706.000000  0.008911
 707.000000  0.007715
 708.000000  0.008960
 709.000000  0.009912
 710.000000  0.008740
 711.000000  0.009790
 712.000000  0.008618
 713.000000  0.009912
 714.000000  0.008618
 715.000000  0.009814
 716.000000  0.008350
 717.000000  0.009838
 718.000000  0.008716
 719.000000  0.009814
 720.000000  0.008691
 721.000000  0.009863
 722.000000  0.008472
 723.000000  0.009765
 724.000000  0.008203
 725.000000  0.009838
 726.000000  0.008130
 727.000000  0.009790
 728.000000  0.007959
 729.000000  0.007349
 730.000000  0.007886
 731.000000  0.009765
 732.000000  0.007886
 733.000000  0.009790
 734.000000  0.010229
 735.000000  0.009765
 736.000000  0.007666
 737.000000  0.009765
 738.000000  0.007544
 739.000000  0.009765
 740.000000  0.007471
 741.000000  0.009765
 742.000000  0.007471
 743.000000  0.007324
 744.000000  0.007422
 745.000000  0.009765
 746.000000  0.007397
 747.000000  0.007324
 748.000000  0.007519
 749.000000  0.009790
 750.000000  0.007422
 751.000000  0.009765
 752.000000  0.009814
 753.000000  0.009765
 754.000000  0.007349
 755.000000  0.009741
 756.000000  0.007324
 757.000000  0.009765
 758.000000  0.007324
 759.000000  0.007275
 760.000000  0.007324
 761.000000  0.009741
 762.000000  0.007349
 763.000000  0.009765
 764.000000  0.007324
 765.000000  0.009765
 766.000000  0.007324
 767.000000  0.007324
 768.000000  0.007324
 769.000000  0.009741
 770.000000  0.007324
 771.000000  0.009716
 772.000000  0.007324
 773.000000  0.009741
 774.000000  0.009765
 775.000000  0.009643
 776.000000  0.009765
 777.000000  0.009716
 778.000000  0.007324
 779.000000  0.007275
 780.000000  0.007324
 781.000000  0.007251
 782.000000  0.009765
 783.000000  0.009643
 784.000000  0.007324
 785.000000  0.009570
 786.000000  0.007324
 787.000000  0.009668
 788.000000  0.009765
 789.000000  0.009399
 790.000000  0.007324
 791.000000  0.009423
 792.000000  0.007324
 793.000000  0.009472
 794.000000  0.007324
 795.000000  0.009619
 796.000000  0.007324
 797.000000  0.009594
 798.000000  0.007324
 799.000000  0.009326
 800.000000  0.007324
 801.000000  0.009399
 802.000000  0.009765
 803.000000  0.009643
 804.000000  0.007324
 805.000000  0.009643
 806.000000  0.007324
 807.000000  0.009423
 808.000000  0.009765
 809.000000  0.007007
 810.000000  0.007324
 811.000000  0.007080
 812.000000  0.007324
 813.000000  0.006714
 814.000000  0.007324
 815.000000  0.009375
 816.000000  0.007324
 817.000000  0.009155
 818.000000  0.007324
 819.000000  0.009448
 820.000000  0.007324
 821.000000  0.009301
 822.000000  0.007324
 823.000000  0.009399
 824.000000  0.009765
 825.000000  0.008960
 826.000000  0.007324
 827.000000  0.009228
 828.000000  0.007324
 829.000000  0.009204
 830.000000  0.007324
 831.000000  0.009106
 832.000000  0.007324
 833.000000  0.009252
 834.000000  0.007251
 835.000000  0.008935
 836.000000  0.009765
 837.000000  0.008935
 838.000000  0.007324
 839.000000  0.008911
 840.000000  0.007324
 841.000000  0.008569
 842.000000  0.009765
 843.000000  0.009106
 844.000000  0.007300
 845.000000  0.006445
 846.000000  0.009228
 847.000000  0.009082
 848.000000  0.007227
 849.000000  0.009155
 850.000000  0.007544
 851.000000  0.009448
 852.000000  0.006982
 853.000000  0.005786
 854.000000  0.009619
 855.000000  0.008960
 856.000000  0.007178
 857.000000  0.006103
 858.000000  0.006982
 859.000000  0.005713
 860.000000  0.009643
 861.000000  0.008544
 862.000000  0.007227
 863.000000  0.006250
 864.000000  0.007178
 865.000000  0.009155
 866.000000  0.009668
 867.000000  0.006274
 868.000000  0.007251
 869.000000  0.008960
 870.000000  0.007300
 871.000000  0.008642
 872.000000  0.007227
 873.000000  0.008789
 874.000000  0.007178
 875.000000  0.008715
 876.000000  0.007080
 877.000000  0.005884
 878.000000  0.007227
 879.000000  0.005884
 880.000000  0.007202
 881.000000  0.008935
 882.000000  0.007227
 883.000000  0.008642
 884.000000  0.007178
 885.000000  0.009082
 886.000000  0.007324
 887.000000  0.006250
 888.000000  0.007275
 889.000000  0.008471
 890.000000  0.007251
 891.000000  0.008618
 892.000000  0.007275
 893.000000  0.008862
 894.000000  0.007227
 895.000000  0.008886
 896.000000  0.007275
 897.000000  0.008813
 898.000000  0.007275
 899.000000  0.008544
 900.000000  0.007251
 901.000000  0.008691
 902.000000  0.009692
 903.000000  0.008276
 904.000000  0.007300
 905.000000  0.008398
 906.000000  0.009619
 907.000000  0.008081
 908.000000  0.009716
 909.000000  0.008447
 910.000000  0.007275
 911.000000  0.008203
 912.000000  0.007300
 913.000000  0.008105
 914.000000  0.007178
 915.000000  0.008300
 916.000000  0.007227
 917.000000  0.008276
 918.000000  0.009716
 919.000000  0.008007
 920.000000  0.009716
 921.000000  0.008129
 922.000000  0.007251
 923.000000  0.008203
 924.000000  0.007129
 925.000000  0.008056
 926.000000  0.007275
 927.000000  0.008300
 928.000000  0.007300
 929.000000  0.008300
 930.000000  0.007153
 931.000000  0.007959
 932.000000  0.007227
 933.000000  0.008300
 934.000000  0.007275
 935.000000  0.008081
 936.000000  0.007202
 937.000000  0.008129
 938.000000  0.007300
 939.000000  0.007983
 940.000000  0.007324
 941.000000  0.008154
 942.000000  0.007324
 943.000000  0.008349
 944.000000  0.007300
 945.000000  0.005835
 946.000000  0.009668
 947.000000  0.008544
 948.000000  0.007300
 949.000000  0.008325
 950.000000  0.009716
 951.000000  0.008422
 952.000000  0.007178
 953.000000  0.008325
 954.000000  0.007275
 955.000000  0.008325
 956.000000  0.007251
 957.000000  0.008105
 958.000000  0.007227
 959.000000  0.005615
 960.000000  0.007251
 961.000000  0.005811
 962.000000  0.009643
 963.000000  0.005859
 964.000000  0.007251
 965.000000  0.008569
 966.000000  0.007227
 967.000000  0.008276
 968.000000  0.007178
 969.000000  0.008007
 970.000000  0.009668
 971.000000  0.008081
 972.000000  0.007178
 973.000000  0.008032
 974.000000  0.007227
 975.000000  0.008325
 976.000000  0.007227
 977.000000  0.008056
 978.000000  0.007129
 979.000000  0.008081
 980.000000  0.007275
 981.000000  0.008325
 982.000000  0.007080
 983.000000  0.005884
 984.000000  0.006982
 985.000000  0.008374
 986.000000  0.006982
 987.000000  0.008105
 988.000000  0.009545
 989.000000  0.007983
 990.000000  0.007104
 991.000000  0.008081
 992.000000  0.007056
 993.000000  0.008081
 994.000000  0.007104
 995.000000  0.008276
 996.000000  0.006836
 997.000000  0.008178
 998.000000  0.009594
 999.000000  0.008105
 1000.000000  0.009594
 1001.000000  0.008178
 1002.000000  0.007373
 1003.000000  0.007983
 1004.000000  0.006641
 1005.000000  0.008032
 1006.000000  0.006103
 1007.000000  0.007641
 1008.000000  0.006592
 1009.000000  0.008886
 1010.000000  0.007056
 1011.000000  0.008129
 1012.000000  0.006616
 1013.000000  0.008349
 1014.000000  0.006982
 1015.000000  0.008764
 1016.000000  0.007007
 1017.000000  0.007959
 1018.000000  0.006885
 1019.000000  0.008154
 1020.000000  0.006934
 1021.000000  0.007934
 1022.000000  0.006982
 1023.000000  0.007861
