 0.000000  0.007349
 1.000000  0.007178
 2.000000  0.007324
 3.000000  0.007129
 4.000000  0.007349
 5.000000  0.007056
 6.000000  0.007349
 7.000000  0.007275
 8.000000  0.007300
 9.000000  0.007251
 10.000000  0.007324
 11.000000  0.007007
 12.000000  0.007324
 13.000000  0.007227
 14.000000  0.007324
 15.000000  0.007202
 16.000000  0.007349
 17.000000  0.007324
 18.000000  0.007349
 19.000000  0.007300
 20.000000  0.007324
 21.000000  0.007275
 22.000000  0.007349
 23.000000  0.007227
 24.000000  0.007349
 25.000000  0.007251
 26.000000  0.007324
 27.000000  0.009692
 28.000000  0.007324
 29.000000  0.007202
 30.000000  0.007349
 31.000000  0.007251
 32.000000  0.007324
 33.000000  0.007300
 34.000000  0.007324
 35.000000  0.007275
 36.000000  0.007324
 37.000000  0.007227
 38.000000  0.007324
 39.000000  0.009692
 40.000000  0.007349
 41.000000  0.007251
 42.000000  0.007349
 43.000000  0.007251
 44.000000  0.007349
 45.000000  0.007251
 46.000000  0.007324
 47.000000  0.007202
 48.000000  0.007324
 49.000000  0.007324
 50.000000  0.007324
 51.000000  0.007227
 52.000000  0.007324
 53.000000  0.007227
 54.000000  0.007324
 55.000000  0.007275
 56.000000  0.007324
 57.000000  0.007275
 58.000000  0.007324
 59.000000  0.009643
 60.000000  0.007324
 61.000000  0.009643
 62.000000  0.007324
 63.000000  0.007202
 64.000000  0.007324
 65.000000  0.007202
 66.000000  0.007324
 67.000000  0.009716
 68.000000  0.007324
 69.000000  0.007275
 70.000000  0.007324
 71.000000  0.007202
 72.000000  0.007324
 73.000000  0.007178
 74.000000  0.007349
 75.000000  0.007202
 76.000000  0.007324
 77.000000  0.007300
 78.000000  0.007349
 79.000000  0.007324
 80.000000  0.007324
 81.000000  0.007300
 82.000000  0.007324
 83.000000  0.007251
 84.000000  0.007324
 85.000000  0.007324
 86.000000  0.007349
 87.000000  0.007202
 88.000000  0.007324
 89.000000  0.007275
 90.000000  0.007324
 91.000000  0.007227
 92.000000  0.007324
 93.000000  0.007227
 94.000000  0.007324
 95.000000  0.007227
 96.000000  0.007324
 97.000000  0.007153
 98.000000  0.007324
 99.000000  0.007324
 100.000000  0.007324
 101.000000  0.009643
 102.000000  0.007349
 103.000000  0.009692
 104.000000  0.007324
 105.000000  0.007153
 106.000000  0.007324
 107.000000  0.007251
 108.000000  0.007324
 109.000000  0.009668
 110.000000  0.007324
 111.000000  0.007275
 112.000000  0.007349
 113.000000  0.007153
 114.000000  0.007324
 115.000000  0.007178
 116.000000  0.007324
 117.000000  0.007178
 118.000000  0.007324
 119.000000  0.007178
 120.000000  0.007349
 121.000000  0.007104
 122.000000  0.007324
 123.000000  0.007178
 124.000000  0.007324
 125.000000  0.007104
 126.000000  0.007373
 127.000000  0.009497
 128.000000  0.007324
 129.000000  0.007104
 130.000000  0.007324
 131.000000  0.009692
 132.000000  0.007544
 133.000000  0.007178
 134.000000  0.007544
 135.000000  0.009179
 136.000000  0.007251
 137.000000  0.006470
 138.000000  0.007324
 139.000000  0.006494
 140.000000  0.007617
 141.000000  0.006714
 142.000000  0.007422
 143.000000  0.007007
 144.000000  0.007373
 145.000000  0.009497
 146.000000  0.007422
 147.000000  0.006811
 148.000000  0.007495
 149.000000  0.009497
 150.000000  0.007349
 151.000000  0.006982
 152.000000  0.007349
 153.000000  0.006982
 154.000000  0.007349
 155.000000  0.007202
 156.000000  0.007349
 157.000000  0.009545
 158.000000  0.007324
 159.000000  0.007080
 160.000000  0.007324
 161.000000  0.007129
 162.000000  0.007349
 163.000000  0.007104
 164.000000  0.007324
 165.000000  0.007275
 166.000000  0.007324
 167.000000  0.007202
 168.000000  0.007324
 169.000000  0.009448
 170.000000  0.007324
 171.000000  0.007202
 172.000000  0.007349
 173.000000  0.007178
 174.000000  0.007349
 175.000000  0.007227
 176.000000  0.007324
 177.000000  0.007056
 178.000000  0.007324
 179.000000  0.009668
 180.000000  0.007300
 181.000000  0.007104
 182.000000  0.007349
 183.000000  0.007300
 184.000000  0.007324
 185.000000  0.007202
 186.000000  0.007349
 187.000000  0.007178
 188.000000  0.007324
 189.000000  0.007129
 190.000000  0.007349
 191.000000  0.007178
 192.000000  0.007324
 193.000000  0.007227
 194.000000  0.007349
 195.000000  0.007251
 196.000000  0.009765
 197.000000  0.007251
 198.000000  0.007324
 199.000000  0.009692
 200.000000  0.007324
 201.000000  0.009668
 202.000000  0.007324
 203.000000  0.007324
 204.000000  0.007349
 205.000000  0.007300
 206.000000  0.007324
 207.000000  0.007275
 208.000000  0.007349
 209.000000  0.009716
 210.000000  0.007324
 211.000000  0.007275
 212.000000  0.007324
 213.000000  0.009741
 214.000000  0.007324
 215.000000  0.007227
 216.000000  0.007324
 217.000000  0.007227
 218.000000  0.007349
 219.000000  0.009716
 220.000000  0.007324
 221.000000  0.007275
 222.000000  0.007324
 223.000000  0.007324
 224.000000  0.007324
 225.000000  0.007251
 226.000000  0.007324
 227.000000  0.009668
 228.000000  0.007324
 229.000000  0.009692
 230.000000  0.007324
 231.000000  0.007251
 232.000000  0.007324
 233.000000  0.009643
 234.000000  0.007324
 235.000000  0.007227
 236.000000  0.007324
 237.000000  0.007153
 238.000000  0.007324
 239.000000  0.009692
 240.000000  0.007324
 241.000000  0.007251
 242.000000  0.007324
 243.000000  0.009692
 244.000000  0.007324
 245.000000  0.007251
 246.000000  0.007324
 247.000000  0.007324
 248.000000  0.007324
 249.000000  0.007275
 250.000000  0.007324
 251.000000  0.007324
 252.000000  0.007324
 253.000000  0.007300
 254.000000  0.007324
 255.000000  0.009716
 256.000000  0.007324
 257.000000  0.007300
 258.000000  0.007349
 259.000000  0.007324
 260.000000  0.007324
 261.000000  0.007300
 262.000000  0.007324
 263.000000  0.009716
 264.000000  0.007324
 265.000000  0.009765
 266.000000  0.007349
 267.000000  0.009741
 268.000000  0.007373
 269.000000  0.009765
 270.000000  0.007324
 271.000000  0.007275
 272.000000  0.007324
 273.000000  0.007300
 274.000000  0.007373
 275.000000  0.009765
 276.000000  0.007324
 277.000000  0.009765
 278.000000  0.007324
 279.000000  0.007324
 280.000000  0.007349
 281.000000  0.009741
 282.000000  0.007373
 283.000000  0.009741
 284.000000  0.007422
 285.000000  0.007300
 286.000000  0.007349
 287.000000  0.007031
 288.000000  0.007275
 289.000000  0.009545
 290.000000  0.007422
 291.000000  0.007153
 292.000000  0.007837
 293.000000  0.007300
 294.000000  0.008081
 295.000000  0.009448
 296.000000  0.007812
 297.000000  0.009619
 298.000000  0.007715
 299.000000  0.009692
 300.000000  0.007715
 301.000000  0.007324
 302.000000  0.007617
 303.000000  0.009741
 304.000000  0.007910
 305.000000  0.007300
 306.000000  0.007471
 307.000000  0.009765
 308.000000  0.007642
 309.000000  0.009765
 310.000000  0.007617
 311.000000  0.007300
 312.000000  0.007690
 313.000000  0.007324
 314.000000  0.007715
 315.000000  0.009790
 316.000000  0.007568
 317.000000  0.007349
 318.000000  0.007812
 319.000000  0.007349
 320.000000  0.007764
 321.000000  0.009765
 322.000000  0.007764
 323.000000  0.009765
 324.000000  0.007788
 325.000000  0.007324
 326.000000  0.007861
 327.000000  0.007324
 328.000000  0.007812
 329.000000  0.009765
 330.000000  0.008057
 331.000000  0.009765
 332.000000  0.008154
 333.000000  0.009814
 334.000000  0.008081
 335.000000  0.009814
 336.000000  0.008008
 337.000000  0.007324
 338.000000  0.008472
 339.000000  0.007349
 340.000000  0.008545
 341.000000  0.009838
 342.000000  0.010522
 343.000000  0.009790
 344.000000  0.008398
 345.000000  0.009790
 346.000000  0.008667
 347.000000  0.007373
 348.000000  0.008423
 349.000000  0.009814
 350.000000  0.008838
 351.000000  0.009838
 352.000000  0.008716
 353.000000  0.009887
 354.000000  0.008740
 355.000000  0.007349
 356.000000  0.008691
 357.000000  0.007593
 358.000000  0.009180
 359.000000  0.009838
 360.000000  0.009424
 361.000000  0.007446
 362.000000  0.009228
 363.000000  0.009985
 364.000000  0.009277
 365.000000  0.007422
 366.000000  0.009619
 367.000000  0.007690
 368.000000  0.009448
 369.000000  0.007837
 370.000000  0.009473
 371.000000  0.010473
 372.000000  0.009448
 373.000000  0.010620
 374.000000  0.009692
 375.000000  0.010351
 376.000000  0.009570
 377.000000  0.007812
 378.000000  0.009692
 379.000000  0.008447
 380.000000  0.009741
 381.000000  0.011010
 382.000000  0.009717
 383.000000  0.008447
 384.000000  0.009717
 385.000000  0.008960
 386.000000  0.009766
 387.000000  0.011547
 388.000000  0.009741
 389.000000  0.011450
 390.000000  0.009766
 391.000000  0.011938
 392.000000  0.009766
 393.000000  0.009302
 394.000000  0.009766
 395.000000  0.009570
 396.000000  0.009766
 397.000000  0.009570
 398.000000  0.009766
 399.000000  0.009644
 400.000000  0.009766
 401.000000  0.012158
 402.000000  0.009766
 403.000000  0.009717
 404.000000  0.009766
 405.000000  0.009766
 406.000000  0.009790
 407.000000  0.009766
 408.000000  0.009790
 409.000000  0.012207
 410.000000  0.009766
 411.000000  0.012207
 412.000000  0.009814
 413.000000  0.009766
 414.000000  0.009888
 415.000000  0.012207
 416.000000  0.009790
 417.000000  0.009766
 418.000000  0.010107
 419.000000  0.009790
 420.000000  0.010107
 421.000000  0.009766
 422.000000  0.010327
 423.000000  0.009863
 424.000000  0.010571
 425.000000  0.012255
 426.000000  0.010913
 427.000000  0.012402
 428.000000  0.011084
 429.000000  0.012475
 430.000000  0.011255
 431.000000  0.012548
 432.000000  0.011279
 433.000000  0.010376
 434.000000  0.011523
 435.000000  0.012988
 436.000000  0.011963
 437.000000  0.013769
 438.000000  0.011816
 439.000000  0.013623
 440.000000  0.012134
 441.000000  0.014477
 442.000000  0.012207
 443.000000  0.014624
 444.000000  0.012378
 445.000000  0.014550
 446.000000  0.012427
 447.000000  0.011890
 448.000000  0.012183
 449.000000  0.014135
 450.000000  0.012402
 451.000000  0.014770
 452.000000  0.012793
 453.000000  0.014502
 454.000000  0.012915
 455.000000  0.014843
 456.000000  0.013232
 457.000000  0.014917
 458.000000  0.013769
 459.000000  0.015063
 460.000000  0.014160
 461.000000  0.015258
 462.000000  0.013696
 463.000000  0.014794
 464.000000  0.014478
 465.000000  0.016674
 466.000000  0.014600
 467.000000  0.013599
 468.000000  0.014624
 469.000000  0.014502
 470.000000  0.014648
 471.000000  0.016455
 472.000000  0.014648
 473.000000  0.014624
 474.000000  0.014819
 475.000000  0.016918
 476.000000  0.014648
 477.000000  0.014648
 478.000000  0.015649
 479.000000  0.017089
 480.000000  0.014893
 481.000000  0.017211
 482.000000  0.016577
 483.000000  0.015210
 484.000000  0.015332
 485.000000  0.017211
 486.000000  0.015918
 487.000000  0.016479
 488.000000  0.017090
 489.000000  0.014770
 490.000000  0.016602
 491.000000  0.018530
 492.000000  0.017871
 493.000000  0.018066
 494.000000  0.017041
 495.000000  0.018701
 496.000000  0.019336
 497.000000  0.018018
 498.000000  0.017090
 499.000000  0.018652
 500.000000  0.017407
 501.000000  0.021972
 502.000000  0.019604
 503.000000  0.019531
 504.000000  0.018506
 505.000000  0.024414
 506.000000  0.026562
 507.000000  0.019531
 508.000000  0.019531
 509.000000  0.020850
 510.000000  0.028979
 511.000000  0.032763
 512.000000  0.022681
 513.000000  0.021069
 514.000000  0.024414
 515.000000  0.029321
 516.000000  0.029297
 517.000000  0.029077
 518.000000  0.041016
 519.000000  0.101587
 520.000000  0.193115
 521.000000  0.079224
 522.000000  0.034399
 523.000000  0.037084
 524.000000  0.057788
 525.000000  0.077636
 526.000000  0.050708
 527.000000  0.031494
 528.000000  0.029346
 529.000000  0.043847
 530.000000  0.063525
 531.000000  0.048266
 532.000000  0.031738
 533.000000  0.053320
 534.000000  0.196680
 535.000000  0.416455
 536.000000  0.090552
 537.000000  0.029272
 538.000000  0.030615
 539.000000  0.065014
 540.000000  0.070947
 541.000000  0.021484
 542.000000  0.019531
 543.000000  0.020776
 544.000000  0.024414
 545.000000  0.020801
 546.000000  0.019141
 547.000000  0.019531
 548.000000  0.019531
 549.000000  0.021972
 550.000000  0.018237
 551.000000  0.019531
 552.000000  0.017090
 553.000000  0.017090
 554.000000  0.017554
 555.000000  0.016602
 556.000000  0.017041
 557.000000  0.018457
 558.000000  0.017163
 559.000000  0.018237
 560.000000  0.016895
 561.000000  0.014819
 562.000000  0.017065
 563.000000  0.018627
 564.000000  0.016870
 565.000000  0.017236
 566.000000  0.015869
 567.000000  0.017089
 568.000000  0.015283
 569.000000  0.017089
 570.000000  0.014868
 571.000000  0.017089
 572.000000  0.014990
 573.000000  0.017089
 574.000000  0.014746
 575.000000  0.017089
 576.000000  0.014648
 577.000000  0.016992
 578.000000  0.014648
 579.000000  0.016748
 580.000000  0.014648
 581.000000  0.014380
 582.000000  0.014648
 583.000000  0.016772
 584.000000  0.014648
 585.000000  0.016284
 586.000000  0.014624
 587.000000  0.015600
 588.000000  0.014160
 589.000000  0.012671
 590.000000  0.014209
 591.000000  0.015014
 592.000000  0.013135
 593.000000  0.012231
 594.000000  0.012598
 595.000000  0.014648
 596.000000  0.013208
 597.000000  0.014672
 598.000000  0.012549
 599.000000  0.014624
 600.000000  0.012207
 601.000000  0.014379
 602.000000  0.012207
 603.000000  0.014282
 604.000000  0.012451
 605.000000  0.014428
 606.000000  0.012598
 607.000000  0.013964
 608.000000  0.012158
 609.000000  0.013549
 610.000000  0.011743
 611.000000  0.013598
 612.000000  0.014477
 613.000000  0.013403
 614.000000  0.013891
 615.000000  0.013378
 616.000000  0.011426
 617.000000  0.010693
 618.000000  0.011670
 619.000000  0.013183
 620.000000  0.011768
 621.000000  0.012695
 622.000000  0.010742
 623.000000  0.012255
 624.000000  0.012890
 625.000000  0.012207
 626.000000  0.010767
 627.000000  0.012329
 628.000000  0.010400
 629.000000  0.012231
 630.000000  0.010205
 631.000000  0.012231
 632.000000  0.009863
 633.000000  0.012207
 634.000000  0.009790
 635.000000  0.012207
 636.000000  0.009839
 637.000000  0.009766
 638.000000  0.009814
 639.000000  0.012158
 640.000000  0.009766
 641.000000  0.012085
 642.000000  0.009766
 643.000000  0.009644
 644.000000  0.012207
 645.000000  0.012109
 646.000000  0.012207
 647.000000  0.011938
 648.000000  0.009766
 649.000000  0.009521
 650.000000  0.009766
 651.000000  0.009302
 652.000000  0.009766
 653.000000  0.009180
 654.000000  0.009766
 655.000000  0.011596
 656.000000  0.009741
 657.000000  0.011621
 658.000000  0.009741
 659.000000  0.008765
 660.000000  0.009692
 661.000000  0.010864
 662.000000  0.009692
 663.000000  0.010546
 664.000000  0.012060
 665.000000  0.010327
 666.000000  0.011987
 667.000000  0.010205
 668.000000  0.009448
 669.000000  0.007568
 670.000000  0.009619
 671.000000  0.007544
 672.000000  0.009521
 673.000000  0.010083
 674.000000  0.012011
 675.000000  0.009863
 676.000000  0.009644
 677.000000  0.009912
 678.000000  0.008887
 679.000000  0.009838
 680.000000  0.008789
 681.000000  0.007349
 682.000000  0.009131
 683.000000  0.009790
 684.000000  0.008789
 685.000000  0.009838
 686.000000  0.008618
 687.000000  0.007373
 688.000000  0.011084
 689.000000  0.007324
 690.000000  0.011328
 691.000000  0.009765
 692.000000  0.008350
 693.000000  0.009765
 694.000000  0.008008
 695.000000  0.009765
 696.000000  0.010205
 697.000000  0.009765
 698.000000  0.007935
 699.000000  0.009765
 700.000000  0.007935
 701.000000  0.007349
 702.000000  0.007739
 703.000000  0.007324
 704.000000  0.010180
 705.000000  0.009765
 706.000000  0.007764
 707.000000  0.007324
 708.000000  0.007666
 709.000000  0.009765
 710.000000  0.007715
 711.000000  0.009765
 712.000000  0.007739
 713.000000  0.009765
 714.000000  0.007690
 715.000000  0.009765
 716.000000  0.007593
 717.000000  0.009765
 718.000000  0.007422
 719.000000  0.009765
 720.000000  0.007446
 721.000000  0.009765
 722.000000  0.007446
 723.000000  0.009765
 724.000000  0.007446
 725.000000  0.009765
 726.000000  0.007471
 727.000000  0.009765
 728.000000  0.007349
 729.000000  0.007324
 730.000000  0.007446
 731.000000  0.009765
 732.000000  0.007324
 733.000000  0.009765
 734.000000  0.009863
 735.000000  0.009765
 736.000000  0.007422
 737.000000  0.009741
 738.000000  0.007373
 739.000000  0.009741
 740.000000  0.007422
 741.000000  0.009765
 742.000000  0.007373
 743.000000  0.007227
 744.000000  0.007349
 745.000000  0.009716
 746.000000  0.007324
 747.000000  0.007324
 748.000000  0.007349
 749.000000  0.009692
 750.000000  0.007324
 751.000000  0.009692
 752.000000  0.009765
 753.000000  0.009716
 754.000000  0.007349
 755.000000  0.009619
 756.000000  0.007568
 757.000000  0.009472
 758.000000  0.007544
 759.000000  0.007031
 760.000000  0.007422
 761.000000  0.008911
 762.000000  0.007202
 763.000000  0.008960
 764.000000  0.007251
 765.000000  0.009204
 766.000000  0.007300
 767.000000  0.006982
 768.000000  0.007227
 769.000000  0.009350
 770.000000  0.007349
 771.000000  0.009350
 772.000000  0.007324
 773.000000  0.009472
 774.000000  0.009790
 775.000000  0.009301
 776.000000  0.009765
 777.000000  0.009179
 778.000000  0.007275
 779.000000  0.006714
 780.000000  0.007275
 781.000000  0.006982
 782.000000  0.009765
 783.000000  0.009155
 784.000000  0.007324
 785.000000  0.009106
 786.000000  0.007324
 787.000000  0.009057
 788.000000  0.009765
 789.000000  0.009277
 790.000000  0.007300
 791.000000  0.008886
 792.000000  0.007275
 793.000000  0.009008
 794.000000  0.007300
 795.000000  0.008984
 796.000000  0.007300
 797.000000  0.009252
 798.000000  0.007324
 799.000000  0.009057
 800.000000  0.007300
 801.000000  0.008862
 802.000000  0.009741
 803.000000  0.008911
 804.000000  0.007300
 805.000000  0.009228
 806.000000  0.007324
 807.000000  0.009008
 808.000000  0.009716
 809.000000  0.006543
 810.000000  0.007251
 811.000000  0.006421
 812.000000  0.007251
 813.000000  0.006519
 814.000000  0.007251
 815.000000  0.008862
 816.000000  0.007300
 817.000000  0.008422
 818.000000  0.007300
 819.000000  0.008764
 820.000000  0.007300
 821.000000  0.008667
 822.000000  0.007324
 823.000000  0.008911
 824.000000  0.009765
 825.000000  0.008447
 826.000000  0.007275
 827.000000  0.008398
 828.000000  0.007300
 829.000000  0.008593
 830.000000  0.007300
 831.000000  0.008789
 832.000000  0.007300
 833.000000  0.008618
 834.000000  0.007275
 835.000000  0.008520
 836.000000  0.009741
 837.000000  0.008544
 838.000000  0.007300
 839.000000  0.008398
 840.000000  0.007300
 841.000000  0.008227
 842.000000  0.009741
 843.000000  0.008544
 844.000000  0.007300
 845.000000  0.006348
 846.000000  0.009741
 847.000000  0.008471
 848.000000  0.007251
 849.000000  0.008569
 850.000000  0.007300
 851.000000  0.008618
 852.000000  0.007300
 853.000000  0.005859
 854.000000  0.009765
 855.000000  0.008129
 856.000000  0.007202
 857.000000  0.005762
 858.000000  0.007227
 859.000000  0.005762
 860.000000  0.009741
 861.000000  0.008056
 862.000000  0.007129
 863.000000  0.005811
 864.000000  0.007153
 865.000000  0.008520
 866.000000  0.009692
 867.000000  0.006103
 868.000000  0.007300
 869.000000  0.008496
 870.000000  0.007300
 871.000000  0.008300
 872.000000  0.007227
 873.000000  0.008325
 874.000000  0.007202
 875.000000  0.008276
 876.000000  0.007227
 877.000000  0.005859
 878.000000  0.007300
 879.000000  0.005884
 880.000000  0.007300
 881.000000  0.008178
 882.000000  0.007275
 883.000000  0.008056
 884.000000  0.007275
 885.000000  0.008520
 886.000000  0.007300
 887.000000  0.005713
 888.000000  0.007275
 889.000000  0.008203
 890.000000  0.007300
 891.000000  0.008276
 892.000000  0.007251
 893.000000  0.008374
 894.000000  0.007251
 895.000000  0.008544
 896.000000  0.007275
 897.000000  0.008447
 898.000000  0.007275
 899.000000  0.008154
 900.000000  0.007251
 901.000000  0.008252
 902.000000  0.009643
 903.000000  0.007983
 904.000000  0.007202
 905.000000  0.008007
 906.000000  0.009692
 907.000000  0.008178
 908.000000  0.009619
 909.000000  0.008398
 910.000000  0.007227
 911.000000  0.007959
 912.000000  0.006909
 913.000000  0.008105
 914.000000  0.006811
 915.000000  0.008203
 916.000000  0.007031
 917.000000  0.008764
 918.000000  0.009619
 919.000000  0.008569
 920.000000  0.009252
 921.000000  0.008203
 922.000000  0.006811
 923.000000  0.008178
 924.000000  0.006836
 925.000000  0.008276
 926.000000  0.006738
 927.000000  0.008374
 928.000000  0.006982
 929.000000  0.008349
 930.000000  0.007056
 931.000000  0.008105
 932.000000  0.007007
 933.000000  0.008374
 934.000000  0.006958
 935.000000  0.008203
 936.000000  0.007275
 937.000000  0.008300
 938.000000  0.007178
 939.000000  0.008227
 940.000000  0.007251
 941.000000  0.008203
 942.000000  0.007178
 943.000000  0.008227
 944.000000  0.007153
 945.000000  0.005640
 946.000000  0.009326
 947.000000  0.008325
 948.000000  0.007153
 949.000000  0.008178
 950.000000  0.009619
 951.000000  0.008129
 952.000000  0.007104
 953.000000  0.008300
 954.000000  0.007202
 955.000000  0.008154
 956.000000  0.007129
 957.000000  0.008154
 958.000000  0.007178
 959.000000  0.005688
 960.000000  0.007104
 961.000000  0.005542
 962.000000  0.009619
 963.000000  0.005713
 964.000000  0.007178
 965.000000  0.008300
 966.000000  0.007080
 967.000000  0.008227
 968.000000  0.007031
 969.000000  0.007885
 970.000000  0.009692
 971.000000  0.008105
 972.000000  0.007129
 973.000000  0.007934
 974.000000  0.007104
 975.000000  0.007959
 976.000000  0.007202
 977.000000  0.008032
 978.000000  0.007178
 979.000000  0.007812
 980.000000  0.007202
 981.000000  0.008081
 982.000000  0.007056
 983.000000  0.005518
 984.000000  0.006958
 985.000000  0.007959
 986.000000  0.007080
 987.000000  0.007763
 988.000000  0.009643
 989.000000  0.007690
 990.000000  0.007251
 991.000000  0.007714
 992.000000  0.007080
 993.000000  0.007910
 994.000000  0.007031
 995.000000  0.008032
 996.000000  0.006958
 997.000000  0.008032
 998.000000  0.009472
 999.000000  0.007885
 1000.000000  0.009570
 1001.000000  0.007739
 1002.000000  0.007080
 1003.000000  0.007617
 1004.000000  0.007153
 1005.000000  0.007836
 1006.000000  0.007080
 1007.000000  0.007714
 1008.000000  0.007104
 1009.000000  0.007885
 1010.000000  0.007129
 1011.000000  0.008081
 1012.000000  0.006934
 1013.000000  0.007885
 1014.000000  0.007007
 1015.000000  0.007959
 1016.000000  0.007275
 1017.000000  0.007763
 1018.000000  0.007104
 1019.000000  0.008056
 1020.000000  0.006982
 1021.000000  0.007617
 1022.000000  0.007031
 1023.000000  0.007836
