 0.000000  0.007349
 1.000000  0.007202
 2.000000  0.007324
 3.000000  0.007251
 4.000000  0.007349
 5.000000  0.007202
 6.000000  0.007300
 7.000000  0.007202
 8.000000  0.007373
 9.000000  0.007227
 10.000000  0.007324
 11.000000  0.007153
 12.000000  0.007349
 13.000000  0.007275
 14.000000  0.007373
 15.000000  0.007178
 16.000000  0.007373
 17.000000  0.007178
 18.000000  0.007324
 19.000000  0.007300
 20.000000  0.007324
 21.000000  0.007178
 22.000000  0.007349
 23.000000  0.007227
 24.000000  0.007349
 25.000000  0.007251
 26.000000  0.007446
 27.000000  0.009716
 28.000000  0.007324
 29.000000  0.007324
 30.000000  0.007422
 31.000000  0.007251
 32.000000  0.007349
 33.000000  0.007202
 34.000000  0.007324
 35.000000  0.007227
 36.000000  0.007349
 37.000000  0.007251
 38.000000  0.007324
 39.000000  0.009741
 40.000000  0.007397
 41.000000  0.007202
 42.000000  0.007324
 43.000000  0.007227
 44.000000  0.007324
 45.000000  0.007227
 46.000000  0.007324
 47.000000  0.007251
 48.000000  0.007324
 49.000000  0.007275
 50.000000  0.007324
 51.000000  0.007275
 52.000000  0.007349
 53.000000  0.007324
 54.000000  0.007324
 55.000000  0.007300
 56.000000  0.007324
 57.000000  0.007251
 58.000000  0.007349
 59.000000  0.009716
 60.000000  0.007349
 61.000000  0.009741
 62.000000  0.007324
 63.000000  0.007251
 64.000000  0.007349
 65.000000  0.007275
 66.000000  0.007324
 67.000000  0.009692
 68.000000  0.007324
 69.000000  0.007324
 70.000000  0.007324
 71.000000  0.007275
 72.000000  0.007324
 73.000000  0.007324
 74.000000  0.007324
 75.000000  0.007275
 76.000000  0.007349
 77.000000  0.007300
 78.000000  0.007324
 79.000000  0.007300
 80.000000  0.007324
 81.000000  0.007300
 82.000000  0.007324
 83.000000  0.007275
 84.000000  0.007324
 85.000000  0.007300
 86.000000  0.007324
 87.000000  0.007300
 88.000000  0.007324
 89.000000  0.007275
 90.000000  0.007324
 91.000000  0.007300
 92.000000  0.007349
 93.000000  0.007300
 94.000000  0.007324
 95.000000  0.007251
 96.000000  0.007324
 97.000000  0.007227
 98.000000  0.007349
 99.000000  0.007300
 100.000000  0.007324
 101.000000  0.009741
 102.000000  0.007349
 103.000000  0.009741
 104.000000  0.007300
 105.000000  0.007227
 106.000000  0.007373
 107.000000  0.007227
 108.000000  0.007397
 109.000000  0.009643
 110.000000  0.007349
 111.000000  0.007227
 112.000000  0.007373
 113.000000  0.007251
 114.000000  0.007397
 115.000000  0.007178
 116.000000  0.007349
 117.000000  0.007324
 118.000000  0.007373
 119.000000  0.007202
 120.000000  0.007446
 121.000000  0.007129
 122.000000  0.007373
 123.000000  0.007202
 124.000000  0.007373
 125.000000  0.007202
 126.000000  0.007471
 127.000000  0.009594
 128.000000  0.007349
 129.000000  0.007227
 130.000000  0.007349
 131.000000  0.009594
 132.000000  0.007324
 133.000000  0.007202
 134.000000  0.007397
 135.000000  0.009668
 136.000000  0.007349
 137.000000  0.007202
 138.000000  0.007397
 139.000000  0.007153
 140.000000  0.007373
 141.000000  0.007251
 142.000000  0.007373
 143.000000  0.007178
 144.000000  0.007324
 145.000000  0.009619
 146.000000  0.007397
 147.000000  0.007129
 148.000000  0.007446
 149.000000  0.009692
 150.000000  0.007397
 151.000000  0.007129
 152.000000  0.007397
 153.000000  0.007056
 154.000000  0.007324
 155.000000  0.007251
 156.000000  0.007349
 157.000000  0.009570
 158.000000  0.007422
 159.000000  0.007153
 160.000000  0.007397
 161.000000  0.007178
 162.000000  0.007397
 163.000000  0.007129
 164.000000  0.007300
 165.000000  0.007104
 166.000000  0.007324
 167.000000  0.007227
 168.000000  0.007373
 169.000000  0.009643
 170.000000  0.007349
 171.000000  0.007178
 172.000000  0.007349
 173.000000  0.007178
 174.000000  0.007373
 175.000000  0.007227
 176.000000  0.007373
 177.000000  0.007178
 178.000000  0.007349
 179.000000  0.009619
 180.000000  0.007349
 181.000000  0.007202
 182.000000  0.007397
 183.000000  0.007227
 184.000000  0.007300
 185.000000  0.007275
 186.000000  0.007324
 187.000000  0.007300
 188.000000  0.007373
 189.000000  0.007251
 190.000000  0.007446
 191.000000  0.007300
 192.000000  0.007324
 193.000000  0.007275
 194.000000  0.007349
 195.000000  0.007227
 196.000000  0.009765
 197.000000  0.007251
 198.000000  0.007349
 199.000000  0.009765
 200.000000  0.007349
 201.000000  0.009668
 202.000000  0.007349
 203.000000  0.007324
 204.000000  0.007324
 205.000000  0.007275
 206.000000  0.007324
 207.000000  0.007251
 208.000000  0.007349
 209.000000  0.009716
 210.000000  0.007349
 211.000000  0.007275
 212.000000  0.007349
 213.000000  0.009741
 214.000000  0.007324
 215.000000  0.007324
 216.000000  0.007324
 217.000000  0.007324
 218.000000  0.007373
 219.000000  0.009692
 220.000000  0.007324
 221.000000  0.007324
 222.000000  0.007349
 223.000000  0.007275
 224.000000  0.007324
 225.000000  0.007300
 226.000000  0.007324
 227.000000  0.009765
 228.000000  0.007324
 229.000000  0.009741
 230.000000  0.007373
 231.000000  0.007324
 232.000000  0.007373
 233.000000  0.009765
 234.000000  0.007373
 235.000000  0.007324
 236.000000  0.007324
 237.000000  0.007300
 238.000000  0.007373
 239.000000  0.009765
 240.000000  0.007324
 241.000000  0.007275
 242.000000  0.007324
 243.000000  0.009741
 244.000000  0.007324
 245.000000  0.007324
 246.000000  0.007324
 247.000000  0.007324
 248.000000  0.007397
 249.000000  0.007324
 250.000000  0.007349
 251.000000  0.007324
 252.000000  0.007422
 253.000000  0.007324
 254.000000  0.007349
 255.000000  0.009765
 256.000000  0.007397
 257.000000  0.007324
 258.000000  0.007349
 259.000000  0.007300
 260.000000  0.007397
 261.000000  0.007324
 262.000000  0.007397
 263.000000  0.009765
 264.000000  0.007422
 265.000000  0.009765
 266.000000  0.007422
 267.000000  0.009765
 268.000000  0.007519
 269.000000  0.009741
 270.000000  0.007471
 271.000000  0.007300
 272.000000  0.007446
 273.000000  0.007324
 274.000000  0.007495
 275.000000  0.009741
 276.000000  0.007519
 277.000000  0.009741
 278.000000  0.007617
 279.000000  0.007349
 280.000000  0.007446
 281.000000  0.009765
 282.000000  0.007617
 283.000000  0.009741
 284.000000  0.007519
 285.000000  0.007300
 286.000000  0.007544
 287.000000  0.007349
 288.000000  0.007446
 289.000000  0.009741
 290.000000  0.007495
 291.000000  0.007324
 292.000000  0.007715
 293.000000  0.007324
 294.000000  0.007666
 295.000000  0.009741
 296.000000  0.007715
 297.000000  0.009741
 298.000000  0.007715
 299.000000  0.009790
 300.000000  0.007861
 301.000000  0.007324
 302.000000  0.007788
 303.000000  0.009716
 304.000000  0.007935
 305.000000  0.007373
 306.000000  0.007593
 307.000000  0.009790
 308.000000  0.007861
 309.000000  0.009790
 310.000000  0.007935
 311.000000  0.007349
 312.000000  0.008203
 313.000000  0.007422
 314.000000  0.008179
 315.000000  0.009790
 316.000000  0.008130
 317.000000  0.007373
 318.000000  0.007983
 319.000000  0.007422
 320.000000  0.008032
 321.000000  0.009838
 322.000000  0.008252
 323.000000  0.009790
 324.000000  0.008350
 325.000000  0.007373
 326.000000  0.008203
 327.000000  0.007471
 328.000000  0.008398
 329.000000  0.009814
 330.000000  0.008716
 331.000000  0.009887
 332.000000  0.008496
 333.000000  0.009863
 334.000000  0.008374
 335.000000  0.009863
 336.000000  0.008618
 337.000000  0.007397
 338.000000  0.008911
 339.000000  0.007471
 340.000000  0.008643
 341.000000  0.010034
 342.000000  0.011157
 343.000000  0.009936
 344.000000  0.008984
 345.000000  0.010107
 346.000000  0.009204
 347.000000  0.007495
 348.000000  0.009204
 349.000000  0.010107
 350.000000  0.009399
 351.000000  0.010009
 352.000000  0.009399
 353.000000  0.010131
 354.000000  0.009375
 355.000000  0.007617
 356.000000  0.009326
 357.000000  0.007764
 358.000000  0.009570
 359.000000  0.010205
 360.000000  0.009570
 361.000000  0.007715
 362.000000  0.009595
 363.000000  0.010278
 364.000000  0.009595
 365.000000  0.007983
 366.000000  0.009668
 367.000000  0.008130
 368.000000  0.009741
 369.000000  0.008398
 370.000000  0.009692
 371.000000  0.011181
 372.000000  0.009741
 373.000000  0.011132
 374.000000  0.009766
 375.000000  0.011132
 376.000000  0.009741
 377.000000  0.008545
 378.000000  0.009766
 379.000000  0.009058
 380.000000  0.009766
 381.000000  0.011840
 382.000000  0.009741
 383.000000  0.009351
 384.000000  0.009766
 385.000000  0.009497
 386.000000  0.009766
 387.000000  0.011962
 388.000000  0.009766
 389.000000  0.012109
 390.000000  0.009766
 391.000000  0.012011
 392.000000  0.009766
 393.000000  0.009644
 394.000000  0.009766
 395.000000  0.009692
 396.000000  0.009766
 397.000000  0.009766
 398.000000  0.009766
 399.000000  0.009717
 400.000000  0.009766
 401.000000  0.012182
 402.000000  0.009766
 403.000000  0.009766
 404.000000  0.009790
 405.000000  0.009741
 406.000000  0.009814
 407.000000  0.009741
 408.000000  0.009766
 409.000000  0.012182
 410.000000  0.009912
 411.000000  0.012207
 412.000000  0.009839
 413.000000  0.009766
 414.000000  0.010352
 415.000000  0.012255
 416.000000  0.010303
 417.000000  0.009839
 418.000000  0.010547
 419.000000  0.009888
 420.000000  0.010913
 421.000000  0.009863
 422.000000  0.010962
 423.000000  0.010010
 424.000000  0.011304
 425.000000  0.012817
 426.000000  0.011401
 427.000000  0.013403
 428.000000  0.011865
 429.000000  0.013403
 430.000000  0.012085
 431.000000  0.013647
 432.000000  0.012036
 433.000000  0.011475
 434.000000  0.012134
 435.000000  0.014062
 436.000000  0.012207
 437.000000  0.014233
 438.000000  0.012134
 439.000000  0.014453
 440.000000  0.012280
 441.000000  0.014526
 442.000000  0.012207
 443.000000  0.014599
 444.000000  0.012451
 445.000000  0.014599
 446.000000  0.012451
 447.000000  0.012231
 448.000000  0.012695
 449.000000  0.014697
 450.000000  0.012964
 451.000000  0.014794
 452.000000  0.013403
 453.000000  0.014941
 454.000000  0.013843
 455.000000  0.015161
 456.000000  0.014160
 457.000000  0.015673
 458.000000  0.014478
 459.000000  0.016137
 460.000000  0.014575
 461.000000  0.016528
 462.000000  0.014648
 463.000000  0.016796
 464.000000  0.014722
 465.000000  0.017016
 466.000000  0.014819
 467.000000  0.014624
 468.000000  0.014844
 469.000000  0.014624
 470.000000  0.015039
 471.000000  0.017114
 472.000000  0.015503
 473.000000  0.014746
 474.000000  0.015845
 475.000000  0.017358
 476.000000  0.016797
 477.000000  0.015259
 478.000000  0.016626
 479.000000  0.017651
 480.000000  0.016992
 481.000000  0.018408
 482.000000  0.017090
 483.000000  0.016333
 484.000000  0.017187
 485.000000  0.019458
 486.000000  0.017139
 487.000000  0.017065
 488.000000  0.017236
 489.000000  0.017065
 490.000000  0.017456
 491.000000  0.019506
 492.000000  0.017212
 493.000000  0.019555
 494.000000  0.017944
 495.000000  0.019726
 496.000000  0.018457
 497.000000  0.017310
 498.000000  0.019287
 499.000000  0.021264
 500.000000  0.019507
 501.000000  0.021484
 502.000000  0.019531
 503.000000  0.021875
 504.000000  0.019556
 505.000000  0.021948
 506.000000  0.019556
 507.000000  0.019531
 508.000000  0.020166
 509.000000  0.019531
 510.000000  0.020874
 511.000000  0.021972
 512.000000  0.020557
 513.000000  0.019653
 514.000000  0.020801
 515.000000  0.019800
 516.000000  0.020532
 517.000000  0.020996
 518.000000  0.021997
 519.000000  0.021875
 520.000000  0.021973
 521.000000  0.021655
 522.000000  0.022168
 523.000000  0.024414
 524.000000  0.023682
 525.000000  0.024438
 526.000000  0.022925
 527.000000  0.024804
 528.000000  0.024292
 529.000000  0.026684
 530.000000  0.023877
 531.000000  0.027880
 532.000000  0.029126
 533.000000  0.033325
 534.000000  0.027466
 535.000000  0.025049
 536.000000  0.029663
 537.000000  0.037988
 538.000000  0.040723
 539.000000  0.029296
 540.000000  0.029199
 541.000000  0.038281
 542.000000  0.067041
 543.000000  0.062012
 544.000000  0.030664
 545.000000  0.040552
 546.000000  0.081323
 547.000000  0.161401
 548.000000  0.075024
 549.000000  0.036279
 550.000000  0.051929
 551.000000  0.130346
 552.000000  0.209253
 553.000000  0.056616
 554.000000  0.053638
 555.000000  0.127588
 556.000000  0.374219
 557.000000  0.468774
 558.000000  0.061206
 559.000000  0.081762
 560.000000  0.139258
 561.000000  0.171606
 562.000000  0.106494
 563.000000  0.032128
 564.000000  0.029297
 565.000000  0.034155
 566.000000  0.035547
 567.000000  0.029931
 568.000000  0.024512
 569.000000  0.026831
 570.000000  0.026489
 571.000000  0.027319
 572.000000  0.024390
 573.000000  0.025561
 574.000000  0.024121
 575.000000  0.025537
 576.000000  0.024072
 577.000000  0.024487
 578.000000  0.022168
 579.000000  0.024292
 580.000000  0.021997
 581.000000  0.021728
 582.000000  0.021875
 583.000000  0.024096
 584.000000  0.021948
 585.000000  0.023364
 586.000000  0.021704
 587.000000  0.022607
 588.000000  0.021704
 589.000000  0.019971
 590.000000  0.020776
 591.000000  0.021997
 592.000000  0.019946
 593.000000  0.019556
 594.000000  0.019702
 595.000000  0.021972
 596.000000  0.019629
 597.000000  0.021899
 598.000000  0.019653
 599.000000  0.021728
 600.000000  0.019409
 601.000000  0.020581
 602.000000  0.019214
 603.000000  0.020410
 604.000000  0.019409
 605.000000  0.020092
 606.000000  0.018848
 607.000000  0.019555
 608.000000  0.017969
 609.000000  0.019531
 610.000000  0.017310
 611.000000  0.019482
 612.000000  0.019751
 613.000000  0.019482
 614.000000  0.019677
 615.000000  0.019409
 616.000000  0.017065
 617.000000  0.016772
 618.000000  0.017065
 619.000000  0.018310
 620.000000  0.017017
 621.000000  0.018042
 622.000000  0.016943
 623.000000  0.017724
 624.000000  0.019238
 625.000000  0.017382
 626.000000  0.016553
 627.000000  0.017114
 628.000000  0.015991
 629.000000  0.017089
 630.000000  0.015527
 631.000000  0.017138
 632.000000  0.015283
 633.000000  0.017065
 634.000000  0.014722
 635.000000  0.017041
 636.000000  0.014648
 637.000000  0.014453
 638.000000  0.014624
 639.000000  0.016699
 640.000000  0.014624
 641.000000  0.016406
 642.000000  0.014575
 643.000000  0.013672
 644.000000  0.016992
 645.000000  0.015161
 646.000000  0.016455
 647.000000  0.014965
 648.000000  0.013721
 649.000000  0.012427
 650.000000  0.013330
 651.000000  0.012305
 652.000000  0.012915
 653.000000  0.012256
 654.000000  0.012598
 655.000000  0.014648
 656.000000  0.012427
 657.000000  0.014624
 658.000000  0.012256
 659.000000  0.012061
 660.000000  0.012231
 661.000000  0.014477
 662.000000  0.012231
 663.000000  0.014355
 664.000000  0.014599
 665.000000  0.014086
 666.000000  0.014575
 667.000000  0.013769
 668.000000  0.012085
 669.000000  0.011108
 670.000000  0.012012
 671.000000  0.010742
 672.000000  0.011719
 673.000000  0.012646
 674.000000  0.013794
 675.000000  0.012524
 676.000000  0.011182
 677.000000  0.012255
 678.000000  0.010571
 679.000000  0.012255
 680.000000  0.010352
 681.000000  0.009839
 682.000000  0.010449
 683.000000  0.012207
 684.000000  0.010059
 685.000000  0.012207
 686.000000  0.009912
 687.000000  0.009766
 688.000000  0.012353
 689.000000  0.009766
 690.000000  0.012329
 691.000000  0.012182
 692.000000  0.009814
 693.000000  0.012207
 694.000000  0.009766
 695.000000  0.012207
 696.000000  0.012207
 697.000000  0.012207
 698.000000  0.009766
 699.000000  0.012133
 700.000000  0.009766
 701.000000  0.009717
 702.000000  0.009766
 703.000000  0.009619
 704.000000  0.012207
 705.000000  0.011889
 706.000000  0.009766
 707.000000  0.009692
 708.000000  0.009766
 709.000000  0.011889
 710.000000  0.009766
 711.000000  0.011694
 712.000000  0.009766
 713.000000  0.011767
 714.000000  0.009766
 715.000000  0.011523
 716.000000  0.009766
 717.000000  0.011621
 718.000000  0.009766
 719.000000  0.011181
 720.000000  0.009741
 721.000000  0.011059
 722.000000  0.009741
 723.000000  0.010839
 724.000000  0.009717
 725.000000  0.010815
 726.000000  0.009741
 727.000000  0.010253
 728.000000  0.009521
 729.000000  0.008154
 730.000000  0.009619
 731.000000  0.010302
 732.000000  0.009228
 733.000000  0.010351
 734.000000  0.011865
 735.000000  0.010278
 736.000000  0.009277
 737.000000  0.010156
 738.000000  0.009058
 739.000000  0.010131
 740.000000  0.009277
 741.000000  0.009961
 742.000000  0.009180
 743.000000  0.007544
 744.000000  0.009033
 745.000000  0.009961
 746.000000  0.008740
 747.000000  0.007495
 748.000000  0.008813
 749.000000  0.009838
 750.000000  0.008520
 751.000000  0.009887
 752.000000  0.010839
 753.000000  0.009912
 754.000000  0.008350
 755.000000  0.009936
 756.000000  0.008325
 757.000000  0.009863
 758.000000  0.008057
 759.000000  0.007446
 760.000000  0.008105
 761.000000  0.009790
 762.000000  0.007739
 763.000000  0.009790
 764.000000  0.007812
 765.000000  0.009790
 766.000000  0.007910
 767.000000  0.007373
 768.000000  0.007812
 769.000000  0.009838
 770.000000  0.007642
 771.000000  0.009790
 772.000000  0.007617
 773.000000  0.009741
 774.000000  0.010180
 775.000000  0.009765
 776.000000  0.010034
 777.000000  0.009741
 778.000000  0.007519
 779.000000  0.007275
 780.000000  0.007422
 781.000000  0.007275
 782.000000  0.010009
 783.000000  0.009668
 784.000000  0.007397
 785.000000  0.009741
 786.000000  0.007446
 787.000000  0.009716
 788.000000  0.009887
 789.000000  0.009692
 790.000000  0.007495
 791.000000  0.009668
 792.000000  0.007324
 793.000000  0.009716
 794.000000  0.007422
 795.000000  0.009716
 796.000000  0.007373
 797.000000  0.009668
 798.000000  0.007373
 799.000000  0.009619
 800.000000  0.007397
 801.000000  0.009668
 802.000000  0.009814
 803.000000  0.009521
 804.000000  0.007349
 805.000000  0.009692
 806.000000  0.007349
 807.000000  0.009692
 808.000000  0.009765
 809.000000  0.007129
 810.000000  0.007324
 811.000000  0.007251
 812.000000  0.007349
 813.000000  0.007251
 814.000000  0.007349
 815.000000  0.009692
 816.000000  0.007349
 817.000000  0.009643
 818.000000  0.007349
 819.000000  0.009570
 820.000000  0.007300
 821.000000  0.009619
 822.000000  0.007300
 823.000000  0.009643
 824.000000  0.009765
 825.000000  0.009570
 826.000000  0.007324
 827.000000  0.009472
 828.000000  0.007349
 829.000000  0.009643
 830.000000  0.007324
 831.000000  0.009692
 832.000000  0.007324
 833.000000  0.009570
 834.000000  0.007324
 835.000000  0.009448
 836.000000  0.009765
 837.000000  0.009521
 838.000000  0.007324
 839.000000  0.009423
 840.000000  0.007324
 841.000000  0.009399
 842.000000  0.009765
 843.000000  0.009570
 844.000000  0.007324
 845.000000  0.007104
 846.000000  0.009765
 847.000000  0.009545
 848.000000  0.007324
 849.000000  0.009448
 850.000000  0.007324
 851.000000  0.009570
 852.000000  0.007324
 853.000000  0.007007
 854.000000  0.009765
 855.000000  0.009350
 856.000000  0.007324
 857.000000  0.007080
 858.000000  0.007324
 859.000000  0.006958
 860.000000  0.009765
 861.000000  0.009277
 862.000000  0.007324
 863.000000  0.006860
 864.000000  0.007324
 865.000000  0.009423
 866.000000  0.009765
 867.000000  0.006909
 868.000000  0.007324
 869.000000  0.009326
 870.000000  0.007324
 871.000000  0.009448
 872.000000  0.007324
 873.000000  0.009448
 874.000000  0.007324
 875.000000  0.009350
 876.000000  0.007324
 877.000000  0.006787
 878.000000  0.007324
 879.000000  0.006689
 880.000000  0.007324
 881.000000  0.009472
 882.000000  0.007300
 883.000000  0.009326
 884.000000  0.007300
 885.000000  0.009277
 886.000000  0.007300
 887.000000  0.006543
 888.000000  0.007349
 889.000000  0.008960
 890.000000  0.007300
 891.000000  0.009277
 892.000000  0.007300
 893.000000  0.009423
 894.000000  0.007251
 895.000000  0.009350
 896.000000  0.007275
 897.000000  0.009057
 898.000000  0.007324
 899.000000  0.009179
 900.000000  0.007227
 901.000000  0.009130
 902.000000  0.009716
 903.000000  0.008935
 904.000000  0.007251
 905.000000  0.008764
 906.000000  0.009716
 907.000000  0.008935
 908.000000  0.009790
 909.000000  0.008837
 910.000000  0.007251
 911.000000  0.008764
 912.000000  0.007227
 913.000000  0.008789
 914.000000  0.007227
 915.000000  0.008642
 916.000000  0.007275
 917.000000  0.009033
 918.000000  0.009716
 919.000000  0.008691
 920.000000  0.009741
 921.000000  0.008764
 922.000000  0.007275
 923.000000  0.008496
 924.000000  0.007275
 925.000000  0.008691
 926.000000  0.007300
 927.000000  0.008789
 928.000000  0.007251
 929.000000  0.008862
 930.000000  0.007251
 931.000000  0.009008
 932.000000  0.007251
 933.000000  0.009033
 934.000000  0.007251
 935.000000  0.008886
 936.000000  0.007227
 937.000000  0.008740
 938.000000  0.007300
 939.000000  0.008496
 940.000000  0.007275
 941.000000  0.008813
 942.000000  0.007251
 943.000000  0.008715
 944.000000  0.007275
 945.000000  0.006348
 946.000000  0.009716
 947.000000  0.008667
 948.000000  0.007300
 949.000000  0.008691
 950.000000  0.009643
 951.000000  0.008764
 952.000000  0.007251
 953.000000  0.008520
 954.000000  0.007275
 955.000000  0.008935
 956.000000  0.007251
 957.000000  0.008862
 958.000000  0.007227
 959.000000  0.006079
 960.000000  0.007251
 961.000000  0.006299
 962.000000  0.009716
 963.000000  0.006103
 964.000000  0.007202
 965.000000  0.008691
 966.000000  0.007251
 967.000000  0.008886
 968.000000  0.007202
 969.000000  0.008398
 970.000000  0.009668
 971.000000  0.008496
 972.000000  0.007300
 973.000000  0.008740
 974.000000  0.007275
 975.000000  0.008813
 976.000000  0.007251
 977.000000  0.008691
 978.000000  0.007300
 979.000000  0.008422
 980.000000  0.007227
 981.000000  0.008911
 982.000000  0.007251
 983.000000  0.006274
 984.000000  0.007251
 985.000000  0.008740
 986.000000  0.007227
 987.000000  0.008471
 988.000000  0.009692
 989.000000  0.008471
 990.000000  0.007324
 991.000000  0.008569
 992.000000  0.007324
 993.000000  0.008862
 994.000000  0.007300
 995.000000  0.008691
 996.000000  0.007202
 997.000000  0.008691
 998.000000  0.009716
 999.000000  0.008544
 1000.000000  0.009716
 1001.000000  0.008300
 1002.000000  0.007300
 1003.000000  0.008422
 1004.000000  0.007275
 1005.000000  0.008374
 1006.000000  0.007300
 1007.000000  0.008227
 1008.000000  0.007275
 1009.000000  0.008569
 1010.000000  0.007300
 1011.000000  0.008496
 1012.000000  0.007300
 1013.000000  0.008300
 1014.000000  0.007153
 1015.000000  0.008300
 1016.000000  0.007275
 1017.000000  0.008471
 1018.000000  0.007227
 1019.000000  0.008325
 1020.000000  0.007104
 1021.000000  0.008032
 1022.000000  0.007104
 1023.000000  0.008544
