 0.000000  0.007422
 1.000000  0.007178
 2.000000  0.007349
 3.000000  0.007031
 4.000000  0.007300
 5.000000  0.007104
 6.000000  0.007349
 7.000000  0.007056
 8.000000  0.007349
 9.000000  0.007129
 10.000000  0.007349
 11.000000  0.007153
 12.000000  0.007324
 13.000000  0.007178
 14.000000  0.007373
 15.000000  0.007129
 16.000000  0.007349
 17.000000  0.007202
 18.000000  0.007324
 19.000000  0.007178
 20.000000  0.007324
 21.000000  0.007227
 22.000000  0.007349
 23.000000  0.007275
 24.000000  0.007373
 25.000000  0.007129
 26.000000  0.007422
 27.000000  0.009692
 28.000000  0.007324
 29.000000  0.007300
 30.000000  0.007349
 31.000000  0.007275
 32.000000  0.007324
 33.000000  0.007300
 34.000000  0.007349
 35.000000  0.007275
 36.000000  0.007349
 37.000000  0.007202
 38.000000  0.007324
 39.000000  0.009741
 40.000000  0.007324
 41.000000  0.007202
 42.000000  0.007324
 43.000000  0.007251
 44.000000  0.007324
 45.000000  0.007178
 46.000000  0.007300
 47.000000  0.007300
 48.000000  0.007324
 49.000000  0.007202
 50.000000  0.007324
 51.000000  0.007324
 52.000000  0.007324
 53.000000  0.007300
 54.000000  0.007324
 55.000000  0.007324
 56.000000  0.007324
 57.000000  0.007251
 58.000000  0.007324
 59.000000  0.009741
 60.000000  0.007324
 61.000000  0.009692
 62.000000  0.007300
 63.000000  0.007275
 64.000000  0.007349
 65.000000  0.007227
 66.000000  0.007324
 67.000000  0.009692
 68.000000  0.007324
 69.000000  0.007178
 70.000000  0.007324
 71.000000  0.007202
 72.000000  0.007324
 73.000000  0.007251
 74.000000  0.007324
 75.000000  0.007300
 76.000000  0.007349
 77.000000  0.007251
 78.000000  0.007324
 79.000000  0.007275
 80.000000  0.007324
 81.000000  0.007251
 82.000000  0.007324
 83.000000  0.007153
 84.000000  0.007324
 85.000000  0.007153
 86.000000  0.007324
 87.000000  0.007227
 88.000000  0.007324
 89.000000  0.007324
 90.000000  0.007324
 91.000000  0.007202
 92.000000  0.007349
 93.000000  0.007227
 94.000000  0.007324
 95.000000  0.007251
 96.000000  0.007324
 97.000000  0.007202
 98.000000  0.007324
 99.000000  0.007300
 100.000000  0.007324
 101.000000  0.009765
 102.000000  0.007324
 103.000000  0.009692
 104.000000  0.007324
 105.000000  0.007227
 106.000000  0.007324
 107.000000  0.007202
 108.000000  0.007324
 109.000000  0.009668
 110.000000  0.007349
 111.000000  0.007227
 112.000000  0.007349
 113.000000  0.007202
 114.000000  0.007373
 115.000000  0.007251
 116.000000  0.007373
 117.000000  0.007104
 118.000000  0.007397
 119.000000  0.007056
 120.000000  0.007349
 121.000000  0.007153
 122.000000  0.007349
 123.000000  0.006982
 124.000000  0.007373
 125.000000  0.006958
 126.000000  0.007349
 127.000000  0.009472
 128.000000  0.007300
 129.000000  0.007129
 130.000000  0.007373
 131.000000  0.009545
 132.000000  0.007373
 133.000000  0.007031
 134.000000  0.007397
 135.000000  0.009521
 136.000000  0.007373
 137.000000  0.007031
 138.000000  0.007324
 139.000000  0.006958
 140.000000  0.007373
 141.000000  0.007080
 142.000000  0.007349
 143.000000  0.007056
 144.000000  0.007373
 145.000000  0.009570
 146.000000  0.007300
 147.000000  0.007178
 148.000000  0.007397
 149.000000  0.009399
 150.000000  0.007373
 151.000000  0.006909
 152.000000  0.007324
 153.000000  0.007031
 154.000000  0.007349
 155.000000  0.006909
 156.000000  0.007324
 157.000000  0.009350
 158.000000  0.007373
 159.000000  0.007178
 160.000000  0.007373
 161.000000  0.007129
 162.000000  0.007300
 163.000000  0.007080
 164.000000  0.007324
 165.000000  0.007178
 166.000000  0.007324
 167.000000  0.007153
 168.000000  0.007373
 169.000000  0.009619
 170.000000  0.007324
 171.000000  0.007080
 172.000000  0.007324
 173.000000  0.007202
 174.000000  0.007349
 175.000000  0.007153
 176.000000  0.007324
 177.000000  0.007202
 178.000000  0.007324
 179.000000  0.009545
 180.000000  0.007349
 181.000000  0.007178
 182.000000  0.007324
 183.000000  0.007275
 184.000000  0.007349
 185.000000  0.007275
 186.000000  0.007324
 187.000000  0.007251
 188.000000  0.007373
 189.000000  0.007178
 190.000000  0.007349
 191.000000  0.007178
 192.000000  0.007324
 193.000000  0.007275
 194.000000  0.007349
 195.000000  0.007227
 196.000000  0.009765
 197.000000  0.007251
 198.000000  0.007324
 199.000000  0.009692
 200.000000  0.007324
 201.000000  0.009619
 202.000000  0.007349
 203.000000  0.007178
 204.000000  0.007324
 205.000000  0.007202
 206.000000  0.007324
 207.000000  0.007251
 208.000000  0.007373
 209.000000  0.009643
 210.000000  0.007373
 211.000000  0.007251
 212.000000  0.007349
 213.000000  0.009765
 214.000000  0.007324
 215.000000  0.007251
 216.000000  0.007349
 217.000000  0.007300
 218.000000  0.007324
 219.000000  0.009668
 220.000000  0.007324
 221.000000  0.007251
 222.000000  0.007324
 223.000000  0.007300
 224.000000  0.007324
 225.000000  0.007324
 226.000000  0.007324
 227.000000  0.009619
 228.000000  0.007324
 229.000000  0.009692
 230.000000  0.007324
 231.000000  0.007300
 232.000000  0.007324
 233.000000  0.009668
 234.000000  0.007324
 235.000000  0.007251
 236.000000  0.007324
 237.000000  0.007300
 238.000000  0.007324
 239.000000  0.009765
 240.000000  0.007324
 241.000000  0.007275
 242.000000  0.007324
 243.000000  0.009716
 244.000000  0.007324
 245.000000  0.007300
 246.000000  0.007324
 247.000000  0.007300
 248.000000  0.007324
 249.000000  0.007300
 250.000000  0.007324
 251.000000  0.007324
 252.000000  0.007324
 253.000000  0.007275
 254.000000  0.007324
 255.000000  0.009765
 256.000000  0.007324
 257.000000  0.007324
 258.000000  0.007324
 259.000000  0.007324
 260.000000  0.007349
 261.000000  0.007300
 262.000000  0.007324
 263.000000  0.009741
 264.000000  0.007324
 265.000000  0.009765
 266.000000  0.007349
 267.000000  0.009741
 268.000000  0.007324
 269.000000  0.009619
 270.000000  0.007300
 271.000000  0.007300
 272.000000  0.007324
 273.000000  0.007275
 274.000000  0.007373
 275.000000  0.009741
 276.000000  0.007422
 277.000000  0.009716
 278.000000  0.007422
 279.000000  0.007300
 280.000000  0.007446
 281.000000  0.009668
 282.000000  0.007349
 283.000000  0.009668
 284.000000  0.007471
 285.000000  0.007300
 286.000000  0.007422
 287.000000  0.007251
 288.000000  0.007471
 289.000000  0.009692
 290.000000  0.007593
 291.000000  0.007275
 292.000000  0.007544
 293.000000  0.007251
 294.000000  0.007519
 295.000000  0.009594
 296.000000  0.007593
 297.000000  0.009716
 298.000000  0.007642
 299.000000  0.009716
 300.000000  0.007666
 301.000000  0.007227
 302.000000  0.007739
 303.000000  0.009716
 304.000000  0.007617
 305.000000  0.007373
 306.000000  0.007788
 307.000000  0.009765
 308.000000  0.007886
 309.000000  0.009790
 310.000000  0.007764
 311.000000  0.007373
 312.000000  0.007910
 313.000000  0.007422
 314.000000  0.008008
 315.000000  0.009838
 316.000000  0.007861
 317.000000  0.007349
 318.000000  0.007983
 319.000000  0.007324
 320.000000  0.007690
 321.000000  0.009790
 322.000000  0.007959
 323.000000  0.009790
 324.000000  0.007910
 325.000000  0.007373
 326.000000  0.007861
 327.000000  0.007324
 328.000000  0.008008
 329.000000  0.009814
 330.000000  0.008276
 331.000000  0.009814
 332.000000  0.008130
 333.000000  0.009838
 334.000000  0.008057
 335.000000  0.009790
 336.000000  0.008276
 337.000000  0.007373
 338.000000  0.008398
 339.000000  0.007373
 340.000000  0.008301
 341.000000  0.009814
 342.000000  0.010961
 343.000000  0.009814
 344.000000  0.008618
 345.000000  0.009765
 346.000000  0.008984
 347.000000  0.007471
 348.000000  0.008984
 349.000000  0.009838
 350.000000  0.008960
 351.000000  0.009863
 352.000000  0.009351
 353.000000  0.009961
 354.000000  0.009058
 355.000000  0.007544
 356.000000  0.009326
 357.000000  0.007617
 358.000000  0.009351
 359.000000  0.009961
 360.000000  0.009644
 361.000000  0.007544
 362.000000  0.009326
 363.000000  0.010009
 364.000000  0.009375
 365.000000  0.007935
 366.000000  0.009546
 367.000000  0.007886
 368.000000  0.009644
 369.000000  0.008154
 370.000000  0.009644
 371.000000  0.010449
 372.000000  0.009546
 373.000000  0.010669
 374.000000  0.009741
 375.000000  0.010669
 376.000000  0.009668
 377.000000  0.008203
 378.000000  0.009766
 379.000000  0.008960
 380.000000  0.009717
 381.000000  0.011254
 382.000000  0.009766
 383.000000  0.009131
 384.000000  0.009766
 385.000000  0.009351
 386.000000  0.009741
 387.000000  0.011792
 388.000000  0.009766
 389.000000  0.011938
 390.000000  0.009766
 391.000000  0.011987
 392.000000  0.009766
 393.000000  0.009692
 394.000000  0.009766
 395.000000  0.009619
 396.000000  0.009766
 397.000000  0.009717
 398.000000  0.009766
 399.000000  0.009619
 400.000000  0.009790
 401.000000  0.012207
 402.000000  0.009790
 403.000000  0.009766
 404.000000  0.009766
 405.000000  0.009741
 406.000000  0.009814
 407.000000  0.009766
 408.000000  0.009790
 409.000000  0.012207
 410.000000  0.009863
 411.000000  0.012207
 412.000000  0.009790
 413.000000  0.009766
 414.000000  0.010010
 415.000000  0.012207
 416.000000  0.009936
 417.000000  0.009766
 418.000000  0.010547
 419.000000  0.009814
 420.000000  0.010840
 421.000000  0.009888
 422.000000  0.010474
 423.000000  0.009814
 424.000000  0.010742
 425.000000  0.012353
 426.000000  0.010864
 427.000000  0.012866
 428.000000  0.012061
 429.000000  0.013330
 430.000000  0.011816
 431.000000  0.013378
 432.000000  0.012036
 433.000000  0.011475
 434.000000  0.012109
 435.000000  0.013769
 436.000000  0.011914
 437.000000  0.013964
 438.000000  0.012134
 439.000000  0.014209
 440.000000  0.012134
 441.000000  0.014355
 442.000000  0.012353
 443.000000  0.014526
 444.000000  0.012305
 445.000000  0.014599
 446.000000  0.012549
 447.000000  0.012183
 448.000000  0.012720
 449.000000  0.014746
 450.000000  0.012671
 451.000000  0.014697
 452.000000  0.012891
 453.000000  0.014648
 454.000000  0.013208
 455.000000  0.014892
 456.000000  0.013867
 457.000000  0.015258
 458.000000  0.014331
 459.000000  0.015454
 460.000000  0.014575
 461.000000  0.016430
 462.000000  0.014575
 463.000000  0.016235
 464.000000  0.014746
 465.000000  0.016992
 466.000000  0.014697
 467.000000  0.014258
 468.000000  0.014624
 469.000000  0.014282
 470.000000  0.014770
 471.000000  0.017089
 472.000000  0.014697
 473.000000  0.014697
 474.000000  0.015674
 475.000000  0.017163
 476.000000  0.015381
 477.000000  0.014648
 478.000000  0.015430
 479.000000  0.017163
 480.000000  0.016553
 481.000000  0.017456
 482.000000  0.016650
 483.000000  0.015527
 484.000000  0.017090
 485.000000  0.017968
 486.000000  0.016577
 487.000000  0.015747
 488.000000  0.017090
 489.000000  0.016992
 490.000000  0.017041
 491.000000  0.018701
 492.000000  0.017139
 493.000000  0.019604
 494.000000  0.017212
 495.000000  0.019482
 496.000000  0.017261
 497.000000  0.019019
 498.000000  0.019604
 499.000000  0.019555
 500.000000  0.017456
 501.000000  0.020825
 502.000000  0.020166
 503.000000  0.021972
 504.000000  0.019482
 505.000000  0.021655
 506.000000  0.021997
 507.000000  0.023901
 508.000000  0.021411
 509.000000  0.019531
 510.000000  0.022070
 511.000000  0.029296
 512.000000  0.031274
 513.000000  0.022339
 514.000000  0.021973
 515.000000  0.022437
 516.000000  0.026855
 517.000000  0.026099
 518.000000  0.024292
 519.000000  0.024414
 520.000000  0.035791
 521.000000  0.051489
 522.000000  0.039160
 523.000000  0.036865
 524.000000  0.055566
 525.000000  0.134424
 526.000000  0.164380
 527.000000  0.087744
 528.000000  0.043701
 529.000000  0.041528
 530.000000  0.064941
 531.000000  0.095385
 532.000000  0.086572
 533.000000  0.037549
 534.000000  0.053223
 535.000000  0.158765
 536.000000  0.435327
 537.000000  0.220019
 538.000000  0.033325
 539.000000  0.036938
 540.000000  0.060352
 541.000000  0.078833
 542.000000  0.030396
 543.000000  0.021924
 544.000000  0.023804
 545.000000  0.024512
 546.000000  0.024438
 547.000000  0.021972
 548.000000  0.019531
 549.000000  0.022119
 550.000000  0.021533
 551.000000  0.021752
 552.000000  0.018677
 553.000000  0.017651
 554.000000  0.019531
 555.000000  0.019165
 556.000000  0.019043
 557.000000  0.019531
 558.000000  0.018140
 559.000000  0.020190
 560.000000  0.019092
 561.000000  0.017090
 562.000000  0.017163
 563.000000  0.019531
 564.000000  0.017163
 565.000000  0.019531
 566.000000  0.017090
 567.000000  0.019531
 568.000000  0.017090
 569.000000  0.019360
 570.000000  0.017090
 571.000000  0.017187
 572.000000  0.015771
 573.000000  0.017871
 574.000000  0.016943
 575.000000  0.017089
 576.000000  0.016309
 577.000000  0.017089
 578.000000  0.016357
 579.000000  0.017114
 580.000000  0.015137
 581.000000  0.014648
 582.000000  0.015625
 583.000000  0.017089
 584.000000  0.014697
 585.000000  0.017065
 586.000000  0.014624
 587.000000  0.017114
 588.000000  0.014697
 589.000000  0.014526
 590.000000  0.014673
 591.000000  0.016845
 592.000000  0.014648
 593.000000  0.014014
 594.000000  0.014526
 595.000000  0.016064
 596.000000  0.014575
 597.000000  0.015161
 598.000000  0.014014
 599.000000  0.014892
 600.000000  0.013403
 601.000000  0.014965
 602.000000  0.013599
 603.000000  0.014868
 604.000000  0.013574
 605.000000  0.014721
 606.000000  0.013086
 607.000000  0.014697
 608.000000  0.013110
 609.000000  0.014672
 610.000000  0.012573
 611.000000  0.014526
 612.000000  0.015063
 613.000000  0.014575
 614.000000  0.014746
 615.000000  0.014428
 616.000000  0.012207
 617.000000  0.012085
 618.000000  0.012280
 619.000000  0.014453
 620.000000  0.012329
 621.000000  0.014282
 622.000000  0.012085
 623.000000  0.013940
 624.000000  0.014599
 625.000000  0.013964
 626.000000  0.012134
 627.000000  0.013452
 628.000000  0.011548
 629.000000  0.012622
 630.000000  0.010815
 631.000000  0.012377
 632.000000  0.010498
 633.000000  0.012280
 634.000000  0.010522
 635.000000  0.012280
 636.000000  0.010327
 637.000000  0.009790
 638.000000  0.010059
 639.000000  0.012207
 640.000000  0.010156
 641.000000  0.012207
 642.000000  0.009863
 643.000000  0.009741
 644.000000  0.012353
 645.000000  0.012207
 646.000000  0.012304
 647.000000  0.012207
 648.000000  0.009814
 649.000000  0.009766
 650.000000  0.009766
 651.000000  0.009741
 652.000000  0.009766
 653.000000  0.009692
 654.000000  0.009766
 655.000000  0.012158
 656.000000  0.009766
 657.000000  0.012182
 658.000000  0.009766
 659.000000  0.009668
 660.000000  0.009790
 661.000000  0.011694
 662.000000  0.009766
 663.000000  0.011743
 664.000000  0.012207
 665.000000  0.011377
 666.000000  0.012158
 667.000000  0.011596
 668.000000  0.009717
 669.000000  0.008716
 670.000000  0.009741
 671.000000  0.008447
 672.000000  0.009766
 673.000000  0.010961
 674.000000  0.012060
 675.000000  0.010278
 676.000000  0.009644
 677.000000  0.010327
 678.000000  0.009546
 679.000000  0.010595
 680.000000  0.009570
 681.000000  0.007544
 682.000000  0.009448
 683.000000  0.010205
 684.000000  0.009644
 685.000000  0.010107
 686.000000  0.009497
 687.000000  0.007812
 688.000000  0.011694
 689.000000  0.007471
 690.000000  0.011743
 691.000000  0.009790
 692.000000  0.009399
 693.000000  0.009838
 694.000000  0.009082
 695.000000  0.009790
 696.000000  0.010864
 697.000000  0.009863
 698.000000  0.008643
 699.000000  0.009790
 700.000000  0.008374
 701.000000  0.007324
 702.000000  0.008350
 703.000000  0.007349
 704.000000  0.010595
 705.000000  0.009790
 706.000000  0.008350
 707.000000  0.007373
 708.000000  0.008740
 709.000000  0.009814
 710.000000  0.008252
 711.000000  0.009765
 712.000000  0.008008
 713.000000  0.009790
 714.000000  0.007861
 715.000000  0.009765
 716.000000  0.007983
 717.000000  0.009765
 718.000000  0.007959
 719.000000  0.009790
 720.000000  0.007642
 721.000000  0.009765
 722.000000  0.007910
 723.000000  0.009790
 724.000000  0.007715
 725.000000  0.009765
 726.000000  0.007837
 727.000000  0.009765
 728.000000  0.007544
 729.000000  0.007324
 730.000000  0.007446
 731.000000  0.009765
 732.000000  0.007422
 733.000000  0.009765
 734.000000  0.010034
 735.000000  0.009765
 736.000000  0.007422
 737.000000  0.009741
 738.000000  0.007471
 739.000000  0.009790
 740.000000  0.007446
 741.000000  0.009765
 742.000000  0.007519
 743.000000  0.007324
 744.000000  0.007397
 745.000000  0.009765
 746.000000  0.007373
 747.000000  0.007251
 748.000000  0.007397
 749.000000  0.009668
 750.000000  0.007397
 751.000000  0.009643
 752.000000  0.009838
 753.000000  0.009668
 754.000000  0.007446
 755.000000  0.009668
 756.000000  0.007422
 757.000000  0.009570
 758.000000  0.007422
 759.000000  0.007153
 760.000000  0.007349
 761.000000  0.009545
 762.000000  0.007397
 763.000000  0.009545
 764.000000  0.007397
 765.000000  0.009521
 766.000000  0.007397
 767.000000  0.007178
 768.000000  0.007373
 769.000000  0.009594
 770.000000  0.007324
 771.000000  0.009350
 772.000000  0.007397
 773.000000  0.009472
 774.000000  0.009741
 775.000000  0.009375
 776.000000  0.009790
 777.000000  0.009277
 778.000000  0.007324
 779.000000  0.006763
 780.000000  0.007373
 781.000000  0.006641
 782.000000  0.009668
 783.000000  0.009228
 784.000000  0.007275
 785.000000  0.009448
 786.000000  0.007324
 787.000000  0.009326
 788.000000  0.009741
 789.000000  0.009350
 790.000000  0.007324
 791.000000  0.009326
 792.000000  0.007300
 793.000000  0.009155
 794.000000  0.007324
 795.000000  0.009130
 796.000000  0.007349
 797.000000  0.009204
 798.000000  0.007324
 799.000000  0.009179
 800.000000  0.007275
 801.000000  0.009252
 802.000000  0.009765
 803.000000  0.009130
 804.000000  0.007275
 805.000000  0.009301
 806.000000  0.007300
 807.000000  0.009228
 808.000000  0.009765
 809.000000  0.006689
 810.000000  0.007324
 811.000000  0.006738
 812.000000  0.007324
 813.000000  0.006543
 814.000000  0.007300
 815.000000  0.008984
 816.000000  0.007324
 817.000000  0.008984
 818.000000  0.007300
 819.000000  0.008984
 820.000000  0.007300
 821.000000  0.008911
 822.000000  0.007300
 823.000000  0.008886
 824.000000  0.009716
 825.000000  0.008642
 826.000000  0.007251
 827.000000  0.008886
 828.000000  0.007275
 829.000000  0.008764
 830.000000  0.007324
 831.000000  0.008618
 832.000000  0.007251
 833.000000  0.008813
 834.000000  0.007275
 835.000000  0.008813
 836.000000  0.009765
 837.000000  0.008642
 838.000000  0.007275
 839.000000  0.008447
 840.000000  0.007324
 841.000000  0.008422
 842.000000  0.009741
 843.000000  0.008764
 844.000000  0.007251
 845.000000  0.006445
 846.000000  0.009716
 847.000000  0.008984
 848.000000  0.007275
 849.000000  0.008715
 850.000000  0.007300
 851.000000  0.008667
 852.000000  0.007324
 853.000000  0.006201
 854.000000  0.009765
 855.000000  0.008569
 856.000000  0.007300
 857.000000  0.005884
 858.000000  0.007300
 859.000000  0.005859
 860.000000  0.009765
 861.000000  0.008471
 862.000000  0.007275
 863.000000  0.005786
 864.000000  0.007275
 865.000000  0.008667
 866.000000  0.009765
 867.000000  0.006152
 868.000000  0.007251
 869.000000  0.008447
 870.000000  0.007275
 871.000000  0.008252
 872.000000  0.007251
 873.000000  0.008520
 874.000000  0.007227
 875.000000  0.008300
 876.000000  0.007300
 877.000000  0.005981
 878.000000  0.007300
 879.000000  0.006006
 880.000000  0.007300
 881.000000  0.008544
 882.000000  0.007275
 883.000000  0.008154
 884.000000  0.007300
 885.000000  0.008569
 886.000000  0.007300
 887.000000  0.005859
 888.000000  0.007300
 889.000000  0.008227
 890.000000  0.007251
 891.000000  0.008374
 892.000000  0.007300
 893.000000  0.008667
 894.000000  0.007275
 895.000000  0.008398
 896.000000  0.007178
 897.000000  0.008593
 898.000000  0.007153
 899.000000  0.008398
 900.000000  0.007129
 901.000000  0.008276
 902.000000  0.009570
 903.000000  0.008349
 904.000000  0.007227
 905.000000  0.008422
 906.000000  0.009619
 907.000000  0.008300
 908.000000  0.009497
 909.000000  0.008398
 910.000000  0.007080
 911.000000  0.008300
 912.000000  0.007129
 913.000000  0.008105
 914.000000  0.007104
 915.000000  0.008300
 916.000000  0.007080
 917.000000  0.008349
 918.000000  0.009545
 919.000000  0.008081
 920.000000  0.009570
 921.000000  0.008276
 922.000000  0.007104
 923.000000  0.008056
 924.000000  0.007007
 925.000000  0.008349
 926.000000  0.007031
 927.000000  0.008325
 928.000000  0.007104
 929.000000  0.008178
 930.000000  0.007007
 931.000000  0.008422
 932.000000  0.006885
 933.000000  0.008447
 934.000000  0.006982
 935.000000  0.008447
 936.000000  0.007056
 937.000000  0.008349
 938.000000  0.007031
 939.000000  0.008276
 940.000000  0.007056
 941.000000  0.008276
 942.000000  0.007080
 943.000000  0.008300
 944.000000  0.007129
 945.000000  0.005786
 946.000000  0.009521
 947.000000  0.008520
 948.000000  0.007153
 949.000000  0.008325
 950.000000  0.009472
 951.000000  0.008129
 952.000000  0.007129
 953.000000  0.008349
 954.000000  0.007153
 955.000000  0.008349
 956.000000  0.007153
 957.000000  0.008032
 958.000000  0.007104
 959.000000  0.005713
 960.000000  0.007178
 961.000000  0.005518
 962.000000  0.009570
 963.000000  0.005615
 964.000000  0.007031
 965.000000  0.008154
 966.000000  0.007153
 967.000000  0.008422
 968.000000  0.007178
 969.000000  0.008374
 970.000000  0.009619
 971.000000  0.008032
 972.000000  0.007153
 973.000000  0.008129
 974.000000  0.007129
 975.000000  0.008349
 976.000000  0.007031
 977.000000  0.008081
 978.000000  0.007031
 979.000000  0.008007
 980.000000  0.007153
 981.000000  0.008374
 982.000000  0.007227
 983.000000  0.005737
 984.000000  0.007178
 985.000000  0.008203
 986.000000  0.007153
 987.000000  0.007910
 988.000000  0.009668
 989.000000  0.007836
 990.000000  0.007178
 991.000000  0.007739
 992.000000  0.007202
 993.000000  0.008154
 994.000000  0.007104
 995.000000  0.008178
 996.000000  0.006909
 997.000000  0.008007
 998.000000  0.009423
 999.000000  0.007885
 1000.000000  0.009692
 1001.000000  0.007885
 1002.000000  0.007129
 1003.000000  0.007763
 1004.000000  0.007202
 1005.000000  0.007983
 1006.000000  0.007227
 1007.000000  0.007714
 1008.000000  0.007129
 1009.000000  0.007861
 1010.000000  0.007129
 1011.000000  0.007934
 1012.000000  0.006860
 1013.000000  0.007763
 1014.000000  0.007104
 1015.000000  0.007812
 1016.000000  0.007153
 1017.000000  0.007983
 1018.000000  0.007056
 1019.000000  0.007592
 1020.000000  0.007153
 1021.000000  0.007495
 1022.000000  0.007104
 1023.000000  0.007861
