 0.000000  0.007324
 1.000000  0.007153
 2.000000  0.007324
 3.000000  0.007080
 4.000000  0.007324
 5.000000  0.007227
 6.000000  0.007349
 7.000000  0.007227
 8.000000  0.007324
 9.000000  0.007300
 10.000000  0.007324
 11.000000  0.007031
 12.000000  0.007324
 13.000000  0.006958
 14.000000  0.007324
 15.000000  0.007129
 16.000000  0.007471
 17.000000  0.007178
 18.000000  0.007397
 19.000000  0.007202
 20.000000  0.007446
 21.000000  0.007153
 22.000000  0.007300
 23.000000  0.006885
 24.000000  0.007373
 25.000000  0.006567
 26.000000  0.007373
 27.000000  0.009228
 28.000000  0.007471
 29.000000  0.006909
 30.000000  0.007446
 31.000000  0.006958
 32.000000  0.007471
 33.000000  0.006982
 34.000000  0.007300
 35.000000  0.006958
 36.000000  0.007397
 37.000000  0.006787
 38.000000  0.007349
 39.000000  0.009570
 40.000000  0.007324
 41.000000  0.006885
 42.000000  0.007324
 43.000000  0.007153
 44.000000  0.007324
 45.000000  0.007104
 46.000000  0.007300
 47.000000  0.007056
 48.000000  0.007300
 49.000000  0.007104
 50.000000  0.007324
 51.000000  0.007056
 52.000000  0.007300
 53.000000  0.007202
 54.000000  0.007324
 55.000000  0.007202
 56.000000  0.007324
 57.000000  0.007056
 58.000000  0.007324
 59.000000  0.009423
 60.000000  0.007324
 61.000000  0.009521
 62.000000  0.007349
 63.000000  0.007202
 64.000000  0.007324
 65.000000  0.007129
 66.000000  0.007324
 67.000000  0.009375
 68.000000  0.007324
 69.000000  0.007031
 70.000000  0.007324
 71.000000  0.006934
 72.000000  0.007324
 73.000000  0.007007
 74.000000  0.007300
 75.000000  0.007202
 76.000000  0.007324
 77.000000  0.007227
 78.000000  0.007324
 79.000000  0.007202
 80.000000  0.007349
 81.000000  0.007104
 82.000000  0.007324
 83.000000  0.007007
 84.000000  0.007324
 85.000000  0.007080
 86.000000  0.007324
 87.000000  0.007178
 88.000000  0.007324
 89.000000  0.007153
 90.000000  0.007324
 91.000000  0.007104
 92.000000  0.007324
 93.000000  0.007178
 94.000000  0.007324
 95.000000  0.007056
 96.000000  0.007324
 97.000000  0.007104
 98.000000  0.007324
 99.000000  0.007300
 100.000000  0.007324
 101.000000  0.009594
 102.000000  0.007324
 103.000000  0.009643
 104.000000  0.007324
 105.000000  0.007129
 106.000000  0.007324
 107.000000  0.007031
 108.000000  0.007324
 109.000000  0.009619
 110.000000  0.007324
 111.000000  0.007202
 112.000000  0.007324
 113.000000  0.007202
 114.000000  0.007324
 115.000000  0.007251
 116.000000  0.007324
 117.000000  0.007080
 118.000000  0.007324
 119.000000  0.007031
 120.000000  0.007324
 121.000000  0.006958
 122.000000  0.007324
 123.000000  0.007031
 124.000000  0.007324
 125.000000  0.007153
 126.000000  0.007324
 127.000000  0.009448
 128.000000  0.007324
 129.000000  0.006958
 130.000000  0.007324
 131.000000  0.009594
 132.000000  0.007349
 133.000000  0.007080
 134.000000  0.007324
 135.000000  0.009570
 136.000000  0.007324
 137.000000  0.007104
 138.000000  0.007324
 139.000000  0.007056
 140.000000  0.007324
 141.000000  0.007129
 142.000000  0.007324
 143.000000  0.007178
 144.000000  0.007324
 145.000000  0.009619
 146.000000  0.007324
 147.000000  0.007056
 148.000000  0.007324
 149.000000  0.009668
 150.000000  0.007324
 151.000000  0.007031
 152.000000  0.007324
 153.000000  0.007227
 154.000000  0.007324
 155.000000  0.007104
 156.000000  0.007324
 157.000000  0.009619
 158.000000  0.007324
 159.000000  0.007153
 160.000000  0.007324
 161.000000  0.007129
 162.000000  0.007324
 163.000000  0.006860
 164.000000  0.007300
 165.000000  0.007056
 166.000000  0.007324
 167.000000  0.007129
 168.000000  0.007324
 169.000000  0.009399
 170.000000  0.007324
 171.000000  0.007031
 172.000000  0.007227
 173.000000  0.006738
 174.000000  0.007227
 175.000000  0.006714
 176.000000  0.007227
 177.000000  0.006543
 178.000000  0.007349
 179.000000  0.009350
 180.000000  0.007275
 181.000000  0.006836
 182.000000  0.007324
 183.000000  0.006860
 184.000000  0.007080
 185.000000  0.006543
 186.000000  0.007251
 187.000000  0.006470
 188.000000  0.007300
 189.000000  0.006519
 190.000000  0.007349
 191.000000  0.006519
 192.000000  0.007422
 193.000000  0.006860
 194.000000  0.007275
 195.000000  0.006714
 196.000000  0.009716
 197.000000  0.006665
 198.000000  0.007324
 199.000000  0.009130
 200.000000  0.007324
 201.000000  0.009228
 202.000000  0.007324
 203.000000  0.006811
 204.000000  0.007324
 205.000000  0.006958
 206.000000  0.007300
 207.000000  0.006763
 208.000000  0.007300
 209.000000  0.008911
 210.000000  0.007324
 211.000000  0.006421
 212.000000  0.007300
 213.000000  0.009155
 214.000000  0.007324
 215.000000  0.006836
 216.000000  0.007324
 217.000000  0.007031
 218.000000  0.007324
 219.000000  0.009204
 220.000000  0.007324
 221.000000  0.006811
 222.000000  0.007300
 223.000000  0.006543
 224.000000  0.007324
 225.000000  0.006689
 226.000000  0.007324
 227.000000  0.009179
 228.000000  0.007324
 229.000000  0.009179
 230.000000  0.007324
 231.000000  0.006665
 232.000000  0.007324
 233.000000  0.009082
 234.000000  0.007300
 235.000000  0.006787
 236.000000  0.007300
 237.000000  0.006763
 238.000000  0.007324
 239.000000  0.009155
 240.000000  0.007324
 241.000000  0.006787
 242.000000  0.007324
 243.000000  0.009179
 244.000000  0.007324
 245.000000  0.006689
 246.000000  0.007324
 247.000000  0.006836
 248.000000  0.007324
 249.000000  0.006763
 250.000000  0.007324
 251.000000  0.006665
 252.000000  0.007324
 253.000000  0.006787
 254.000000  0.007300
 255.000000  0.009106
 256.000000  0.007324
 257.000000  0.006836
 258.000000  0.007324
 259.000000  0.006714
 260.000000  0.007324
 261.000000  0.006689
 262.000000  0.007324
 263.000000  0.009033
 264.000000  0.007324
 265.000000  0.008935
 266.000000  0.007324
 267.000000  0.009106
 268.000000  0.007324
 269.000000  0.009228
 270.000000  0.007324
 271.000000  0.006494
 272.000000  0.007324
 273.000000  0.006616
 274.000000  0.007324
 275.000000  0.009155
 276.000000  0.007324
 277.000000  0.009179
 278.000000  0.007324
 279.000000  0.006958
 280.000000  0.007324
 281.000000  0.008789
 282.000000  0.007324
 283.000000  0.009179
 284.000000  0.007324
 285.000000  0.006763
 286.000000  0.007300
 287.000000  0.007080
 288.000000  0.007324
 289.000000  0.009497
 290.000000  0.007324
 291.000000  0.006714
 292.000000  0.007324
 293.000000  0.006714
 294.000000  0.007324
 295.000000  0.009106
 296.000000  0.007324
 297.000000  0.009399
 298.000000  0.007324
 299.000000  0.008984
 300.000000  0.007324
 301.000000  0.006885
 302.000000  0.007324
 303.000000  0.009204
 304.000000  0.007324
 305.000000  0.007007
 306.000000  0.007324
 307.000000  0.009155
 308.000000  0.007300
 309.000000  0.009155
 310.000000  0.007300
 311.000000  0.006836
 312.000000  0.007324
 313.000000  0.006934
 314.000000  0.007349
 315.000000  0.009106
 316.000000  0.007300
 317.000000  0.006616
 318.000000  0.007324
 319.000000  0.006811
 320.000000  0.007324
 321.000000  0.009155
 322.000000  0.007300
 323.000000  0.009082
 324.000000  0.007300
 325.000000  0.006592
 326.000000  0.007300
 327.000000  0.006201
 328.000000  0.007324
 329.000000  0.009179
 330.000000  0.007397
 331.000000  0.009423
 332.000000  0.007373
 333.000000  0.009277
 334.000000  0.007056
 335.000000  0.008837
 336.000000  0.007275
 337.000000  0.006152
 338.000000  0.007080
 339.000000  0.006250
 340.000000  0.007300
 341.000000  0.009326
 342.000000  0.009594
 343.000000  0.008911
 344.000000  0.007300
 345.000000  0.009155
 346.000000  0.007251
 347.000000  0.006665
 348.000000  0.007104
 349.000000  0.008935
 350.000000  0.007300
 351.000000  0.009082
 352.000000  0.007324
 353.000000  0.009179
 354.000000  0.007300
 355.000000  0.006787
 356.000000  0.007324
 357.000000  0.007007
 358.000000  0.007324
 359.000000  0.009008
 360.000000  0.007324
 361.000000  0.006665
 362.000000  0.007275
 363.000000  0.008886
 364.000000  0.007324
 365.000000  0.006811
 366.000000  0.007324
 367.000000  0.007031
 368.000000  0.007349
 369.000000  0.006909
 370.000000  0.007324
 371.000000  0.009399
 372.000000  0.007324
 373.000000  0.009106
 374.000000  0.007324
 375.000000  0.009277
 376.000000  0.007324
 377.000000  0.007031
 378.000000  0.007324
 379.000000  0.006982
 380.000000  0.007324
 381.000000  0.009204
 382.000000  0.007324
 383.000000  0.006909
 384.000000  0.007324
 385.000000  0.006836
 386.000000  0.007324
 387.000000  0.009594
 388.000000  0.007300
 389.000000  0.009570
 390.000000  0.007324
 391.000000  0.009570
 392.000000  0.007324
 393.000000  0.006885
 394.000000  0.007324
 395.000000  0.007031
 396.000000  0.007324
 397.000000  0.006934
 398.000000  0.007324
 399.000000  0.006958
 400.000000  0.007324
 401.000000  0.009692
 402.000000  0.007324
 403.000000  0.007251
 404.000000  0.007324
 405.000000  0.007129
 406.000000  0.007324
 407.000000  0.007178
 408.000000  0.007324
 409.000000  0.009423
 410.000000  0.007324
 411.000000  0.009619
 412.000000  0.007324
 413.000000  0.007202
 414.000000  0.007324
 415.000000  0.009643
 416.000000  0.007324
 417.000000  0.007153
 418.000000  0.007324
 419.000000  0.007227
 420.000000  0.007324
 421.000000  0.007080
 422.000000  0.007324
 423.000000  0.007129
 424.000000  0.007324
 425.000000  0.009643
 426.000000  0.007324
 427.000000  0.009668
 428.000000  0.007324
 429.000000  0.009643
 430.000000  0.007324
 431.000000  0.009594
 432.000000  0.007324
 433.000000  0.007178
 434.000000  0.007324
 435.000000  0.009643
 436.000000  0.007324
 437.000000  0.009594
 438.000000  0.007324
 439.000000  0.009570
 440.000000  0.007324
 441.000000  0.009594
 442.000000  0.007324
 443.000000  0.009619
 444.000000  0.007324
 445.000000  0.009692
 446.000000  0.007324
 447.000000  0.007300
 448.000000  0.007324
 449.000000  0.009692
 450.000000  0.007324
 451.000000  0.009643
 452.000000  0.007324
 453.000000  0.009692
 454.000000  0.007324
 455.000000  0.009716
 456.000000  0.007324
 457.000000  0.009741
 458.000000  0.007324
 459.000000  0.009741
 460.000000  0.007324
 461.000000  0.009765
 462.000000  0.007324
 463.000000  0.009765
 464.000000  0.007373
 465.000000  0.009741
 466.000000  0.007373
 467.000000  0.007300
 468.000000  0.007324
 469.000000  0.007324
 470.000000  0.007324
 471.000000  0.009716
 472.000000  0.007324
 473.000000  0.007324
 474.000000  0.007324
 475.000000  0.009741
 476.000000  0.007324
 477.000000  0.007300
 478.000000  0.007349
 479.000000  0.009692
 480.000000  0.007373
 481.000000  0.009765
 482.000000  0.007422
 483.000000  0.007324
 484.000000  0.007349
 485.000000  0.009619
 486.000000  0.007495
 487.000000  0.007300
 488.000000  0.007373
 489.000000  0.007080
 490.000000  0.007666
 491.000000  0.009863
 492.000000  0.007788
 493.000000  0.009643
 494.000000  0.007959
 495.000000  0.009887
 496.000000  0.008911
 497.000000  0.007080
 498.000000  0.007544
 499.000000  0.009643
 500.000000  0.008765
 501.000000  0.010571
 502.000000  0.007690
 503.000000  0.009692
 504.000000  0.008520
 505.000000  0.012060
 506.000000  0.009302
 507.000000  0.007324
 508.000000  0.007959
 509.000000  0.008276
 510.000000  0.010132
 511.000000  0.010498
 512.000000  0.008032
 513.000000  0.009009
 514.000000  0.012183
 515.000000  0.012280
 516.000000  0.009766
 517.000000  0.007983
 518.000000  0.010010
 519.000000  0.013647
 520.000000  0.012207
 521.000000  0.009473
 522.000000  0.009863
 523.000000  0.016992
 524.000000  0.024390
 525.000000  0.014746
 526.000000  0.009863
 527.000000  0.012207
 528.000000  0.014648
 529.000000  0.019482
 530.000000  0.010913
 531.000000  0.011669
 532.000000  0.011645
 533.000000  0.019678
 534.000000  0.017529
 535.000000  0.008472
 536.000000  0.008032
 537.000000  0.011547
 538.000000  0.012207
 539.000000  0.011718
 540.000000  0.007617
 541.000000  0.007373
 542.000000  0.009766
 543.000000  0.009888
 544.000000  0.007715
 545.000000  0.007324
 546.000000  0.007446
 547.000000  0.010083
 548.000000  0.009204
 549.000000  0.009765
 550.000000  0.007324
 551.000000  0.009765
 552.000000  0.009424
 553.000000  0.007324
 554.000000  0.007373
 555.000000  0.007300
 556.000000  0.007397
 557.000000  0.009790
 558.000000  0.007349
 559.000000  0.009765
 560.000000  0.007373
 561.000000  0.007324
 562.000000  0.007715
 563.000000  0.009765
 564.000000  0.007324
 565.000000  0.009765
 566.000000  0.007397
 567.000000  0.009765
 568.000000  0.007324
 569.000000  0.009765
 570.000000  0.007324
 571.000000  0.009765
 572.000000  0.007324
 573.000000  0.009692
 574.000000  0.007324
 575.000000  0.009765
 576.000000  0.007324
 577.000000  0.009668
 578.000000  0.007324
 579.000000  0.009668
 580.000000  0.007324
 581.000000  0.007251
 582.000000  0.007324
 583.000000  0.009570
 584.000000  0.007324
 585.000000  0.009716
 586.000000  0.007324
 587.000000  0.009668
 588.000000  0.007324
 589.000000  0.007202
 590.000000  0.007324
 591.000000  0.009497
 592.000000  0.007324
 593.000000  0.007129
 594.000000  0.007324
 595.000000  0.009643
 596.000000  0.007324
 597.000000  0.009545
 598.000000  0.007324
 599.000000  0.009594
 600.000000  0.007324
 601.000000  0.009350
 602.000000  0.007324
 603.000000  0.009350
 604.000000  0.007324
 605.000000  0.009497
 606.000000  0.007324
 607.000000  0.009399
 608.000000  0.007324
 609.000000  0.009448
 610.000000  0.007324
 611.000000  0.009277
 612.000000  0.009765
 613.000000  0.009448
 614.000000  0.009765
 615.000000  0.009472
 616.000000  0.007324
 617.000000  0.007056
 618.000000  0.007300
 619.000000  0.009472
 620.000000  0.007300
 621.000000  0.009228
 622.000000  0.007324
 623.000000  0.009082
 624.000000  0.009765
 625.000000  0.008886
 626.000000  0.007324
 627.000000  0.008911
 628.000000  0.007324
 629.000000  0.008911
 630.000000  0.007300
 631.000000  0.008837
 632.000000  0.007324
 633.000000  0.009228
 634.000000  0.007300
 635.000000  0.009130
 636.000000  0.007227
 637.000000  0.006299
 638.000000  0.007300
 639.000000  0.008618
 640.000000  0.007251
 641.000000  0.008764
 642.000000  0.007349
 643.000000  0.006396
 644.000000  0.009765
 645.000000  0.008789
 646.000000  0.009594
 647.000000  0.008520
 648.000000  0.007178
 649.000000  0.005957
 650.000000  0.006885
 651.000000  0.005957
 652.000000  0.006982
 653.000000  0.006445
 654.000000  0.007080
 655.000000  0.008935
 656.000000  0.007178
 657.000000  0.008911
 658.000000  0.007178
 659.000000  0.006445
 660.000000  0.007129
 661.000000  0.008349
 662.000000  0.007153
 663.000000  0.008544
 664.000000  0.009619
 665.000000  0.008789
 666.000000  0.009716
 667.000000  0.008740
 668.000000  0.007202
 669.000000  0.006372
 670.000000  0.007300
 671.000000  0.005981
 672.000000  0.007251
 673.000000  0.008618
 674.000000  0.009594
 675.000000  0.008129
 676.000000  0.007251
 677.000000  0.008422
 678.000000  0.007153
 679.000000  0.008764
 680.000000  0.007324
 681.000000  0.006006
 682.000000  0.007275
 683.000000  0.008276
 684.000000  0.007251
 685.000000  0.008642
 686.000000  0.007227
 687.000000  0.006421
 688.000000  0.009692
 689.000000  0.006128
 690.000000  0.009765
 691.000000  0.008471
 692.000000  0.007275
 693.000000  0.008569
 694.000000  0.007227
 695.000000  0.008154
 696.000000  0.009643
 697.000000  0.008178
 698.000000  0.007251
 699.000000  0.008056
 700.000000  0.007129
 701.000000  0.005981
 702.000000  0.007202
 703.000000  0.006177
 704.000000  0.009741
 705.000000  0.008007
 706.000000  0.007178
 707.000000  0.005835
 708.000000  0.007275
 709.000000  0.008203
 710.000000  0.007275
 711.000000  0.008203
 712.000000  0.007227
 713.000000  0.008667
 714.000000  0.007227
 715.000000  0.008374
 716.000000  0.007251
 717.000000  0.008471
 718.000000  0.007275
 719.000000  0.008032
 720.000000  0.007202
 721.000000  0.008325
 722.000000  0.007300
 723.000000  0.008374
 724.000000  0.007275
 725.000000  0.008129
 726.000000  0.007324
 727.000000  0.008105
 728.000000  0.007300
 729.000000  0.005615
 730.000000  0.007275
 731.000000  0.008496
 732.000000  0.007227
 733.000000  0.008252
 734.000000  0.009716
 735.000000  0.008276
 736.000000  0.007275
 737.000000  0.008349
 738.000000  0.007275
 739.000000  0.008325
 740.000000  0.007275
 741.000000  0.008007
 742.000000  0.007324
 743.000000  0.005493
 744.000000  0.007178
 745.000000  0.008154
 746.000000  0.007275
 747.000000  0.005591
 748.000000  0.007251
 749.000000  0.007861
 750.000000  0.007251
 751.000000  0.007934
 752.000000  0.009643
 753.000000  0.007910
 754.000000  0.007129
 755.000000  0.008007
 756.000000  0.007104
 757.000000  0.007910
 758.000000  0.007080
 759.000000  0.005713
 760.000000  0.007251
 761.000000  0.007910
 762.000000  0.007178
 763.000000  0.007812
 764.000000  0.007080
 765.000000  0.007690
 766.000000  0.007227
 767.000000  0.005518
 768.000000  0.007178
 769.000000  0.007983
 770.000000  0.007129
 771.000000  0.007763
 772.000000  0.007007
 773.000000  0.007714
 774.000000  0.009594
 775.000000  0.007690
 776.000000  0.009570
 777.000000  0.007617
 778.000000  0.007104
 779.000000  0.005322
 780.000000  0.007104
 781.000000  0.005127
 782.000000  0.009448
 783.000000  0.007641
 784.000000  0.007104
 785.000000  0.007666
 786.000000  0.007275
 787.000000  0.007714
 788.000000  0.009448
 789.000000  0.007739
 790.000000  0.006934
 791.000000  0.007592
 792.000000  0.007129
 793.000000  0.007910
 794.000000  0.007080
 795.000000  0.007861
 796.000000  0.007056
 797.000000  0.007885
 798.000000  0.006738
 799.000000  0.007592
 800.000000  0.007031
 801.000000  0.007714
 802.000000  0.009277
 803.000000  0.008276
 804.000000  0.007007
 805.000000  0.008227
 806.000000  0.006836
 807.000000  0.008520
 808.000000  0.009423
 809.000000  0.005444
 810.000000  0.006348
 811.000000  0.005542
 812.000000  0.006616
 813.000000  0.005542
 814.000000  0.006445
 815.000000  0.008105
 816.000000  0.006738
 817.000000  0.008178
 818.000000  0.006885
 819.000000  0.007959
 820.000000  0.006616
 821.000000  0.007763
 822.000000  0.006689
 823.000000  0.007861
 824.000000  0.009057
 825.000000  0.007690
 826.000000  0.006982
 827.000000  0.007763
 828.000000  0.006860
 829.000000  0.007983
 830.000000  0.006934
 831.000000  0.007934
 832.000000  0.006958
 833.000000  0.007861
 834.000000  0.006641
 835.000000  0.007739
 836.000000  0.008960
 837.000000  0.007763
 838.000000  0.006860
 839.000000  0.007666
 840.000000  0.007080
 841.000000  0.007666
 842.000000  0.009350
 843.000000  0.007617
 844.000000  0.006885
 845.000000  0.005420
 846.000000  0.009008
 847.000000  0.007690
 848.000000  0.006372
 849.000000  0.007885
 850.000000  0.007056
 851.000000  0.007714
 852.000000  0.007104
 853.000000  0.005249
 854.000000  0.009619
 855.000000  0.007568
 856.000000  0.006665
 857.000000  0.005151
 858.000000  0.006934
 859.000000  0.005127
 860.000000  0.009375
 861.000000  0.007421
 862.000000  0.006958
 863.000000  0.005273
 864.000000  0.006763
 865.000000  0.007592
 866.000000  0.009301
 867.000000  0.005127
 868.000000  0.006909
 869.000000  0.007495
 870.000000  0.006811
 871.000000  0.007544
 872.000000  0.006934
 873.000000  0.007666
 874.000000  0.006934
 875.000000  0.007641
 876.000000  0.006958
 877.000000  0.005176
 878.000000  0.007056
 879.000000  0.005200
 880.000000  0.006714
 881.000000  0.007739
 882.000000  0.007056
 883.000000  0.007544
 884.000000  0.006860
 885.000000  0.007763
 886.000000  0.007129
 887.000000  0.005078
 888.000000  0.006885
 889.000000  0.007446
 890.000000  0.007129
 891.000000  0.007519
 892.000000  0.006934
 893.000000  0.007714
 894.000000  0.006909
 895.000000  0.007568
 896.000000  0.006763
 897.000000  0.007714
 898.000000  0.006763
 899.000000  0.007617
 900.000000  0.006909
 901.000000  0.007641
 902.000000  0.009350
 903.000000  0.007666
 904.000000  0.007056
 905.000000  0.007592
 906.000000  0.009301
 907.000000  0.007470
 908.000000  0.009252
 909.000000  0.007690
 910.000000  0.006982
 911.000000  0.007544
 912.000000  0.006787
 913.000000  0.007446
 914.000000  0.006763
 915.000000  0.007519
 916.000000  0.006714
 917.000000  0.007666
 918.000000  0.009375
 919.000000  0.007495
 920.000000  0.009570
 921.000000  0.007397
 922.000000  0.007056
 923.000000  0.007421
 924.000000  0.006811
 925.000000  0.007568
 926.000000  0.006763
 927.000000  0.007568
 928.000000  0.006811
 929.000000  0.007592
 930.000000  0.006836
 931.000000  0.007519
 932.000000  0.006738
 933.000000  0.007690
 934.000000  0.006982
 935.000000  0.007714
 936.000000  0.007080
 937.000000  0.007544
 938.000000  0.007056
 939.000000  0.007544
 940.000000  0.006860
 941.000000  0.007617
 942.000000  0.007056
 943.000000  0.007641
 944.000000  0.006787
 945.000000  0.005151
 946.000000  0.009350
 947.000000  0.008032
 948.000000  0.006836
 949.000000  0.007568
 950.000000  0.008935
 951.000000  0.007568
 952.000000  0.006641
 953.000000  0.007763
 954.000000  0.006885
 955.000000  0.007763
 956.000000  0.006763
 957.000000  0.007812
 958.000000  0.006738
 959.000000  0.005371
 960.000000  0.006421
 961.000000  0.005298
 962.000000  0.008862
 963.000000  0.005322
 964.000000  0.006250
 965.000000  0.008154
 966.000000  0.006592
 967.000000  0.008129
 968.000000  0.006641
 969.000000  0.007910
 970.000000  0.009228
 971.000000  0.007959
 972.000000  0.006641
 973.000000  0.007714
 974.000000  0.006470
 975.000000  0.008032
 976.000000  0.006665
 977.000000  0.007959
 978.000000  0.006885
 979.000000  0.007812
 980.000000  0.006689
 981.000000  0.008129
 982.000000  0.006763
 983.000000  0.005225
 984.000000  0.006567
 985.000000  0.007885
 986.000000  0.006665
 987.000000  0.007641
 988.000000  0.009155
 989.000000  0.007592
 990.000000  0.007104
 991.000000  0.007934
 992.000000  0.006860
 993.000000  0.007812
 994.000000  0.006836
 995.000000  0.007666
 996.000000  0.006274
 997.000000  0.007812
 998.000000  0.008911
 999.000000  0.007544
 1000.000000  0.009106
 1001.000000  0.007592
 1002.000000  0.006934
 1003.000000  0.007739
 1004.000000  0.006714
 1005.000000  0.007592
 1006.000000  0.006714
 1007.000000  0.007519
 1008.000000  0.006689
 1009.000000  0.007568
 1010.000000  0.006396
 1011.000000  0.007714
 1012.000000  0.006567
 1013.000000  0.007617
 1014.000000  0.006445
 1015.000000  0.007495
 1016.000000  0.006860
 1017.000000  0.007666
 1018.000000  0.006519
 1019.000000  0.007519
 1020.000000  0.006494
 1021.000000  0.007446
 1022.000000  0.006689
 1023.000000  0.007544
