 0.000000  0.007324
 1.000000  0.007300
 2.000000  0.007324
 3.000000  0.007300
 4.000000  0.007349
 5.000000  0.007324
 6.000000  0.007324
 7.000000  0.007251
 8.000000  0.007324
 9.000000  0.007324
 10.000000  0.007324
 11.000000  0.007300
 12.000000  0.007324
 13.000000  0.007324
 14.000000  0.007324
 15.000000  0.007324
 16.000000  0.007324
 17.000000  0.007300
 18.000000  0.007324
 19.000000  0.007324
 20.000000  0.007324
 21.000000  0.007324
 22.000000  0.007324
 23.000000  0.007300
 24.000000  0.007324
 25.000000  0.007300
 26.000000  0.007349
 27.000000  0.009741
 28.000000  0.007324
 29.000000  0.007251
 30.000000  0.007349
 31.000000  0.007275
 32.000000  0.007349
 33.000000  0.007324
 34.000000  0.007324
 35.000000  0.007324
 36.000000  0.007324
 37.000000  0.007324
 38.000000  0.007397
 39.000000  0.009716
 40.000000  0.007324
 41.000000  0.007324
 42.000000  0.007349
 43.000000  0.007227
 44.000000  0.007324
 45.000000  0.007178
 46.000000  0.007324
 47.000000  0.007251
 48.000000  0.007227
 49.000000  0.007104
 50.000000  0.007324
 51.000000  0.007275
 52.000000  0.007471
 53.000000  0.007373
 54.000000  0.007593
 55.000000  0.006763
 56.000000  0.007251
 57.000000  0.006860
 58.000000  0.007617
 59.000000  0.009594
 60.000000  0.007495
 61.000000  0.009643
 62.000000  0.007446
 63.000000  0.007178
 64.000000  0.007471
 65.000000  0.007056
 66.000000  0.007397
 67.000000  0.009375
 68.000000  0.007349
 69.000000  0.007178
 70.000000  0.007471
 71.000000  0.007275
 72.000000  0.007446
 73.000000  0.007251
 74.000000  0.007397
 75.000000  0.007227
 76.000000  0.007397
 77.000000  0.007227
 78.000000  0.007324
 79.000000  0.007178
 80.000000  0.007373
 81.000000  0.007324
 82.000000  0.007349
 83.000000  0.007275
 84.000000  0.007373
 85.000000  0.007300
 86.000000  0.007397
 87.000000  0.007275
 88.000000  0.007349
 89.000000  0.007251
 90.000000  0.007324
 91.000000  0.007275
 92.000000  0.007349
 93.000000  0.007275
 94.000000  0.007373
 95.000000  0.007300
 96.000000  0.007373
 97.000000  0.007324
 98.000000  0.007495
 99.000000  0.007324
 100.000000  0.007397
 101.000000  0.009765
 102.000000  0.007324
 103.000000  0.009716
 104.000000  0.007349
 105.000000  0.007300
 106.000000  0.007349
 107.000000  0.007324
 108.000000  0.007373
 109.000000  0.009765
 110.000000  0.007324
 111.000000  0.007324
 112.000000  0.007324
 113.000000  0.007324
 114.000000  0.007324
 115.000000  0.007275
 116.000000  0.007324
 117.000000  0.007300
 118.000000  0.007373
 119.000000  0.007275
 120.000000  0.007324
 121.000000  0.007324
 122.000000  0.007324
 123.000000  0.007300
 124.000000  0.007324
 125.000000  0.007251
 126.000000  0.007324
 127.000000  0.009668
 128.000000  0.007324
 129.000000  0.007300
 130.000000  0.007324
 131.000000  0.009765
 132.000000  0.007324
 133.000000  0.007324
 134.000000  0.007324
 135.000000  0.009765
 136.000000  0.007324
 137.000000  0.007300
 138.000000  0.007373
 139.000000  0.007251
 140.000000  0.007324
 141.000000  0.007275
 142.000000  0.007324
 143.000000  0.007324
 144.000000  0.007324
 145.000000  0.009765
 146.000000  0.007324
 147.000000  0.007324
 148.000000  0.007349
 149.000000  0.009765
 150.000000  0.007349
 151.000000  0.007300
 152.000000  0.007324
 153.000000  0.007300
 154.000000  0.007324
 155.000000  0.007324
 156.000000  0.007349
 157.000000  0.009741
 158.000000  0.007324
 159.000000  0.007275
 160.000000  0.007349
 161.000000  0.007275
 162.000000  0.007324
 163.000000  0.007324
 164.000000  0.007324
 165.000000  0.007324
 166.000000  0.007324
 167.000000  0.007300
 168.000000  0.007349
 169.000000  0.009716
 170.000000  0.007324
 171.000000  0.007251
 172.000000  0.007373
 173.000000  0.007300
 174.000000  0.007324
 175.000000  0.007324
 176.000000  0.007324
 177.000000  0.007324
 178.000000  0.007324
 179.000000  0.009741
 180.000000  0.007324
 181.000000  0.007202
 182.000000  0.007324
 183.000000  0.007251
 184.000000  0.007324
 185.000000  0.007300
 186.000000  0.007397
 187.000000  0.007300
 188.000000  0.007349
 189.000000  0.007275
 190.000000  0.007397
 191.000000  0.007178
 192.000000  0.007324
 193.000000  0.007275
 194.000000  0.007324
 195.000000  0.007202
 196.000000  0.009790
 197.000000  0.007275
 198.000000  0.007422
 199.000000  0.009716
 200.000000  0.007324
 201.000000  0.009716
 202.000000  0.007397
 203.000000  0.007227
 204.000000  0.007568
 205.000000  0.007251
 206.000000  0.007446
 207.000000  0.007056
 208.000000  0.007471
 209.000000  0.009155
 210.000000  0.007373
 211.000000  0.007129
 212.000000  0.007861
 213.000000  0.009692
 214.000000  0.007471
 215.000000  0.007104
 216.000000  0.007495
 217.000000  0.007104
 218.000000  0.007397
 219.000000  0.009472
 220.000000  0.007373
 221.000000  0.007275
 222.000000  0.007495
 223.000000  0.007275
 224.000000  0.007519
 225.000000  0.007007
 226.000000  0.007373
 227.000000  0.009619
 228.000000  0.007471
 229.000000  0.009594
 230.000000  0.007422
 231.000000  0.007275
 232.000000  0.007495
 233.000000  0.009765
 234.000000  0.007471
 235.000000  0.007324
 236.000000  0.007519
 237.000000  0.007300
 238.000000  0.007495
 239.000000  0.009741
 240.000000  0.007422
 241.000000  0.007300
 242.000000  0.007373
 243.000000  0.009765
 244.000000  0.007373
 245.000000  0.007324
 246.000000  0.007666
 247.000000  0.007324
 248.000000  0.007471
 249.000000  0.007300
 250.000000  0.007397
 251.000000  0.007300
 252.000000  0.007349
 253.000000  0.007300
 254.000000  0.007397
 255.000000  0.009741
 256.000000  0.007519
 257.000000  0.007324
 258.000000  0.007544
 259.000000  0.007275
 260.000000  0.007446
 261.000000  0.007324
 262.000000  0.007349
 263.000000  0.009741
 264.000000  0.007373
 265.000000  0.009741
 266.000000  0.007422
 267.000000  0.009765
 268.000000  0.007446
 269.000000  0.009765
 270.000000  0.007397
 271.000000  0.007324
 272.000000  0.007397
 273.000000  0.007300
 274.000000  0.007422
 275.000000  0.009765
 276.000000  0.007446
 277.000000  0.009741
 278.000000  0.007519
 279.000000  0.007324
 280.000000  0.007495
 281.000000  0.009741
 282.000000  0.007397
 283.000000  0.009765
 284.000000  0.007397
 285.000000  0.007324
 286.000000  0.007397
 287.000000  0.007324
 288.000000  0.007422
 289.000000  0.009765
 290.000000  0.007495
 291.000000  0.007324
 292.000000  0.007568
 293.000000  0.007324
 294.000000  0.007568
 295.000000  0.009765
 296.000000  0.007666
 297.000000  0.009765
 298.000000  0.007422
 299.000000  0.009765
 300.000000  0.007568
 301.000000  0.007324
 302.000000  0.007861
 303.000000  0.009765
 304.000000  0.007886
 305.000000  0.007324
 306.000000  0.007666
 307.000000  0.009765
 308.000000  0.007812
 309.000000  0.009765
 310.000000  0.007568
 311.000000  0.007324
 312.000000  0.007812
 313.000000  0.007324
 314.000000  0.008105
 315.000000  0.009765
 316.000000  0.007935
 317.000000  0.007324
 318.000000  0.007983
 319.000000  0.007324
 320.000000  0.007788
 321.000000  0.009765
 322.000000  0.007910
 323.000000  0.009765
 324.000000  0.007959
 325.000000  0.007324
 326.000000  0.007983
 327.000000  0.007324
 328.000000  0.008520
 329.000000  0.009790
 330.000000  0.008398
 331.000000  0.009765
 332.000000  0.008252
 333.000000  0.009765
 334.000000  0.008252
 335.000000  0.009790
 336.000000  0.008398
 337.000000  0.007324
 338.000000  0.008643
 339.000000  0.007349
 340.000000  0.008740
 341.000000  0.009912
 342.000000  0.011035
 343.000000  0.009765
 344.000000  0.008716
 345.000000  0.009790
 346.000000  0.009155
 347.000000  0.007422
 348.000000  0.009082
 349.000000  0.009887
 350.000000  0.009033
 351.000000  0.010009
 352.000000  0.009155
 353.000000  0.010009
 354.000000  0.009131
 355.000000  0.007519
 356.000000  0.008862
 357.000000  0.007422
 358.000000  0.009351
 359.000000  0.009936
 360.000000  0.009326
 361.000000  0.007519
 362.000000  0.009448
 363.000000  0.010742
 364.000000  0.009448
 365.000000  0.008154
 366.000000  0.009546
 367.000000  0.008130
 368.000000  0.008789
 369.000000  0.007886
 370.000000  0.009277
 371.000000  0.011206
 372.000000  0.009497
 373.000000  0.010571
 374.000000  0.009521
 375.000000  0.011157
 376.000000  0.009644
 377.000000  0.008398
 378.000000  0.009473
 379.000000  0.008203
 380.000000  0.009497
 381.000000  0.011132
 382.000000  0.009741
 383.000000  0.009082
 384.000000  0.009717
 385.000000  0.009033
 386.000000  0.009766
 387.000000  0.011547
 388.000000  0.009692
 389.000000  0.011230
 390.000000  0.009741
 391.000000  0.011157
 392.000000  0.009717
 393.000000  0.008984
 394.000000  0.009766
 395.000000  0.009521
 396.000000  0.009766
 397.000000  0.009595
 398.000000  0.009766
 399.000000  0.009570
 400.000000  0.009814
 401.000000  0.012011
 402.000000  0.009790
 403.000000  0.009546
 404.000000  0.009766
 405.000000  0.009717
 406.000000  0.009766
 407.000000  0.009741
 408.000000  0.009790
 409.000000  0.012207
 410.000000  0.009814
 411.000000  0.012207
 412.000000  0.009814
 413.000000  0.009766
 414.000000  0.009790
 415.000000  0.012207
 416.000000  0.009790
 417.000000  0.009766
 418.000000  0.009839
 419.000000  0.009766
 420.000000  0.009936
 421.000000  0.009766
 422.000000  0.009936
 423.000000  0.009766
 424.000000  0.010107
 425.000000  0.012207
 426.000000  0.010010
 427.000000  0.012207
 428.000000  0.010376
 429.000000  0.012304
 430.000000  0.010815
 431.000000  0.012280
 432.000000  0.011230
 433.000000  0.010107
 434.000000  0.011475
 435.000000  0.012890
 436.000000  0.011401
 437.000000  0.012841
 438.000000  0.011670
 439.000000  0.013354
 440.000000  0.012012
 441.000000  0.013525
 442.000000  0.012158
 443.000000  0.014135
 444.000000  0.012207
 445.000000  0.014453
 446.000000  0.012207
 447.000000  0.012085
 448.000000  0.012207
 449.000000  0.014599
 450.000000  0.012231
 451.000000  0.014648
 452.000000  0.012207
 453.000000  0.014648
 454.000000  0.012378
 455.000000  0.014648
 456.000000  0.012402
 457.000000  0.014648
 458.000000  0.012842
 459.000000  0.014648
 460.000000  0.013086
 461.000000  0.014746
 462.000000  0.013916
 463.000000  0.014892
 464.000000  0.014233
 465.000000  0.015039
 466.000000  0.014453
 467.000000  0.013306
 468.000000  0.014600
 469.000000  0.013574
 470.000000  0.014648
 471.000000  0.016992
 472.000000  0.014648
 473.000000  0.014551
 474.000000  0.014673
 475.000000  0.017089
 476.000000  0.014697
 477.000000  0.014648
 478.000000  0.014770
 479.000000  0.017089
 480.000000  0.014990
 481.000000  0.017114
 482.000000  0.015137
 483.000000  0.014673
 484.000000  0.015747
 485.000000  0.017211
 486.000000  0.016846
 487.000000  0.014893
 488.000000  0.017041
 489.000000  0.015161
 490.000000  0.017065
 491.000000  0.018066
 492.000000  0.017090
 493.000000  0.019043
 494.000000  0.017090
 495.000000  0.019116
 496.000000  0.017114
 497.000000  0.016992
 498.000000  0.017090
 499.000000  0.019531
 500.000000  0.017651
 501.000000  0.019580
 502.000000  0.018311
 503.000000  0.019702
 504.000000  0.019116
 505.000000  0.020068
 506.000000  0.018994
 507.000000  0.017554
 508.000000  0.019385
 509.000000  0.017944
 510.000000  0.019556
 511.000000  0.021704
 512.000000  0.019531
 513.000000  0.019531
 514.000000  0.019678
 515.000000  0.019482
 516.000000  0.019678
 517.000000  0.019727
 518.000000  0.020068
 519.000000  0.019775
 520.000000  0.020728
 521.000000  0.019775
 522.000000  0.020923
 523.000000  0.022876
 524.000000  0.021948
 525.000000  0.023657
 526.000000  0.022021
 527.000000  0.023974
 528.000000  0.022168
 529.000000  0.024292
 530.000000  0.021997
 531.000000  0.024194
 532.000000  0.022607
 533.000000  0.022339
 534.000000  0.023047
 535.000000  0.022510
 536.000000  0.023975
 537.000000  0.026025
 538.000000  0.024463
 539.000000  0.025878
 540.000000  0.024292
 541.000000  0.024023
 542.000000  0.025439
 543.000000  0.024463
 544.000000  0.024365
 545.000000  0.024463
 546.000000  0.026465
 547.000000  0.029467
 548.000000  0.026807
 549.000000  0.027539
 550.000000  0.027295
 551.000000  0.030737
 552.000000  0.030859
 553.000000  0.026855
 554.000000  0.027051
 555.000000  0.028784
 556.000000  0.033740
 557.000000  0.036352
 558.000000  0.029297
 559.000000  0.033789
 560.000000  0.039282
 561.000000  0.053809
 562.000000  0.047021
 563.000000  0.034204
 564.000000  0.040186
 565.000000  0.083935
 566.000000  0.155688
 567.000000  0.074560
 568.000000  0.045752
 569.000000  0.089795
 570.000000  0.307349
 571.000000  0.485620
 572.000000  0.110229
 573.000000  0.082299
 574.000000  0.153662
 575.000000  0.203564
 576.000000  0.184058
 577.000000  0.048950
 578.000000  0.057935
 579.000000  0.080615
 580.000000  0.061108
 581.000000  0.043604
 582.000000  0.029932
 583.000000  0.031811
 584.000000  0.031323
 585.000000  0.033837
 586.000000  0.028223
 587.000000  0.029174
 588.000000  0.027002
 589.000000  0.026343
 590.000000  0.026807
 591.000000  0.026953
 592.000000  0.024951
 593.000000  0.025171
 594.000000  0.025244
 595.000000  0.026879
 596.000000  0.024463
 597.000000  0.026684
 598.000000  0.024414
 599.000000  0.025756
 600.000000  0.023901
 601.000000  0.025048
 602.000000  0.023511
 603.000000  0.024438
 604.000000  0.023413
 605.000000  0.024414
 606.000000  0.022192
 607.000000  0.024438
 608.000000  0.022266
 609.000000  0.024389
 610.000000  0.021973
 611.000000  0.022876
 612.000000  0.024414
 613.000000  0.023584
 614.000000  0.024047
 615.000000  0.022216
 616.000000  0.021582
 617.000000  0.019653
 618.000000  0.020264
 619.000000  0.021972
 620.000000  0.019653
 621.000000  0.021972
 622.000000  0.019556
 623.000000  0.021948
 624.000000  0.021972
 625.000000  0.021606
 626.000000  0.019531
 627.000000  0.021484
 628.000000  0.019507
 629.000000  0.019848
 630.000000  0.018896
 631.000000  0.019628
 632.000000  0.017725
 633.000000  0.019580
 634.000000  0.017236
 635.000000  0.019531
 636.000000  0.017090
 637.000000  0.016992
 638.000000  0.017090
 639.000000  0.019287
 640.000000  0.017090
 641.000000  0.019213
 642.000000  0.017090
 643.000000  0.016235
 644.000000  0.019506
 645.000000  0.017968
 646.000000  0.019409
 647.000000  0.017651
 648.000000  0.016968
 649.000000  0.014990
 650.000000  0.016772
 651.000000  0.014795
 652.000000  0.016113
 653.000000  0.014697
 654.000000  0.015918
 655.000000  0.017089
 656.000000  0.015063
 657.000000  0.017089
 658.000000  0.014746
 659.000000  0.014648
 660.000000  0.014648
 661.000000  0.017065
 662.000000  0.014648
 663.000000  0.016992
 664.000000  0.017089
 665.000000  0.016943
 666.000000  0.017065
 667.000000  0.015966
 668.000000  0.014282
 669.000000  0.012622
 670.000000  0.014551
 671.000000  0.013159
 672.000000  0.014307
 673.000000  0.015063
 674.000000  0.016333
 675.000000  0.015283
 676.000000  0.013794
 677.000000  0.014819
 678.000000  0.013428
 679.000000  0.014941
 680.000000  0.012695
 681.000000  0.011914
 682.000000  0.012500
 683.000000  0.014550
 684.000000  0.012500
 685.000000  0.014477
 686.000000  0.012305
 687.000000  0.012061
 688.000000  0.014892
 689.000000  0.012061
 690.000000  0.014672
 691.000000  0.013647
 692.000000  0.012134
 693.000000  0.013769
 694.000000  0.012231
 695.000000  0.014038
 696.000000  0.014550
 697.000000  0.013867
 698.000000  0.012061
 699.000000  0.013452
 700.000000  0.011719
 701.000000  0.010400
 702.000000  0.010962
 703.000000  0.009888
 704.000000  0.013012
 705.000000  0.012329
 706.000000  0.010815
 707.000000  0.009912
 708.000000  0.010644
 709.000000  0.012353
 710.000000  0.010474
 711.000000  0.012280
 712.000000  0.010327
 713.000000  0.012207
 714.000000  0.009888
 715.000000  0.012231
 716.000000  0.009863
 717.000000  0.012207
 718.000000  0.009790
 719.000000  0.012207
 720.000000  0.009912
 721.000000  0.012207
 722.000000  0.009839
 723.000000  0.012207
 724.000000  0.009766
 725.000000  0.012133
 726.000000  0.009766
 727.000000  0.012158
 728.000000  0.009766
 729.000000  0.009619
 730.000000  0.009766
 731.000000  0.012182
 732.000000  0.009766
 733.000000  0.012011
 734.000000  0.012207
 735.000000  0.011889
 736.000000  0.009766
 737.000000  0.011669
 738.000000  0.009766
 739.000000  0.011523
 740.000000  0.009766
 741.000000  0.011328
 742.000000  0.009717
 743.000000  0.008960
 744.000000  0.009766
 745.000000  0.011572
 746.000000  0.009717
 747.000000  0.008325
 748.000000  0.009717
 749.000000  0.010400
 750.000000  0.009717
 751.000000  0.010473
 752.000000  0.012060
 753.000000  0.010546
 754.000000  0.009692
 755.000000  0.010522
 756.000000  0.009668
 757.000000  0.010229
 758.000000  0.009497
 759.000000  0.007764
 760.000000  0.009351
 761.000000  0.009863
 762.000000  0.009399
 763.000000  0.009961
 764.000000  0.009228
 765.000000  0.009863
 766.000000  0.009106
 767.000000  0.007397
 768.000000  0.008960
 769.000000  0.009887
 770.000000  0.009009
 771.000000  0.009790
 772.000000  0.008447
 773.000000  0.009790
 774.000000  0.010864
 775.000000  0.009814
 776.000000  0.010937
 777.000000  0.009765
 778.000000  0.008496
 779.000000  0.007349
 780.000000  0.008008
 781.000000  0.007324
 782.000000  0.010498
 783.000000  0.009765
 784.000000  0.007837
 785.000000  0.009765
 786.000000  0.007861
 787.000000  0.009765
 788.000000  0.010327
 789.000000  0.009765
 790.000000  0.007544
 791.000000  0.009765
 792.000000  0.007617
 793.000000  0.009765
 794.000000  0.007471
 795.000000  0.009765
 796.000000  0.007471
 797.000000  0.009765
 798.000000  0.007446
 799.000000  0.009765
 800.000000  0.007373
 801.000000  0.009765
 802.000000  0.009863
 803.000000  0.009765
 804.000000  0.007373
 805.000000  0.009765
 806.000000  0.007397
 807.000000  0.009765
 808.000000  0.009863
 809.000000  0.007324
 810.000000  0.007471
 811.000000  0.007324
 812.000000  0.007446
 813.000000  0.007300
 814.000000  0.007446
 815.000000  0.009765
 816.000000  0.007373
 817.000000  0.009741
 818.000000  0.007349
 819.000000  0.009716
 820.000000  0.007324
 821.000000  0.009716
 822.000000  0.007324
 823.000000  0.009741
 824.000000  0.009838
 825.000000  0.009765
 826.000000  0.007349
 827.000000  0.009716
 828.000000  0.007349
 829.000000  0.009765
 830.000000  0.007568
 831.000000  0.009619
 832.000000  0.007397
 833.000000  0.009423
 834.000000  0.007349
 835.000000  0.009277
 836.000000  0.010009
 837.000000  0.009619
 838.000000  0.007593
 839.000000  0.009594
 840.000000  0.007422
 841.000000  0.009399
 842.000000  0.009838
 843.000000  0.009497
 844.000000  0.007324
 845.000000  0.006958
 846.000000  0.009765
 847.000000  0.009619
 848.000000  0.007397
 849.000000  0.009545
 850.000000  0.007373
 851.000000  0.009594
 852.000000  0.007300
 853.000000  0.007007
 854.000000  0.009741
 855.000000  0.009326
 856.000000  0.007373
 857.000000  0.007031
 858.000000  0.007349
 859.000000  0.007153
 860.000000  0.009765
 861.000000  0.009497
 862.000000  0.007300
 863.000000  0.007129
 864.000000  0.007324
 865.000000  0.009423
 866.000000  0.009765
 867.000000  0.007007
 868.000000  0.007324
 869.000000  0.009570
 870.000000  0.007349
 871.000000  0.009643
 872.000000  0.007324
 873.000000  0.009570
 874.000000  0.007324
 875.000000  0.009472
 876.000000  0.007324
 877.000000  0.006665
 878.000000  0.007324
 879.000000  0.006934
 880.000000  0.007300
 881.000000  0.009643
 882.000000  0.007324
 883.000000  0.009619
 884.000000  0.007324
 885.000000  0.009399
 886.000000  0.007324
 887.000000  0.006543
 888.000000  0.007324
 889.000000  0.009228
 890.000000  0.007300
 891.000000  0.009399
 892.000000  0.007324
 893.000000  0.009545
 894.000000  0.007324
 895.000000  0.009570
 896.000000  0.007324
 897.000000  0.009545
 898.000000  0.007324
 899.000000  0.009448
 900.000000  0.007324
 901.000000  0.009228
 902.000000  0.009765
 903.000000  0.009423
 904.000000  0.007324
 905.000000  0.009472
 906.000000  0.009765
 907.000000  0.009252
 908.000000  0.009765
 909.000000  0.009545
 910.000000  0.007324
 911.000000  0.009179
 912.000000  0.007324
 913.000000  0.009130
 914.000000  0.007324
 915.000000  0.009204
 916.000000  0.007324
 917.000000  0.009448
 918.000000  0.009765
 919.000000  0.009130
 920.000000  0.009765
 921.000000  0.009008
 922.000000  0.007324
 923.000000  0.009008
 924.000000  0.007324
 925.000000  0.009057
 926.000000  0.007324
 927.000000  0.009252
 928.000000  0.007300
 929.000000  0.009326
 930.000000  0.007324
 931.000000  0.009155
 932.000000  0.007324
 933.000000  0.009326
 934.000000  0.007300
 935.000000  0.009350
 936.000000  0.007324
 937.000000  0.009252
 938.000000  0.007324
 939.000000  0.009106
 940.000000  0.007324
 941.000000  0.009350
 942.000000  0.007324
 943.000000  0.009228
 944.000000  0.007324
 945.000000  0.006714
 946.000000  0.009741
 947.000000  0.009130
 948.000000  0.007324
 949.000000  0.009082
 950.000000  0.009765
 951.000000  0.009228
 952.000000  0.007300
 953.000000  0.009252
 954.000000  0.007324
 955.000000  0.009033
 956.000000  0.007324
 957.000000  0.009057
 958.000000  0.007324
 959.000000  0.006519
 960.000000  0.007300
 961.000000  0.006689
 962.000000  0.009765
 963.000000  0.006689
 964.000000  0.007300
 965.000000  0.009179
 966.000000  0.007324
 967.000000  0.009082
 968.000000  0.007324
 969.000000  0.009008
 970.000000  0.009765
 971.000000  0.008935
 972.000000  0.007300
 973.000000  0.009057
 974.000000  0.007324
 975.000000  0.009326
 976.000000  0.007300
 977.000000  0.009204
 978.000000  0.007300
 979.000000  0.008984
 980.000000  0.007300
 981.000000  0.008911
 982.000000  0.007275
 983.000000  0.006421
 984.000000  0.007300
 985.000000  0.009179
 986.000000  0.006982
 987.000000  0.009204
 988.000000  0.009741
 989.000000  0.008984
 990.000000  0.007324
 991.000000  0.009277
 992.000000  0.007129
 993.000000  0.008325
 994.000000  0.006958
 995.000000  0.008911
 996.000000  0.007080
 997.000000  0.009057
 998.000000  0.009619
 999.000000  0.008911
 1000.000000  0.009716
 1001.000000  0.008960
 1002.000000  0.007202
 1003.000000  0.008325
 1004.000000  0.007031
 1005.000000  0.008374
 1006.000000  0.007227
 1007.000000  0.008764
 1008.000000  0.007227
 1009.000000  0.008740
 1010.000000  0.007300
 1011.000000  0.009082
 1012.000000  0.007275
 1013.000000  0.008642
 1014.000000  0.007251
 1015.000000  0.008300
 1016.000000  0.007178
 1017.000000  0.008740
 1018.000000  0.007275
 1019.000000  0.008422
 1020.000000  0.007300
 1021.000000  0.008642
 1022.000000  0.007300
 1023.000000  0.009155
