 0.000000  0.007397
 1.000000  0.007251
 2.000000  0.007324
 3.000000  0.007227
 4.000000  0.007324
 5.000000  0.007300
 6.000000  0.007324
 7.000000  0.007202
 8.000000  0.007324
 9.000000  0.007275
 10.000000  0.007324
 11.000000  0.007178
 12.000000  0.007349
 13.000000  0.007251
 14.000000  0.007324
 15.000000  0.007251
 16.000000  0.007324
 17.000000  0.007202
 18.000000  0.007324
 19.000000  0.007324
 20.000000  0.007324
 21.000000  0.007300
 22.000000  0.007324
 23.000000  0.007300
 24.000000  0.007373
 25.000000  0.007227
 26.000000  0.007349
 27.000000  0.009716
 28.000000  0.007324
 29.000000  0.007275
 30.000000  0.007373
 31.000000  0.007275
 32.000000  0.007324
 33.000000  0.007251
 34.000000  0.007324
 35.000000  0.007324
 36.000000  0.007324
 37.000000  0.007178
 38.000000  0.007324
 39.000000  0.009716
 40.000000  0.007324
 41.000000  0.007251
 42.000000  0.007324
 43.000000  0.007324
 44.000000  0.007324
 45.000000  0.007275
 46.000000  0.007324
 47.000000  0.007251
 48.000000  0.007324
 49.000000  0.007324
 50.000000  0.007324
 51.000000  0.007275
 52.000000  0.007324
 53.000000  0.007227
 54.000000  0.007324
 55.000000  0.007227
 56.000000  0.007324
 57.000000  0.007275
 58.000000  0.007324
 59.000000  0.009594
 60.000000  0.007324
 61.000000  0.009619
 62.000000  0.007324
 63.000000  0.007300
 64.000000  0.007324
 65.000000  0.007251
 66.000000  0.007324
 67.000000  0.009643
 68.000000  0.007324
 69.000000  0.007227
 70.000000  0.007324
 71.000000  0.007129
 72.000000  0.007324
 73.000000  0.007153
 74.000000  0.007324
 75.000000  0.007178
 76.000000  0.007324
 77.000000  0.007251
 78.000000  0.007349
 79.000000  0.007129
 80.000000  0.007324
 81.000000  0.007227
 82.000000  0.007324
 83.000000  0.007129
 84.000000  0.007300
 85.000000  0.007178
 86.000000  0.007349
 87.000000  0.007178
 88.000000  0.007349
 89.000000  0.007324
 90.000000  0.007324
 91.000000  0.007227
 92.000000  0.007324
 93.000000  0.007178
 94.000000  0.007324
 95.000000  0.007080
 96.000000  0.007373
 97.000000  0.007007
 98.000000  0.007373
 99.000000  0.007251
 100.000000  0.007422
 101.000000  0.009668
 102.000000  0.007300
 103.000000  0.009570
 104.000000  0.007349
 105.000000  0.006909
 106.000000  0.007446
 107.000000  0.006958
 108.000000  0.007422
 109.000000  0.009545
 110.000000  0.007300
 111.000000  0.007056
 112.000000  0.007324
 113.000000  0.007129
 114.000000  0.007349
 115.000000  0.007153
 116.000000  0.007397
 117.000000  0.007104
 118.000000  0.007422
 119.000000  0.006811
 120.000000  0.007300
 121.000000  0.007056
 122.000000  0.007422
 123.000000  0.007153
 124.000000  0.007446
 125.000000  0.006958
 126.000000  0.007373
 127.000000  0.009448
 128.000000  0.007349
 129.000000  0.006934
 130.000000  0.007324
 131.000000  0.009423
 132.000000  0.007324
 133.000000  0.007178
 134.000000  0.007373
 135.000000  0.009619
 136.000000  0.007324
 137.000000  0.007080
 138.000000  0.007324
 139.000000  0.006934
 140.000000  0.007324
 141.000000  0.007031
 142.000000  0.007300
 143.000000  0.007202
 144.000000  0.007324
 145.000000  0.009668
 146.000000  0.007324
 147.000000  0.007178
 148.000000  0.007349
 149.000000  0.009570
 150.000000  0.007324
 151.000000  0.007056
 152.000000  0.007324
 153.000000  0.007031
 154.000000  0.007324
 155.000000  0.007251
 156.000000  0.007324
 157.000000  0.009594
 158.000000  0.007324
 159.000000  0.007153
 160.000000  0.007324
 161.000000  0.007104
 162.000000  0.007349
 163.000000  0.007056
 164.000000  0.007324
 165.000000  0.007104
 166.000000  0.007324
 167.000000  0.007104
 168.000000  0.007324
 169.000000  0.009594
 170.000000  0.007324
 171.000000  0.007080
 172.000000  0.007349
 173.000000  0.007178
 174.000000  0.007324
 175.000000  0.007104
 176.000000  0.007324
 177.000000  0.007129
 178.000000  0.007324
 179.000000  0.009643
 180.000000  0.007324
 181.000000  0.007153
 182.000000  0.007324
 183.000000  0.007178
 184.000000  0.007324
 185.000000  0.007202
 186.000000  0.007324
 187.000000  0.007178
 188.000000  0.007324
 189.000000  0.007178
 190.000000  0.007324
 191.000000  0.007056
 192.000000  0.007324
 193.000000  0.007178
 194.000000  0.007324
 195.000000  0.007153
 196.000000  0.009765
 197.000000  0.007056
 198.000000  0.007324
 199.000000  0.009545
 200.000000  0.007324
 201.000000  0.009570
 202.000000  0.007324
 203.000000  0.007178
 204.000000  0.007324
 205.000000  0.007104
 206.000000  0.007324
 207.000000  0.007153
 208.000000  0.007324
 209.000000  0.009594
 210.000000  0.007324
 211.000000  0.007007
 212.000000  0.007324
 213.000000  0.009668
 214.000000  0.007324
 215.000000  0.007202
 216.000000  0.007324
 217.000000  0.007202
 218.000000  0.007324
 219.000000  0.009643
 220.000000  0.007324
 221.000000  0.007104
 222.000000  0.007324
 223.000000  0.007202
 224.000000  0.007324
 225.000000  0.007104
 226.000000  0.007324
 227.000000  0.009521
 228.000000  0.007324
 229.000000  0.009545
 230.000000  0.007324
 231.000000  0.007178
 232.000000  0.007324
 233.000000  0.009692
 234.000000  0.007324
 235.000000  0.007202
 236.000000  0.007324
 237.000000  0.007153
 238.000000  0.007324
 239.000000  0.009643
 240.000000  0.007324
 241.000000  0.007202
 242.000000  0.007324
 243.000000  0.009521
 244.000000  0.007324
 245.000000  0.007153
 246.000000  0.007324
 247.000000  0.007202
 248.000000  0.007324
 249.000000  0.007178
 250.000000  0.007349
 251.000000  0.007178
 252.000000  0.007324
 253.000000  0.007202
 254.000000  0.007275
 255.000000  0.009570
 256.000000  0.007300
 257.000000  0.007104
 258.000000  0.007300
 259.000000  0.007007
 260.000000  0.007349
 261.000000  0.007202
 262.000000  0.007397
 263.000000  0.009521
 264.000000  0.007300
 265.000000  0.009326
 266.000000  0.007349
 267.000000  0.009350
 268.000000  0.007300
 269.000000  0.009326
 270.000000  0.007373
 271.000000  0.007031
 272.000000  0.007349
 273.000000  0.006982
 274.000000  0.007324
 275.000000  0.009375
 276.000000  0.007373
 277.000000  0.009521
 278.000000  0.007397
 279.000000  0.007104
 280.000000  0.007349
 281.000000  0.009423
 282.000000  0.007446
 283.000000  0.009423
 284.000000  0.007446
 285.000000  0.007227
 286.000000  0.007397
 287.000000  0.007104
 288.000000  0.007349
 289.000000  0.009692
 290.000000  0.007324
 291.000000  0.007056
 292.000000  0.007422
 293.000000  0.006909
 294.000000  0.007349
 295.000000  0.009619
 296.000000  0.007422
 297.000000  0.009619
 298.000000  0.007397
 299.000000  0.009692
 300.000000  0.007422
 301.000000  0.007275
 302.000000  0.007373
 303.000000  0.009692
 304.000000  0.007397
 305.000000  0.007178
 306.000000  0.007324
 307.000000  0.009741
 308.000000  0.007373
 309.000000  0.009619
 310.000000  0.007373
 311.000000  0.007324
 312.000000  0.007373
 313.000000  0.007324
 314.000000  0.007373
 315.000000  0.009692
 316.000000  0.007324
 317.000000  0.007153
 318.000000  0.007349
 319.000000  0.007275
 320.000000  0.007349
 321.000000  0.009765
 322.000000  0.007324
 323.000000  0.009765
 324.000000  0.007373
 325.000000  0.007251
 326.000000  0.007324
 327.000000  0.007300
 328.000000  0.007324
 329.000000  0.009741
 330.000000  0.007349
 331.000000  0.009765
 332.000000  0.007349
 333.000000  0.009741
 334.000000  0.007324
 335.000000  0.009765
 336.000000  0.007349
 337.000000  0.007275
 338.000000  0.007373
 339.000000  0.007324
 340.000000  0.007324
 341.000000  0.009765
 342.000000  0.009765
 343.000000  0.009765
 344.000000  0.007397
 345.000000  0.009765
 346.000000  0.007349
 347.000000  0.007324
 348.000000  0.007349
 349.000000  0.009765
 350.000000  0.007422
 351.000000  0.009765
 352.000000  0.007349
 353.000000  0.009765
 354.000000  0.007349
 355.000000  0.007324
 356.000000  0.007349
 357.000000  0.007324
 358.000000  0.007349
 359.000000  0.009765
 360.000000  0.007446
 361.000000  0.007324
 362.000000  0.007422
 363.000000  0.009765
 364.000000  0.007349
 365.000000  0.007324
 366.000000  0.007471
 367.000000  0.007324
 368.000000  0.007446
 369.000000  0.007324
 370.000000  0.007471
 371.000000  0.009765
 372.000000  0.007422
 373.000000  0.009765
 374.000000  0.007617
 375.000000  0.009765
 376.000000  0.007617
 377.000000  0.007324
 378.000000  0.007593
 379.000000  0.007324
 380.000000  0.007642
 381.000000  0.009765
 382.000000  0.007617
 383.000000  0.007324
 384.000000  0.007568
 385.000000  0.007324
 386.000000  0.007690
 387.000000  0.009765
 388.000000  0.007715
 389.000000  0.009765
 390.000000  0.008032
 391.000000  0.009765
 392.000000  0.007983
 393.000000  0.007324
 394.000000  0.008154
 395.000000  0.007324
 396.000000  0.008032
 397.000000  0.007349
 398.000000  0.008008
 399.000000  0.007324
 400.000000  0.008179
 401.000000  0.009863
 402.000000  0.008276
 403.000000  0.007324
 404.000000  0.008325
 405.000000  0.007422
 406.000000  0.008496
 407.000000  0.007397
 408.000000  0.008301
 409.000000  0.009863
 410.000000  0.008887
 411.000000  0.009912
 412.000000  0.008765
 413.000000  0.007593
 414.000000  0.008691
 415.000000  0.009936
 416.000000  0.008618
 417.000000  0.007593
 418.000000  0.008887
 419.000000  0.007519
 420.000000  0.008984
 421.000000  0.007690
 422.000000  0.008936
 423.000000  0.007715
 424.000000  0.009228
 425.000000  0.010205
 426.000000  0.009082
 427.000000  0.010278
 428.000000  0.009351
 429.000000  0.010498
 430.000000  0.009424
 431.000000  0.010302
 432.000000  0.009375
 433.000000  0.007959
 434.000000  0.009448
 435.000000  0.010595
 436.000000  0.009399
 437.000000  0.010913
 438.000000  0.009497
 439.000000  0.011157
 440.000000  0.009595
 441.000000  0.010961
 442.000000  0.009668
 443.000000  0.011059
 444.000000  0.009668
 445.000000  0.011084
 446.000000  0.009741
 447.000000  0.009253
 448.000000  0.009644
 449.000000  0.011328
 450.000000  0.009790
 451.000000  0.011792
 452.000000  0.009741
 453.000000  0.011377
 454.000000  0.009644
 455.000000  0.011938
 456.000000  0.009814
 457.000000  0.012060
 458.000000  0.009766
 459.000000  0.011889
 460.000000  0.009839
 461.000000  0.012207
 462.000000  0.009766
 463.000000  0.012060
 464.000000  0.009814
 465.000000  0.012207
 466.000000  0.010010
 467.000000  0.009717
 468.000000  0.009790
 469.000000  0.009766
 470.000000  0.010400
 471.000000  0.012231
 472.000000  0.009839
 473.000000  0.009766
 474.000000  0.010913
 475.000000  0.012915
 476.000000  0.010229
 477.000000  0.009790
 478.000000  0.010181
 479.000000  0.013208
 480.000000  0.011816
 481.000000  0.012329
 482.000000  0.010254
 483.000000  0.010815
 484.000000  0.012305
 485.000000  0.013427
 486.000000  0.011108
 487.000000  0.010278
 488.000000  0.012207
 489.000000  0.012207
 490.000000  0.012109
 491.000000  0.012793
 492.000000  0.012207
 493.000000  0.015234
 494.000000  0.012427
 495.000000  0.013085
 496.000000  0.012012
 497.000000  0.012305
 498.000000  0.015552
 499.000000  0.014648
 500.000000  0.012207
 501.000000  0.014648
 502.000000  0.015137
 503.000000  0.018627
 504.000000  0.012231
 505.000000  0.014575
 506.000000  0.014282
 507.000000  0.015576
 508.000000  0.014648
 509.000000  0.012207
 510.000000  0.012720
 511.000000  0.016870
 512.000000  0.017090
 513.000000  0.013159
 514.000000  0.013135
 515.000000  0.013769
 516.000000  0.017090
 517.000000  0.017090
 518.000000  0.014551
 519.000000  0.012378
 520.000000  0.014648
 521.000000  0.017090
 522.000000  0.016992
 523.000000  0.015722
 524.000000  0.014648
 525.000000  0.019580
 526.000000  0.021973
 527.000000  0.017578
 528.000000  0.014648
 529.000000  0.017089
 530.000000  0.019531
 531.000000  0.025146
 532.000000  0.015576
 533.000000  0.014673
 534.000000  0.026562
 535.000000  0.060889
 536.000000  0.046582
 537.000000  0.017089
 538.000000  0.014648
 539.000000  0.019580
 540.000000  0.024512
 541.000000  0.017114
 542.000000  0.014380
 543.000000  0.014648
 544.000000  0.024121
 545.000000  0.029785
 546.000000  0.016870
 547.000000  0.014941
 548.000000  0.014648
 549.000000  0.019775
 550.000000  0.019507
 551.000000  0.015722
 552.000000  0.013843
 553.000000  0.014624
 554.000000  0.019507
 555.000000  0.017139
 556.000000  0.014160
 557.000000  0.014917
 558.000000  0.017114
 559.000000  0.026635
 560.000000  0.019531
 561.000000  0.012598
 562.000000  0.014648
 563.000000  0.021972
 564.000000  0.026978
 565.000000  0.019555
 566.000000  0.015796
 567.000000  0.026611
 568.000000  0.090308
 569.000000  0.144824
 570.000000  0.028540
 571.000000  0.016967
 572.000000  0.018579
 573.000000  0.038501
 574.000000  0.033789
 575.000000  0.016894
 576.000000  0.013696
 577.000000  0.017016
 578.000000  0.021753
 579.000000  0.019091
 580.000000  0.012329
 581.000000  0.012085
 582.000000  0.013769
 583.000000  0.017187
 584.000000  0.012866
 585.000000  0.014428
 586.000000  0.012158
 587.000000  0.014770
 588.000000  0.013599
 589.000000  0.011694
 590.000000  0.011963
 591.000000  0.013452
 592.000000  0.012280
 593.000000  0.012183
 594.000000  0.012012
 595.000000  0.012988
 596.000000  0.011743
 597.000000  0.013891
 598.000000  0.011548
 599.000000  0.012548
 600.000000  0.010644
 601.000000  0.012329
 602.000000  0.011401
 603.000000  0.012573
 604.000000  0.010522
 605.000000  0.012402
 606.000000  0.010596
 607.000000  0.012475
 608.000000  0.010596
 609.000000  0.012255
 610.000000  0.010156
 611.000000  0.012231
 612.000000  0.012817
 613.000000  0.012207
 614.000000  0.012231
 615.000000  0.012158
 616.000000  0.010010
 617.000000  0.009766
 618.000000  0.009814
 619.000000  0.012182
 620.000000  0.009814
 621.000000  0.012207
 622.000000  0.009766
 623.000000  0.012158
 624.000000  0.012231
 625.000000  0.012036
 626.000000  0.009766
 627.000000  0.012109
 628.000000  0.009766
 629.000000  0.011694
 630.000000  0.009766
 631.000000  0.011889
 632.000000  0.009766
 633.000000  0.011767
 634.000000  0.009741
 635.000000  0.011865
 636.000000  0.009741
 637.000000  0.008496
 638.000000  0.009741
 639.000000  0.010839
 640.000000  0.009717
 641.000000  0.010693
 642.000000  0.009692
 643.000000  0.008130
 644.000000  0.012011
 645.000000  0.010595
 646.000000  0.012011
 647.000000  0.010302
 648.000000  0.009570
 649.000000  0.007715
 650.000000  0.009570
 651.000000  0.007812
 652.000000  0.009497
 653.000000  0.007519
 654.000000  0.009302
 655.000000  0.009912
 656.000000  0.009253
 657.000000  0.010009
 658.000000  0.009375
 659.000000  0.007422
 660.000000  0.008984
 661.000000  0.009838
 662.000000  0.008887
 663.000000  0.009838
 664.000000  0.010913
 665.000000  0.009814
 666.000000  0.010791
 667.000000  0.009765
 668.000000  0.008545
 669.000000  0.007324
 670.000000  0.008545
 671.000000  0.007324
 672.000000  0.008032
 673.000000  0.009765
 674.000000  0.010522
 675.000000  0.009765
 676.000000  0.007959
 677.000000  0.009765
 678.000000  0.007715
 679.000000  0.009765
 680.000000  0.007690
 681.000000  0.007324
 682.000000  0.007715
 683.000000  0.009765
 684.000000  0.007617
 685.000000  0.009765
 686.000000  0.007373
 687.000000  0.007324
 688.000000  0.010009
 689.000000  0.007324
 690.000000  0.010058
 691.000000  0.009765
 692.000000  0.007568
 693.000000  0.009765
 694.000000  0.007446
 695.000000  0.009765
 696.000000  0.009814
 697.000000  0.009741
 698.000000  0.007397
 699.000000  0.009765
 700.000000  0.007446
 701.000000  0.007324
 702.000000  0.007324
 703.000000  0.007324
 704.000000  0.009790
 705.000000  0.009716
 706.000000  0.007471
 707.000000  0.007300
 708.000000  0.007373
 709.000000  0.009692
 710.000000  0.007324
 711.000000  0.009765
 712.000000  0.007397
 713.000000  0.009765
 714.000000  0.007349
 715.000000  0.009765
 716.000000  0.007373
 717.000000  0.009692
 718.000000  0.007397
 719.000000  0.009741
 720.000000  0.007324
 721.000000  0.009741
 722.000000  0.007397
 723.000000  0.009765
 724.000000  0.007397
 725.000000  0.009692
 726.000000  0.007446
 727.000000  0.009692
 728.000000  0.007373
 729.000000  0.007031
 730.000000  0.007373
 731.000000  0.009521
 732.000000  0.007324
 733.000000  0.009643
 734.000000  0.009912
 735.000000  0.009594
 736.000000  0.007397
 737.000000  0.009594
 738.000000  0.007324
 739.000000  0.009619
 740.000000  0.007397
 741.000000  0.009619
 742.000000  0.007324
 743.000000  0.007056
 744.000000  0.007349
 745.000000  0.009375
 746.000000  0.007373
 747.000000  0.006787
 748.000000  0.007324
 749.000000  0.009423
 750.000000  0.007349
 751.000000  0.009277
 752.000000  0.009790
 753.000000  0.009545
 754.000000  0.007397
 755.000000  0.009204
 756.000000  0.007324
 757.000000  0.009350
 758.000000  0.007324
 759.000000  0.006958
 760.000000  0.007300
 761.000000  0.009326
 762.000000  0.007251
 763.000000  0.009252
 764.000000  0.007324
 765.000000  0.008984
 766.000000  0.007202
 767.000000  0.006860
 768.000000  0.007300
 769.000000  0.009155
 770.000000  0.007324
 771.000000  0.008813
 772.000000  0.007275
 773.000000  0.009130
 774.000000  0.009741
 775.000000  0.009057
 776.000000  0.009716
 777.000000  0.008837
 778.000000  0.007300
 779.000000  0.006274
 780.000000  0.007251
 781.000000  0.006592
 782.000000  0.009765
 783.000000  0.008911
 784.000000  0.007275
 785.000000  0.008862
 786.000000  0.007275
 787.000000  0.008862
 788.000000  0.009692
 789.000000  0.008642
 790.000000  0.007251
 791.000000  0.008691
 792.000000  0.007275
 793.000000  0.008740
 794.000000  0.007202
 795.000000  0.008960
 796.000000  0.007324
 797.000000  0.008911
 798.000000  0.007275
 799.000000  0.008642
 800.000000  0.007275
 801.000000  0.008642
 802.000000  0.009765
 803.000000  0.008740
 804.000000  0.007227
 805.000000  0.008837
 806.000000  0.007251
 807.000000  0.008715
 808.000000  0.009741
 809.000000  0.006201
 810.000000  0.007300
 811.000000  0.006079
 812.000000  0.007251
 813.000000  0.006226
 814.000000  0.007300
 815.000000  0.008520
 816.000000  0.007300
 817.000000  0.008398
 818.000000  0.007300
 819.000000  0.008471
 820.000000  0.007300
 821.000000  0.008374
 822.000000  0.007251
 823.000000  0.008496
 824.000000  0.009716
 825.000000  0.008276
 826.000000  0.007300
 827.000000  0.008154
 828.000000  0.007251
 829.000000  0.008178
 830.000000  0.007275
 831.000000  0.008276
 832.000000  0.007300
 833.000000  0.008496
 834.000000  0.007227
 835.000000  0.008252
 836.000000  0.009765
 837.000000  0.008300
 838.000000  0.007251
 839.000000  0.008105
 840.000000  0.007324
 841.000000  0.008105
 842.000000  0.009668
 843.000000  0.008447
 844.000000  0.007275
 845.000000  0.006030
 846.000000  0.009716
 847.000000  0.008496
 848.000000  0.007275
 849.000000  0.008154
 850.000000  0.007251
 851.000000  0.008325
 852.000000  0.007275
 853.000000  0.005762
 854.000000  0.009765
 855.000000  0.008056
 856.000000  0.007275
 857.000000  0.005591
 858.000000  0.007227
 859.000000  0.005640
 860.000000  0.009692
 861.000000  0.008007
 862.000000  0.007153
 863.000000  0.005518
 864.000000  0.007202
 865.000000  0.008276
 866.000000  0.009716
 867.000000  0.005835
 868.000000  0.007300
 869.000000  0.008032
 870.000000  0.007275
 871.000000  0.008032
 872.000000  0.007275
 873.000000  0.007934
 874.000000  0.007202
 875.000000  0.008422
 876.000000  0.007202
 877.000000  0.005615
 878.000000  0.007104
 879.000000  0.005566
 880.000000  0.007202
 881.000000  0.008422
 882.000000  0.007129
 883.000000  0.008447
 884.000000  0.007104
 885.000000  0.008642
 886.000000  0.007153
 887.000000  0.005835
 888.000000  0.007153
 889.000000  0.008203
 890.000000  0.007104
 891.000000  0.008349
 892.000000  0.007007
 893.000000  0.008374
 894.000000  0.007080
 895.000000  0.008154
 896.000000  0.007007
 897.000000  0.008227
 898.000000  0.007104
 899.000000  0.008398
 900.000000  0.007031
 901.000000  0.008349
 902.000000  0.009472
 903.000000  0.008374
 904.000000  0.007007
 905.000000  0.008081
 906.000000  0.009594
 907.000000  0.008081
 908.000000  0.009472
 909.000000  0.008300
 910.000000  0.007129
 911.000000  0.008203
 912.000000  0.006934
 913.000000  0.008178
 914.000000  0.006909
 915.000000  0.008227
 916.000000  0.006885
 917.000000  0.008032
 918.000000  0.009594
 919.000000  0.007983
 920.000000  0.009570
 921.000000  0.008007
 922.000000  0.007129
 923.000000  0.008105
 924.000000  0.007056
 925.000000  0.008081
 926.000000  0.007080
 927.000000  0.007959
 928.000000  0.007104
 929.000000  0.007959
 930.000000  0.007202
 931.000000  0.008032
 932.000000  0.006934
 933.000000  0.008227
 934.000000  0.007153
 935.000000  0.007910
 936.000000  0.007251
 937.000000  0.008178
 938.000000  0.007275
 939.000000  0.007788
 940.000000  0.007129
 941.000000  0.008032
 942.000000  0.007129
 943.000000  0.007910
 944.000000  0.007227
 945.000000  0.005664
 946.000000  0.009643
 947.000000  0.008032
 948.000000  0.007227
 949.000000  0.008056
 950.000000  0.009570
 951.000000  0.007910
 952.000000  0.007031
 953.000000  0.007910
 954.000000  0.007202
 955.000000  0.007885
 956.000000  0.007227
 957.000000  0.007885
 958.000000  0.007202
 959.000000  0.005469
 960.000000  0.007153
 961.000000  0.005371
 962.000000  0.009497
 963.000000  0.005469
 964.000000  0.007031
 965.000000  0.008398
 966.000000  0.007202
 967.000000  0.007934
 968.000000  0.007153
 969.000000  0.007934
 970.000000  0.009570
 971.000000  0.007959
 972.000000  0.007202
 973.000000  0.007714
 974.000000  0.007080
 975.000000  0.007910
 976.000000  0.007153
 977.000000  0.008007
 978.000000  0.007129
 979.000000  0.007763
 980.000000  0.007227
 981.000000  0.008349
 982.000000  0.007056
 983.000000  0.005444
 984.000000  0.007104
 985.000000  0.008056
 986.000000  0.007007
 987.000000  0.007714
 988.000000  0.009692
 989.000000  0.007910
 990.000000  0.007153
 991.000000  0.007861
 992.000000  0.007202
 993.000000  0.007959
 994.000000  0.007153
 995.000000  0.007885
 996.000000  0.006836
 997.000000  0.007861
 998.000000  0.009594
 999.000000  0.007910
 1000.000000  0.009643
 1001.000000  0.007836
 1002.000000  0.007080
 1003.000000  0.007836
 1004.000000  0.007178
 1005.000000  0.007959
 1006.000000  0.007129
 1007.000000  0.007666
 1008.000000  0.007056
 1009.000000  0.007690
 1010.000000  0.007129
 1011.000000  0.007666
 1012.000000  0.006909
 1013.000000  0.007763
 1014.000000  0.006885
 1015.000000  0.008007
 1016.000000  0.007031
 1017.000000  0.007910
 1018.000000  0.006885
 1019.000000  0.007959
 1020.000000  0.006934
 1021.000000  0.007519
 1022.000000  0.006787
 1023.000000  0.007812
