 0.000000  0.007324
 1.000000  0.007324
 2.000000  0.007324
 3.000000  0.007275
 4.000000  0.007349
 5.000000  0.007251
 6.000000  0.007324
 7.000000  0.007300
 8.000000  0.007324
 9.000000  0.007275
 10.000000  0.007324
 11.000000  0.007324
 12.000000  0.007324
 13.000000  0.007300
 14.000000  0.007324
 15.000000  0.007275
 16.000000  0.007300
 17.000000  0.007324
 18.000000  0.007324
 19.000000  0.007227
 20.000000  0.007324
 21.000000  0.007251
 22.000000  0.007349
 23.000000  0.007251
 24.000000  0.007422
 25.000000  0.007251
 26.000000  0.007422
 27.000000  0.009594
 28.000000  0.007349
 29.000000  0.007251
 30.000000  0.007422
 31.000000  0.007202
 32.000000  0.007397
 33.000000  0.007178
 34.000000  0.007446
 35.000000  0.007275
 36.000000  0.007300
 37.000000  0.007153
 38.000000  0.007446
 39.000000  0.009619
 40.000000  0.007397
 41.000000  0.007104
 42.000000  0.007422
 43.000000  0.007104
 44.000000  0.007422
 45.000000  0.007104
 46.000000  0.007495
 47.000000  0.007129
 48.000000  0.007519
 49.000000  0.007104
 50.000000  0.007397
 51.000000  0.007129
 52.000000  0.007349
 53.000000  0.007153
 54.000000  0.007422
 55.000000  0.007178
 56.000000  0.007519
 57.000000  0.007202
 58.000000  0.007593
 59.000000  0.009350
 60.000000  0.007397
 61.000000  0.009619
 62.000000  0.007349
 63.000000  0.007202
 64.000000  0.007324
 65.000000  0.007104
 66.000000  0.007324
 67.000000  0.009545
 68.000000  0.007349
 69.000000  0.007251
 70.000000  0.007324
 71.000000  0.007251
 72.000000  0.007373
 73.000000  0.007227
 74.000000  0.007324
 75.000000  0.007178
 76.000000  0.007324
 77.000000  0.007275
 78.000000  0.007397
 79.000000  0.007251
 80.000000  0.007324
 81.000000  0.007275
 82.000000  0.007324
 83.000000  0.007300
 84.000000  0.007324
 85.000000  0.007324
 86.000000  0.007349
 87.000000  0.007251
 88.000000  0.007349
 89.000000  0.007227
 90.000000  0.007324
 91.000000  0.007251
 92.000000  0.007324
 93.000000  0.007275
 94.000000  0.007324
 95.000000  0.007227
 96.000000  0.007349
 97.000000  0.007227
 98.000000  0.007373
 99.000000  0.007275
 100.000000  0.007324
 101.000000  0.009692
 102.000000  0.007324
 103.000000  0.009716
 104.000000  0.007349
 105.000000  0.007227
 106.000000  0.007324
 107.000000  0.007275
 108.000000  0.007324
 109.000000  0.009741
 110.000000  0.007324
 111.000000  0.007275
 112.000000  0.007324
 113.000000  0.007300
 114.000000  0.007324
 115.000000  0.007324
 116.000000  0.007324
 117.000000  0.007275
 118.000000  0.007324
 119.000000  0.007275
 120.000000  0.007324
 121.000000  0.007275
 122.000000  0.007324
 123.000000  0.007324
 124.000000  0.007324
 125.000000  0.007251
 126.000000  0.007324
 127.000000  0.009619
 128.000000  0.007324
 129.000000  0.007275
 130.000000  0.007324
 131.000000  0.009692
 132.000000  0.007324
 133.000000  0.007300
 134.000000  0.007324
 135.000000  0.009692
 136.000000  0.007324
 137.000000  0.007275
 138.000000  0.007324
 139.000000  0.007324
 140.000000  0.007349
 141.000000  0.007227
 142.000000  0.007349
 143.000000  0.007251
 144.000000  0.007324
 145.000000  0.009716
 146.000000  0.007324
 147.000000  0.007178
 148.000000  0.007324
 149.000000  0.009668
 150.000000  0.007324
 151.000000  0.007251
 152.000000  0.007324
 153.000000  0.007324
 154.000000  0.007324
 155.000000  0.007324
 156.000000  0.007324
 157.000000  0.009716
 158.000000  0.007324
 159.000000  0.007153
 160.000000  0.007324
 161.000000  0.007227
 162.000000  0.007349
 163.000000  0.007300
 164.000000  0.007324
 165.000000  0.007251
 166.000000  0.007324
 167.000000  0.007227
 168.000000  0.007324
 169.000000  0.009619
 170.000000  0.007349
 171.000000  0.007104
 172.000000  0.007349
 173.000000  0.007251
 174.000000  0.007373
 175.000000  0.007153
 176.000000  0.007349
 177.000000  0.007178
 178.000000  0.007349
 179.000000  0.009423
 180.000000  0.007373
 181.000000  0.007080
 182.000000  0.007324
 183.000000  0.007153
 184.000000  0.007422
 185.000000  0.007129
 186.000000  0.007471
 187.000000  0.007202
 188.000000  0.007300
 189.000000  0.007129
 190.000000  0.007471
 191.000000  0.006982
 192.000000  0.007471
 193.000000  0.007129
 194.000000  0.007446
 195.000000  0.007056
 196.000000  0.009838
 197.000000  0.006982
 198.000000  0.007373
 199.000000  0.009594
 200.000000  0.007397
 201.000000  0.009399
 202.000000  0.007349
 203.000000  0.006909
 204.000000  0.007300
 205.000000  0.006885
 206.000000  0.007324
 207.000000  0.007104
 208.000000  0.007397
 209.000000  0.009521
 210.000000  0.007495
 211.000000  0.007251
 212.000000  0.007397
 213.000000  0.009594
 214.000000  0.007275
 215.000000  0.007178
 216.000000  0.007349
 217.000000  0.007227
 218.000000  0.007349
 219.000000  0.009619
 220.000000  0.007324
 221.000000  0.007202
 222.000000  0.007422
 223.000000  0.007251
 224.000000  0.007373
 225.000000  0.007202
 226.000000  0.007349
 227.000000  0.009619
 228.000000  0.007349
 229.000000  0.009643
 230.000000  0.007349
 231.000000  0.007300
 232.000000  0.007422
 233.000000  0.009765
 234.000000  0.007324
 235.000000  0.007324
 236.000000  0.007349
 237.000000  0.007300
 238.000000  0.007324
 239.000000  0.009668
 240.000000  0.007324
 241.000000  0.007251
 242.000000  0.007397
 243.000000  0.009765
 244.000000  0.007373
 245.000000  0.007300
 246.000000  0.007349
 247.000000  0.007300
 248.000000  0.007422
 249.000000  0.007227
 250.000000  0.007324
 251.000000  0.007275
 252.000000  0.007324
 253.000000  0.007324
 254.000000  0.007324
 255.000000  0.009741
 256.000000  0.007349
 257.000000  0.007324
 258.000000  0.007324
 259.000000  0.007324
 260.000000  0.007324
 261.000000  0.007324
 262.000000  0.007324
 263.000000  0.009716
 264.000000  0.007324
 265.000000  0.009741
 266.000000  0.007324
 267.000000  0.009692
 268.000000  0.007349
 269.000000  0.009765
 270.000000  0.007373
 271.000000  0.007300
 272.000000  0.007324
 273.000000  0.007275
 274.000000  0.007373
 275.000000  0.009765
 276.000000  0.007324
 277.000000  0.009765
 278.000000  0.007324
 279.000000  0.007324
 280.000000  0.007422
 281.000000  0.009741
 282.000000  0.007349
 283.000000  0.009765
 284.000000  0.007324
 285.000000  0.007324
 286.000000  0.007324
 287.000000  0.007324
 288.000000  0.007349
 289.000000  0.009765
 290.000000  0.007349
 291.000000  0.007300
 292.000000  0.007397
 293.000000  0.007324
 294.000000  0.007349
 295.000000  0.009765
 296.000000  0.007324
 297.000000  0.009765
 298.000000  0.007373
 299.000000  0.009741
 300.000000  0.007349
 301.000000  0.007324
 302.000000  0.007397
 303.000000  0.009765
 304.000000  0.007373
 305.000000  0.007324
 306.000000  0.007324
 307.000000  0.009765
 308.000000  0.007446
 309.000000  0.009765
 310.000000  0.007397
 311.000000  0.007324
 312.000000  0.007373
 313.000000  0.007324
 314.000000  0.007422
 315.000000  0.009765
 316.000000  0.007397
 317.000000  0.007300
 318.000000  0.007471
 319.000000  0.007324
 320.000000  0.007422
 321.000000  0.009765
 322.000000  0.007422
 323.000000  0.009765
 324.000000  0.007446
 325.000000  0.007324
 326.000000  0.007471
 327.000000  0.007324
 328.000000  0.007446
 329.000000  0.009741
 330.000000  0.007593
 331.000000  0.009790
 332.000000  0.007617
 333.000000  0.009790
 334.000000  0.007715
 335.000000  0.009765
 336.000000  0.007812
 337.000000  0.007324
 338.000000  0.008081
 339.000000  0.007373
 340.000000  0.007690
 341.000000  0.009838
 342.000000  0.010205
 343.000000  0.009814
 344.000000  0.007764
 345.000000  0.009741
 346.000000  0.008227
 347.000000  0.007349
 348.000000  0.008032
 349.000000  0.009765
 350.000000  0.008301
 351.000000  0.009863
 352.000000  0.008081
 353.000000  0.009887
 354.000000  0.008081
 355.000000  0.007373
 356.000000  0.008154
 357.000000  0.007397
 358.000000  0.008350
 359.000000  0.009790
 360.000000  0.008569
 361.000000  0.007544
 362.000000  0.008350
 363.000000  0.009838
 364.000000  0.008423
 365.000000  0.007446
 366.000000  0.008276
 367.000000  0.007446
 368.000000  0.008520
 369.000000  0.007519
 370.000000  0.008472
 371.000000  0.010083
 372.000000  0.008667
 373.000000  0.010058
 374.000000  0.008887
 375.000000  0.009936
 376.000000  0.009082
 377.000000  0.007471
 378.000000  0.009082
 379.000000  0.007593
 380.000000  0.009106
 381.000000  0.010083
 382.000000  0.009204
 383.000000  0.007568
 384.000000  0.009399
 385.000000  0.007983
 386.000000  0.009717
 387.000000  0.009985
 388.000000  0.009106
 389.000000  0.009961
 390.000000  0.009521
 391.000000  0.010400
 392.000000  0.009546
 393.000000  0.007935
 394.000000  0.009619
 395.000000  0.008350
 396.000000  0.009619
 397.000000  0.008374
 398.000000  0.009644
 399.000000  0.007910
 400.000000  0.009692
 401.000000  0.010595
 402.000000  0.009692
 403.000000  0.008740
 404.000000  0.009692
 405.000000  0.008594
 406.000000  0.009741
 407.000000  0.009155
 408.000000  0.009766
 409.000000  0.011206
 410.000000  0.009766
 411.000000  0.011181
 412.000000  0.009741
 413.000000  0.008984
 414.000000  0.009766
 415.000000  0.011669
 416.000000  0.009766
 417.000000  0.009277
 418.000000  0.009766
 419.000000  0.009521
 420.000000  0.009766
 421.000000  0.009448
 422.000000  0.009766
 423.000000  0.009473
 424.000000  0.009766
 425.000000  0.011914
 426.000000  0.009741
 427.000000  0.012158
 428.000000  0.009766
 429.000000  0.012182
 430.000000  0.009766
 431.000000  0.012133
 432.000000  0.009766
 433.000000  0.009766
 434.000000  0.009766
 435.000000  0.012182
 436.000000  0.009766
 437.000000  0.012207
 438.000000  0.009814
 439.000000  0.012207
 440.000000  0.009814
 441.000000  0.012207
 442.000000  0.009936
 443.000000  0.012207
 444.000000  0.009985
 445.000000  0.012207
 446.000000  0.010132
 447.000000  0.009814
 448.000000  0.010156
 449.000000  0.012207
 450.000000  0.010278
 451.000000  0.012280
 452.000000  0.010644
 453.000000  0.012304
 454.000000  0.011060
 455.000000  0.012573
 456.000000  0.011816
 457.000000  0.013110
 458.000000  0.011865
 459.000000  0.013378
 460.000000  0.012207
 461.000000  0.014209
 462.000000  0.012183
 463.000000  0.014038
 464.000000  0.012207
 465.000000  0.014599
 466.000000  0.012207
 467.000000  0.012183
 468.000000  0.012256
 469.000000  0.012183
 470.000000  0.012207
 471.000000  0.014624
 472.000000  0.012256
 473.000000  0.012207
 474.000000  0.012744
 475.000000  0.014648
 476.000000  0.012305
 477.000000  0.012231
 478.000000  0.012353
 479.000000  0.014648
 480.000000  0.013525
 481.000000  0.014819
 482.000000  0.013550
 483.000000  0.012866
 484.000000  0.013794
 485.000000  0.015307
 486.000000  0.014233
 487.000000  0.013550
 488.000000  0.014673
 489.000000  0.014087
 490.000000  0.014624
 491.000000  0.016577
 492.000000  0.014648
 493.000000  0.016943
 494.000000  0.014722
 495.000000  0.017041
 496.000000  0.014819
 497.000000  0.014673
 498.000000  0.015234
 499.000000  0.017163
 500.000000  0.015771
 501.000000  0.017138
 502.000000  0.015332
 503.000000  0.017187
 504.000000  0.015112
 505.000000  0.017163
 506.000000  0.015478
 507.000000  0.014819
 508.000000  0.016431
 509.000000  0.015210
 510.000000  0.016846
 511.000000  0.018432
 512.000000  0.017065
 513.000000  0.016016
 514.000000  0.016797
 515.000000  0.016186
 516.000000  0.017187
 517.000000  0.016748
 518.000000  0.017114
 519.000000  0.016870
 520.000000  0.017871
 521.000000  0.017334
 522.000000  0.017725
 523.000000  0.019604
 524.000000  0.017554
 525.000000  0.019604
 526.000000  0.018408
 527.000000  0.019555
 528.000000  0.018311
 529.000000  0.020141
 530.000000  0.019482
 531.000000  0.021313
 532.000000  0.019214
 533.000000  0.018286
 534.000000  0.019580
 535.000000  0.019531
 536.000000  0.019556
 537.000000  0.020971
 538.000000  0.019531
 539.000000  0.022876
 540.000000  0.021777
 541.000000  0.019458
 542.000000  0.019556
 543.000000  0.020264
 544.000000  0.024341
 545.000000  0.021973
 546.000000  0.021802
 547.000000  0.024389
 548.000000  0.030688
 549.000000  0.036157
 550.000000  0.024683
 551.000000  0.024462
 552.000000  0.036206
 553.000000  0.083032
 554.000000  0.065845
 555.000000  0.027344
 556.000000  0.024536
 557.000000  0.045874
 558.000000  0.080981
 559.000000  0.050488
 560.000000  0.029028
 561.000000  0.023120
 562.000000  0.028491
 563.000000  0.048754
 564.000000  0.069702
 565.000000  0.039013
 566.000000  0.034375
 567.000000  0.082031
 568.000000  0.372192
 569.000000  0.562207
 570.000000  0.075000
 571.000000  0.034228
 572.000000  0.049365
 573.000000  0.076904
 574.000000  0.058862
 575.000000  0.026806
 576.000000  0.024341
 577.000000  0.029321
 578.000000  0.031274
 579.000000  0.026635
 580.000000  0.021191
 581.000000  0.019531
 582.000000  0.021973
 583.000000  0.024389
 584.000000  0.019531
 585.000000  0.021923
 586.000000  0.019531
 587.000000  0.021972
 588.000000  0.019531
 589.000000  0.017310
 590.000000  0.018652
 591.000000  0.020214
 592.000000  0.019238
 593.000000  0.017505
 594.000000  0.017163
 595.000000  0.019531
 596.000000  0.017529
 597.000000  0.019531
 598.000000  0.017090
 599.000000  0.019433
 600.000000  0.017090
 601.000000  0.019433
 602.000000  0.017114
 603.000000  0.019018
 604.000000  0.017090
 605.000000  0.019189
 606.000000  0.017090
 607.000000  0.017529
 608.000000  0.017041
 609.000000  0.017309
 610.000000  0.016943
 611.000000  0.017114
 612.000000  0.019384
 613.000000  0.017138
 614.000000  0.017431
 615.000000  0.017089
 616.000000  0.015845
 617.000000  0.014697
 618.000000  0.015161
 619.000000  0.017089
 620.000000  0.015137
 621.000000  0.017089
 622.000000  0.014648
 623.000000  0.017089
 624.000000  0.017089
 625.000000  0.017016
 626.000000  0.014648
 627.000000  0.016845
 628.000000  0.014648
 629.000000  0.015747
 630.000000  0.014624
 631.000000  0.015649
 632.000000  0.014526
 633.000000  0.015771
 634.000000  0.014648
 635.000000  0.016455
 636.000000  0.014453
 637.000000  0.012427
 638.000000  0.014233
 639.000000  0.014648
 640.000000  0.012866
 641.000000  0.014624
 642.000000  0.012646
 643.000000  0.012207
 644.000000  0.014965
 645.000000  0.014624
 646.000000  0.014868
 647.000000  0.014648
 648.000000  0.012231
 649.000000  0.012134
 650.000000  0.012280
 651.000000  0.012134
 652.000000  0.012231
 653.000000  0.011865
 654.000000  0.012207
 655.000000  0.014184
 656.000000  0.012158
 657.000000  0.014160
 658.000000  0.012134
 659.000000  0.010840
 660.000000  0.011768
 661.000000  0.013110
 662.000000  0.011743
 663.000000  0.013037
 664.000000  0.013574
 665.000000  0.012670
 666.000000  0.013354
 667.000000  0.012475
 668.000000  0.010913
 669.000000  0.010010
 670.000000  0.010889
 671.000000  0.010034
 672.000000  0.010547
 673.000000  0.012280
 674.000000  0.012841
 675.000000  0.012231
 676.000000  0.010156
 677.000000  0.012109
 678.000000  0.009888
 679.000000  0.012133
 680.000000  0.009961
 681.000000  0.009790
 682.000000  0.009936
 683.000000  0.012036
 684.000000  0.009790
 685.000000  0.012158
 686.000000  0.009888
 687.000000  0.009717
 688.000000  0.012255
 689.000000  0.009497
 690.000000  0.012255
 691.000000  0.011865
 692.000000  0.009766
 693.000000  0.011865
 694.000000  0.009766
 695.000000  0.011938
 696.000000  0.012207
 697.000000  0.011889
 698.000000  0.009766
 699.000000  0.011499
 700.000000  0.009717
 701.000000  0.008423
 702.000000  0.009766
 703.000000  0.008813
 704.000000  0.012133
 705.000000  0.010742
 706.000000  0.009741
 707.000000  0.009253
 708.000000  0.009766
 709.000000  0.011059
 710.000000  0.009692
 711.000000  0.010595
 712.000000  0.009619
 713.000000  0.010620
 714.000000  0.009570
 715.000000  0.010351
 716.000000  0.009546
 717.000000  0.010156
 718.000000  0.009644
 719.000000  0.010058
 720.000000  0.009570
 721.000000  0.010131
 722.000000  0.009473
 723.000000  0.010009
 724.000000  0.009448
 725.000000  0.009814
 726.000000  0.008765
 727.000000  0.009765
 728.000000  0.009009
 729.000000  0.007544
 730.000000  0.008936
 731.000000  0.009814
 732.000000  0.008374
 733.000000  0.009814
 734.000000  0.010937
 735.000000  0.009765
 736.000000  0.008081
 737.000000  0.009790
 738.000000  0.008301
 739.000000  0.009765
 740.000000  0.008252
 741.000000  0.009814
 742.000000  0.008130
 743.000000  0.007324
 744.000000  0.007886
 745.000000  0.009765
 746.000000  0.007764
 747.000000  0.007324
 748.000000  0.007837
 749.000000  0.009765
 750.000000  0.007568
 751.000000  0.009765
 752.000000  0.010034
 753.000000  0.009765
 754.000000  0.007471
 755.000000  0.009765
 756.000000  0.007617
 757.000000  0.009765
 758.000000  0.007397
 759.000000  0.007324
 760.000000  0.007397
 761.000000  0.009765
 762.000000  0.007519
 763.000000  0.009765
 764.000000  0.007349
 765.000000  0.009765
 766.000000  0.007446
 767.000000  0.007324
 768.000000  0.007422
 769.000000  0.009765
 770.000000  0.007397
 771.000000  0.009741
 772.000000  0.007349
 773.000000  0.009741
 774.000000  0.009863
 775.000000  0.009765
 776.000000  0.009765
 777.000000  0.009765
 778.000000  0.007324
 779.000000  0.007324
 780.000000  0.007349
 781.000000  0.007324
 782.000000  0.009765
 783.000000  0.009692
 784.000000  0.007324
 785.000000  0.009692
 786.000000  0.007349
 787.000000  0.009692
 788.000000  0.009765
 789.000000  0.009692
 790.000000  0.007324
 791.000000  0.009741
 792.000000  0.007324
 793.000000  0.009619
 794.000000  0.007324
 795.000000  0.009643
 796.000000  0.007324
 797.000000  0.009716
 798.000000  0.007349
 799.000000  0.009716
 800.000000  0.007324
 801.000000  0.009643
 802.000000  0.009814
 803.000000  0.009570
 804.000000  0.007349
 805.000000  0.009301
 806.000000  0.007300
 807.000000  0.009375
 808.000000  0.009814
 809.000000  0.007153
 810.000000  0.007324
 811.000000  0.007080
 812.000000  0.007324
 813.000000  0.007031
 814.000000  0.007300
 815.000000  0.009448
 816.000000  0.007373
 817.000000  0.009179
 818.000000  0.007349
 819.000000  0.009228
 820.000000  0.007251
 821.000000  0.009228
 822.000000  0.007324
 823.000000  0.009399
 824.000000  0.009668
 825.000000  0.009326
 826.000000  0.007373
 827.000000  0.009057
 828.000000  0.007300
 829.000000  0.008960
 830.000000  0.007275
 831.000000  0.008886
 832.000000  0.007324
 833.000000  0.009204
 834.000000  0.007324
 835.000000  0.009326
 836.000000  0.009790
 837.000000  0.008960
 838.000000  0.007227
 839.000000  0.009204
 840.000000  0.007300
 841.000000  0.009033
 842.000000  0.009716
 843.000000  0.009082
 844.000000  0.007275
 845.000000  0.006885
 846.000000  0.009741
 847.000000  0.009375
 848.000000  0.007300
 849.000000  0.009082
 850.000000  0.007324
 851.000000  0.009155
 852.000000  0.007300
 853.000000  0.006372
 854.000000  0.009765
 855.000000  0.008789
 856.000000  0.007275
 857.000000  0.006787
 858.000000  0.007300
 859.000000  0.006519
 860.000000  0.009765
 861.000000  0.008935
 862.000000  0.007275
 863.000000  0.006201
 864.000000  0.007324
 865.000000  0.009033
 866.000000  0.009765
 867.000000  0.006616
 868.000000  0.007324
 869.000000  0.008837
 870.000000  0.007324
 871.000000  0.009057
 872.000000  0.007324
 873.000000  0.008813
 874.000000  0.007251
 875.000000  0.008813
 876.000000  0.007275
 877.000000  0.006396
 878.000000  0.007300
 879.000000  0.006519
 880.000000  0.007324
 881.000000  0.009252
 882.000000  0.007324
 883.000000  0.009228
 884.000000  0.007324
 885.000000  0.009033
 886.000000  0.007300
 887.000000  0.006055
 888.000000  0.007275
 889.000000  0.008398
 890.000000  0.007324
 891.000000  0.008960
 892.000000  0.007324
 893.000000  0.008813
 894.000000  0.007300
 895.000000  0.008960
 896.000000  0.007324
 897.000000  0.008984
 898.000000  0.007275
 899.000000  0.008886
 900.000000  0.007324
 901.000000  0.008935
 902.000000  0.009765
 903.000000  0.008813
 904.000000  0.007324
 905.000000  0.008593
 906.000000  0.009741
 907.000000  0.008642
 908.000000  0.009741
 909.000000  0.008789
 910.000000  0.007324
 911.000000  0.008593
 912.000000  0.007324
 913.000000  0.008715
 914.000000  0.007324
 915.000000  0.008862
 916.000000  0.007300
 917.000000  0.008960
 918.000000  0.009765
 919.000000  0.008374
 920.000000  0.009765
 921.000000  0.008374
 922.000000  0.007300
 923.000000  0.008422
 924.000000  0.007300
 925.000000  0.008496
 926.000000  0.007275
 927.000000  0.008593
 928.000000  0.007300
 929.000000  0.008813
 930.000000  0.007324
 931.000000  0.008618
 932.000000  0.007275
 933.000000  0.008667
 934.000000  0.007251
 935.000000  0.008667
 936.000000  0.007300
 937.000000  0.008422
 938.000000  0.007324
 939.000000  0.008496
 940.000000  0.007324
 941.000000  0.008544
 942.000000  0.007324
 943.000000  0.008349
 944.000000  0.007251
 945.000000  0.006079
 946.000000  0.009765
 947.000000  0.008496
 948.000000  0.007324
 949.000000  0.008667
 950.000000  0.009765
 951.000000  0.008618
 952.000000  0.007300
 953.000000  0.008398
 954.000000  0.007202
 955.000000  0.008520
 956.000000  0.007300
 957.000000  0.008422
 958.000000  0.007227
 959.000000  0.006348
 960.000000  0.007251
 961.000000  0.006177
 962.000000  0.009619
 963.000000  0.006274
 964.000000  0.007202
 965.000000  0.008837
 966.000000  0.007153
 967.000000  0.008642
 968.000000  0.007129
 969.000000  0.008520
 970.000000  0.009692
 971.000000  0.008349
 972.000000  0.007251
 973.000000  0.008544
 974.000000  0.007129
 975.000000  0.008862
 976.000000  0.007129
 977.000000  0.008691
 978.000000  0.007129
 979.000000  0.008276
 980.000000  0.007153
 981.000000  0.008691
 982.000000  0.007104
 983.000000  0.006274
 984.000000  0.006982
 985.000000  0.008715
 986.000000  0.007104
 987.000000  0.008569
 988.000000  0.009570
 989.000000  0.008447
 990.000000  0.007007
 991.000000  0.008300
 992.000000  0.007007
 993.000000  0.008349
 994.000000  0.007178
 995.000000  0.008520
 996.000000  0.007080
 997.000000  0.008764
 998.000000  0.009545
 999.000000  0.008862
 1000.000000  0.009692
 1001.000000  0.008349
 1002.000000  0.007104
 1003.000000  0.008203
 1004.000000  0.007227
 1005.000000  0.008374
 1006.000000  0.007153
 1007.000000  0.007983
 1008.000000  0.007251
 1009.000000  0.008667
 1010.000000  0.007300
 1011.000000  0.008691
 1012.000000  0.007251
 1013.000000  0.008154
 1014.000000  0.007056
 1015.000000  0.008203
 1016.000000  0.007129
 1017.000000  0.008715
 1018.000000  0.007178
 1019.000000  0.008081
 1020.000000  0.007202
 1021.000000  0.007934
 1022.000000  0.007153
 1023.000000  0.008227
