 0.000000  0.007324
 1.000000  0.007300
 2.000000  0.007324
 3.000000  0.007275
 4.000000  0.007324
 5.000000  0.007251
 6.000000  0.007324
 7.000000  0.007324
 8.000000  0.007324
 9.000000  0.007275
 10.000000  0.007324
 11.000000  0.007275
 12.000000  0.007324
 13.000000  0.007227
 14.000000  0.007324
 15.000000  0.007275
 16.000000  0.007324
 17.000000  0.007324
 18.000000  0.007324
 19.000000  0.007275
 20.000000  0.007324
 21.000000  0.007275
 22.000000  0.007324
 23.000000  0.007300
 24.000000  0.007324
 25.000000  0.007300
 26.000000  0.007349
 27.000000  0.009741
 28.000000  0.007324
 29.000000  0.007300
 30.000000  0.007324
 31.000000  0.007300
 32.000000  0.007324
 33.000000  0.007227
 34.000000  0.007324
 35.000000  0.007324
 36.000000  0.007349
 37.000000  0.007275
 38.000000  0.007324
 39.000000  0.009741
 40.000000  0.007349
 41.000000  0.007251
 42.000000  0.007324
 43.000000  0.007178
 44.000000  0.007324
 45.000000  0.007104
 46.000000  0.007324
 47.000000  0.007227
 48.000000  0.007349
 49.000000  0.007251
 50.000000  0.007324
 51.000000  0.007227
 52.000000  0.007324
 53.000000  0.007153
 54.000000  0.007349
 55.000000  0.007178
 56.000000  0.007324
 57.000000  0.007080
 58.000000  0.007324
 59.000000  0.009692
 60.000000  0.007349
 61.000000  0.009716
 62.000000  0.007349
 63.000000  0.007227
 64.000000  0.007349
 65.000000  0.007129
 66.000000  0.007324
 67.000000  0.009521
 68.000000  0.007349
 69.000000  0.007202
 70.000000  0.007324
 71.000000  0.007349
 72.000000  0.007349
 73.000000  0.007153
 74.000000  0.007471
 75.000000  0.006982
 76.000000  0.007495
 77.000000  0.006958
 78.000000  0.007397
 79.000000  0.006714
 80.000000  0.007544
 81.000000  0.006763
 82.000000  0.007373
 83.000000  0.006787
 84.000000  0.007519
 85.000000  0.007056
 86.000000  0.007397
 87.000000  0.006738
 88.000000  0.007446
 89.000000  0.007202
 90.000000  0.007397
 91.000000  0.006982
 92.000000  0.007349
 93.000000  0.007153
 94.000000  0.007373
 95.000000  0.007251
 96.000000  0.007422
 97.000000  0.007129
 98.000000  0.007349
 99.000000  0.007178
 100.000000  0.007373
 101.000000  0.009643
 102.000000  0.007300
 103.000000  0.009545
 104.000000  0.007324
 105.000000  0.007153
 106.000000  0.007373
 107.000000  0.007227
 108.000000  0.007373
 109.000000  0.009521
 110.000000  0.007373
 111.000000  0.007251
 112.000000  0.007349
 113.000000  0.007251
 114.000000  0.007324
 115.000000  0.007202
 116.000000  0.007349
 117.000000  0.007202
 118.000000  0.007373
 119.000000  0.007178
 120.000000  0.007373
 121.000000  0.007275
 122.000000  0.007349
 123.000000  0.007202
 124.000000  0.007324
 125.000000  0.007178
 126.000000  0.007324
 127.000000  0.009692
 128.000000  0.007324
 129.000000  0.007178
 130.000000  0.007349
 131.000000  0.009668
 132.000000  0.007324
 133.000000  0.007251
 134.000000  0.007324
 135.000000  0.009594
 136.000000  0.007324
 137.000000  0.007202
 138.000000  0.007324
 139.000000  0.007227
 140.000000  0.007324
 141.000000  0.007227
 142.000000  0.007324
 143.000000  0.007300
 144.000000  0.007324
 145.000000  0.009716
 146.000000  0.007324
 147.000000  0.007202
 148.000000  0.007324
 149.000000  0.009668
 150.000000  0.007324
 151.000000  0.007178
 152.000000  0.007324
 153.000000  0.007300
 154.000000  0.007324
 155.000000  0.007251
 156.000000  0.007324
 157.000000  0.009692
 158.000000  0.007324
 159.000000  0.007202
 160.000000  0.007324
 161.000000  0.007251
 162.000000  0.007324
 163.000000  0.007300
 164.000000  0.007324
 165.000000  0.007275
 166.000000  0.007324
 167.000000  0.007227
 168.000000  0.007324
 169.000000  0.009692
 170.000000  0.007324
 171.000000  0.007153
 172.000000  0.007324
 173.000000  0.007227
 174.000000  0.007324
 175.000000  0.007251
 176.000000  0.007324
 177.000000  0.007202
 178.000000  0.007324
 179.000000  0.009619
 180.000000  0.007324
 181.000000  0.007153
 182.000000  0.007324
 183.000000  0.007227
 184.000000  0.007324
 185.000000  0.007300
 186.000000  0.007324
 187.000000  0.007178
 188.000000  0.007324
 189.000000  0.007227
 190.000000  0.007324
 191.000000  0.007056
 192.000000  0.007324
 193.000000  0.007202
 194.000000  0.007324
 195.000000  0.007227
 196.000000  0.009765
 197.000000  0.007178
 198.000000  0.007324
 199.000000  0.009692
 200.000000  0.007324
 201.000000  0.009619
 202.000000  0.007324
 203.000000  0.007300
 204.000000  0.007324
 205.000000  0.007227
 206.000000  0.007324
 207.000000  0.007300
 208.000000  0.007324
 209.000000  0.009643
 210.000000  0.007324
 211.000000  0.007202
 212.000000  0.007324
 213.000000  0.009716
 214.000000  0.007324
 215.000000  0.007153
 216.000000  0.007324
 217.000000  0.007153
 218.000000  0.007324
 219.000000  0.009643
 220.000000  0.007300
 221.000000  0.007202
 222.000000  0.007324
 223.000000  0.007324
 224.000000  0.007324
 225.000000  0.007080
 226.000000  0.007324
 227.000000  0.009619
 228.000000  0.007300
 229.000000  0.009350
 230.000000  0.007324
 231.000000  0.007007
 232.000000  0.007227
 233.000000  0.009545
 234.000000  0.007422
 235.000000  0.007056
 236.000000  0.007422
 237.000000  0.007007
 238.000000  0.007202
 239.000000  0.009130
 240.000000  0.007422
 241.000000  0.006836
 242.000000  0.007495
 243.000000  0.009497
 244.000000  0.007397
 245.000000  0.006836
 246.000000  0.007373
 247.000000  0.007202
 248.000000  0.007349
 249.000000  0.007153
 250.000000  0.007300
 251.000000  0.006787
 252.000000  0.007324
 253.000000  0.007031
 254.000000  0.007324
 255.000000  0.009741
 256.000000  0.007349
 257.000000  0.007300
 258.000000  0.007349
 259.000000  0.007227
 260.000000  0.007373
 261.000000  0.007007
 262.000000  0.007324
 263.000000  0.009399
 264.000000  0.007324
 265.000000  0.009423
 266.000000  0.007300
 267.000000  0.009545
 268.000000  0.007324
 269.000000  0.009594
 270.000000  0.007324
 271.000000  0.007202
 272.000000  0.007349
 273.000000  0.007251
 274.000000  0.007324
 275.000000  0.009570
 276.000000  0.007324
 277.000000  0.009594
 278.000000  0.007373
 279.000000  0.007300
 280.000000  0.007349
 281.000000  0.009594
 282.000000  0.007324
 283.000000  0.009643
 284.000000  0.007324
 285.000000  0.007202
 286.000000  0.007324
 287.000000  0.007227
 288.000000  0.007324
 289.000000  0.009765
 290.000000  0.007324
 291.000000  0.007324
 292.000000  0.007349
 293.000000  0.007251
 294.000000  0.007324
 295.000000  0.009716
 296.000000  0.007349
 297.000000  0.009765
 298.000000  0.007349
 299.000000  0.009692
 300.000000  0.007324
 301.000000  0.007275
 302.000000  0.007324
 303.000000  0.009741
 304.000000  0.007373
 305.000000  0.007300
 306.000000  0.007324
 307.000000  0.009741
 308.000000  0.007324
 309.000000  0.009741
 310.000000  0.007324
 311.000000  0.007324
 312.000000  0.007324
 313.000000  0.007324
 314.000000  0.007349
 315.000000  0.009741
 316.000000  0.007324
 317.000000  0.007300
 318.000000  0.007373
 319.000000  0.007300
 320.000000  0.007349
 321.000000  0.009765
 322.000000  0.007324
 323.000000  0.009741
 324.000000  0.007324
 325.000000  0.007300
 326.000000  0.007324
 327.000000  0.007251
 328.000000  0.007324
 329.000000  0.009741
 330.000000  0.007349
 331.000000  0.009741
 332.000000  0.007324
 333.000000  0.009765
 334.000000  0.007349
 335.000000  0.009765
 336.000000  0.007324
 337.000000  0.007324
 338.000000  0.007397
 339.000000  0.007324
 340.000000  0.007373
 341.000000  0.009765
 342.000000  0.009765
 343.000000  0.009765
 344.000000  0.007373
 345.000000  0.009765
 346.000000  0.007373
 347.000000  0.007324
 348.000000  0.007349
 349.000000  0.009765
 350.000000  0.007324
 351.000000  0.009765
 352.000000  0.007397
 353.000000  0.009741
 354.000000  0.007349
 355.000000  0.007324
 356.000000  0.007422
 357.000000  0.007300
 358.000000  0.007397
 359.000000  0.009765
 360.000000  0.007544
 361.000000  0.007324
 362.000000  0.007422
 363.000000  0.009765
 364.000000  0.007397
 365.000000  0.007324
 366.000000  0.007593
 367.000000  0.007324
 368.000000  0.007519
 369.000000  0.007324
 370.000000  0.007544
 371.000000  0.009765
 372.000000  0.007764
 373.000000  0.009814
 374.000000  0.007788
 375.000000  0.009765
 376.000000  0.007739
 377.000000  0.007349
 378.000000  0.007617
 379.000000  0.007324
 380.000000  0.007861
 381.000000  0.009765
 382.000000  0.007788
 383.000000  0.007349
 384.000000  0.008325
 385.000000  0.007471
 386.000000  0.008081
 387.000000  0.009912
 388.000000  0.007812
 389.000000  0.009790
 390.000000  0.007861
 391.000000  0.010058
 392.000000  0.008057
 393.000000  0.007495
 394.000000  0.008301
 395.000000  0.007593
 396.000000  0.008374
 397.000000  0.007642
 398.000000  0.008301
 399.000000  0.007397
 400.000000  0.008569
 401.000000  0.010180
 402.000000  0.008740
 403.000000  0.007397
 404.000000  0.008227
 405.000000  0.007397
 406.000000  0.008740
 407.000000  0.007642
 408.000000  0.009009
 409.000000  0.009887
 410.000000  0.008936
 411.000000  0.009912
 412.000000  0.009106
 413.000000  0.007568
 414.000000  0.009180
 415.000000  0.009887
 416.000000  0.008984
 417.000000  0.007617
 418.000000  0.009399
 419.000000  0.008057
 420.000000  0.009448
 421.000000  0.007788
 422.000000  0.009497
 423.000000  0.007812
 424.000000  0.009497
 425.000000  0.009985
 426.000000  0.009644
 427.000000  0.010083
 428.000000  0.009473
 429.000000  0.010327
 430.000000  0.009570
 431.000000  0.010571
 432.000000  0.009692
 433.000000  0.008203
 434.000000  0.009766
 435.000000  0.010473
 436.000000  0.009448
 437.000000  0.010571
 438.000000  0.009644
 439.000000  0.011157
 440.000000  0.009741
 441.000000  0.011206
 442.000000  0.009766
 443.000000  0.011767
 444.000000  0.009766
 445.000000  0.011377
 446.000000  0.009717
 447.000000  0.009375
 448.000000  0.009741
 449.000000  0.011718
 450.000000  0.009766
 451.000000  0.012036
 452.000000  0.009766
 453.000000  0.012133
 454.000000  0.009766
 455.000000  0.012158
 456.000000  0.009766
 457.000000  0.012182
 458.000000  0.009790
 459.000000  0.012085
 460.000000  0.009766
 461.000000  0.012182
 462.000000  0.009766
 463.000000  0.012207
 464.000000  0.009766
 465.000000  0.012207
 466.000000  0.009839
 467.000000  0.009766
 468.000000  0.009790
 469.000000  0.009766
 470.000000  0.009839
 471.000000  0.012207
 472.000000  0.010034
 473.000000  0.009766
 474.000000  0.010425
 475.000000  0.012207
 476.000000  0.010596
 477.000000  0.009766
 478.000000  0.010644
 479.000000  0.012280
 480.000000  0.011548
 481.000000  0.012500
 482.000000  0.011108
 483.000000  0.010376
 484.000000  0.011621
 485.000000  0.013671
 486.000000  0.012012
 487.000000  0.010644
 488.000000  0.011890
 489.000000  0.011304
 490.000000  0.012158
 491.000000  0.013012
 492.000000  0.012012
 493.000000  0.014160
 494.000000  0.012207
 495.000000  0.014331
 496.000000  0.012207
 497.000000  0.011792
 498.000000  0.012207
 499.000000  0.014648
 500.000000  0.012256
 501.000000  0.014624
 502.000000  0.012231
 503.000000  0.014648
 504.000000  0.012500
 505.000000  0.014648
 506.000000  0.012305
 507.000000  0.012207
 508.000000  0.013013
 509.000000  0.012207
 510.000000  0.012988
 511.000000  0.014697
 512.000000  0.013696
 513.000000  0.012988
 514.000000  0.013794
 515.000000  0.012280
 516.000000  0.013159
 517.000000  0.013501
 518.000000  0.014648
 519.000000  0.013306
 520.000000  0.014575
 521.000000  0.014062
 522.000000  0.014648
 523.000000  0.017065
 524.000000  0.014624
 525.000000  0.016406
 526.000000  0.014648
 527.000000  0.017089
 528.000000  0.014648
 529.000000  0.016333
 530.000000  0.014648
 531.000000  0.017431
 532.000000  0.017090
 533.000000  0.014648
 534.000000  0.014648
 535.000000  0.014941
 536.000000  0.019336
 537.000000  0.019531
 538.000000  0.014697
 539.000000  0.017089
 540.000000  0.018164
 541.000000  0.021851
 542.000000  0.017603
 543.000000  0.016064
 544.000000  0.026001
 545.000000  0.070776
 546.000000  0.083008
 547.000000  0.023828
 548.000000  0.016846
 549.000000  0.023144
 550.000000  0.037476
 551.000000  0.032714
 552.000000  0.017017
 553.000000  0.015674
 554.000000  0.018799
 555.000000  0.023975
 556.000000  0.022656
 557.000000  0.017480
 558.000000  0.016162
 559.000000  0.021875
 560.000000  0.030249
 561.000000  0.024853
 562.000000  0.016943
 563.000000  0.019043
 564.000000  0.023950
 565.000000  0.038501
 566.000000  0.026196
 567.000000  0.022412
 568.000000  0.036963
 569.000000  0.167138
 570.000000  0.318433
 571.000000  0.067358
 572.000000  0.019629
 573.000000  0.022363
 574.000000  0.038940
 575.000000  0.046630
 576.000000  0.017529
 577.000000  0.017407
 578.000000  0.016968
 579.000000  0.021997
 580.000000  0.018726
 581.000000  0.014648
 582.000000  0.015088
 583.000000  0.017138
 584.000000  0.017065
 585.000000  0.017041
 586.000000  0.014526
 587.000000  0.016235
 588.000000  0.014673
 589.000000  0.014648
 590.000000  0.014526
 591.000000  0.015307
 592.000000  0.014233
 593.000000  0.014111
 594.000000  0.014648
 595.000000  0.015087
 596.000000  0.014038
 597.000000  0.014794
 598.000000  0.014038
 599.000000  0.014697
 600.000000  0.012671
 601.000000  0.014624
 602.000000  0.012280
 603.000000  0.014672
 604.000000  0.012524
 605.000000  0.014648
 606.000000  0.012451
 607.000000  0.014648
 608.000000  0.012769
 609.000000  0.014599
 610.000000  0.012231
 611.000000  0.014404
 612.000000  0.014672
 613.000000  0.014599
 614.000000  0.014648
 615.000000  0.014624
 616.000000  0.012207
 617.000000  0.012134
 618.000000  0.012207
 619.000000  0.014062
 620.000000  0.012085
 621.000000  0.012768
 622.000000  0.011719
 623.000000  0.013061
 624.000000  0.014209
 625.000000  0.012622
 626.000000  0.011035
 627.000000  0.012377
 628.000000  0.011011
 629.000000  0.012304
 630.000000  0.010400
 631.000000  0.012231
 632.000000  0.010107
 633.000000  0.012207
 634.000000  0.009839
 635.000000  0.012207
 636.000000  0.009888
 637.000000  0.009766
 638.000000  0.009814
 639.000000  0.012207
 640.000000  0.009814
 641.000000  0.012207
 642.000000  0.009766
 643.000000  0.009766
 644.000000  0.012207
 645.000000  0.012207
 646.000000  0.012207
 647.000000  0.012207
 648.000000  0.009766
 649.000000  0.009766
 650.000000  0.009766
 651.000000  0.009692
 652.000000  0.009766
 653.000000  0.009644
 654.000000  0.009766
 655.000000  0.012036
 656.000000  0.009766
 657.000000  0.011962
 658.000000  0.009766
 659.000000  0.009302
 660.000000  0.009766
 661.000000  0.011645
 662.000000  0.009766
 663.000000  0.011352
 664.000000  0.012182
 665.000000  0.011254
 666.000000  0.012207
 667.000000  0.010498
 668.000000  0.009741
 669.000000  0.008081
 670.000000  0.009692
 671.000000  0.008057
 672.000000  0.009717
 673.000000  0.010571
 674.000000  0.012060
 675.000000  0.010107
 676.000000  0.009619
 677.000000  0.010058
 678.000000  0.009155
 679.000000  0.010180
 680.000000  0.009082
 681.000000  0.007519
 682.000000  0.009326
 683.000000  0.009961
 684.000000  0.009131
 685.000000  0.009961
 686.000000  0.008984
 687.000000  0.007617
 688.000000  0.011401
 689.000000  0.007373
 690.000000  0.011377
 691.000000  0.009765
 692.000000  0.008691
 693.000000  0.009887
 694.000000  0.008862
 695.000000  0.009838
 696.000000  0.010571
 697.000000  0.009887
 698.000000  0.008130
 699.000000  0.009863
 700.000000  0.008252
 701.000000  0.007495
 702.000000  0.007788
 703.000000  0.007568
 704.000000  0.010351
 705.000000  0.009765
 706.000000  0.008105
 707.000000  0.007544
 708.000000  0.008252
 709.000000  0.009912
 710.000000  0.008057
 711.000000  0.009765
 712.000000  0.007959
 713.000000  0.009790
 714.000000  0.008154
 715.000000  0.009765
 716.000000  0.007593
 717.000000  0.009790
 718.000000  0.007739
 719.000000  0.009887
 720.000000  0.007959
 721.000000  0.009765
 722.000000  0.007593
 723.000000  0.009765
 724.000000  0.007544
 725.000000  0.009741
 726.000000  0.007397
 727.000000  0.009716
 728.000000  0.007422
 729.000000  0.007324
 730.000000  0.007446
 731.000000  0.009765
 732.000000  0.007544
 733.000000  0.009765
 734.000000  0.009887
 735.000000  0.009790
 736.000000  0.007349
 737.000000  0.009741
 738.000000  0.007349
 739.000000  0.009741
 740.000000  0.007446
 741.000000  0.009741
 742.000000  0.007324
 743.000000  0.007324
 744.000000  0.007397
 745.000000  0.009716
 746.000000  0.007324
 747.000000  0.007300
 748.000000  0.007324
 749.000000  0.009716
 750.000000  0.007349
 751.000000  0.009692
 752.000000  0.009765
 753.000000  0.009716
 754.000000  0.007349
 755.000000  0.009716
 756.000000  0.007373
 757.000000  0.009668
 758.000000  0.007324
 759.000000  0.007251
 760.000000  0.007349
 761.000000  0.009594
 762.000000  0.007324
 763.000000  0.009643
 764.000000  0.007324
 765.000000  0.009619
 766.000000  0.007324
 767.000000  0.007202
 768.000000  0.007324
 769.000000  0.009692
 770.000000  0.007324
 771.000000  0.009545
 772.000000  0.007324
 773.000000  0.009497
 774.000000  0.009765
 775.000000  0.009497
 776.000000  0.009765
 777.000000  0.009301
 778.000000  0.007324
 779.000000  0.007104
 780.000000  0.007324
 781.000000  0.007056
 782.000000  0.009765
 783.000000  0.009423
 784.000000  0.007324
 785.000000  0.009399
 786.000000  0.007324
 787.000000  0.009301
 788.000000  0.009765
 789.000000  0.009155
 790.000000  0.007324
 791.000000  0.009301
 792.000000  0.007324
 793.000000  0.009350
 794.000000  0.007324
 795.000000  0.009277
 796.000000  0.007324
 797.000000  0.009155
 798.000000  0.007324
 799.000000  0.009228
 800.000000  0.007324
 801.000000  0.009106
 802.000000  0.009765
 803.000000  0.009252
 804.000000  0.007251
 805.000000  0.009106
 806.000000  0.007324
 807.000000  0.009008
 808.000000  0.009765
 809.000000  0.006592
 810.000000  0.007324
 811.000000  0.006860
 812.000000  0.007324
 813.000000  0.006396
 814.000000  0.007300
 815.000000  0.009228
 816.000000  0.007324
 817.000000  0.008813
 818.000000  0.007324
 819.000000  0.008740
 820.000000  0.007300
 821.000000  0.008837
 822.000000  0.007300
 823.000000  0.009155
 824.000000  0.009741
 825.000000  0.008837
 826.000000  0.007324
 827.000000  0.009057
 828.000000  0.007324
 829.000000  0.008862
 830.000000  0.007300
 831.000000  0.008789
 832.000000  0.007300
 833.000000  0.008862
 834.000000  0.007300
 835.000000  0.008837
 836.000000  0.009765
 837.000000  0.008837
 838.000000  0.007300
 839.000000  0.008764
 840.000000  0.007300
 841.000000  0.008544
 842.000000  0.009765
 843.000000  0.008691
 844.000000  0.007324
 845.000000  0.006641
 846.000000  0.009716
 847.000000  0.008813
 848.000000  0.007324
 849.000000  0.009008
 850.000000  0.007300
 851.000000  0.008935
 852.000000  0.007227
 853.000000  0.005933
 854.000000  0.009668
 855.000000  0.008081
 856.000000  0.007031
 857.000000  0.006299
 858.000000  0.007178
 859.000000  0.006470
 860.000000  0.009448
 861.000000  0.008715
 862.000000  0.006982
 863.000000  0.006177
 864.000000  0.006836
 865.000000  0.008520
 866.000000  0.009423
 867.000000  0.006372
 868.000000  0.007129
 869.000000  0.008398
 870.000000  0.007129
 871.000000  0.008398
 872.000000  0.007178
 873.000000  0.008715
 874.000000  0.007080
 875.000000  0.008471
 876.000000  0.006860
 877.000000  0.005469
 878.000000  0.007324
 879.000000  0.006226
 880.000000  0.007251
 881.000000  0.008544
 882.000000  0.007275
 883.000000  0.008862
 884.000000  0.007300
 885.000000  0.008593
 886.000000  0.007202
 887.000000  0.005664
 888.000000  0.007202
 889.000000  0.008032
 890.000000  0.007202
 891.000000  0.008569
 892.000000  0.007275
 893.000000  0.008715
 894.000000  0.007275
 895.000000  0.008667
 896.000000  0.007251
 897.000000  0.008740
 898.000000  0.007153
 899.000000  0.008252
 900.000000  0.007227
 901.000000  0.008203
 902.000000  0.009545
 903.000000  0.008252
 904.000000  0.007275
 905.000000  0.008642
 906.000000  0.009692
 907.000000  0.008325
 908.000000  0.009668
 909.000000  0.008325
 910.000000  0.007227
 911.000000  0.007983
 912.000000  0.007129
 913.000000  0.008007
 914.000000  0.007227
 915.000000  0.008081
 916.000000  0.007178
 917.000000  0.008252
 918.000000  0.009668
 919.000000  0.007959
 920.000000  0.009741
 921.000000  0.007983
 922.000000  0.007178
 923.000000  0.007739
 924.000000  0.007129
 925.000000  0.008178
 926.000000  0.007300
 927.000000  0.008007
 928.000000  0.007275
 929.000000  0.008007
 930.000000  0.007251
 931.000000  0.008007
 932.000000  0.007227
 933.000000  0.008252
 934.000000  0.007251
 935.000000  0.008056
 936.000000  0.007227
 937.000000  0.007885
 938.000000  0.007324
 939.000000  0.007910
 940.000000  0.007324
 941.000000  0.007910
 942.000000  0.007227
 943.000000  0.008032
 944.000000  0.007251
 945.000000  0.005688
 946.000000  0.009521
 947.000000  0.008300
 948.000000  0.007251
 949.000000  0.008252
 950.000000  0.009668
 951.000000  0.007983
 952.000000  0.007178
 953.000000  0.008325
 954.000000  0.007275
 955.000000  0.008032
 956.000000  0.007202
 957.000000  0.008178
 958.000000  0.007251
 959.000000  0.005737
 960.000000  0.007275
 961.000000  0.005713
 962.000000  0.009668
 963.000000  0.005518
 964.000000  0.007275
 965.000000  0.008422
 966.000000  0.007300
 967.000000  0.008178
 968.000000  0.007227
 969.000000  0.008007
 970.000000  0.009716
 971.000000  0.008032
 972.000000  0.007300
 973.000000  0.007910
 974.000000  0.007300
 975.000000  0.008325
 976.000000  0.007202
 977.000000  0.008325
 978.000000  0.007178
 979.000000  0.008105
 980.000000  0.007153
 981.000000  0.008203
 982.000000  0.007129
 983.000000  0.005664
 984.000000  0.007251
 985.000000  0.008276
 986.000000  0.007227
 987.000000  0.008154
 988.000000  0.009716
 989.000000  0.007959
 990.000000  0.007227
 991.000000  0.007836
 992.000000  0.007080
 993.000000  0.008007
 994.000000  0.007153
 995.000000  0.008129
 996.000000  0.006958
 997.000000  0.008252
 998.000000  0.009399
 999.000000  0.008276
 1000.000000  0.009570
 1001.000000  0.007885
 1002.000000  0.006934
 1003.000000  0.007861
 1004.000000  0.006982
 1005.000000  0.008056
 1006.000000  0.007202
 1007.000000  0.007861
 1008.000000  0.007153
 1009.000000  0.008349
 1010.000000  0.007178
 1011.000000  0.008374
 1012.000000  0.006836
 1013.000000  0.007934
 1014.000000  0.006543
 1015.000000  0.007788
 1016.000000  0.006519
 1017.000000  0.008105
 1018.000000  0.006372
 1019.000000  0.008178
 1020.000000  0.006885
 1021.000000  0.008129
 1022.000000  0.006836
 1023.000000  0.008178
