 0.000000  0.007324
 1.000000  0.007300
 2.000000  0.007324
 3.000000  0.007227
 4.000000  0.007324
 5.000000  0.007275
 6.000000  0.007324
 7.000000  0.007300
 8.000000  0.007324
 9.000000  0.007275
 10.000000  0.007324
 11.000000  0.007251
 12.000000  0.007324
 13.000000  0.007300
 14.000000  0.007324
 15.000000  0.007202
 16.000000  0.007324
 17.000000  0.007300
 18.000000  0.007324
 19.000000  0.007324
 20.000000  0.007324
 21.000000  0.007275
 22.000000  0.007324
 23.000000  0.007251
 24.000000  0.007349
 25.000000  0.007178
 26.000000  0.007324
 27.000000  0.009594
 28.000000  0.007349
 29.000000  0.007178
 30.000000  0.007324
 31.000000  0.007251
 32.000000  0.007300
 33.000000  0.005298
 34.000000  0.007495
 35.000000  0.007349
 36.000000  0.007471
 37.000000  0.007300
 38.000000  0.008667
 39.000000  0.009668
 40.000000  0.007275
 41.000000  0.005884
 42.000000  0.007349
 43.000000  0.007251
 44.000000  0.007373
 45.000000  0.006689
 46.000000  0.007324
 47.000000  0.006909
 48.000000  0.007422
 49.000000  0.007300
 50.000000  0.007349
 51.000000  0.007178
 52.000000  0.007275
 53.000000  0.007202
 54.000000  0.007349
 55.000000  0.007178
 56.000000  0.007324
 57.000000  0.007251
 58.000000  0.007397
 59.000000  0.009570
 60.000000  0.007324
 61.000000  0.009594
 62.000000  0.007324
 63.000000  0.007080
 64.000000  0.007373
 65.000000  0.006958
 66.000000  0.007373
 67.000000  0.009570
 68.000000  0.007324
 69.000000  0.007104
 70.000000  0.007324
 71.000000  0.007153
 72.000000  0.007324
 73.000000  0.007178
 74.000000  0.007349
 75.000000  0.007104
 76.000000  0.007324
 77.000000  0.007178
 78.000000  0.007324
 79.000000  0.007275
 80.000000  0.007349
 81.000000  0.007251
 82.000000  0.007324
 83.000000  0.007178
 84.000000  0.007324
 85.000000  0.007227
 86.000000  0.007324
 87.000000  0.007227
 88.000000  0.007324
 89.000000  0.007227
 90.000000  0.007324
 91.000000  0.007275
 92.000000  0.007324
 93.000000  0.007202
 94.000000  0.007324
 95.000000  0.007129
 96.000000  0.007324
 97.000000  0.007129
 98.000000  0.007324
 99.000000  0.007300
 100.000000  0.007324
 101.000000  0.009619
 102.000000  0.007324
 103.000000  0.009765
 104.000000  0.007324
 105.000000  0.007178
 106.000000  0.007349
 107.000000  0.007251
 108.000000  0.007324
 109.000000  0.009570
 110.000000  0.007349
 111.000000  0.007300
 112.000000  0.007324
 113.000000  0.007275
 114.000000  0.007324
 115.000000  0.007202
 116.000000  0.007324
 117.000000  0.007251
 118.000000  0.007324
 119.000000  0.007178
 120.000000  0.007324
 121.000000  0.007251
 122.000000  0.007324
 123.000000  0.007251
 124.000000  0.007324
 125.000000  0.007227
 126.000000  0.007324
 127.000000  0.009497
 128.000000  0.007324
 129.000000  0.007275
 130.000000  0.007324
 131.000000  0.009692
 132.000000  0.007324
 133.000000  0.007202
 134.000000  0.007324
 135.000000  0.009741
 136.000000  0.007324
 137.000000  0.007251
 138.000000  0.007324
 139.000000  0.007007
 140.000000  0.007349
 141.000000  0.007129
 142.000000  0.007324
 143.000000  0.007275
 144.000000  0.007324
 145.000000  0.009741
 146.000000  0.007324
 147.000000  0.007202
 148.000000  0.007324
 149.000000  0.009619
 150.000000  0.007324
 151.000000  0.007178
 152.000000  0.007324
 153.000000  0.007202
 154.000000  0.007324
 155.000000  0.007202
 156.000000  0.007324
 157.000000  0.009692
 158.000000  0.007324
 159.000000  0.007202
 160.000000  0.007324
 161.000000  0.007153
 162.000000  0.007324
 163.000000  0.007080
 164.000000  0.007324
 165.000000  0.007129
 166.000000  0.007324
 167.000000  0.007202
 168.000000  0.007324
 169.000000  0.009545
 170.000000  0.007349
 171.000000  0.007056
 172.000000  0.007397
 173.000000  0.007056
 174.000000  0.007324
 175.000000  0.006982
 176.000000  0.007324
 177.000000  0.007202
 178.000000  0.007349
 179.000000  0.009594
 180.000000  0.007324
 181.000000  0.007056
 182.000000  0.007300
 183.000000  0.007178
 184.000000  0.007324
 185.000000  0.007153
 186.000000  0.007349
 187.000000  0.007202
 188.000000  0.007324
 189.000000  0.007593
 190.000000  0.007324
 191.000000  0.006152
 192.000000  0.007300
 193.000000  0.006592
 194.000000  0.006543
 195.000000  0.005737
 196.000000  0.010058
 197.000000  0.007349
 198.000000  0.007397
 199.000000  0.009301
 200.000000  0.007324
 201.000000  0.009668
 202.000000  0.007471
 203.000000  0.007178
 204.000000  0.007324
 205.000000  0.006763
 206.000000  0.007349
 207.000000  0.007178
 208.000000  0.007324
 209.000000  0.009643
 210.000000  0.007324
 211.000000  0.007080
 212.000000  0.007373
 213.000000  0.009497
 214.000000  0.007324
 215.000000  0.007129
 216.000000  0.007324
 217.000000  0.007056
 218.000000  0.007324
 219.000000  0.009643
 220.000000  0.007300
 221.000000  0.007227
 222.000000  0.007349
 223.000000  0.007300
 224.000000  0.007373
 225.000000  0.007056
 226.000000  0.007324
 227.000000  0.009545
 228.000000  0.007349
 229.000000  0.009570
 230.000000  0.007373
 231.000000  0.007178
 232.000000  0.007324
 233.000000  0.009545
 234.000000  0.007324
 235.000000  0.007178
 236.000000  0.007324
 237.000000  0.007178
 238.000000  0.007324
 239.000000  0.009521
 240.000000  0.007324
 241.000000  0.007153
 242.000000  0.007373
 243.000000  0.009545
 244.000000  0.007349
 245.000000  0.007227
 246.000000  0.007324
 247.000000  0.007300
 248.000000  0.007324
 249.000000  0.007202
 250.000000  0.007373
 251.000000  0.007324
 252.000000  0.007324
 253.000000  0.007275
 254.000000  0.007324
 255.000000  0.009716
 256.000000  0.007324
 257.000000  0.007300
 258.000000  0.007324
 259.000000  0.007251
 260.000000  0.007324
 261.000000  0.007275
 262.000000  0.007324
 263.000000  0.009716
 264.000000  0.007324
 265.000000  0.009765
 266.000000  0.007349
 267.000000  0.009765
 268.000000  0.007324
 269.000000  0.009765
 270.000000  0.007324
 271.000000  0.007300
 272.000000  0.007324
 273.000000  0.007227
 274.000000  0.007324
 275.000000  0.009765
 276.000000  0.007324
 277.000000  0.009741
 278.000000  0.007349
 279.000000  0.007324
 280.000000  0.007324
 281.000000  0.009765
 282.000000  0.007324
 283.000000  0.009765
 284.000000  0.007324
 285.000000  0.007324
 286.000000  0.007324
 287.000000  0.007324
 288.000000  0.007349
 289.000000  0.009765
 290.000000  0.007324
 291.000000  0.007324
 292.000000  0.007349
 293.000000  0.007324
 294.000000  0.007324
 295.000000  0.009765
 296.000000  0.007349
 297.000000  0.009765
 298.000000  0.007349
 299.000000  0.009765
 300.000000  0.007349
 301.000000  0.007324
 302.000000  0.007324
 303.000000  0.009765
 304.000000  0.007422
 305.000000  0.007324
 306.000000  0.007397
 307.000000  0.009765
 308.000000  0.007349
 309.000000  0.009765
 310.000000  0.007373
 311.000000  0.007324
 312.000000  0.007397
 313.000000  0.007324
 314.000000  0.007422
 315.000000  0.009765
 316.000000  0.007422
 317.000000  0.007324
 318.000000  0.007397
 319.000000  0.007324
 320.000000  0.007568
 321.000000  0.009765
 322.000000  0.007544
 323.000000  0.009765
 324.000000  0.007568
 325.000000  0.007324
 326.000000  0.007495
 327.000000  0.007324
 328.000000  0.007617
 329.000000  0.009765
 330.000000  0.008130
 331.000000  0.009790
 332.000000  0.007764
 333.000000  0.009765
 334.000000  0.007788
 335.000000  0.009765
 336.000000  0.007886
 337.000000  0.007349
 338.000000  0.007935
 339.000000  0.007324
 340.000000  0.008105
 341.000000  0.009790
 342.000000  0.010253
 343.000000  0.009790
 344.000000  0.008179
 345.000000  0.009716
 346.000000  0.007666
 347.000000  0.007739
 348.000000  0.008960
 349.000000  0.010009
 350.000000  0.009692
 351.000000  0.011547
 352.000000  0.008179
 353.000000  0.009716
 354.000000  0.007886
 355.000000  0.007617
 356.000000  0.009106
 357.000000  0.007422
 358.000000  0.008179
 359.000000  0.009814
 360.000000  0.009277
 361.000000  0.007788
 362.000000  0.009228
 363.000000  0.010131
 364.000000  0.008765
 365.000000  0.007471
 366.000000  0.009204
 367.000000  0.007715
 368.000000  0.009228
 369.000000  0.007935
 370.000000  0.009399
 371.000000  0.010376
 372.000000  0.009521
 373.000000  0.010424
 374.000000  0.009473
 375.000000  0.010278
 376.000000  0.009644
 377.000000  0.008032
 378.000000  0.009473
 379.000000  0.008154
 380.000000  0.009619
 381.000000  0.011108
 382.000000  0.009644
 383.000000  0.008423
 384.000000  0.009717
 385.000000  0.008765
 386.000000  0.009692
 387.000000  0.010961
 388.000000  0.009741
 389.000000  0.011352
 390.000000  0.009766
 391.000000  0.011352
 392.000000  0.009741
 393.000000  0.009033
 394.000000  0.009766
 395.000000  0.009155
 396.000000  0.009741
 397.000000  0.009326
 398.000000  0.009766
 399.000000  0.009351
 400.000000  0.009766
 401.000000  0.011865
 402.000000  0.009766
 403.000000  0.009668
 404.000000  0.009766
 405.000000  0.009497
 406.000000  0.009766
 407.000000  0.009766
 408.000000  0.009766
 409.000000  0.012182
 410.000000  0.009766
 411.000000  0.012182
 412.000000  0.009766
 413.000000  0.009766
 414.000000  0.009790
 415.000000  0.012182
 416.000000  0.009790
 417.000000  0.009766
 418.000000  0.009888
 419.000000  0.009766
 420.000000  0.009766
 421.000000  0.009766
 422.000000  0.009814
 423.000000  0.009766
 424.000000  0.009814
 425.000000  0.012207
 426.000000  0.010107
 427.000000  0.012207
 428.000000  0.010254
 429.000000  0.012231
 430.000000  0.010693
 431.000000  0.012280
 432.000000  0.011011
 433.000000  0.009863
 434.000000  0.010620
 435.000000  0.012402
 436.000000  0.011108
 437.000000  0.012475
 438.000000  0.010767
 439.000000  0.012646
 440.000000  0.012036
 441.000000  0.013818
 442.000000  0.012109
 443.000000  0.013989
 444.000000  0.012183
 445.000000  0.014379
 446.000000  0.012183
 447.000000  0.011816
 448.000000  0.012207
 449.000000  0.014624
 450.000000  0.012207
 451.000000  0.014575
 452.000000  0.012207
 453.000000  0.014624
 454.000000  0.012451
 455.000000  0.014648
 456.000000  0.012280
 457.000000  0.014648
 458.000000  0.013013
 459.000000  0.014746
 460.000000  0.012915
 461.000000  0.014672
 462.000000  0.013525
 463.000000  0.014770
 464.000000  0.014038
 465.000000  0.014697
 466.000000  0.013696
 467.000000  0.013159
 468.000000  0.014575
 469.000000  0.012329
 470.000000  0.013892
 471.000000  0.015234
 472.000000  0.014648
 473.000000  0.014551
 474.000000  0.014624
 475.000000  0.015991
 476.000000  0.014624
 477.000000  0.014648
 478.000000  0.014648
 479.000000  0.016601
 480.000000  0.014697
 481.000000  0.017089
 482.000000  0.016284
 483.000000  0.014502
 484.000000  0.014648
 485.000000  0.017114
 486.000000  0.016895
 487.000000  0.014697
 488.000000  0.014722
 489.000000  0.014648
 490.000000  0.016992
 491.000000  0.020019
 492.000000  0.016870
 493.000000  0.017114
 494.000000  0.017090
 495.000000  0.022290
 496.000000  0.021655
 497.000000  0.016040
 498.000000  0.017065
 499.000000  0.020654
 500.000000  0.024316
 501.000000  0.022094
 502.000000  0.019434
 503.000000  0.020556
 504.000000  0.027026
 505.000000  0.036865
 506.000000  0.022339
 507.000000  0.022534
 508.000000  0.044019
 509.000000  0.098706
 510.000000  0.094141
 511.000000  0.033276
 512.000000  0.024023
 513.000000  0.025903
 514.000000  0.034424
 515.000000  0.028955
 516.000000  0.024878
 517.000000  0.031006
 518.000000  0.064673
 519.000000  0.101587
 520.000000  0.046240
 521.000000  0.024463
 522.000000  0.024609
 523.000000  0.036792
 524.000000  0.045898
 525.000000  0.029223
 526.000000  0.021826
 527.000000  0.024536
 528.000000  0.030737
 529.000000  0.038330
 530.000000  0.024536
 531.000000  0.026977
 532.000000  0.045215
 533.000000  0.129932
 534.000000  0.155395
 535.000000  0.030322
 536.000000  0.024756
 537.000000  0.056079
 538.000000  0.140601
 539.000000  0.086767
 540.000000  0.020337
 541.000000  0.018603
 542.000000  0.025586
 543.000000  0.034351
 544.000000  0.020435
 545.000000  0.016919
 546.000000  0.017090
 547.000000  0.020629
 548.000000  0.019629
 549.000000  0.017602
 550.000000  0.015527
 551.000000  0.017651
 552.000000  0.017383
 553.000000  0.016406
 554.000000  0.014990
 555.000000  0.014648
 556.000000  0.015698
 557.000000  0.017578
 558.000000  0.014941
 559.000000  0.017089
 560.000000  0.015112
 561.000000  0.014648
 562.000000  0.015674
 563.000000  0.016870
 564.000000  0.014648
 565.000000  0.017016
 566.000000  0.014648
 567.000000  0.016967
 568.000000  0.014624
 569.000000  0.016210
 570.000000  0.014624
 571.000000  0.016821
 572.000000  0.014600
 573.000000  0.015161
 574.000000  0.014160
 575.000000  0.015112
 576.000000  0.014307
 577.000000  0.014843
 578.000000  0.013647
 579.000000  0.014721
 580.000000  0.013745
 581.000000  0.012256
 582.000000  0.012378
 583.000000  0.014648
 584.000000  0.012500
 585.000000  0.014648
 586.000000  0.012207
 587.000000  0.014648
 588.000000  0.012207
 589.000000  0.012183
 590.000000  0.012280
 591.000000  0.014648
 592.000000  0.012231
 593.000000  0.012207
 594.000000  0.012207
 595.000000  0.014550
 596.000000  0.012207
 597.000000  0.014013
 598.000000  0.012183
 599.000000  0.013769
 600.000000  0.012061
 601.000000  0.013525
 602.000000  0.011865
 603.000000  0.012988
 604.000000  0.012183
 605.000000  0.013305
 606.000000  0.011865
 607.000000  0.012475
 608.000000  0.011108
 609.000000  0.012304
 610.000000  0.010889
 611.000000  0.012280
 612.000000  0.012744
 613.000000  0.012231
 614.000000  0.012793
 615.000000  0.012231
 616.000000  0.010327
 617.000000  0.009766
 618.000000  0.009814
 619.000000  0.012207
 620.000000  0.009888
 621.000000  0.012207
 622.000000  0.009790
 623.000000  0.012207
 624.000000  0.012280
 625.000000  0.012207
 626.000000  0.009790
 627.000000  0.012207
 628.000000  0.009766
 629.000000  0.012207
 630.000000  0.009766
 631.000000  0.012158
 632.000000  0.009766
 633.000000  0.012182
 634.000000  0.009766
 635.000000  0.012036
 636.000000  0.009766
 637.000000  0.009448
 638.000000  0.009766
 639.000000  0.011743
 640.000000  0.009766
 641.000000  0.011865
 642.000000  0.009766
 643.000000  0.009424
 644.000000  0.012207
 645.000000  0.011230
 646.000000  0.012207
 647.000000  0.011523
 648.000000  0.009741
 649.000000  0.008838
 650.000000  0.009717
 651.000000  0.008569
 652.000000  0.009668
 653.000000  0.008105
 654.000000  0.009717
 655.000000  0.010791
 656.000000  0.009741
 657.000000  0.010546
 658.000000  0.007446
 659.000000  0.008374
 660.000000  0.009717
 661.000000  0.010913
 662.000000  0.009595
 663.000000  0.011889
 664.000000  0.012036
 665.000000  0.009790
 666.000000  0.010131
 667.000000  0.010131
 668.000000  0.009375
 669.000000  0.007544
 670.000000  0.008105
 671.000000  0.007324
 672.000000  0.008569
 673.000000  0.010302
 674.000000  0.011572
 675.000000  0.009912
 676.000000  0.008716
 677.000000  0.009814
 678.000000  0.008325
 679.000000  0.009863
 680.000000  0.008374
 681.000000  0.007373
 682.000000  0.008472
 683.000000  0.009814
 684.000000  0.008325
 685.000000  0.009912
 686.000000  0.007959
 687.000000  0.007397
 688.000000  0.010693
 689.000000  0.007324
 690.000000  0.010302
 691.000000  0.009765
 692.000000  0.007886
 693.000000  0.009765
 694.000000  0.007788
 695.000000  0.009765
 696.000000  0.010009
 697.000000  0.009814
 698.000000  0.007788
 699.000000  0.009765
 700.000000  0.007642
 701.000000  0.007324
 702.000000  0.007544
 703.000000  0.007349
 704.000000  0.010058
 705.000000  0.009765
 706.000000  0.007593
 707.000000  0.007324
 708.000000  0.007471
 709.000000  0.009765
 710.000000  0.007544
 711.000000  0.009765
 712.000000  0.007495
 713.000000  0.009765
 714.000000  0.007471
 715.000000  0.009765
 716.000000  0.007373
 717.000000  0.009765
 718.000000  0.007422
 719.000000  0.009741
 720.000000  0.007373
 721.000000  0.009765
 722.000000  0.007349
 723.000000  0.009765
 724.000000  0.007373
 725.000000  0.009765
 726.000000  0.007349
 727.000000  0.009716
 728.000000  0.007324
 729.000000  0.007300
 730.000000  0.007349
 731.000000  0.009765
 732.000000  0.007324
 733.000000  0.009741
 734.000000  0.009790
 735.000000  0.009716
 736.000000  0.007324
 737.000000  0.009765
 738.000000  0.007324
 739.000000  0.009643
 740.000000  0.007349
 741.000000  0.009668
 742.000000  0.007324
 743.000000  0.007275
 744.000000  0.007324
 745.000000  0.009692
 746.000000  0.007324
 747.000000  0.007251
 748.000000  0.007324
 749.000000  0.009619
 750.000000  0.007324
 751.000000  0.009619
 752.000000  0.009765
 753.000000  0.009716
 754.000000  0.007349
 755.000000  0.009716
 756.000000  0.007324
 757.000000  0.009692
 758.000000  0.007324
 759.000000  0.007227
 760.000000  0.007324
 761.000000  0.009570
 762.000000  0.007324
 763.000000  0.009619
 764.000000  0.007324
 765.000000  0.009448
 766.000000  0.007324
 767.000000  0.007153
 768.000000  0.007324
 769.000000  0.009643
 770.000000  0.007324
 771.000000  0.009326
 772.000000  0.007300
 773.000000  0.009204
 774.000000  0.009765
 775.000000  0.009252
 776.000000  0.009765
 777.000000  0.009106
 778.000000  0.007324
 779.000000  0.006811
 780.000000  0.007324
 781.000000  0.006567
 782.000000  0.009765
 783.000000  0.008935
 784.000000  0.007275
 785.000000  0.009033
 786.000000  0.007324
 787.000000  0.008862
 788.000000  0.009765
 789.000000  0.008862
 790.000000  0.007300
 791.000000  0.008544
 792.000000  0.007300
 793.000000  0.008837
 794.000000  0.007275
 795.000000  0.008789
 796.000000  0.007300
 797.000000  0.008496
 798.000000  0.007300
 799.000000  0.008593
 800.000000  0.007324
 801.000000  0.008642
 802.000000  0.009741
 803.000000  0.008496
 804.000000  0.007227
 805.000000  0.008789
 806.000000  0.007324
 807.000000  0.008886
 808.000000  0.009741
 809.000000  0.006006
 810.000000  0.007300
 811.000000  0.005957
 812.000000  0.007251
 813.000000  0.006372
 814.000000  0.007910
 815.000000  0.008447
 816.000000  0.006714
 817.000000  0.007983
 818.000000  0.006909
 819.000000  0.007373
 820.000000  0.005981
 821.000000  0.009350
 822.000000  0.007373
 823.000000  0.008886
 824.000000  0.009375
 825.000000  0.008276
 826.000000  0.007324
 827.000000  0.009204
 828.000000  0.007275
 829.000000  0.008178
 830.000000  0.006885
 831.000000  0.008203
 832.000000  0.007104
 833.000000  0.008544
 834.000000  0.007153
 835.000000  0.008252
 836.000000  0.009643
 837.000000  0.008374
 838.000000  0.007153
 839.000000  0.008374
 840.000000  0.007324
 841.000000  0.008105
 842.000000  0.009570
 843.000000  0.008544
 844.000000  0.007104
 845.000000  0.006152
 846.000000  0.009643
 847.000000  0.008789
 848.000000  0.007227
 849.000000  0.008447
 850.000000  0.007080
 851.000000  0.008276
 852.000000  0.007178
 853.000000  0.005762
 854.000000  0.009741
 855.000000  0.007983
 856.000000  0.007129
 857.000000  0.005884
 858.000000  0.007153
 859.000000  0.005859
 860.000000  0.009716
 861.000000  0.008105
 862.000000  0.007080
 863.000000  0.005615
 864.000000  0.006982
 865.000000  0.008227
 866.000000  0.009570
 867.000000  0.005981
 868.000000  0.007300
 869.000000  0.008252
 870.000000  0.007202
 871.000000  0.008032
 872.000000  0.007275
 873.000000  0.008129
 874.000000  0.007202
 875.000000  0.008300
 876.000000  0.007178
 877.000000  0.005640
 878.000000  0.007251
 879.000000  0.005688
 880.000000  0.007178
 881.000000  0.008081
 882.000000  0.007251
 883.000000  0.007788
 884.000000  0.007129
 885.000000  0.008325
 886.000000  0.007275
 887.000000  0.005518
 888.000000  0.007227
 889.000000  0.007885
 890.000000  0.007202
 891.000000  0.008081
 892.000000  0.007275
 893.000000  0.008105
 894.000000  0.007227
 895.000000  0.008154
 896.000000  0.007202
 897.000000  0.008227
 898.000000  0.007178
 899.000000  0.007910
 900.000000  0.007275
 901.000000  0.007959
 902.000000  0.009668
 903.000000  0.008154
 904.000000  0.007251
 905.000000  0.007836
 906.000000  0.009741
 907.000000  0.008081
 908.000000  0.009643
 909.000000  0.007934
 910.000000  0.007227
 911.000000  0.007714
 912.000000  0.007251
 913.000000  0.007617
 914.000000  0.007031
 915.000000  0.007983
 916.000000  0.007129
 917.000000  0.008227
 918.000000  0.009741
 919.000000  0.007763
 920.000000  0.009643
 921.000000  0.007617
 922.000000  0.007251
 923.000000  0.007836
 924.000000  0.007202
 925.000000  0.007690
 926.000000  0.007080
 927.000000  0.007885
 928.000000  0.007300
 929.000000  0.007812
 930.000000  0.007178
 931.000000  0.007910
 932.000000  0.007104
 933.000000  0.008300
 934.000000  0.007300
 935.000000  0.008032
 936.000000  0.007300
 937.000000  0.007910
 938.000000  0.007275
 939.000000  0.007690
 940.000000  0.007251
 941.000000  0.007959
 942.000000  0.007227
 943.000000  0.007959
 944.000000  0.007251
 945.000000  0.005518
 946.000000  0.009570
 947.000000  0.007983
 948.000000  0.007178
 949.000000  0.008325
 950.000000  0.009594
 951.000000  0.008081
 952.000000  0.007227
 953.000000  0.008032
 954.000000  0.007178
 955.000000  0.008007
 956.000000  0.007202
 957.000000  0.007959
 958.000000  0.007227
 959.000000  0.005640
 960.000000  0.007202
 961.000000  0.005688
 962.000000  0.009594
 963.000000  0.005615
 964.000000  0.007007
 965.000000  0.008276
 966.000000  0.007129
 967.000000  0.008178
 968.000000  0.007104
 969.000000  0.007983
 970.000000  0.008960
 971.000000  0.007495
 972.000000  0.007324
 973.000000  0.008691
 974.000000  0.007300
 975.000000  0.009668
 976.000000  0.007373
 977.000000  0.007910
 978.000000  0.005273
 979.000000  0.007519
 980.000000  0.007178
 981.000000  0.008422
 982.000000  0.006567
 983.000000  0.005249
 984.000000  0.006616
 985.000000  0.008593
 986.000000  0.007104
 987.000000  0.008422
 988.000000  0.009521
 989.000000  0.007934
 990.000000  0.007153
 991.000000  0.008203
 992.000000  0.006982
 993.000000  0.008105
 994.000000  0.006885
 995.000000  0.008252
 996.000000  0.006836
 997.000000  0.008325
 998.000000  0.009301
 999.000000  0.008129
 1000.000000  0.009472
 1001.000000  0.007959
 1002.000000  0.006836
 1003.000000  0.007788
 1004.000000  0.006885
 1005.000000  0.007934
 1006.000000  0.007056
 1007.000000  0.007836
 1008.000000  0.007202
 1009.000000  0.007934
 1010.000000  0.007153
 1011.000000  0.008154
 1012.000000  0.006909
 1013.000000  0.007910
 1014.000000  0.006860
 1015.000000  0.008007
 1016.000000  0.007080
 1017.000000  0.007812
 1018.000000  0.007007
 1019.000000  0.007836
 1020.000000  0.007031
 1021.000000  0.007690
 1022.000000  0.007056
 1023.000000  0.007788
