 0.000000  0.007324
 1.000000  0.007300
 2.000000  0.007324
 3.000000  0.007300
 4.000000  0.007324
 5.000000  0.007324
 6.000000  0.007324
 7.000000  0.007324
 8.000000  0.007324
 9.000000  0.007275
 10.000000  0.007324
 11.000000  0.007300
 12.000000  0.007349
 13.000000  0.007300
 14.000000  0.007324
 15.000000  0.007227
 16.000000  0.007324
 17.000000  0.007300
 18.000000  0.007324
 19.000000  0.007324
 20.000000  0.007324
 21.000000  0.007300
 22.000000  0.007324
 23.000000  0.007324
 24.000000  0.007324
 25.000000  0.007300
 26.000000  0.007349
 27.000000  0.009716
 28.000000  0.007324
 29.000000  0.007324
 30.000000  0.007324
 31.000000  0.007324
 32.000000  0.007349
 33.000000  0.007324
 34.000000  0.007324
 35.000000  0.007275
 36.000000  0.007324
 37.000000  0.007300
 38.000000  0.007324
 39.000000  0.009716
 40.000000  0.007373
 41.000000  0.007324
 42.000000  0.007324
 43.000000  0.007251
 44.000000  0.007324
 45.000000  0.007080
 46.000000  0.007300
 47.000000  0.007129
 48.000000  0.007422
 49.000000  0.007275
 50.000000  0.007446
 51.000000  0.007227
 52.000000  0.007324
 53.000000  0.007031
 54.000000  0.007422
 55.000000  0.007202
 56.000000  0.007446
 57.000000  0.007031
 58.000000  0.007544
 59.000000  0.009399
 60.000000  0.007446
 61.000000  0.009619
 62.000000  0.007202
 63.000000  0.007056
 64.000000  0.007324
 65.000000  0.007153
 66.000000  0.007397
 67.000000  0.009594
 68.000000  0.007446
 69.000000  0.007153
 70.000000  0.007349
 71.000000  0.007104
 72.000000  0.007446
 73.000000  0.007056
 74.000000  0.007446
 75.000000  0.007227
 76.000000  0.007471
 77.000000  0.007275
 78.000000  0.007397
 79.000000  0.007202
 80.000000  0.007397
 81.000000  0.007178
 82.000000  0.007349
 83.000000  0.007227
 84.000000  0.007349
 85.000000  0.007251
 86.000000  0.007324
 87.000000  0.007275
 88.000000  0.007349
 89.000000  0.007324
 90.000000  0.007324
 91.000000  0.007300
 92.000000  0.007324
 93.000000  0.007275
 94.000000  0.007373
 95.000000  0.007178
 96.000000  0.007324
 97.000000  0.007300
 98.000000  0.007324
 99.000000  0.007300
 100.000000  0.007324
 101.000000  0.009741
 102.000000  0.007324
 103.000000  0.009716
 104.000000  0.007349
 105.000000  0.007202
 106.000000  0.007324
 107.000000  0.007251
 108.000000  0.007324
 109.000000  0.009765
 110.000000  0.007324
 111.000000  0.007300
 112.000000  0.007324
 113.000000  0.007324
 114.000000  0.007324
 115.000000  0.007324
 116.000000  0.007349
 117.000000  0.007275
 118.000000  0.007373
 119.000000  0.007275
 120.000000  0.007349
 121.000000  0.007324
 122.000000  0.007349
 123.000000  0.007251
 124.000000  0.007324
 125.000000  0.007300
 126.000000  0.007324
 127.000000  0.009692
 128.000000  0.007324
 129.000000  0.007202
 130.000000  0.007324
 131.000000  0.009765
 132.000000  0.007324
 133.000000  0.007275
 134.000000  0.007349
 135.000000  0.009741
 136.000000  0.007324
 137.000000  0.007251
 138.000000  0.007324
 139.000000  0.007275
 140.000000  0.007349
 141.000000  0.007300
 142.000000  0.007324
 143.000000  0.007324
 144.000000  0.007324
 145.000000  0.009765
 146.000000  0.007324
 147.000000  0.007300
 148.000000  0.007324
 149.000000  0.009765
 150.000000  0.007324
 151.000000  0.007300
 152.000000  0.007324
 153.000000  0.007275
 154.000000  0.007324
 155.000000  0.007300
 156.000000  0.007324
 157.000000  0.009741
 158.000000  0.007324
 159.000000  0.007300
 160.000000  0.007349
 161.000000  0.007227
 162.000000  0.007324
 163.000000  0.007251
 164.000000  0.007324
 165.000000  0.007275
 166.000000  0.007324
 167.000000  0.007251
 168.000000  0.007324
 169.000000  0.009741
 170.000000  0.007324
 171.000000  0.007300
 172.000000  0.007324
 173.000000  0.007300
 174.000000  0.007324
 175.000000  0.007275
 176.000000  0.007324
 177.000000  0.007202
 178.000000  0.007324
 179.000000  0.009716
 180.000000  0.007324
 181.000000  0.007227
 182.000000  0.007324
 183.000000  0.007275
 184.000000  0.007349
 185.000000  0.007324
 186.000000  0.007349
 187.000000  0.007178
 188.000000  0.007324
 189.000000  0.007300
 190.000000  0.007349
 191.000000  0.007104
 192.000000  0.007324
 193.000000  0.007227
 194.000000  0.007324
 195.000000  0.007178
 196.000000  0.009765
 197.000000  0.007080
 198.000000  0.007324
 199.000000  0.009570
 200.000000  0.007349
 201.000000  0.009545
 202.000000  0.007471
 203.000000  0.007153
 204.000000  0.007422
 205.000000  0.007153
 206.000000  0.007300
 207.000000  0.006934
 208.000000  0.007446
 209.000000  0.009472
 210.000000  0.007495
 211.000000  0.006811
 212.000000  0.007397
 213.000000  0.009350
 214.000000  0.007422
 215.000000  0.006958
 216.000000  0.007471
 217.000000  0.006982
 218.000000  0.007519
 219.000000  0.009619
 220.000000  0.007446
 221.000000  0.006909
 222.000000  0.007373
 223.000000  0.007031
 224.000000  0.007300
 225.000000  0.007056
 226.000000  0.007397
 227.000000  0.009545
 228.000000  0.007471
 229.000000  0.009594
 230.000000  0.007471
 231.000000  0.007178
 232.000000  0.007373
 233.000000  0.009643
 234.000000  0.007349
 235.000000  0.007104
 236.000000  0.007324
 237.000000  0.007178
 238.000000  0.007373
 239.000000  0.009692
 240.000000  0.007446
 241.000000  0.007275
 242.000000  0.007397
 243.000000  0.009716
 244.000000  0.007324
 245.000000  0.007275
 246.000000  0.007324
 247.000000  0.007275
 248.000000  0.007373
 249.000000  0.007251
 250.000000  0.007324
 251.000000  0.007227
 252.000000  0.007373
 253.000000  0.007300
 254.000000  0.007324
 255.000000  0.009668
 256.000000  0.007324
 257.000000  0.007227
 258.000000  0.007349
 259.000000  0.007202
 260.000000  0.007373
 261.000000  0.007300
 262.000000  0.007324
 263.000000  0.009716
 264.000000  0.007349
 265.000000  0.009692
 266.000000  0.007324
 267.000000  0.009765
 268.000000  0.007349
 269.000000  0.009741
 270.000000  0.007373
 271.000000  0.007300
 272.000000  0.007324
 273.000000  0.007275
 274.000000  0.007373
 275.000000  0.009765
 276.000000  0.007324
 277.000000  0.009765
 278.000000  0.007324
 279.000000  0.007324
 280.000000  0.007324
 281.000000  0.009741
 282.000000  0.007349
 283.000000  0.009741
 284.000000  0.007349
 285.000000  0.007324
 286.000000  0.007373
 287.000000  0.007324
 288.000000  0.007397
 289.000000  0.009765
 290.000000  0.007324
 291.000000  0.007324
 292.000000  0.007349
 293.000000  0.007275
 294.000000  0.007373
 295.000000  0.009741
 296.000000  0.007324
 297.000000  0.009765
 298.000000  0.007349
 299.000000  0.009765
 300.000000  0.007324
 301.000000  0.007324
 302.000000  0.007324
 303.000000  0.009741
 304.000000  0.007349
 305.000000  0.007324
 306.000000  0.007324
 307.000000  0.009765
 308.000000  0.007373
 309.000000  0.009765
 310.000000  0.007373
 311.000000  0.007324
 312.000000  0.007373
 313.000000  0.007324
 314.000000  0.007373
 315.000000  0.009765
 316.000000  0.007349
 317.000000  0.007324
 318.000000  0.007349
 319.000000  0.007300
 320.000000  0.007324
 321.000000  0.009765
 322.000000  0.007422
 323.000000  0.009765
 324.000000  0.007446
 325.000000  0.007324
 326.000000  0.007349
 327.000000  0.007324
 328.000000  0.007373
 329.000000  0.009765
 330.000000  0.007397
 331.000000  0.009765
 332.000000  0.007373
 333.000000  0.009765
 334.000000  0.007373
 335.000000  0.009765
 336.000000  0.007349
 337.000000  0.007324
 338.000000  0.007397
 339.000000  0.007324
 340.000000  0.007471
 341.000000  0.009765
 342.000000  0.009838
 343.000000  0.009765
 344.000000  0.007642
 345.000000  0.009765
 346.000000  0.007544
 347.000000  0.007324
 348.000000  0.007422
 349.000000  0.009765
 350.000000  0.007544
 351.000000  0.009790
 352.000000  0.007715
 353.000000  0.009790
 354.000000  0.007690
 355.000000  0.007324
 356.000000  0.007642
 357.000000  0.007251
 358.000000  0.007935
 359.000000  0.009716
 360.000000  0.008081
 361.000000  0.007300
 362.000000  0.008008
 363.000000  0.009887
 364.000000  0.008105
 365.000000  0.007397
 366.000000  0.008203
 367.000000  0.007373
 368.000000  0.008301
 369.000000  0.007495
 370.000000  0.008203
 371.000000  0.009863
 372.000000  0.008130
 373.000000  0.009887
 374.000000  0.008227
 375.000000  0.009863
 376.000000  0.008301
 377.000000  0.007471
 378.000000  0.008520
 379.000000  0.007642
 380.000000  0.008569
 381.000000  0.009887
 382.000000  0.008423
 383.000000  0.007568
 384.000000  0.008667
 385.000000  0.007446
 386.000000  0.008472
 387.000000  0.009912
 388.000000  0.008667
 389.000000  0.010009
 390.000000  0.009131
 391.000000  0.010034
 392.000000  0.009033
 393.000000  0.007471
 394.000000  0.008789
 395.000000  0.007642
 396.000000  0.008838
 397.000000  0.007495
 398.000000  0.008789
 399.000000  0.007642
 400.000000  0.009131
 401.000000  0.010302
 402.000000  0.009351
 403.000000  0.008032
 404.000000  0.009375
 405.000000  0.007861
 406.000000  0.009424
 407.000000  0.008057
 408.000000  0.009497
 409.000000  0.009961
 410.000000  0.009619
 411.000000  0.010327
 412.000000  0.009595
 413.000000  0.008374
 414.000000  0.009692
 415.000000  0.010424
 416.000000  0.009692
 417.000000  0.008252
 418.000000  0.009595
 419.000000  0.008105
 420.000000  0.009692
 421.000000  0.008179
 422.000000  0.009717
 423.000000  0.008520
 424.000000  0.009741
 425.000000  0.011254
 426.000000  0.009766
 427.000000  0.011230
 428.000000  0.009766
 429.000000  0.011425
 430.000000  0.009766
 431.000000  0.011206
 432.000000  0.009766
 433.000000  0.009399
 434.000000  0.009766
 435.000000  0.011792
 436.000000  0.009741
 437.000000  0.012085
 438.000000  0.009766
 439.000000  0.012060
 440.000000  0.009766
 441.000000  0.011962
 442.000000  0.009766
 443.000000  0.012158
 444.000000  0.009766
 445.000000  0.012133
 446.000000  0.009790
 447.000000  0.009766
 448.000000  0.009766
 449.000000  0.012207
 450.000000  0.009766
 451.000000  0.012207
 452.000000  0.009766
 453.000000  0.012207
 454.000000  0.009766
 455.000000  0.012207
 456.000000  0.009814
 457.000000  0.012207
 458.000000  0.009766
 459.000000  0.012207
 460.000000  0.010059
 461.000000  0.012231
 462.000000  0.010107
 463.000000  0.012207
 464.000000  0.010522
 465.000000  0.012207
 466.000000  0.011157
 467.000000  0.009863
 468.000000  0.010620
 469.000000  0.009888
 470.000000  0.011157
 471.000000  0.012890
 472.000000  0.011841
 473.000000  0.010449
 474.000000  0.011890
 475.000000  0.013696
 476.000000  0.012207
 477.000000  0.011694
 478.000000  0.012158
 479.000000  0.014038
 480.000000  0.012207
 481.000000  0.014526
 482.000000  0.012207
 483.000000  0.012134
 484.000000  0.012207
 485.000000  0.014648
 486.000000  0.012231
 487.000000  0.012158
 488.000000  0.012231
 489.000000  0.012207
 490.000000  0.012671
 491.000000  0.014672
 492.000000  0.012988
 493.000000  0.014648
 494.000000  0.013623
 495.000000  0.014770
 496.000000  0.013477
 497.000000  0.012256
 498.000000  0.013428
 499.000000  0.015161
 500.000000  0.013916
 501.000000  0.014892
 502.000000  0.014062
 503.000000  0.015551
 504.000000  0.014648
 505.000000  0.016674
 506.000000  0.014624
 507.000000  0.014478
 508.000000  0.014648
 509.000000  0.014575
 510.000000  0.014722
 511.000000  0.017089
 512.000000  0.014697
 513.000000  0.014819
 514.000000  0.014722
 515.000000  0.014673
 516.000000  0.015015
 517.000000  0.014697
 518.000000  0.015503
 519.000000  0.014673
 520.000000  0.015283
 521.000000  0.014917
 522.000000  0.016455
 523.000000  0.017553
 524.000000  0.015649
 525.000000  0.017480
 526.000000  0.016846
 527.000000  0.018042
 528.000000  0.016846
 529.000000  0.018286
 530.000000  0.016992
 531.000000  0.019287
 532.000000  0.017334
 533.000000  0.016406
 534.000000  0.016724
 535.000000  0.016479
 536.000000  0.018921
 537.000000  0.019799
 538.000000  0.017212
 539.000000  0.019360
 540.000000  0.018457
 541.000000  0.019507
 542.000000  0.019385
 543.000000  0.017163
 544.000000  0.017749
 545.000000  0.019653
 546.000000  0.022095
 547.000000  0.020214
 548.000000  0.018970
 549.000000  0.022045
 550.000000  0.027393
 551.000000  0.027026
 552.000000  0.019507
 553.000000  0.019507
 554.000000  0.026196
 555.000000  0.036646
 556.000000  0.027319
 557.000000  0.022802
 558.000000  0.026929
 559.000000  0.077563
 560.000000  0.122925
 561.000000  0.034595
 562.000000  0.022290
 563.000000  0.031860
 564.000000  0.077148
 565.000000  0.080981
 566.000000  0.025977
 567.000000  0.024414
 568.000000  0.038892
 569.000000  0.095825
 570.000000  0.070337
 571.000000  0.025415
 572.000000  0.022949
 573.000000  0.034228
 574.000000  0.053662
 575.000000  0.038427
 576.000000  0.022778
 577.000000  0.024414
 578.000000  0.029297
 579.000000  0.043286
 580.000000  0.031738
 581.000000  0.026636
 582.000000  0.033887
 583.000000  0.127758
 584.000000  0.414502
 585.000000  0.177490
 586.000000  0.028613
 587.000000  0.026928
 588.000000  0.034570
 589.000000  0.043286
 590.000000  0.026929
 591.000000  0.024292
 592.000000  0.023804
 593.000000  0.026685
 594.000000  0.023828
 595.000000  0.021972
 596.000000  0.019653
 597.000000  0.023437
 598.000000  0.023193
 599.000000  0.023925
 600.000000  0.021875
 601.000000  0.024414
 602.000000  0.021973
 603.000000  0.022094
 604.000000  0.019556
 605.000000  0.021728
 606.000000  0.018970
 607.000000  0.021777
 608.000000  0.019531
 609.000000  0.019531
 610.000000  0.017187
 611.000000  0.019531
 612.000000  0.020605
 613.000000  0.019531
 614.000000  0.019531
 615.000000  0.019531
 616.000000  0.017090
 617.000000  0.017090
 618.000000  0.017090
 619.000000  0.017163
 620.000000  0.016919
 621.000000  0.018188
 622.000000  0.017090
 623.000000  0.017114
 624.000000  0.018994
 625.000000  0.017089
 626.000000  0.016431
 627.000000  0.017089
 628.000000  0.015186
 629.000000  0.017089
 630.000000  0.014770
 631.000000  0.017089
 632.000000  0.014770
 633.000000  0.017065
 634.000000  0.014673
 635.000000  0.017089
 636.000000  0.014648
 637.000000  0.014600
 638.000000  0.014648
 639.000000  0.016479
 640.000000  0.014648
 641.000000  0.016796
 642.000000  0.014648
 643.000000  0.014136
 644.000000  0.017089
 645.000000  0.016040
 646.000000  0.017065
 647.000000  0.015014
 648.000000  0.013867
 649.000000  0.012476
 650.000000  0.013574
 651.000000  0.012280
 652.000000  0.013599
 653.000000  0.012256
 654.000000  0.012646
 655.000000  0.014672
 656.000000  0.012622
 657.000000  0.014648
 658.000000  0.012305
 659.000000  0.012134
 660.000000  0.012256
 661.000000  0.014648
 662.000000  0.012207
 663.000000  0.014648
 664.000000  0.014648
 665.000000  0.014599
 666.000000  0.014648
 667.000000  0.014282
 668.000000  0.012183
 669.000000  0.011426
 670.000000  0.011987
 671.000000  0.011279
 672.000000  0.011890
 673.000000  0.013354
 674.000000  0.014404
 675.000000  0.013354
 676.000000  0.011304
 677.000000  0.012597
 678.000000  0.010986
 679.000000  0.012695
 680.000000  0.010986
 681.000000  0.010107
 682.000000  0.010962
 683.000000  0.012475
 684.000000  0.010864
 685.000000  0.012597
 686.000000  0.010474
 687.000000  0.009814
 688.000000  0.012622
 689.000000  0.009863
 690.000000  0.012963
 691.000000  0.012182
 692.000000  0.010181
 693.000000  0.012231
 694.000000  0.010010
 695.000000  0.012133
 696.000000  0.012329
 697.000000  0.012133
 698.000000  0.009814
 699.000000  0.011889
 700.000000  0.009741
 701.000000  0.009644
 702.000000  0.009814
 703.000000  0.009619
 704.000000  0.012207
 705.000000  0.011743
 706.000000  0.009741
 707.000000  0.009326
 708.000000  0.009741
 709.000000  0.011669
 710.000000  0.009692
 711.000000  0.011572
 712.000000  0.009766
 713.000000  0.011792
 714.000000  0.009766
 715.000000  0.011645
 716.000000  0.009766
 717.000000  0.011401
 718.000000  0.009766
 719.000000  0.011035
 720.000000  0.009668
 721.000000  0.010717
 722.000000  0.009595
 723.000000  0.010498
 724.000000  0.009717
 725.000000  0.010669
 726.000000  0.009717
 727.000000  0.010253
 728.000000  0.009253
 729.000000  0.007666
 730.000000  0.009351
 731.000000  0.010180
 732.000000  0.009131
 733.000000  0.010058
 734.000000  0.011962
 735.000000  0.010107
 736.000000  0.008936
 737.000000  0.010034
 738.000000  0.009155
 739.000000  0.009936
 740.000000  0.009180
 741.000000  0.009912
 742.000000  0.008984
 743.000000  0.007397
 744.000000  0.008374
 745.000000  0.009838
 746.000000  0.008105
 747.000000  0.007324
 748.000000  0.008276
 749.000000  0.009790
 750.000000  0.008081
 751.000000  0.009765
 752.000000  0.010131
 753.000000  0.009765
 754.000000  0.007983
 755.000000  0.009790
 756.000000  0.008008
 757.000000  0.009765
 758.000000  0.007715
 759.000000  0.007324
 760.000000  0.007739
 761.000000  0.009765
 762.000000  0.007544
 763.000000  0.009765
 764.000000  0.007544
 765.000000  0.009765
 766.000000  0.007593
 767.000000  0.007324
 768.000000  0.007471
 769.000000  0.009765
 770.000000  0.007495
 771.000000  0.009765
 772.000000  0.007422
 773.000000  0.009765
 774.000000  0.009790
 775.000000  0.009741
 776.000000  0.009838
 777.000000  0.009741
 778.000000  0.007349
 779.000000  0.007324
 780.000000  0.007324
 781.000000  0.007324
 782.000000  0.009765
 783.000000  0.009765
 784.000000  0.007349
 785.000000  0.009765
 786.000000  0.007349
 787.000000  0.009716
 788.000000  0.009765
 789.000000  0.009741
 790.000000  0.007324
 791.000000  0.009765
 792.000000  0.007324
 793.000000  0.009765
 794.000000  0.007324
 795.000000  0.009765
 796.000000  0.007324
 797.000000  0.009741
 798.000000  0.007324
 799.000000  0.009716
 800.000000  0.007324
 801.000000  0.009692
 802.000000  0.009765
 803.000000  0.009765
 804.000000  0.007324
 805.000000  0.009765
 806.000000  0.007324
 807.000000  0.009668
 808.000000  0.009790
 809.000000  0.007227
 810.000000  0.007324
 811.000000  0.007129
 812.000000  0.007324
 813.000000  0.007104
 814.000000  0.007324
 815.000000  0.009497
 816.000000  0.007324
 817.000000  0.009448
 818.000000  0.007324
 819.000000  0.009497
 820.000000  0.007324
 821.000000  0.009521
 822.000000  0.007324
 823.000000  0.009570
 824.000000  0.009741
 825.000000  0.009472
 826.000000  0.007349
 827.000000  0.009252
 828.000000  0.007422
 829.000000  0.009375
 830.000000  0.007324
 831.000000  0.009204
 832.000000  0.007275
 833.000000  0.009301
 834.000000  0.007227
 835.000000  0.009130
 836.000000  0.009814
 837.000000  0.009130
 838.000000  0.007251
 839.000000  0.009350
 840.000000  0.007324
 841.000000  0.008935
 842.000000  0.009790
 843.000000  0.009252
 844.000000  0.007349
 845.000000  0.006836
 846.000000  0.009716
 847.000000  0.009277
 848.000000  0.007275
 849.000000  0.009106
 850.000000  0.007251
 851.000000  0.009155
 852.000000  0.007300
 853.000000  0.006836
 854.000000  0.009692
 855.000000  0.009252
 856.000000  0.007275
 857.000000  0.006543
 858.000000  0.007275
 859.000000  0.006348
 860.000000  0.009668
 861.000000  0.008862
 862.000000  0.007251
 863.000000  0.006665
 864.000000  0.007324
 865.000000  0.009155
 866.000000  0.009765
 867.000000  0.006860
 868.000000  0.007300
 869.000000  0.008960
 870.000000  0.007300
 871.000000  0.008960
 872.000000  0.007324
 873.000000  0.009106
 874.000000  0.007300
 875.000000  0.009106
 876.000000  0.007324
 877.000000  0.006714
 878.000000  0.007251
 879.000000  0.006396
 880.000000  0.007324
 881.000000  0.009008
 882.000000  0.007300
 883.000000  0.009008
 884.000000  0.007275
 885.000000  0.008837
 886.000000  0.007275
 887.000000  0.006348
 888.000000  0.007349
 889.000000  0.008886
 890.000000  0.007324
 891.000000  0.009057
 892.000000  0.007324
 893.000000  0.009082
 894.000000  0.007324
 895.000000  0.008935
 896.000000  0.007300
 897.000000  0.008935
 898.000000  0.007275
 899.000000  0.009057
 900.000000  0.007324
 901.000000  0.008935
 902.000000  0.009741
 903.000000  0.008740
 904.000000  0.007300
 905.000000  0.008642
 906.000000  0.009741
 907.000000  0.008618
 908.000000  0.009716
 909.000000  0.008911
 910.000000  0.007300
 911.000000  0.008862
 912.000000  0.007324
 913.000000  0.008398
 914.000000  0.007251
 915.000000  0.008789
 916.000000  0.007275
 917.000000  0.008960
 918.000000  0.009765
 919.000000  0.008471
 920.000000  0.009741
 921.000000  0.008520
 922.000000  0.007324
 923.000000  0.008374
 924.000000  0.007300
 925.000000  0.008544
 926.000000  0.007324
 927.000000  0.008691
 928.000000  0.007300
 929.000000  0.008642
 930.000000  0.007324
 931.000000  0.008618
 932.000000  0.007300
 933.000000  0.008886
 934.000000  0.007324
 935.000000  0.008593
 936.000000  0.007324
 937.000000  0.008691
 938.000000  0.007324
 939.000000  0.008593
 940.000000  0.007324
 941.000000  0.008593
 942.000000  0.007324
 943.000000  0.008544
 944.000000  0.007300
 945.000000  0.006177
 946.000000  0.009741
 947.000000  0.008886
 948.000000  0.007324
 949.000000  0.008886
 950.000000  0.009765
 951.000000  0.008715
 952.000000  0.007300
 953.000000  0.008667
 954.000000  0.007300
 955.000000  0.008349
 956.000000  0.007324
 957.000000  0.008691
 958.000000  0.007324
 959.000000  0.006201
 960.000000  0.007324
 961.000000  0.006128
 962.000000  0.009741
 963.000000  0.005933
 964.000000  0.007324
 965.000000  0.008740
 966.000000  0.007275
 967.000000  0.008862
 968.000000  0.007324
 969.000000  0.008740
 970.000000  0.009765
 971.000000  0.008715
 972.000000  0.007300
 973.000000  0.008569
 974.000000  0.007275
 975.000000  0.008569
 976.000000  0.007251
 977.000000  0.008886
 978.000000  0.007300
 979.000000  0.008520
 980.000000  0.007275
 981.000000  0.008642
 982.000000  0.007080
 983.000000  0.006250
 984.000000  0.007129
 985.000000  0.008740
 986.000000  0.007153
 987.000000  0.008691
 988.000000  0.009668
 989.000000  0.008544
 990.000000  0.007007
 991.000000  0.008471
 992.000000  0.007178
 993.000000  0.008593
 994.000000  0.007104
 995.000000  0.008471
 996.000000  0.006811
 997.000000  0.008642
 998.000000  0.009350
 999.000000  0.008398
 1000.000000  0.009448
 1001.000000  0.008422
 1002.000000  0.007153
 1003.000000  0.008398
 1004.000000  0.007104
 1005.000000  0.008642
 1006.000000  0.007104
 1007.000000  0.008471
 1008.000000  0.007031
 1009.000000  0.008422
 1010.000000  0.007129
 1011.000000  0.008496
 1012.000000  0.007056
 1013.000000  0.008398
 1014.000000  0.007056
 1015.000000  0.008691
 1016.000000  0.007153
 1017.000000  0.008569
 1018.000000  0.007056
 1019.000000  0.008300
 1020.000000  0.007056
 1021.000000  0.008007
 1022.000000  0.007104
 1023.000000  0.008544
