 0.000000  0.007349
 1.000000  0.007300
 2.000000  0.007324
 3.000000  0.007300
 4.000000  0.007422
 5.000000  0.007324
 6.000000  0.007397
 7.000000  0.007300
 8.000000  0.007324
 9.000000  0.007324
 10.000000  0.007324
 11.000000  0.007300
 12.000000  0.007397
 13.000000  0.007324
 14.000000  0.007324
 15.000000  0.007300
 16.000000  0.007349
 17.000000  0.007324
 18.000000  0.007324
 19.000000  0.007324
 20.000000  0.007324
 21.000000  0.007324
 22.000000  0.007324
 23.000000  0.007300
 24.000000  0.007373
 25.000000  0.007275
 26.000000  0.007495
 27.000000  0.009765
 28.000000  0.007324
 29.000000  0.007324
 30.000000  0.007324
 31.000000  0.007300
 32.000000  0.007397
 33.000000  0.007300
 34.000000  0.007324
 35.000000  0.007324
 36.000000  0.007349
 37.000000  0.007324
 38.000000  0.007349
 39.000000  0.009765
 40.000000  0.007324
 41.000000  0.007324
 42.000000  0.007324
 43.000000  0.007324
 44.000000  0.007324
 45.000000  0.007300
 46.000000  0.007349
 47.000000  0.007275
 48.000000  0.007349
 49.000000  0.007324
 50.000000  0.007324
 51.000000  0.007324
 52.000000  0.007324
 53.000000  0.007324
 54.000000  0.007373
 55.000000  0.007324
 56.000000  0.007349
 57.000000  0.007324
 58.000000  0.007373
 59.000000  0.009765
 60.000000  0.007373
 61.000000  0.009716
 62.000000  0.007324
 63.000000  0.007324
 64.000000  0.007324
 65.000000  0.007324
 66.000000  0.007324
 67.000000  0.009741
 68.000000  0.007349
 69.000000  0.007300
 70.000000  0.007324
 71.000000  0.007324
 72.000000  0.007324
 73.000000  0.007324
 74.000000  0.007397
 75.000000  0.007324
 76.000000  0.007373
 77.000000  0.007324
 78.000000  0.007349
 79.000000  0.007300
 80.000000  0.007349
 81.000000  0.007300
 82.000000  0.007373
 83.000000  0.007300
 84.000000  0.007373
 85.000000  0.007324
 86.000000  0.007324
 87.000000  0.007324
 88.000000  0.007397
 89.000000  0.007300
 90.000000  0.007397
 91.000000  0.007324
 92.000000  0.007349
 93.000000  0.007251
 94.000000  0.007324
 95.000000  0.007227
 96.000000  0.007349
 97.000000  0.007300
 98.000000  0.007446
 99.000000  0.007519
 100.000000  0.007544
 101.000000  0.009765
 102.000000  0.007422
 103.000000  0.009765
 104.000000  0.007373
 105.000000  0.007031
 106.000000  0.007617
 107.000000  0.007227
 108.000000  0.007666
 109.000000  0.009619
 110.000000  0.007764
 111.000000  0.007153
 112.000000  0.007666
 113.000000  0.007227
 114.000000  0.007495
 115.000000  0.007251
 116.000000  0.007568
 117.000000  0.007275
 118.000000  0.007495
 119.000000  0.007202
 120.000000  0.007642
 121.000000  0.007324
 122.000000  0.007690
 123.000000  0.007275
 124.000000  0.007544
 125.000000  0.007275
 126.000000  0.007519
 127.000000  0.009741
 128.000000  0.007471
 129.000000  0.007251
 130.000000  0.007666
 131.000000  0.009716
 132.000000  0.007519
 133.000000  0.007349
 134.000000  0.007690
 135.000000  0.009765
 136.000000  0.007422
 137.000000  0.007275
 138.000000  0.007397
 139.000000  0.007324
 140.000000  0.007471
 141.000000  0.007324
 142.000000  0.007471
 143.000000  0.007324
 144.000000  0.007446
 145.000000  0.009790
 146.000000  0.007446
 147.000000  0.007324
 148.000000  0.007397
 149.000000  0.009790
 150.000000  0.007397
 151.000000  0.007275
 152.000000  0.007422
 153.000000  0.007300
 154.000000  0.007422
 155.000000  0.007300
 156.000000  0.007373
 157.000000  0.009765
 158.000000  0.007519
 159.000000  0.007300
 160.000000  0.007446
 161.000000  0.007324
 162.000000  0.007324
 163.000000  0.007300
 164.000000  0.007324
 165.000000  0.007324
 166.000000  0.007349
 167.000000  0.007324
 168.000000  0.007373
 169.000000  0.009765
 170.000000  0.007422
 171.000000  0.007324
 172.000000  0.007349
 173.000000  0.007324
 174.000000  0.007422
 175.000000  0.007300
 176.000000  0.007324
 177.000000  0.007275
 178.000000  0.007349
 179.000000  0.009741
 180.000000  0.007397
 181.000000  0.007324
 182.000000  0.007349
 183.000000  0.007324
 184.000000  0.007373
 185.000000  0.007324
 186.000000  0.007471
 187.000000  0.007324
 188.000000  0.007397
 189.000000  0.007324
 190.000000  0.007349
 191.000000  0.007324
 192.000000  0.007349
 193.000000  0.007324
 194.000000  0.007373
 195.000000  0.007324
 196.000000  0.009790
 197.000000  0.007324
 198.000000  0.007324
 199.000000  0.009765
 200.000000  0.007349
 201.000000  0.009741
 202.000000  0.007349
 203.000000  0.007324
 204.000000  0.007349
 205.000000  0.007300
 206.000000  0.007324
 207.000000  0.007324
 208.000000  0.007397
 209.000000  0.009741
 210.000000  0.007373
 211.000000  0.007324
 212.000000  0.007373
 213.000000  0.009741
 214.000000  0.007373
 215.000000  0.007324
 216.000000  0.007324
 217.000000  0.007324
 218.000000  0.007373
 219.000000  0.009765
 220.000000  0.007373
 221.000000  0.007324
 222.000000  0.007324
 223.000000  0.007300
 224.000000  0.007422
 225.000000  0.007300
 226.000000  0.007397
 227.000000  0.009692
 228.000000  0.007397
 229.000000  0.009741
 230.000000  0.007373
 231.000000  0.007324
 232.000000  0.007349
 233.000000  0.009741
 234.000000  0.007349
 235.000000  0.007324
 236.000000  0.007397
 237.000000  0.007324
 238.000000  0.007422
 239.000000  0.009765
 240.000000  0.007446
 241.000000  0.007324
 242.000000  0.007446
 243.000000  0.009765
 244.000000  0.007495
 245.000000  0.007324
 246.000000  0.007422
 247.000000  0.007324
 248.000000  0.007471
 249.000000  0.007324
 250.000000  0.007446
 251.000000  0.007324
 252.000000  0.007446
 253.000000  0.007300
 254.000000  0.007373
 255.000000  0.009643
 256.000000  0.007471
 257.000000  0.007275
 258.000000  0.007617
 259.000000  0.007251
 260.000000  0.007690
 261.000000  0.007446
 262.000000  0.007544
 263.000000  0.009692
 264.000000  0.007715
 265.000000  0.009716
 266.000000  0.007739
 267.000000  0.009692
 268.000000  0.007666
 269.000000  0.009838
 270.000000  0.007837
 271.000000  0.007275
 272.000000  0.007886
 273.000000  0.007373
 274.000000  0.007959
 275.000000  0.009863
 276.000000  0.007788
 277.000000  0.009716
 278.000000  0.007739
 279.000000  0.007324
 280.000000  0.007959
 281.000000  0.009863
 282.000000  0.007959
 283.000000  0.009814
 284.000000  0.008154
 285.000000  0.007422
 286.000000  0.007861
 287.000000  0.007397
 288.000000  0.007837
 289.000000  0.009790
 290.000000  0.007764
 291.000000  0.007373
 292.000000  0.007886
 293.000000  0.007373
 294.000000  0.007935
 295.000000  0.009790
 296.000000  0.008008
 297.000000  0.009765
 298.000000  0.008057
 299.000000  0.009790
 300.000000  0.007788
 301.000000  0.007349
 302.000000  0.007959
 303.000000  0.009765
 304.000000  0.008276
 305.000000  0.007373
 306.000000  0.007935
 307.000000  0.009765
 308.000000  0.008179
 309.000000  0.009765
 310.000000  0.008325
 311.000000  0.007373
 312.000000  0.008057
 313.000000  0.007324
 314.000000  0.008154
 315.000000  0.009765
 316.000000  0.008423
 317.000000  0.007349
 318.000000  0.008227
 319.000000  0.007373
 320.000000  0.008301
 321.000000  0.009838
 322.000000  0.008154
 323.000000  0.009790
 324.000000  0.008105
 325.000000  0.007324
 326.000000  0.008130
 327.000000  0.007349
 328.000000  0.008374
 329.000000  0.009765
 330.000000  0.008496
 331.000000  0.009790
 332.000000  0.008765
 333.000000  0.009790
 334.000000  0.008374
 335.000000  0.009814
 336.000000  0.008374
 337.000000  0.007373
 338.000000  0.008813
 339.000000  0.007349
 340.000000  0.008887
 341.000000  0.009814
 342.000000  0.011303
 343.000000  0.009765
 344.000000  0.008765
 345.000000  0.009814
 346.000000  0.009033
 347.000000  0.007349
 348.000000  0.008667
 349.000000  0.009814
 350.000000  0.009082
 351.000000  0.009863
 352.000000  0.009131
 353.000000  0.009838
 354.000000  0.009228
 355.000000  0.007446
 356.000000  0.009009
 357.000000  0.007471
 358.000000  0.009326
 359.000000  0.009887
 360.000000  0.009473
 361.000000  0.007495
 362.000000  0.009228
 363.000000  0.009912
 364.000000  0.009106
 365.000000  0.007544
 366.000000  0.009546
 367.000000  0.007568
 368.000000  0.009277
 369.000000  0.007764
 370.000000  0.009521
 371.000000  0.010302
 372.000000  0.009424
 373.000000  0.010180
 374.000000  0.009692
 375.000000  0.010278
 376.000000  0.009619
 377.000000  0.007886
 378.000000  0.009692
 379.000000  0.008203
 380.000000  0.009741
 381.000000  0.010839
 382.000000  0.009692
 383.000000  0.008252
 384.000000  0.009644
 385.000000  0.008423
 386.000000  0.009692
 387.000000  0.010766
 388.000000  0.009546
 389.000000  0.010913
 390.000000  0.009766
 391.000000  0.011108
 392.000000  0.009717
 393.000000  0.008447
 394.000000  0.009741
 395.000000  0.008838
 396.000000  0.009692
 397.000000  0.009009
 398.000000  0.009741
 399.000000  0.008984
 400.000000  0.009766
 401.000000  0.011816
 402.000000  0.009766
 403.000000  0.009277
 404.000000  0.009766
 405.000000  0.009399
 406.000000  0.009766
 407.000000  0.009473
 408.000000  0.009766
 409.000000  0.011694
 410.000000  0.009790
 411.000000  0.011889
 412.000000  0.010059
 413.000000  0.009595
 414.000000  0.009863
 415.000000  0.011987
 416.000000  0.009766
 417.000000  0.009155
 418.000000  0.009790
 419.000000  0.009619
 420.000000  0.009912
 421.000000  0.009448
 422.000000  0.009888
 423.000000  0.009668
 424.000000  0.009912
 425.000000  0.012011
 426.000000  0.010010
 427.000000  0.012109
 428.000000  0.010034
 429.000000  0.012085
 430.000000  0.009863
 431.000000  0.012158
 432.000000  0.010181
 433.000000  0.009790
 434.000000  0.010107
 435.000000  0.012280
 436.000000  0.010205
 437.000000  0.012280
 438.000000  0.010303
 439.000000  0.012304
 440.000000  0.010376
 441.000000  0.012280
 442.000000  0.010400
 443.000000  0.012280
 444.000000  0.011060
 445.000000  0.012744
 446.000000  0.011304
 447.000000  0.010303
 448.000000  0.011328
 449.000000  0.012890
 450.000000  0.011572
 451.000000  0.013281
 452.000000  0.011816
 453.000000  0.013378
 454.000000  0.011865
 455.000000  0.013769
 456.000000  0.012134
 457.000000  0.014306
 458.000000  0.012207
 459.000000  0.014453
 460.000000  0.012231
 461.000000  0.014599
 462.000000  0.012231
 463.000000  0.014550
 464.000000  0.012329
 465.000000  0.014648
 466.000000  0.012622
 467.000000  0.012207
 468.000000  0.012451
 469.000000  0.012231
 470.000000  0.012939
 471.000000  0.014648
 472.000000  0.013061
 473.000000  0.012207
 474.000000  0.013428
 475.000000  0.014794
 476.000000  0.014160
 477.000000  0.012598
 478.000000  0.014282
 479.000000  0.015429
 480.000000  0.014624
 481.000000  0.016113
 482.000000  0.014648
 483.000000  0.014355
 484.000000  0.014648
 485.000000  0.017016
 486.000000  0.014648
 487.000000  0.014575
 488.000000  0.014648
 489.000000  0.014624
 490.000000  0.014648
 491.000000  0.017089
 492.000000  0.014722
 493.000000  0.017089
 494.000000  0.015186
 495.000000  0.017089
 496.000000  0.015552
 497.000000  0.014673
 498.000000  0.016113
 499.000000  0.017236
 500.000000  0.016699
 501.000000  0.017358
 502.000000  0.016968
 503.000000  0.018359
 504.000000  0.017090
 505.000000  0.018505
 506.000000  0.017065
 507.000000  0.016919
 508.000000  0.017114
 509.000000  0.016846
 510.000000  0.017090
 511.000000  0.019531
 512.000000  0.017212
 513.000000  0.017090
 514.000000  0.017261
 515.000000  0.017090
 516.000000  0.018384
 517.000000  0.017212
 518.000000  0.019141
 519.000000  0.017725
 520.000000  0.019507
 521.000000  0.018994
 522.000000  0.019507
 523.000000  0.021606
 524.000000  0.019531
 525.000000  0.021923
 526.000000  0.019653
 527.000000  0.021972
 528.000000  0.019531
 529.000000  0.022021
 530.000000  0.020825
 531.000000  0.022119
 532.000000  0.020386
 533.000000  0.019580
 534.000000  0.021460
 535.000000  0.020581
 536.000000  0.021973
 537.000000  0.022607
 538.000000  0.021973
 539.000000  0.024414
 540.000000  0.022070
 541.000000  0.021973
 542.000000  0.021973
 543.000000  0.021973
 544.000000  0.023389
 545.000000  0.022266
 546.000000  0.024414
 547.000000  0.025048
 548.000000  0.024414
 549.000000  0.026855
 550.000000  0.024414
 551.000000  0.026513
 552.000000  0.024414
 553.000000  0.024536
 554.000000  0.026538
 555.000000  0.024512
 556.000000  0.025488
 557.000000  0.027026
 558.000000  0.026880
 559.000000  0.029174
 560.000000  0.026880
 561.000000  0.026636
 562.000000  0.027100
 563.000000  0.030957
 564.000000  0.029077
 565.000000  0.029956
 566.000000  0.027441
 567.000000  0.031420
 568.000000  0.031543
 569.000000  0.032275
 570.000000  0.029419
 571.000000  0.031372
 572.000000  0.032349
 573.000000  0.035644
 574.000000  0.033545
 575.000000  0.032836
 576.000000  0.031836
 577.000000  0.037353
 578.000000  0.036670
 579.000000  0.037963
 580.000000  0.032666
 581.000000  0.035522
 582.000000  0.041553
 583.000000  0.045727
 584.000000  0.041260
 585.000000  0.038354
 586.000000  0.047437
 587.000000  0.061938
 588.000000  0.067798
 589.000000  0.050098
 590.000000  0.041895
 591.000000  0.062207
 592.000000  0.131104
 593.000000  0.225244
 594.000000  0.080127
 595.000000  0.055371
 596.000000  0.091943
 597.000000  0.132251
 598.000000  0.131372
 599.000000  0.062548
 600.000000  0.087305
 601.000000  0.170825
 602.000000  0.153247
 603.000000  0.137793
 604.000000  0.057861
 605.000000  0.097046
 606.000000  0.262378
 607.000000  0.726001
 608.000000  0.374512
 609.000000  0.089282
 610.000000  0.175342
 611.000000  0.520483
 612.000000  1.140796
 613.000000  0.375781
 614.000000  0.070654
 615.000000  0.074731
 616.000000  0.077905
 617.000000  0.085962
 618.000000  0.042212
 619.000000  0.039306
 620.000000  0.040405
 621.000000  0.040625
 622.000000  0.038232
 623.000000  0.036084
 624.000000  0.036767
 625.000000  0.037304
 626.000000  0.035034
 627.000000  0.035034
 628.000000  0.030859
 629.000000  0.033300
 630.000000  0.031860
 631.000000  0.033178
 632.000000  0.029541
 633.000000  0.031738
 634.000000  0.031152
 635.000000  0.031811
 636.000000  0.030249
 637.000000  0.027686
 638.000000  0.029126
 639.000000  0.031420
 640.000000  0.029321
 641.000000  0.030517
 642.000000  0.027637
 643.000000  0.026929
 644.000000  0.029760
 645.000000  0.029296
 646.000000  0.029296
 647.000000  0.027856
 648.000000  0.026855
 649.000000  0.026709
 650.000000  0.026660
 651.000000  0.024487
 652.000000  0.024927
 653.000000  0.024561
 654.000000  0.025122
 655.000000  0.026855
 656.000000  0.024414
 657.000000  0.026586
 658.000000  0.024414
 659.000000  0.022681
 660.000000  0.024365
 661.000000  0.024560
 662.000000  0.022534
 663.000000  0.024487
 664.000000  0.024438
 665.000000  0.024389
 666.000000  0.024414
 667.000000  0.024365
 668.000000  0.021973
 669.000000  0.021387
 670.000000  0.021802
 671.000000  0.021436
 672.000000  0.021899
 673.000000  0.022900
 674.000000  0.024194
 675.000000  0.022045
 676.000000  0.020874
 677.000000  0.021972
 678.000000  0.019556
 679.000000  0.021972
 680.000000  0.019531
 681.000000  0.019287
 682.000000  0.019531
 683.000000  0.021191
 684.000000  0.019434
 685.000000  0.020361
 686.000000  0.019214
 687.000000  0.017187
 688.000000  0.021313
 689.000000  0.017090
 690.000000  0.020581
 691.000000  0.019531
 692.000000  0.017212
 693.000000  0.019506
 694.000000  0.017114
 695.000000  0.019458
 696.000000  0.019531
 697.000000  0.019335
 698.000000  0.017090
 699.000000  0.018286
 700.000000  0.016943
 701.000000  0.015454
 702.000000  0.016455
 703.000000  0.014770
 704.000000  0.017968
 705.000000  0.017089
 706.000000  0.015942
 707.000000  0.014673
 708.000000  0.015552
 709.000000  0.017089
 710.000000  0.014844
 711.000000  0.017089
 712.000000  0.015015
 713.000000  0.017065
 714.000000  0.014697
 715.000000  0.016992
 716.000000  0.014648
 717.000000  0.016723
 718.000000  0.014648
 719.000000  0.016626
 720.000000  0.014600
 721.000000  0.016186
 722.000000  0.014526
 723.000000  0.015649
 724.000000  0.014380
 725.000000  0.015454
 726.000000  0.013843
 727.000000  0.014990
 728.000000  0.013477
 729.000000  0.012280
 730.000000  0.012671
 731.000000  0.014672
 732.000000  0.012988
 733.000000  0.014672
 734.000000  0.015161
 735.000000  0.014648
 736.000000  0.012622
 737.000000  0.014575
 738.000000  0.012280
 739.000000  0.014404
 740.000000  0.012231
 741.000000  0.014306
 742.000000  0.012183
 743.000000  0.011597
 744.000000  0.012109
 745.000000  0.014111
 746.000000  0.012012
 747.000000  0.011401
 748.000000  0.012012
 749.000000  0.013574
 750.000000  0.011597
 751.000000  0.013085
 752.000000  0.013696
 753.000000  0.012866
 754.000000  0.011450
 755.000000  0.012597
 756.000000  0.011426
 757.000000  0.012402
 758.000000  0.011206
 759.000000  0.010205
 760.000000  0.010791
 761.000000  0.012280
 762.000000  0.010059
 763.000000  0.012207
 764.000000  0.010059
 765.000000  0.012207
 766.000000  0.009961
 767.000000  0.009790
 768.000000  0.010059
 769.000000  0.012207
 770.000000  0.009814
 771.000000  0.012207
 772.000000  0.009766
 773.000000  0.012158
 774.000000  0.012207
 775.000000  0.012060
 776.000000  0.012207
 777.000000  0.011816
 778.000000  0.009766
 779.000000  0.009521
 780.000000  0.009766
 781.000000  0.009448
 782.000000  0.012207
 783.000000  0.012085
 784.000000  0.009766
 785.000000  0.011547
 786.000000  0.009766
 787.000000  0.011474
 788.000000  0.012109
 789.000000  0.010913
 790.000000  0.009717
 791.000000  0.011303
 792.000000  0.009717
 793.000000  0.010913
 794.000000  0.009741
 795.000000  0.011108
 796.000000  0.009644
 797.000000  0.010913
 798.000000  0.009595
 799.000000  0.010620
 800.000000  0.009668
 801.000000  0.010620
 802.000000  0.012109
 803.000000  0.010595
 804.000000  0.009595
 805.000000  0.010766
 806.000000  0.009619
 807.000000  0.010205
 808.000000  0.012036
 809.000000  0.007886
 810.000000  0.009595
 811.000000  0.007593
 812.000000  0.009497
 813.000000  0.007446
 814.000000  0.009277
 815.000000  0.009985
 816.000000  0.009375
 817.000000  0.009838
 818.000000  0.009326
 819.000000  0.009838
 820.000000  0.008740
 821.000000  0.009863
 822.000000  0.008960
 823.000000  0.009838
 824.000000  0.011108
 825.000000  0.009765
 826.000000  0.008520
 827.000000  0.009790
 828.000000  0.008154
 829.000000  0.009765
 830.000000  0.008203
 831.000000  0.009790
 832.000000  0.008130
 833.000000  0.009790
 834.000000  0.008008
 835.000000  0.009765
 836.000000  0.010400
 837.000000  0.009765
 838.000000  0.007935
 839.000000  0.009765
 840.000000  0.008032
 841.000000  0.009790
 842.000000  0.010229
 843.000000  0.009765
 844.000000  0.007739
 845.000000  0.007324
 846.000000  0.010034
 847.000000  0.009765
 848.000000  0.007495
 849.000000  0.009765
 850.000000  0.007544
 851.000000  0.009765
 852.000000  0.007666
 853.000000  0.007324
 854.000000  0.010229
 855.000000  0.009765
 856.000000  0.007471
 857.000000  0.007324
 858.000000  0.007471
 859.000000  0.007324
 860.000000  0.009863
 861.000000  0.009765
 862.000000  0.007373
 863.000000  0.007324
 864.000000  0.007373
 865.000000  0.009765
 866.000000  0.009936
 867.000000  0.007324
 868.000000  0.007495
 869.000000  0.009765
 870.000000  0.007349
 871.000000  0.009765
 872.000000  0.007544
 873.000000  0.009765
 874.000000  0.007324
 875.000000  0.009765
 876.000000  0.007373
 877.000000  0.007324
 878.000000  0.007373
 879.000000  0.007275
 880.000000  0.007373
 881.000000  0.009545
 882.000000  0.007373
 883.000000  0.009643
 884.000000  0.007300
 885.000000  0.009741
 886.000000  0.007788
 887.000000  0.007251
 888.000000  0.007593
 889.000000  0.009741
 890.000000  0.007617
 891.000000  0.009521
 892.000000  0.007544
 893.000000  0.009643
 894.000000  0.007471
 895.000000  0.009594
 896.000000  0.007495
 897.000000  0.009741
 898.000000  0.007349
 899.000000  0.009692
 900.000000  0.007397
 901.000000  0.009570
 902.000000  0.009741
 903.000000  0.009570
 904.000000  0.007397
 905.000000  0.009594
 906.000000  0.009814
 907.000000  0.009570
 908.000000  0.009887
 909.000000  0.009692
 910.000000  0.007373
 911.000000  0.009668
 912.000000  0.007422
 913.000000  0.009643
 914.000000  0.007397
 915.000000  0.009545
 916.000000  0.007349
 917.000000  0.009765
 918.000000  0.009765
 919.000000  0.009619
 920.000000  0.009814
 921.000000  0.009594
 922.000000  0.007422
 923.000000  0.009545
 924.000000  0.007324
 925.000000  0.009545
 926.000000  0.007324
 927.000000  0.009570
 928.000000  0.007349
 929.000000  0.009668
 930.000000  0.007349
 931.000000  0.009692
 932.000000  0.007324
 933.000000  0.009643
 934.000000  0.007324
 935.000000  0.009668
 936.000000  0.007349
 937.000000  0.009472
 938.000000  0.007324
 939.000000  0.009619
 940.000000  0.007300
 941.000000  0.009668
 942.000000  0.007324
 943.000000  0.009692
 944.000000  0.007324
 945.000000  0.007300
 946.000000  0.009765
 947.000000  0.009765
 948.000000  0.007373
 949.000000  0.009668
 950.000000  0.009765
 951.000000  0.009570
 952.000000  0.007324
 953.000000  0.009570
 954.000000  0.007324
 955.000000  0.009643
 956.000000  0.007324
 957.000000  0.009643
 958.000000  0.007324
 959.000000  0.007178
 960.000000  0.007324
 961.000000  0.007031
 962.000000  0.009790
 963.000000  0.007080
 964.000000  0.007324
 965.000000  0.009692
 966.000000  0.007324
 967.000000  0.009643
 968.000000  0.007324
 969.000000  0.009448
 970.000000  0.009765
 971.000000  0.009448
 972.000000  0.007324
 973.000000  0.009423
 974.000000  0.007300
 975.000000  0.009570
 976.000000  0.007324
 977.000000  0.009545
 978.000000  0.007324
 979.000000  0.009570
 980.000000  0.007324
 981.000000  0.009472
 982.000000  0.007324
 983.000000  0.007153
 984.000000  0.007324
 985.000000  0.009545
 986.000000  0.007324
 987.000000  0.009375
 988.000000  0.009765
 989.000000  0.009350
 990.000000  0.007324
 991.000000  0.009350
 992.000000  0.007324
 993.000000  0.009375
 994.000000  0.007324
 995.000000  0.009545
 996.000000  0.007324
 997.000000  0.009643
 998.000000  0.009765
 999.000000  0.009399
 1000.000000  0.009765
 1001.000000  0.009399
 1002.000000  0.007324
 1003.000000  0.009497
 1004.000000  0.007324
 1005.000000  0.009301
 1006.000000  0.007324
 1007.000000  0.009277
 1008.000000  0.007324
 1009.000000  0.009252
 1010.000000  0.007324
 1011.000000  0.009497
 1012.000000  0.007324
 1013.000000  0.009448
 1014.000000  0.007300
 1015.000000  0.009301
 1016.000000  0.007324
 1017.000000  0.009497
 1018.000000  0.007324
 1019.000000  0.009155
 1020.000000  0.007300
 1021.000000  0.009106
 1022.000000  0.007324
 1023.000000  0.009155
