 0.000000  0.007397
 1.000000  0.007275
 2.000000  0.007324
 3.000000  0.007275
 4.000000  0.007349
 5.000000  0.007275
 6.000000  0.007373
 7.000000  0.007300
 8.000000  0.007324
 9.000000  0.007275
 10.000000  0.007324
 11.000000  0.007300
 12.000000  0.007349
 13.000000  0.007300
 14.000000  0.007324
 15.000000  0.007300
 16.000000  0.007324
 17.000000  0.007324
 18.000000  0.007324
 19.000000  0.007300
 20.000000  0.007324
 21.000000  0.007324
 22.000000  0.007349
 23.000000  0.007300
 24.000000  0.007324
 25.000000  0.007202
 26.000000  0.007349
 27.000000  0.009741
 28.000000  0.007324
 29.000000  0.007324
 30.000000  0.007324
 31.000000  0.007324
 32.000000  0.007373
 33.000000  0.007324
 34.000000  0.007349
 35.000000  0.007324
 36.000000  0.007324
 37.000000  0.007324
 38.000000  0.007324
 39.000000  0.009741
 40.000000  0.007324
 41.000000  0.007300
 42.000000  0.007324
 43.000000  0.007324
 44.000000  0.007324
 45.000000  0.007324
 46.000000  0.007349
 47.000000  0.007300
 48.000000  0.007324
 49.000000  0.007324
 50.000000  0.007324
 51.000000  0.007324
 52.000000  0.007324
 53.000000  0.007275
 54.000000  0.007324
 55.000000  0.007251
 56.000000  0.007324
 57.000000  0.007275
 58.000000  0.007349
 59.000000  0.009668
 60.000000  0.007324
 61.000000  0.009765
 62.000000  0.007349
 63.000000  0.007300
 64.000000  0.007324
 65.000000  0.007324
 66.000000  0.007324
 67.000000  0.009716
 68.000000  0.007349
 69.000000  0.007300
 70.000000  0.007324
 71.000000  0.007324
 72.000000  0.007324
 73.000000  0.007275
 74.000000  0.007324
 75.000000  0.007324
 76.000000  0.007373
 77.000000  0.007275
 78.000000  0.007324
 79.000000  0.007275
 80.000000  0.007349
 81.000000  0.007324
 82.000000  0.007324
 83.000000  0.007300
 84.000000  0.007324
 85.000000  0.007324
 86.000000  0.007324
 87.000000  0.007275
 88.000000  0.007349
 89.000000  0.007300
 90.000000  0.007324
 91.000000  0.007300
 92.000000  0.007324
 93.000000  0.007275
 94.000000  0.007349
 95.000000  0.007202
 96.000000  0.007349
 97.000000  0.007275
 98.000000  0.007324
 99.000000  0.007275
 100.000000  0.007324
 101.000000  0.009692
 102.000000  0.007373
 103.000000  0.009668
 104.000000  0.007373
 105.000000  0.007178
 106.000000  0.007373
 107.000000  0.007202
 108.000000  0.007397
 109.000000  0.009716
 110.000000  0.007446
 111.000000  0.007275
 112.000000  0.007422
 113.000000  0.006958
 114.000000  0.007397
 115.000000  0.007056
 116.000000  0.007471
 117.000000  0.006958
 118.000000  0.007544
 119.000000  0.006909
 120.000000  0.007422
 121.000000  0.007031
 122.000000  0.007324
 123.000000  0.007056
 124.000000  0.007422
 125.000000  0.006958
 126.000000  0.007446
 127.000000  0.009545
 128.000000  0.007422
 129.000000  0.007153
 130.000000  0.007397
 131.000000  0.009497
 132.000000  0.007324
 133.000000  0.007202
 134.000000  0.007422
 135.000000  0.009521
 136.000000  0.007349
 137.000000  0.007178
 138.000000  0.007397
 139.000000  0.007129
 140.000000  0.007324
 141.000000  0.007251
 142.000000  0.007373
 143.000000  0.007275
 144.000000  0.007324
 145.000000  0.009619
 146.000000  0.007324
 147.000000  0.007227
 148.000000  0.007324
 149.000000  0.009716
 150.000000  0.007324
 151.000000  0.007178
 152.000000  0.007397
 153.000000  0.007227
 154.000000  0.007349
 155.000000  0.007153
 156.000000  0.007324
 157.000000  0.009692
 158.000000  0.007324
 159.000000  0.007178
 160.000000  0.007349
 161.000000  0.007300
 162.000000  0.007349
 163.000000  0.007227
 164.000000  0.007324
 165.000000  0.007251
 166.000000  0.007349
 167.000000  0.007300
 168.000000  0.007324
 169.000000  0.009545
 170.000000  0.007373
 171.000000  0.007275
 172.000000  0.007324
 173.000000  0.007251
 174.000000  0.007324
 175.000000  0.007202
 176.000000  0.007349
 177.000000  0.007275
 178.000000  0.007324
 179.000000  0.009668
 180.000000  0.007324
 181.000000  0.007227
 182.000000  0.007324
 183.000000  0.007300
 184.000000  0.007324
 185.000000  0.007300
 186.000000  0.007324
 187.000000  0.007227
 188.000000  0.007324
 189.000000  0.007275
 190.000000  0.007324
 191.000000  0.007129
 192.000000  0.007324
 193.000000  0.007300
 194.000000  0.007324
 195.000000  0.007300
 196.000000  0.009765
 197.000000  0.007251
 198.000000  0.007324
 199.000000  0.009692
 200.000000  0.007324
 201.000000  0.009692
 202.000000  0.007324
 203.000000  0.007275
 204.000000  0.007324
 205.000000  0.007275
 206.000000  0.007324
 207.000000  0.007251
 208.000000  0.007324
 209.000000  0.009716
 210.000000  0.007324
 211.000000  0.007227
 212.000000  0.007324
 213.000000  0.009692
 214.000000  0.007324
 215.000000  0.007227
 216.000000  0.007324
 217.000000  0.007275
 218.000000  0.007324
 219.000000  0.009716
 220.000000  0.007324
 221.000000  0.007251
 222.000000  0.007324
 223.000000  0.007227
 224.000000  0.007324
 225.000000  0.007202
 226.000000  0.007324
 227.000000  0.009668
 228.000000  0.007324
 229.000000  0.009619
 230.000000  0.007324
 231.000000  0.007300
 232.000000  0.007349
 233.000000  0.009643
 234.000000  0.007324
 235.000000  0.007300
 236.000000  0.007324
 237.000000  0.007300
 238.000000  0.007324
 239.000000  0.009716
 240.000000  0.007324
 241.000000  0.007275
 242.000000  0.007324
 243.000000  0.009643
 244.000000  0.007324
 245.000000  0.007227
 246.000000  0.007324
 247.000000  0.007324
 248.000000  0.007324
 249.000000  0.007202
 250.000000  0.007324
 251.000000  0.007251
 252.000000  0.007324
 253.000000  0.007300
 254.000000  0.007324
 255.000000  0.009765
 256.000000  0.007349
 257.000000  0.007251
 258.000000  0.007324
 259.000000  0.007227
 260.000000  0.007373
 261.000000  0.007227
 262.000000  0.007324
 263.000000  0.009594
 264.000000  0.007324
 265.000000  0.009594
 266.000000  0.007275
 267.000000  0.009619
 268.000000  0.007275
 269.000000  0.009668
 270.000000  0.007519
 271.000000  0.006958
 272.000000  0.007495
 273.000000  0.007153
 274.000000  0.007617
 275.000000  0.009448
 276.000000  0.007422
 277.000000  0.009619
 278.000000  0.007544
 279.000000  0.007178
 280.000000  0.007519
 281.000000  0.009643
 282.000000  0.007349
 283.000000  0.009448
 284.000000  0.007471
 285.000000  0.007202
 286.000000  0.007397
 287.000000  0.007178
 288.000000  0.007471
 289.000000  0.009668
 290.000000  0.007471
 291.000000  0.007202
 292.000000  0.007519
 293.000000  0.007178
 294.000000  0.007422
 295.000000  0.009643
 296.000000  0.007446
 297.000000  0.009716
 298.000000  0.007446
 299.000000  0.009692
 300.000000  0.007349
 301.000000  0.007300
 302.000000  0.007373
 303.000000  0.009741
 304.000000  0.007373
 305.000000  0.007324
 306.000000  0.007373
 307.000000  0.009716
 308.000000  0.007397
 309.000000  0.009741
 310.000000  0.007373
 311.000000  0.007300
 312.000000  0.007373
 313.000000  0.007324
 314.000000  0.007397
 315.000000  0.009765
 316.000000  0.007373
 317.000000  0.007251
 318.000000  0.007349
 319.000000  0.007251
 320.000000  0.007324
 321.000000  0.009765
 322.000000  0.007324
 323.000000  0.009741
 324.000000  0.007349
 325.000000  0.007324
 326.000000  0.007324
 327.000000  0.007324
 328.000000  0.007349
 329.000000  0.009765
 330.000000  0.007349
 331.000000  0.009765
 332.000000  0.007422
 333.000000  0.009741
 334.000000  0.007373
 335.000000  0.009765
 336.000000  0.007349
 337.000000  0.007300
 338.000000  0.007471
 339.000000  0.007324
 340.000000  0.007373
 341.000000  0.009765
 342.000000  0.009790
 343.000000  0.009741
 344.000000  0.007373
 345.000000  0.009741
 346.000000  0.007471
 347.000000  0.007324
 348.000000  0.007422
 349.000000  0.009741
 350.000000  0.007422
 351.000000  0.009765
 352.000000  0.007397
 353.000000  0.009765
 354.000000  0.007373
 355.000000  0.007324
 356.000000  0.007373
 357.000000  0.007324
 358.000000  0.007422
 359.000000  0.009765
 360.000000  0.007422
 361.000000  0.007324
 362.000000  0.007422
 363.000000  0.009765
 364.000000  0.007373
 365.000000  0.007324
 366.000000  0.007617
 367.000000  0.007324
 368.000000  0.007422
 369.000000  0.007324
 370.000000  0.007495
 371.000000  0.009765
 372.000000  0.007495
 373.000000  0.009765
 374.000000  0.007519
 375.000000  0.009765
 376.000000  0.007495
 377.000000  0.007324
 378.000000  0.007764
 379.000000  0.007324
 380.000000  0.007642
 381.000000  0.009765
 382.000000  0.007739
 383.000000  0.007324
 384.000000  0.007715
 385.000000  0.007324
 386.000000  0.007764
 387.000000  0.009765
 388.000000  0.007617
 389.000000  0.009765
 390.000000  0.007886
 391.000000  0.009765
 392.000000  0.007764
 393.000000  0.007324
 394.000000  0.008057
 395.000000  0.007324
 396.000000  0.008154
 397.000000  0.007324
 398.000000  0.007935
 399.000000  0.007324
 400.000000  0.008179
 401.000000  0.009765
 402.000000  0.007837
 403.000000  0.007349
 404.000000  0.008179
 405.000000  0.007349
 406.000000  0.008130
 407.000000  0.007397
 408.000000  0.008374
 409.000000  0.009814
 410.000000  0.008618
 411.000000  0.009790
 412.000000  0.008545
 413.000000  0.007397
 414.000000  0.008691
 415.000000  0.009814
 416.000000  0.008765
 417.000000  0.007446
 418.000000  0.009009
 419.000000  0.007593
 420.000000  0.009131
 421.000000  0.007544
 422.000000  0.008887
 423.000000  0.007495
 424.000000  0.008936
 425.000000  0.010009
 426.000000  0.008716
 427.000000  0.010156
 428.000000  0.009131
 429.000000  0.010229
 430.000000  0.009082
 431.000000  0.010253
 432.000000  0.009009
 433.000000  0.007764
 434.000000  0.009082
 435.000000  0.010327
 436.000000  0.008960
 437.000000  0.010424
 438.000000  0.009228
 439.000000  0.010522
 440.000000  0.009399
 441.000000  0.010644
 442.000000  0.009473
 443.000000  0.010693
 444.000000  0.009595
 445.000000  0.010546
 446.000000  0.009570
 447.000000  0.008520
 448.000000  0.009399
 449.000000  0.010986
 450.000000  0.009546
 451.000000  0.011206
 452.000000  0.009766
 453.000000  0.011157
 454.000000  0.009741
 455.000000  0.011547
 456.000000  0.009741
 457.000000  0.011352
 458.000000  0.009741
 459.000000  0.011572
 460.000000  0.009766
 461.000000  0.012060
 462.000000  0.009741
 463.000000  0.011962
 464.000000  0.009766
 465.000000  0.012133
 466.000000  0.009766
 467.000000  0.009546
 468.000000  0.009766
 469.000000  0.009619
 470.000000  0.009790
 471.000000  0.012109
 472.000000  0.009790
 473.000000  0.009595
 474.000000  0.009888
 475.000000  0.012207
 476.000000  0.009790
 477.000000  0.009766
 478.000000  0.009814
 479.000000  0.012207
 480.000000  0.009814
 481.000000  0.012207
 482.000000  0.009888
 483.000000  0.009790
 484.000000  0.009936
 485.000000  0.012207
 486.000000  0.009888
 487.000000  0.009766
 488.000000  0.010596
 489.000000  0.009863
 490.000000  0.010449
 491.000000  0.012280
 492.000000  0.010815
 493.000000  0.012622
 494.000000  0.011597
 495.000000  0.012597
 496.000000  0.011499
 497.000000  0.010400
 498.000000  0.011914
 499.000000  0.013037
 500.000000  0.011816
 501.000000  0.013818
 502.000000  0.012207
 503.000000  0.014257
 504.000000  0.012183
 505.000000  0.014306
 506.000000  0.012207
 507.000000  0.012207
 508.000000  0.012231
 509.000000  0.012012
 510.000000  0.012207
 511.000000  0.014648
 512.000000  0.012231
 513.000000  0.012207
 514.000000  0.012231
 515.000000  0.012207
 516.000000  0.012476
 517.000000  0.012207
 518.000000  0.012451
 519.000000  0.012207
 520.000000  0.013477
 521.000000  0.012744
 522.000000  0.013867
 523.000000  0.014648
 524.000000  0.013843
 525.000000  0.015673
 526.000000  0.014575
 527.000000  0.014843
 528.000000  0.014282
 529.000000  0.015795
 530.000000  0.014648
 531.000000  0.016967
 532.000000  0.014648
 533.000000  0.014404
 534.000000  0.014648
 535.000000  0.014648
 536.000000  0.014648
 537.000000  0.016674
 538.000000  0.014648
 539.000000  0.017089
 540.000000  0.016821
 541.000000  0.014648
 542.000000  0.014673
 543.000000  0.014648
 544.000000  0.017090
 545.000000  0.015991
 546.000000  0.014966
 547.000000  0.017089
 548.000000  0.017090
 549.000000  0.019531
 550.000000  0.017065
 551.000000  0.017553
 552.000000  0.016772
 553.000000  0.017285
 554.000000  0.019531
 555.000000  0.017017
 556.000000  0.017041
 557.000000  0.019531
 558.000000  0.021973
 559.000000  0.022705
 560.000000  0.017139
 561.000000  0.017041
 562.000000  0.019531
 563.000000  0.027197
 564.000000  0.021973
 565.000000  0.019531
 566.000000  0.018896
 567.000000  0.025170
 568.000000  0.029492
 569.000000  0.022094
 570.000000  0.019287
 571.000000  0.021997
 572.000000  0.033057
 573.000000  0.036914
 574.000000  0.021606
 575.000000  0.021899
 576.000000  0.026636
 577.000000  0.053686
 578.000000  0.041699
 579.000000  0.023803
 580.000000  0.023413
 581.000000  0.047925
 582.000000  0.107275
 583.000000  0.053979
 584.000000  0.022168
 585.000000  0.024292
 586.000000  0.037109
 587.000000  0.069360
 588.000000  0.044849
 589.000000  0.022021
 590.000000  0.024780
 591.000000  0.056567
 592.000000  0.113208
 593.000000  0.053369
 594.000000  0.023755
 595.000000  0.028027
 596.000000  0.054077
 597.000000  0.080859
 598.000000  0.032349
 599.000000  0.024804
 600.000000  0.027319
 601.000000  0.052124
 602.000000  0.072949
 603.000000  0.035473
 604.000000  0.034668
 605.000000  0.121240
 606.000000  0.599634
 607.000000  0.539502
 608.000000  0.054419
 609.000000  0.027221
 610.000000  0.026733
 611.000000  0.034204
 612.000000  0.029199
 613.000000  0.021997
 614.000000  0.022827
 615.000000  0.024462
 616.000000  0.024487
 617.000000  0.019531
 618.000000  0.017944
 619.000000  0.020922
 620.000000  0.020947
 621.000000  0.022045
 622.000000  0.018555
 623.000000  0.019531
 624.000000  0.021069
 625.000000  0.021679
 626.000000  0.019531
 627.000000  0.019506
 628.000000  0.017090
 629.000000  0.019482
 630.000000  0.019141
 631.000000  0.019482
 632.000000  0.016919
 633.000000  0.017968
 634.000000  0.017090
 635.000000  0.019506
 636.000000  0.016943
 637.000000  0.014893
 638.000000  0.016846
 639.000000  0.017749
 640.000000  0.017090
 641.000000  0.017089
 642.000000  0.016431
 643.000000  0.014648
 644.000000  0.018847
 645.000000  0.017114
 646.000000  0.017163
 647.000000  0.017089
 648.000000  0.014746
 649.000000  0.014673
 650.000000  0.015478
 651.000000  0.014648
 652.000000  0.014648
 653.000000  0.014575
 654.000000  0.014697
 655.000000  0.017089
 656.000000  0.014648
 657.000000  0.016601
 658.000000  0.014648
 659.000000  0.014478
 660.000000  0.014648
 661.000000  0.015356
 662.000000  0.014575
 663.000000  0.015698
 664.000000  0.016992
 665.000000  0.015039
 666.000000  0.015649
 667.000000  0.014648
 668.000000  0.013208
 669.000000  0.012207
 670.000000  0.012793
 671.000000  0.012207
 672.000000  0.012280
 673.000000  0.014648
 674.000000  0.014672
 675.000000  0.014526
 676.000000  0.012207
 677.000000  0.014599
 678.000000  0.012207
 679.000000  0.014648
 680.000000  0.012207
 681.000000  0.011914
 682.000000  0.012207
 683.000000  0.014086
 684.000000  0.012207
 685.000000  0.013891
 686.000000  0.012109
 687.000000  0.011670
 688.000000  0.014648
 689.000000  0.010840
 690.000000  0.014111
 691.000000  0.012500
 692.000000  0.011352
 693.000000  0.012329
 694.000000  0.010376
 695.000000  0.012207
 696.000000  0.012426
 697.000000  0.012231
 698.000000  0.010010
 699.000000  0.012207
 700.000000  0.009912
 701.000000  0.009790
 702.000000  0.009863
 703.000000  0.009766
 704.000000  0.012280
 705.000000  0.012207
 706.000000  0.009863
 707.000000  0.009766
 708.000000  0.009766
 709.000000  0.012182
 710.000000  0.009766
 711.000000  0.012085
 712.000000  0.009766
 713.000000  0.012036
 714.000000  0.009766
 715.000000  0.011889
 716.000000  0.009766
 717.000000  0.011865
 718.000000  0.009766
 719.000000  0.011743
 720.000000  0.009766
 721.000000  0.011621
 722.000000  0.009766
 723.000000  0.011547
 724.000000  0.009766
 725.000000  0.011010
 726.000000  0.009717
 727.000000  0.010986
 728.000000  0.009644
 729.000000  0.008472
 730.000000  0.009644
 731.000000  0.010864
 732.000000  0.009644
 733.000000  0.010693
 734.000000  0.012036
 735.000000  0.010449
 736.000000  0.009351
 737.000000  0.010376
 738.000000  0.008911
 739.000000  0.010180
 740.000000  0.009033
 741.000000  0.010083
 742.000000  0.008862
 743.000000  0.007837
 744.000000  0.008716
 745.000000  0.010058
 746.000000  0.008569
 747.000000  0.007544
 748.000000  0.008716
 749.000000  0.010083
 750.000000  0.008423
 751.000000  0.010009
 752.000000  0.010864
 753.000000  0.010083
 754.000000  0.008594
 755.000000  0.009838
 756.000000  0.008472
 757.000000  0.009838
 758.000000  0.008203
 759.000000  0.007397
 760.000000  0.008057
 761.000000  0.009765
 762.000000  0.007935
 763.000000  0.009814
 764.000000  0.007739
 765.000000  0.009765
 766.000000  0.007861
 767.000000  0.007300
 768.000000  0.008032
 769.000000  0.009790
 770.000000  0.007739
 771.000000  0.009765
 772.000000  0.007568
 773.000000  0.009790
 774.000000  0.009912
 775.000000  0.009765
 776.000000  0.009936
 777.000000  0.009741
 778.000000  0.007397
 779.000000  0.007324
 780.000000  0.007519
 781.000000  0.007324
 782.000000  0.009936
 783.000000  0.009741
 784.000000  0.007397
 785.000000  0.009741
 786.000000  0.007446
 787.000000  0.009741
 788.000000  0.009814
 789.000000  0.009765
 790.000000  0.007373
 791.000000  0.009716
 792.000000  0.007397
 793.000000  0.009741
 794.000000  0.007349
 795.000000  0.009741
 796.000000  0.007324
 797.000000  0.009692
 798.000000  0.007324
 799.000000  0.009716
 800.000000  0.007349
 801.000000  0.009741
 802.000000  0.009765
 803.000000  0.009741
 804.000000  0.007349
 805.000000  0.009741
 806.000000  0.007324
 807.000000  0.009741
 808.000000  0.009765
 809.000000  0.007300
 810.000000  0.007324
 811.000000  0.007300
 812.000000  0.007324
 813.000000  0.007251
 814.000000  0.007324
 815.000000  0.009716
 816.000000  0.007324
 817.000000  0.009692
 818.000000  0.007324
 819.000000  0.009668
 820.000000  0.007324
 821.000000  0.009668
 822.000000  0.007324
 823.000000  0.009668
 824.000000  0.009765
 825.000000  0.009668
 826.000000  0.007324
 827.000000  0.009643
 828.000000  0.007324
 829.000000  0.009545
 830.000000  0.007324
 831.000000  0.009668
 832.000000  0.007324
 833.000000  0.009692
 834.000000  0.007324
 835.000000  0.009594
 836.000000  0.009765
 837.000000  0.009545
 838.000000  0.007324
 839.000000  0.009570
 840.000000  0.007324
 841.000000  0.009472
 842.000000  0.009765
 843.000000  0.009521
 844.000000  0.007324
 845.000000  0.006934
 846.000000  0.009765
 847.000000  0.009619
 848.000000  0.007324
 849.000000  0.009497
 850.000000  0.007324
 851.000000  0.009594
 852.000000  0.007324
 853.000000  0.007031
 854.000000  0.009765
 855.000000  0.009228
 856.000000  0.007324
 857.000000  0.006763
 858.000000  0.007324
 859.000000  0.006494
 860.000000  0.009765
 861.000000  0.009106
 862.000000  0.007324
 863.000000  0.006665
 864.000000  0.007324
 865.000000  0.009228
 866.000000  0.009765
 867.000000  0.006811
 868.000000  0.007324
 869.000000  0.009155
 870.000000  0.007324
 871.000000  0.009277
 872.000000  0.007324
 873.000000  0.009130
 874.000000  0.007324
 875.000000  0.009326
 876.000000  0.007324
 877.000000  0.006592
 878.000000  0.007324
 879.000000  0.006689
 880.000000  0.007324
 881.000000  0.009399
 882.000000  0.007324
 883.000000  0.009155
 884.000000  0.007300
 885.000000  0.009179
 886.000000  0.007324
 887.000000  0.006519
 888.000000  0.007324
 889.000000  0.008911
 890.000000  0.007227
 891.000000  0.009033
 892.000000  0.007227
 893.000000  0.009033
 894.000000  0.007227
 895.000000  0.009155
 896.000000  0.007227
 897.000000  0.008935
 898.000000  0.007129
 899.000000  0.008935
 900.000000  0.007227
 901.000000  0.008886
 902.000000  0.009619
 903.000000  0.008837
 904.000000  0.007202
 905.000000  0.008764
 906.000000  0.009692
 907.000000  0.008691
 908.000000  0.009668
 909.000000  0.008935
 910.000000  0.007153
 911.000000  0.008569
 912.000000  0.007104
 913.000000  0.008862
 914.000000  0.007251
 915.000000  0.008813
 916.000000  0.007300
 917.000000  0.008960
 918.000000  0.009741
 919.000000  0.008740
 920.000000  0.009643
 921.000000  0.008520
 922.000000  0.007178
 923.000000  0.008325
 924.000000  0.007251
 925.000000  0.008740
 926.000000  0.007227
 927.000000  0.008715
 928.000000  0.007300
 929.000000  0.008911
 930.000000  0.007300
 931.000000  0.008764
 932.000000  0.007251
 933.000000  0.009033
 934.000000  0.007300
 935.000000  0.008789
 936.000000  0.007324
 937.000000  0.008960
 938.000000  0.007324
 939.000000  0.008691
 940.000000  0.007227
 941.000000  0.009082
 942.000000  0.007251
 943.000000  0.008569
 944.000000  0.007300
 945.000000  0.006055
 946.000000  0.009692
 947.000000  0.008715
 948.000000  0.007324
 949.000000  0.008886
 950.000000  0.009692
 951.000000  0.008789
 952.000000  0.007300
 953.000000  0.008618
 954.000000  0.007324
 955.000000  0.008520
 956.000000  0.007251
 957.000000  0.008667
 958.000000  0.007275
 959.000000  0.006103
 960.000000  0.007324
 961.000000  0.006030
 962.000000  0.009741
 963.000000  0.006128
 964.000000  0.007202
 965.000000  0.008764
 966.000000  0.007275
 967.000000  0.008569
 968.000000  0.007300
 969.000000  0.008496
 970.000000  0.009716
 971.000000  0.008691
 972.000000  0.007324
 973.000000  0.008325
 974.000000  0.007275
 975.000000  0.008789
 976.000000  0.007300
 977.000000  0.008374
 978.000000  0.007275
 979.000000  0.008398
 980.000000  0.007324
 981.000000  0.008740
 982.000000  0.007324
 983.000000  0.006079
 984.000000  0.007275
 985.000000  0.008691
 986.000000  0.007227
 987.000000  0.008300
 988.000000  0.009765
 989.000000  0.008422
 990.000000  0.007324
 991.000000  0.008349
 992.000000  0.007324
 993.000000  0.008520
 994.000000  0.007300
 995.000000  0.008471
 996.000000  0.007275
 997.000000  0.008642
 998.000000  0.009716
 999.000000  0.008569
 1000.000000  0.009765
 1001.000000  0.008203
 1002.000000  0.007300
 1003.000000  0.008227
 1004.000000  0.007227
 1005.000000  0.008349
 1006.000000  0.007324
 1007.000000  0.007959
 1008.000000  0.007324
 1009.000000  0.008300
 1010.000000  0.007251
 1011.000000  0.008544
 1012.000000  0.007202
 1013.000000  0.008349
 1014.000000  0.007227
 1015.000000  0.008422
 1016.000000  0.007227
 1017.000000  0.008447
 1018.000000  0.007202
 1019.000000  0.008081
 1020.000000  0.007300
 1021.000000  0.008032
 1022.000000  0.007178
 1023.000000  0.008276
