 0.000000  0.007349
 1.000000  0.007324
 2.000000  0.007324
 3.000000  0.007300
 4.000000  0.007349
 5.000000  0.007300
 6.000000  0.007324
 7.000000  0.007324
 8.000000  0.007324
 9.000000  0.007300
 10.000000  0.007324
 11.000000  0.007300
 12.000000  0.007349
 13.000000  0.007324
 14.000000  0.007324
 15.000000  0.007300
 16.000000  0.007324
 17.000000  0.007300
 18.000000  0.007324
 19.000000  0.007324
 20.000000  0.007324
 21.000000  0.007324
 22.000000  0.007324
 23.000000  0.007324
 24.000000  0.007324
 25.000000  0.007275
 26.000000  0.007397
 27.000000  0.009765
 28.000000  0.007324
 29.000000  0.007324
 30.000000  0.007324
 31.000000  0.007300
 32.000000  0.007349
 33.000000  0.007300
 34.000000  0.007324
 35.000000  0.007300
 36.000000  0.007324
 37.000000  0.007275
 38.000000  0.007324
 39.000000  0.009741
 40.000000  0.007324
 41.000000  0.007227
 42.000000  0.007349
 43.000000  0.007227
 44.000000  0.007275
 45.000000  0.007251
 46.000000  0.007446
 47.000000  0.007178
 48.000000  0.007422
 49.000000  0.007202
 50.000000  0.007300
 51.000000  0.006885
 52.000000  0.007397
 53.000000  0.007056
 54.000000  0.007104
 55.000000  0.007129
 56.000000  0.007739
 57.000000  0.007202
 58.000000  0.008057
 59.000000  0.009643
 60.000000  0.007300
 61.000000  0.008862
 62.000000  0.007300
 63.000000  0.007202
 64.000000  0.007349
 65.000000  0.007178
 66.000000  0.007324
 67.000000  0.009668
 68.000000  0.007422
 69.000000  0.007275
 70.000000  0.007324
 71.000000  0.007227
 72.000000  0.007324
 73.000000  0.007056
 74.000000  0.007324
 75.000000  0.007202
 76.000000  0.007373
 77.000000  0.007202
 78.000000  0.007373
 79.000000  0.007227
 80.000000  0.007349
 81.000000  0.007227
 82.000000  0.007324
 83.000000  0.007104
 84.000000  0.007422
 85.000000  0.007153
 86.000000  0.007349
 87.000000  0.007178
 88.000000  0.007324
 89.000000  0.007300
 90.000000  0.007349
 91.000000  0.007275
 92.000000  0.007373
 93.000000  0.007275
 94.000000  0.007349
 95.000000  0.007251
 96.000000  0.007324
 97.000000  0.007153
 98.000000  0.007324
 99.000000  0.007324
 100.000000  0.007324
 101.000000  0.009765
 102.000000  0.007324
 103.000000  0.009692
 104.000000  0.007300
 105.000000  0.007251
 106.000000  0.007324
 107.000000  0.007251
 108.000000  0.007349
 109.000000  0.009692
 110.000000  0.007324
 111.000000  0.007227
 112.000000  0.007349
 113.000000  0.007324
 114.000000  0.007324
 115.000000  0.007300
 116.000000  0.007324
 117.000000  0.007324
 118.000000  0.007324
 119.000000  0.007275
 120.000000  0.007324
 121.000000  0.007251
 122.000000  0.007349
 123.000000  0.007300
 124.000000  0.007324
 125.000000  0.007324
 126.000000  0.007324
 127.000000  0.009668
 128.000000  0.007324
 129.000000  0.007153
 130.000000  0.007324
 131.000000  0.009594
 132.000000  0.007324
 133.000000  0.007275
 134.000000  0.007349
 135.000000  0.009643
 136.000000  0.007324
 137.000000  0.007275
 138.000000  0.007324
 139.000000  0.007324
 140.000000  0.007324
 141.000000  0.007251
 142.000000  0.007349
 143.000000  0.007300
 144.000000  0.007324
 145.000000  0.009765
 146.000000  0.007324
 147.000000  0.007251
 148.000000  0.007324
 149.000000  0.009643
 150.000000  0.007324
 151.000000  0.007202
 152.000000  0.007324
 153.000000  0.007324
 154.000000  0.007324
 155.000000  0.007227
 156.000000  0.007300
 157.000000  0.009741
 158.000000  0.007324
 159.000000  0.007202
 160.000000  0.007324
 161.000000  0.007300
 162.000000  0.007324
 163.000000  0.007275
 164.000000  0.007324
 165.000000  0.007300
 166.000000  0.007324
 167.000000  0.007202
 168.000000  0.007324
 169.000000  0.009594
 170.000000  0.007324
 171.000000  0.007275
 172.000000  0.007324
 173.000000  0.007227
 174.000000  0.007324
 175.000000  0.007129
 176.000000  0.007324
 177.000000  0.007153
 178.000000  0.007324
 179.000000  0.009399
 180.000000  0.007324
 181.000000  0.007202
 182.000000  0.007324
 183.000000  0.007324
 184.000000  0.007324
 185.000000  0.007227
 186.000000  0.007349
 187.000000  0.007153
 188.000000  0.007324
 189.000000  0.006958
 190.000000  0.007324
 191.000000  0.006860
 192.000000  0.007324
 193.000000  0.007153
 194.000000  0.007349
 195.000000  0.007202
 196.000000  0.009863
 197.000000  0.006982
 198.000000  0.007373
 199.000000  0.009521
 200.000000  0.007373
 201.000000  0.009179
 202.000000  0.007349
 203.000000  0.006958
 204.000000  0.007373
 205.000000  0.006836
 206.000000  0.007397
 207.000000  0.006958
 208.000000  0.007495
 209.000000  0.009350
 210.000000  0.007788
 211.000000  0.006567
 212.000000  0.007202
 213.000000  0.008789
 214.000000  0.007153
 215.000000  0.006470
 216.000000  0.007471
 217.000000  0.007251
 218.000000  0.007422
 219.000000  0.009570
 220.000000  0.007373
 221.000000  0.007104
 222.000000  0.007373
 223.000000  0.007031
 224.000000  0.007324
 225.000000  0.006860
 226.000000  0.007373
 227.000000  0.009472
 228.000000  0.007349
 229.000000  0.009594
 230.000000  0.007373
 231.000000  0.007007
 232.000000  0.007349
 233.000000  0.009399
 234.000000  0.007324
 235.000000  0.007129
 236.000000  0.007324
 237.000000  0.007031
 238.000000  0.007324
 239.000000  0.009619
 240.000000  0.007373
 241.000000  0.007275
 242.000000  0.007349
 243.000000  0.009643
 244.000000  0.007324
 245.000000  0.007007
 246.000000  0.007324
 247.000000  0.006934
 248.000000  0.007324
 249.000000  0.007227
 250.000000  0.007300
 251.000000  0.007202
 252.000000  0.007373
 253.000000  0.007153
 254.000000  0.007324
 255.000000  0.009668
 256.000000  0.007324
 257.000000  0.007080
 258.000000  0.007300
 259.000000  0.007007
 260.000000  0.007324
 261.000000  0.007153
 262.000000  0.007324
 263.000000  0.009497
 264.000000  0.007324
 265.000000  0.009692
 266.000000  0.007324
 267.000000  0.009594
 268.000000  0.007324
 269.000000  0.009668
 270.000000  0.007324
 271.000000  0.007080
 272.000000  0.007324
 273.000000  0.007275
 274.000000  0.007324
 275.000000  0.009716
 276.000000  0.007324
 277.000000  0.009619
 278.000000  0.007324
 279.000000  0.007251
 280.000000  0.007324
 281.000000  0.009668
 282.000000  0.007324
 283.000000  0.009570
 284.000000  0.007324
 285.000000  0.007300
 286.000000  0.007324
 287.000000  0.007324
 288.000000  0.007324
 289.000000  0.009692
 290.000000  0.007373
 291.000000  0.007251
 292.000000  0.007324
 293.000000  0.007251
 294.000000  0.007324
 295.000000  0.009692
 296.000000  0.007324
 297.000000  0.009692
 298.000000  0.007324
 299.000000  0.009741
 300.000000  0.007324
 301.000000  0.007275
 302.000000  0.007324
 303.000000  0.009668
 304.000000  0.007324
 305.000000  0.007275
 306.000000  0.007324
 307.000000  0.009716
 308.000000  0.007324
 309.000000  0.009668
 310.000000  0.007324
 311.000000  0.007275
 312.000000  0.007324
 313.000000  0.007324
 314.000000  0.007324
 315.000000  0.009765
 316.000000  0.007324
 317.000000  0.007275
 318.000000  0.007324
 319.000000  0.007275
 320.000000  0.007324
 321.000000  0.009741
 322.000000  0.007324
 323.000000  0.009765
 324.000000  0.007324
 325.000000  0.007300
 326.000000  0.007324
 327.000000  0.007324
 328.000000  0.007324
 329.000000  0.009741
 330.000000  0.007324
 331.000000  0.009765
 332.000000  0.007324
 333.000000  0.009765
 334.000000  0.007324
 335.000000  0.009765
 336.000000  0.007324
 337.000000  0.007275
 338.000000  0.007324
 339.000000  0.007300
 340.000000  0.007324
 341.000000  0.009765
 342.000000  0.009765
 343.000000  0.009765
 344.000000  0.007324
 345.000000  0.009741
 346.000000  0.007373
 347.000000  0.007300
 348.000000  0.007324
 349.000000  0.009741
 350.000000  0.007349
 351.000000  0.009765
 352.000000  0.007373
 353.000000  0.009716
 354.000000  0.007349
 355.000000  0.007251
 356.000000  0.007324
 357.000000  0.007275
 358.000000  0.007397
 359.000000  0.009668
 360.000000  0.007617
 361.000000  0.007227
 362.000000  0.007446
 363.000000  0.009570
 364.000000  0.007446
 365.000000  0.007227
 366.000000  0.007861
 367.000000  0.007251
 368.000000  0.008081
 369.000000  0.007397
 370.000000  0.007886
 371.000000  0.010205
 372.000000  0.007739
 373.000000  0.009497
 374.000000  0.007422
 375.000000  0.009765
 376.000000  0.007593
 377.000000  0.007324
 378.000000  0.007739
 379.000000  0.007373
 380.000000  0.007739
 381.000000  0.009765
 382.000000  0.007935
 383.000000  0.007349
 384.000000  0.007593
 385.000000  0.007349
 386.000000  0.007642
 387.000000  0.009741
 388.000000  0.007471
 389.000000  0.009765
 390.000000  0.007788
 391.000000  0.009790
 392.000000  0.007764
 393.000000  0.007324
 394.000000  0.007910
 395.000000  0.007324
 396.000000  0.007739
 397.000000  0.007300
 398.000000  0.007593
 399.000000  0.007324
 400.000000  0.007764
 401.000000  0.009814
 402.000000  0.008008
 403.000000  0.007349
 404.000000  0.007812
 405.000000  0.007373
 406.000000  0.008032
 407.000000  0.007324
 408.000000  0.007812
 409.000000  0.009765
 410.000000  0.007959
 411.000000  0.009790
 412.000000  0.008472
 413.000000  0.007349
 414.000000  0.008447
 415.000000  0.009814
 416.000000  0.008643
 417.000000  0.007397
 418.000000  0.008398
 419.000000  0.007324
 420.000000  0.008716
 421.000000  0.007324
 422.000000  0.008569
 423.000000  0.007324
 424.000000  0.008691
 425.000000  0.009863
 426.000000  0.008984
 427.000000  0.009790
 428.000000  0.008911
 429.000000  0.009936
 430.000000  0.009033
 431.000000  0.009814
 432.000000  0.008911
 433.000000  0.007471
 434.000000  0.009180
 435.000000  0.009985
 436.000000  0.009326
 437.000000  0.009936
 438.000000  0.009351
 439.000000  0.010107
 440.000000  0.009619
 441.000000  0.010058
 442.000000  0.009521
 443.000000  0.010180
 444.000000  0.009644
 445.000000  0.010302
 446.000000  0.009717
 447.000000  0.007983
 448.000000  0.009595
 449.000000  0.010815
 450.000000  0.009717
 451.000000  0.010888
 452.000000  0.009717
 453.000000  0.010791
 454.000000  0.009741
 455.000000  0.011279
 456.000000  0.009741
 457.000000  0.011352
 458.000000  0.009766
 459.000000  0.011474
 460.000000  0.009766
 461.000000  0.011889
 462.000000  0.009766
 463.000000  0.011938
 464.000000  0.009766
 465.000000  0.011816
 466.000000  0.009766
 467.000000  0.009546
 468.000000  0.009766
 469.000000  0.009692
 470.000000  0.009766
 471.000000  0.012158
 472.000000  0.009766
 473.000000  0.009717
 474.000000  0.009766
 475.000000  0.012182
 476.000000  0.009790
 477.000000  0.009766
 478.000000  0.009766
 479.000000  0.012182
 480.000000  0.009814
 481.000000  0.012207
 482.000000  0.009961
 483.000000  0.009766
 484.000000  0.009790
 485.000000  0.012207
 486.000000  0.010278
 487.000000  0.009766
 488.000000  0.009863
 489.000000  0.009766
 490.000000  0.010107
 491.000000  0.012280
 492.000000  0.010181
 493.000000  0.012207
 494.000000  0.010352
 495.000000  0.012646
 496.000000  0.011743
 497.000000  0.009790
 498.000000  0.010571
 499.000000  0.012304
 500.000000  0.012061
 501.000000  0.013256
 502.000000  0.010864
 503.000000  0.012426
 504.000000  0.012158
 505.000000  0.014648
 506.000000  0.012109
 507.000000  0.010693
 508.000000  0.012158
 509.000000  0.012378
 510.000000  0.013867
 511.000000  0.014062
 512.000000  0.012207
 513.000000  0.012256
 514.000000  0.014673
 515.000000  0.012671
 516.000000  0.012476
 517.000000  0.012158
 518.000000  0.014600
 519.000000  0.016040
 520.000000  0.014551
 521.000000  0.012769
 522.000000  0.015625
 523.000000  0.025341
 524.000000  0.024585
 525.000000  0.016967
 526.000000  0.014795
 527.000000  0.020312
 528.000000  0.026221
 529.000000  0.028564
 530.000000  0.016357
 531.000000  0.017724
 532.000000  0.024365
 533.000000  0.042065
 534.000000  0.019849
 535.000000  0.014087
 536.000000  0.015894
 537.000000  0.033398
 538.000000  0.039136
 539.000000  0.017041
 540.000000  0.014648
 541.000000  0.021948
 542.000000  0.056494
 543.000000  0.042212
 544.000000  0.014502
 545.000000  0.012305
 546.000000  0.017065
 547.000000  0.026782
 548.000000  0.016235
 549.000000  0.014575
 550.000000  0.012476
 551.000000  0.021948
 552.000000  0.024365
 553.000000  0.012402
 554.000000  0.012207
 555.000000  0.012231
 556.000000  0.018750
 557.000000  0.019531
 558.000000  0.012207
 559.000000  0.013525
 560.000000  0.013037
 561.000000  0.017090
 562.000000  0.014673
 563.000000  0.013720
 564.000000  0.011792
 565.000000  0.014990
 566.000000  0.017041
 567.000000  0.014575
 568.000000  0.012036
 569.000000  0.013232
 570.000000  0.014307
 571.000000  0.017089
 572.000000  0.011987
 573.000000  0.012500
 574.000000  0.011499
 575.000000  0.015307
 576.000000  0.013940
 577.000000  0.012304
 578.000000  0.010083
 579.000000  0.012451
 580.000000  0.013745
 581.000000  0.011890
 582.000000  0.010205
 583.000000  0.012207
 584.000000  0.011816
 585.000000  0.014721
 586.000000  0.011352
 587.000000  0.012207
 588.000000  0.009766
 589.000000  0.010498
 590.000000  0.012207
 591.000000  0.012207
 592.000000  0.009766
 593.000000  0.009766
 594.000000  0.012158
 595.000000  0.013867
 596.000000  0.009839
 597.000000  0.012158
 598.000000  0.009766
 599.000000  0.012231
 600.000000  0.009766
 601.000000  0.011914
 602.000000  0.009766
 603.000000  0.012207
 604.000000  0.011841
 605.000000  0.012207
 606.000000  0.009766
 607.000000  0.011474
 608.000000  0.009766
 609.000000  0.012207
 610.000000  0.009766
 611.000000  0.010937
 612.000000  0.012207
 613.000000  0.012207
 614.000000  0.012207
 615.000000  0.011425
 616.000000  0.009741
 617.000000  0.008960
 618.000000  0.009766
 619.000000  0.011743
 620.000000  0.009717
 621.000000  0.010278
 622.000000  0.009741
 623.000000  0.012158
 624.000000  0.012207
 625.000000  0.010107
 626.000000  0.009644
 627.000000  0.010327
 628.000000  0.009766
 629.000000  0.009936
 630.000000  0.009058
 631.000000  0.009961
 632.000000  0.009717
 633.000000  0.011108
 634.000000  0.008936
 635.000000  0.009765
 636.000000  0.009058
 637.000000  0.007812
 638.000000  0.009644
 639.000000  0.009765
 640.000000  0.008667
 641.000000  0.009863
 642.000000  0.009473
 643.000000  0.007544
 644.000000  0.010815
 645.000000  0.009765
 646.000000  0.010839
 647.000000  0.009936
 648.000000  0.008789
 649.000000  0.007324
 650.000000  0.007739
 651.000000  0.007324
 652.000000  0.009058
 653.000000  0.007324
 654.000000  0.007788
 655.000000  0.009765
 656.000000  0.008179
 657.000000  0.009790
 658.000000  0.007837
 659.000000  0.007324
 660.000000  0.007690
 661.000000  0.009765
 662.000000  0.007861
 663.000000  0.009765
 664.000000  0.009838
 665.000000  0.009741
 666.000000  0.010156
 667.000000  0.009765
 668.000000  0.007373
 669.000000  0.007275
 670.000000  0.007837
 671.000000  0.007324
 672.000000  0.007935
 673.000000  0.009838
 674.000000  0.010083
 675.000000  0.009619
 676.000000  0.007642
 677.000000  0.009643
 678.000000  0.007617
 679.000000  0.009106
 680.000000  0.007739
 681.000000  0.007495
 682.000000  0.008008
 683.000000  0.009936
 684.000000  0.007910
 685.000000  0.009497
 686.000000  0.007397
 687.000000  0.007153
 688.000000  0.009814
 689.000000  0.007275
 690.000000  0.009887
 691.000000  0.009741
 692.000000  0.007471
 693.000000  0.009716
 694.000000  0.007446
 695.000000  0.009741
 696.000000  0.009814
 697.000000  0.009692
 698.000000  0.007324
 699.000000  0.009643
 700.000000  0.007349
 701.000000  0.007300
 702.000000  0.007324
 703.000000  0.007300
 704.000000  0.009790
 705.000000  0.009643
 706.000000  0.007373
 707.000000  0.007275
 708.000000  0.007373
 709.000000  0.009619
 710.000000  0.007324
 711.000000  0.009619
 712.000000  0.007349
 713.000000  0.009716
 714.000000  0.007349
 715.000000  0.009716
 716.000000  0.007324
 717.000000  0.009668
 718.000000  0.007324
 719.000000  0.009594
 720.000000  0.007324
 721.000000  0.009497
 722.000000  0.007324
 723.000000  0.009570
 724.000000  0.007324
 725.000000  0.009668
 726.000000  0.007324
 727.000000  0.009716
 728.000000  0.007324
 729.000000  0.007129
 730.000000  0.007324
 731.000000  0.009594
 732.000000  0.007324
 733.000000  0.009399
 734.000000  0.009765
 735.000000  0.009570
 736.000000  0.007324
 737.000000  0.009643
 738.000000  0.007324
 739.000000  0.009570
 740.000000  0.007324
 741.000000  0.009472
 742.000000  0.007324
 743.000000  0.006934
 744.000000  0.007324
 745.000000  0.009423
 746.000000  0.007324
 747.000000  0.006811
 748.000000  0.007324
 749.000000  0.009375
 750.000000  0.007324
 751.000000  0.009326
 752.000000  0.009765
 753.000000  0.009301
 754.000000  0.007324
 755.000000  0.009155
 756.000000  0.007300
 757.000000  0.009033
 758.000000  0.007300
 759.000000  0.006738
 760.000000  0.007300
 761.000000  0.009130
 762.000000  0.007324
 763.000000  0.008862
 764.000000  0.007324
 765.000000  0.009106
 766.000000  0.007324
 767.000000  0.006494
 768.000000  0.007324
 769.000000  0.009106
 770.000000  0.007300
 771.000000  0.008642
 772.000000  0.007300
 773.000000  0.009106
 774.000000  0.009765
 775.000000  0.008960
 776.000000  0.009741
 777.000000  0.008862
 778.000000  0.007300
 779.000000  0.006323
 780.000000  0.007324
 781.000000  0.006274
 782.000000  0.009741
 783.000000  0.008715
 784.000000  0.007324
 785.000000  0.008911
 786.000000  0.007324
 787.000000  0.008886
 788.000000  0.009741
 789.000000  0.008520
 790.000000  0.007227
 791.000000  0.008300
 792.000000  0.007324
 793.000000  0.008618
 794.000000  0.007251
 795.000000  0.008667
 796.000000  0.007300
 797.000000  0.008593
 798.000000  0.007251
 799.000000  0.008667
 800.000000  0.007300
 801.000000  0.008105
 802.000000  0.009741
 803.000000  0.008252
 804.000000  0.007275
 805.000000  0.008618
 806.000000  0.007275
 807.000000  0.008544
 808.000000  0.009765
 809.000000  0.006128
 810.000000  0.007275
 811.000000  0.006103
 812.000000  0.007153
 813.000000  0.005542
 814.000000  0.007275
 815.000000  0.008154
 816.000000  0.007178
 817.000000  0.008325
 818.000000  0.007202
 819.000000  0.008544
 820.000000  0.007275
 821.000000  0.008398
 822.000000  0.007300
 823.000000  0.008300
 824.000000  0.009570
 825.000000  0.007885
 826.000000  0.006982
 827.000000  0.007861
 828.000000  0.007104
 829.000000  0.008374
 830.000000  0.006860
 831.000000  0.008325
 832.000000  0.007080
 833.000000  0.008496
 834.000000  0.006934
 835.000000  0.008471
 836.000000  0.009277
 837.000000  0.007836
 838.000000  0.006519
 839.000000  0.007934
 840.000000  0.006519
 841.000000  0.008422
 842.000000  0.009716
 843.000000  0.008813
 844.000000  0.007227
 845.000000  0.006177
 846.000000  0.009643
 847.000000  0.008569
 848.000000  0.007104
 849.000000  0.008007
 850.000000  0.006934
 851.000000  0.007885
 852.000000  0.007227
 853.000000  0.005859
 854.000000  0.009741
 855.000000  0.008349
 856.000000  0.007227
 857.000000  0.005884
 858.000000  0.007275
 859.000000  0.005591
 860.000000  0.009570
 861.000000  0.007885
 862.000000  0.006982
 863.000000  0.005542
 864.000000  0.007153
 865.000000  0.008471
 866.000000  0.009619
 867.000000  0.006079
 868.000000  0.007227
 869.000000  0.008105
 870.000000  0.007275
 871.000000  0.007934
 872.000000  0.007129
 873.000000  0.007739
 874.000000  0.007227
 875.000000  0.008349
 876.000000  0.007178
 877.000000  0.005688
 878.000000  0.007227
 879.000000  0.005664
 880.000000  0.007275
 881.000000  0.008178
 882.000000  0.007031
 883.000000  0.007885
 884.000000  0.007056
 885.000000  0.008129
 886.000000  0.007324
 887.000000  0.005493
 888.000000  0.007251
 889.000000  0.008129
 890.000000  0.007227
 891.000000  0.007763
 892.000000  0.007227
 893.000000  0.008374
 894.000000  0.007227
 895.000000  0.008105
 896.000000  0.007129
 897.000000  0.008398
 898.000000  0.007178
 899.000000  0.008056
 900.000000  0.007275
 901.000000  0.008227
 902.000000  0.009643
 903.000000  0.008105
 904.000000  0.007178
 905.000000  0.007910
 906.000000  0.009668
 907.000000  0.007861
 908.000000  0.009741
 909.000000  0.008105
 910.000000  0.007275
 911.000000  0.008032
 912.000000  0.007251
 913.000000  0.007812
 914.000000  0.007153
 915.000000  0.008227
 916.000000  0.007202
 917.000000  0.008129
 918.000000  0.009741
 919.000000  0.007934
 920.000000  0.009716
 921.000000  0.008007
 922.000000  0.007202
 923.000000  0.007666
 924.000000  0.007178
 925.000000  0.008056
 926.000000  0.007202
 927.000000  0.008007
 928.000000  0.007178
 929.000000  0.007910
 930.000000  0.007300
 931.000000  0.007885
 932.000000  0.007080
 933.000000  0.008129
 934.000000  0.007202
 935.000000  0.007910
 936.000000  0.007275
 937.000000  0.008154
 938.000000  0.007324
 939.000000  0.007763
 940.000000  0.007227
 941.000000  0.007861
 942.000000  0.007227
 943.000000  0.008032
 944.000000  0.007202
 945.000000  0.005762
 946.000000  0.009692
 947.000000  0.008178
 948.000000  0.007251
 949.000000  0.007983
 950.000000  0.009668
 951.000000  0.007983
 952.000000  0.007251
 953.000000  0.007934
 954.000000  0.007275
 955.000000  0.008154
 956.000000  0.007251
 957.000000  0.008325
 958.000000  0.007251
 959.000000  0.005713
 960.000000  0.007178
 961.000000  0.005811
 962.000000  0.009716
 963.000000  0.005884
 964.000000  0.007202
 965.000000  0.008105
 966.000000  0.007153
 967.000000  0.008398
 968.000000  0.007251
 969.000000  0.008032
 970.000000  0.009619
 971.000000  0.008154
 972.000000  0.007227
 973.000000  0.008056
 974.000000  0.007129
 975.000000  0.008129
 976.000000  0.006982
 977.000000  0.008227
 978.000000  0.007129
 979.000000  0.008105
 980.000000  0.007178
 981.000000  0.008447
 982.000000  0.007153
 983.000000  0.006250
 984.000000  0.007056
 985.000000  0.008422
 986.000000  0.006885
 987.000000  0.008007
 988.000000  0.009350
 989.000000  0.008056
 990.000000  0.006958
 991.000000  0.008276
 992.000000  0.006641
 993.000000  0.009008
 994.000000  0.007104
 995.000000  0.008593
 996.000000  0.007007
 997.000000  0.008398
 998.000000  0.008520
 999.000000  0.007714
 1000.000000  0.009375
 1001.000000  0.008178
 1002.000000  0.007056
 1003.000000  0.008178
 1004.000000  0.007031
 1005.000000  0.008300
 1006.000000  0.007178
 1007.000000  0.008154
 1008.000000  0.007129
 1009.000000  0.007885
 1010.000000  0.006860
 1011.000000  0.007959
 1012.000000  0.007007
 1013.000000  0.008081
 1014.000000  0.007080
 1015.000000  0.007983
 1016.000000  0.007104
 1017.000000  0.008374
 1018.000000  0.007007
 1019.000000  0.008178
 1020.000000  0.006934
 1021.000000  0.007739
 1022.000000  0.006836
 1023.000000  0.007714
