 0.000000  0.007471
 1.000000  0.007178
 2.000000  0.007397
 3.000000  0.007251
 4.000000  0.007397
 5.000000  0.007251
 6.000000  0.007397
 7.000000  0.007202
 8.000000  0.007349
 9.000000  0.007178
 10.000000  0.007324
 11.000000  0.007202
 12.000000  0.007373
 13.000000  0.007227
 14.000000  0.007471
 15.000000  0.007227
 16.000000  0.007349
 17.000000  0.007251
 18.000000  0.007397
 19.000000  0.007275
 20.000000  0.007349
 21.000000  0.007275
 22.000000  0.007422
 23.000000  0.007251
 24.000000  0.007373
 25.000000  0.007153
 26.000000  0.007446
 27.000000  0.009570
 28.000000  0.007373
 29.000000  0.007227
 30.000000  0.007422
 31.000000  0.007227
 32.000000  0.007446
 33.000000  0.007202
 34.000000  0.007397
 35.000000  0.007227
 36.000000  0.007397
 37.000000  0.007153
 38.000000  0.007519
 39.000000  0.009716
 40.000000  0.007373
 41.000000  0.007251
 42.000000  0.007349
 43.000000  0.007178
 44.000000  0.007446
 45.000000  0.007129
 46.000000  0.007422
 47.000000  0.007275
 48.000000  0.007324
 49.000000  0.007275
 50.000000  0.007324
 51.000000  0.007251
 52.000000  0.007324
 53.000000  0.007227
 54.000000  0.007324
 55.000000  0.007275
 56.000000  0.007349
 57.000000  0.007275
 58.000000  0.007349
 59.000000  0.009692
 60.000000  0.007349
 61.000000  0.009643
 62.000000  0.007397
 63.000000  0.007275
 64.000000  0.007373
 65.000000  0.007275
 66.000000  0.007324
 67.000000  0.009765
 68.000000  0.007324
 69.000000  0.007227
 70.000000  0.007324
 71.000000  0.007275
 72.000000  0.007324
 73.000000  0.007275
 74.000000  0.007324
 75.000000  0.007227
 76.000000  0.007349
 77.000000  0.007275
 78.000000  0.007324
 79.000000  0.007300
 80.000000  0.007324
 81.000000  0.007300
 82.000000  0.007324
 83.000000  0.007300
 84.000000  0.007349
 85.000000  0.007300
 86.000000  0.007349
 87.000000  0.007251
 88.000000  0.007324
 89.000000  0.007324
 90.000000  0.007324
 91.000000  0.007300
 92.000000  0.007349
 93.000000  0.007275
 94.000000  0.007324
 95.000000  0.007251
 96.000000  0.007324
 97.000000  0.007324
 98.000000  0.007324
 99.000000  0.007324
 100.000000  0.007324
 101.000000  0.009765
 102.000000  0.007324
 103.000000  0.009765
 104.000000  0.007324
 105.000000  0.007300
 106.000000  0.007373
 107.000000  0.007300
 108.000000  0.007324
 109.000000  0.009765
 110.000000  0.007324
 111.000000  0.007300
 112.000000  0.007324
 113.000000  0.007275
 114.000000  0.007324
 115.000000  0.007324
 116.000000  0.007324
 117.000000  0.007275
 118.000000  0.007324
 119.000000  0.007251
 120.000000  0.007324
 121.000000  0.007275
 122.000000  0.007373
 123.000000  0.007324
 124.000000  0.007349
 125.000000  0.007300
 126.000000  0.007373
 127.000000  0.009741
 128.000000  0.007324
 129.000000  0.007324
 130.000000  0.007373
 131.000000  0.009741
 132.000000  0.007324
 133.000000  0.007324
 134.000000  0.007422
 135.000000  0.009692
 136.000000  0.007349
 137.000000  0.007227
 138.000000  0.007446
 139.000000  0.007153
 140.000000  0.007397
 141.000000  0.007178
 142.000000  0.007397
 143.000000  0.007251
 144.000000  0.007324
 145.000000  0.009545
 146.000000  0.007349
 147.000000  0.007129
 148.000000  0.007422
 149.000000  0.009692
 150.000000  0.007422
 151.000000  0.007227
 152.000000  0.007422
 153.000000  0.007202
 154.000000  0.007349
 155.000000  0.007178
 156.000000  0.007349
 157.000000  0.009619
 158.000000  0.007324
 159.000000  0.007153
 160.000000  0.007422
 161.000000  0.007080
 162.000000  0.007397
 163.000000  0.007129
 164.000000  0.007349
 165.000000  0.007202
 166.000000  0.007349
 167.000000  0.007129
 168.000000  0.007349
 169.000000  0.009570
 170.000000  0.007373
 171.000000  0.007202
 172.000000  0.007373
 173.000000  0.007202
 174.000000  0.007397
 175.000000  0.007178
 176.000000  0.007373
 177.000000  0.007178
 178.000000  0.007446
 179.000000  0.009570
 180.000000  0.007349
 181.000000  0.007153
 182.000000  0.007495
 183.000000  0.007251
 184.000000  0.007373
 185.000000  0.007251
 186.000000  0.007397
 187.000000  0.007129
 188.000000  0.007349
 189.000000  0.007178
 190.000000  0.007397
 191.000000  0.007129
 192.000000  0.007422
 193.000000  0.007202
 194.000000  0.007349
 195.000000  0.007178
 196.000000  0.009790
 197.000000  0.007227
 198.000000  0.007446
 199.000000  0.009594
 200.000000  0.007349
 201.000000  0.009594
 202.000000  0.007324
 203.000000  0.007153
 204.000000  0.007324
 205.000000  0.007227
 206.000000  0.007324
 207.000000  0.007251
 208.000000  0.007349
 209.000000  0.009716
 210.000000  0.007324
 211.000000  0.007129
 212.000000  0.007324
 213.000000  0.009692
 214.000000  0.007324
 215.000000  0.007227
 216.000000  0.007349
 217.000000  0.007202
 218.000000  0.007324
 219.000000  0.009716
 220.000000  0.007324
 221.000000  0.007275
 222.000000  0.007324
 223.000000  0.007300
 224.000000  0.007373
 225.000000  0.007300
 226.000000  0.007324
 227.000000  0.009765
 228.000000  0.007324
 229.000000  0.009741
 230.000000  0.007373
 231.000000  0.007227
 232.000000  0.007324
 233.000000  0.009741
 234.000000  0.007324
 235.000000  0.007275
 236.000000  0.007324
 237.000000  0.007324
 238.000000  0.007324
 239.000000  0.009741
 240.000000  0.007373
 241.000000  0.007275
 242.000000  0.007324
 243.000000  0.009765
 244.000000  0.007324
 245.000000  0.007324
 246.000000  0.007349
 247.000000  0.007324
 248.000000  0.007324
 249.000000  0.007300
 250.000000  0.007324
 251.000000  0.007324
 252.000000  0.007324
 253.000000  0.007300
 254.000000  0.007324
 255.000000  0.009741
 256.000000  0.007324
 257.000000  0.007324
 258.000000  0.007324
 259.000000  0.007324
 260.000000  0.007349
 261.000000  0.007324
 262.000000  0.007324
 263.000000  0.009765
 264.000000  0.007324
 265.000000  0.009765
 266.000000  0.007324
 267.000000  0.009741
 268.000000  0.007349
 269.000000  0.009765
 270.000000  0.007349
 271.000000  0.007324
 272.000000  0.007324
 273.000000  0.007324
 274.000000  0.007349
 275.000000  0.009765
 276.000000  0.007373
 277.000000  0.009765
 278.000000  0.007324
 279.000000  0.007300
 280.000000  0.007349
 281.000000  0.009716
 282.000000  0.007349
 283.000000  0.009765
 284.000000  0.007324
 285.000000  0.007300
 286.000000  0.007324
 287.000000  0.007300
 288.000000  0.007349
 289.000000  0.009741
 290.000000  0.007446
 291.000000  0.007300
 292.000000  0.007446
 293.000000  0.007275
 294.000000  0.007397
 295.000000  0.009643
 296.000000  0.007471
 297.000000  0.009765
 298.000000  0.007568
 299.000000  0.009765
 300.000000  0.007422
 301.000000  0.007324
 302.000000  0.007495
 303.000000  0.009790
 304.000000  0.007617
 305.000000  0.007349
 306.000000  0.007666
 307.000000  0.009741
 308.000000  0.007544
 309.000000  0.009741
 310.000000  0.007812
 311.000000  0.007324
 312.000000  0.007544
 313.000000  0.007349
 314.000000  0.007593
 315.000000  0.009765
 316.000000  0.007617
 317.000000  0.007324
 318.000000  0.007519
 319.000000  0.007324
 320.000000  0.007642
 321.000000  0.009790
 322.000000  0.007617
 323.000000  0.009716
 324.000000  0.007593
 325.000000  0.007349
 326.000000  0.007568
 327.000000  0.007300
 328.000000  0.007593
 329.000000  0.009765
 330.000000  0.007861
 331.000000  0.009741
 332.000000  0.007690
 333.000000  0.009838
 334.000000  0.007690
 335.000000  0.009765
 336.000000  0.007739
 337.000000  0.007275
 338.000000  0.007861
 339.000000  0.007349
 340.000000  0.007837
 341.000000  0.009887
 342.000000  0.010107
 343.000000  0.009887
 344.000000  0.007910
 345.000000  0.009765
 346.000000  0.008105
 347.000000  0.007300
 348.000000  0.007812
 349.000000  0.009838
 350.000000  0.007837
 351.000000  0.009765
 352.000000  0.008008
 353.000000  0.009887
 354.000000  0.008154
 355.000000  0.007349
 356.000000  0.008227
 357.000000  0.007373
 358.000000  0.008325
 359.000000  0.009863
 360.000000  0.008276
 361.000000  0.007446
 362.000000  0.008081
 363.000000  0.009790
 364.000000  0.008105
 365.000000  0.007397
 366.000000  0.008423
 367.000000  0.007373
 368.000000  0.008350
 369.000000  0.007349
 370.000000  0.008789
 371.000000  0.009838
 372.000000  0.008447
 373.000000  0.009838
 374.000000  0.008813
 375.000000  0.009814
 376.000000  0.009082
 377.000000  0.007446
 378.000000  0.008936
 379.000000  0.007446
 380.000000  0.009033
 381.000000  0.009887
 382.000000  0.009058
 383.000000  0.007544
 384.000000  0.009131
 385.000000  0.007495
 386.000000  0.009180
 387.000000  0.009912
 388.000000  0.009131
 389.000000  0.009936
 390.000000  0.009326
 391.000000  0.009985
 392.000000  0.009180
 393.000000  0.007446
 394.000000  0.009424
 395.000000  0.007519
 396.000000  0.009448
 397.000000  0.007666
 398.000000  0.009521
 399.000000  0.007666
 400.000000  0.009570
 401.000000  0.010400
 402.000000  0.009473
 403.000000  0.008057
 404.000000  0.009717
 405.000000  0.008374
 406.000000  0.009595
 407.000000  0.008179
 408.000000  0.009717
 409.000000  0.010717
 410.000000  0.009668
 411.000000  0.010791
 412.000000  0.009766
 413.000000  0.008838
 414.000000  0.009766
 415.000000  0.011181
 416.000000  0.009741
 417.000000  0.008643
 418.000000  0.009766
 419.000000  0.009180
 420.000000  0.009766
 421.000000  0.008740
 422.000000  0.009766
 423.000000  0.009180
 424.000000  0.009766
 425.000000  0.011645
 426.000000  0.009766
 427.000000  0.012085
 428.000000  0.009766
 429.000000  0.011914
 430.000000  0.009766
 431.000000  0.011962
 432.000000  0.009766
 433.000000  0.009668
 434.000000  0.009766
 435.000000  0.011914
 436.000000  0.009766
 437.000000  0.012133
 438.000000  0.009741
 439.000000  0.012182
 440.000000  0.009766
 441.000000  0.012182
 442.000000  0.009863
 443.000000  0.012231
 444.000000  0.009814
 445.000000  0.012231
 446.000000  0.009888
 447.000000  0.009717
 448.000000  0.009961
 449.000000  0.012158
 450.000000  0.010156
 451.000000  0.012207
 452.000000  0.010107
 453.000000  0.012329
 454.000000  0.010596
 455.000000  0.012353
 456.000000  0.010693
 457.000000  0.012280
 458.000000  0.010937
 459.000000  0.012524
 460.000000  0.011206
 461.000000  0.012622
 462.000000  0.010962
 463.000000  0.012646
 464.000000  0.011816
 465.000000  0.013281
 466.000000  0.012012
 467.000000  0.011060
 468.000000  0.012036
 469.000000  0.011328
 470.000000  0.012134
 471.000000  0.014135
 472.000000  0.012183
 473.000000  0.011792
 474.000000  0.012207
 475.000000  0.014428
 476.000000  0.012329
 477.000000  0.012183
 478.000000  0.012353
 479.000000  0.014599
 480.000000  0.012476
 481.000000  0.014672
 482.000000  0.013013
 483.000000  0.012500
 484.000000  0.012842
 485.000000  0.014794
 486.000000  0.013843
 487.000000  0.012891
 488.000000  0.014185
 489.000000  0.012988
 490.000000  0.014209
 491.000000  0.015673
 492.000000  0.014258
 493.000000  0.015307
 494.000000  0.014502
 495.000000  0.016186
 496.000000  0.014648
 497.000000  0.014233
 498.000000  0.014600
 499.000000  0.016430
 500.000000  0.014648
 501.000000  0.017041
 502.000000  0.014770
 503.000000  0.016992
 504.000000  0.014893
 505.000000  0.017138
 506.000000  0.015137
 507.000000  0.014673
 508.000000  0.014722
 509.000000  0.014600
 510.000000  0.015527
 511.000000  0.017163
 512.000000  0.015771
 513.000000  0.014868
 514.000000  0.016724
 515.000000  0.015186
 516.000000  0.016919
 517.000000  0.015918
 518.000000  0.016992
 519.000000  0.016260
 520.000000  0.017090
 521.000000  0.016602
 522.000000  0.017090
 523.000000  0.019433
 524.000000  0.017114
 525.000000  0.019506
 526.000000  0.017139
 527.000000  0.019531
 528.000000  0.017187
 529.000000  0.019531
 530.000000  0.017212
 531.000000  0.019531
 532.000000  0.017749
 533.000000  0.017749
 534.000000  0.019531
 535.000000  0.017480
 536.000000  0.017895
 537.000000  0.020507
 538.000000  0.019629
 539.000000  0.021972
 540.000000  0.019482
 541.000000  0.018262
 542.000000  0.019507
 543.000000  0.021777
 544.000000  0.021436
 545.000000  0.019531
 546.000000  0.020459
 547.000000  0.024121
 548.000000  0.024268
 549.000000  0.022558
 550.000000  0.021631
 551.000000  0.024365
 552.000000  0.026660
 553.000000  0.025000
 554.000000  0.021973
 555.000000  0.020312
 556.000000  0.024390
 557.000000  0.034838
 558.000000  0.029175
 559.000000  0.024414
 560.000000  0.024194
 561.000000  0.036694
 562.000000  0.060376
 563.000000  0.032861
 564.000000  0.023999
 565.000000  0.029296
 566.000000  0.047241
 567.000000  0.059521
 568.000000  0.029370
 569.000000  0.029272
 570.000000  0.045264
 571.000000  0.131665
 572.000000  0.104248
 573.000000  0.034179
 574.000000  0.031689
 575.000000  0.074975
 576.000000  0.180273
 577.000000  0.096753
 578.000000  0.029370
 579.000000  0.029296
 580.000000  0.031738
 581.000000  0.042236
 582.000000  0.039038
 583.000000  0.032617
 584.000000  0.034180
 585.000000  0.085351
 586.000000  0.387305
 587.000000  0.459424
 588.000000  0.066797
 589.000000  0.036621
 590.000000  0.072803
 591.000000  0.071020
 592.000000  0.033325
 593.000000  0.024048
 594.000000  0.025366
 595.000000  0.034668
 596.000000  0.029272
 597.000000  0.024975
 598.000000  0.022266
 599.000000  0.024829
 600.000000  0.024365
 601.000000  0.024438
 602.000000  0.021948
 603.000000  0.022436
 604.000000  0.021948
 605.000000  0.024511
 606.000000  0.021387
 607.000000  0.022070
 608.000000  0.020532
 609.000000  0.024169
 610.000000  0.021924
 611.000000  0.021826
 612.000000  0.022143
 613.000000  0.021948
 614.000000  0.024096
 615.000000  0.022045
 616.000000  0.019531
 617.000000  0.019531
 618.000000  0.019629
 619.000000  0.021752
 620.000000  0.019507
 621.000000  0.020141
 622.000000  0.019336
 623.000000  0.020092
 624.000000  0.021899
 625.000000  0.019580
 626.000000  0.017773
 627.000000  0.019458
 628.000000  0.017871
 629.000000  0.019506
 630.000000  0.017090
 631.000000  0.019335
 632.000000  0.017261
 633.000000  0.019580
 634.000000  0.017310
 635.000000  0.019531
 636.000000  0.017090
 637.000000  0.016650
 638.000000  0.017114
 639.000000  0.018432
 640.000000  0.016919
 641.000000  0.018457
 642.000000  0.016919
 643.000000  0.015161
 644.000000  0.018383
 645.000000  0.017114
 646.000000  0.018115
 647.000000  0.017260
 648.000000  0.016089
 649.000000  0.014624
 650.000000  0.015308
 651.000000  0.014624
 652.000000  0.015112
 653.000000  0.014648
 654.000000  0.014770
 655.000000  0.017041
 656.000000  0.014697
 657.000000  0.017065
 658.000000  0.014746
 659.000000  0.014331
 660.000000  0.014526
 661.000000  0.016381
 662.000000  0.014673
 663.000000  0.016137
 664.000000  0.016992
 665.000000  0.015820
 666.000000  0.016821
 667.000000  0.015576
 668.000000  0.013916
 669.000000  0.012378
 670.000000  0.013599
 671.000000  0.012305
 672.000000  0.013623
 673.000000  0.014697
 674.000000  0.015063
 675.000000  0.014648
 676.000000  0.012427
 677.000000  0.014648
 678.000000  0.012231
 679.000000  0.014624
 680.000000  0.012231
 681.000000  0.012134
 682.000000  0.012305
 683.000000  0.014575
 684.000000  0.012231
 685.000000  0.014502
 686.000000  0.012231
 687.000000  0.011938
 688.000000  0.014599
 689.000000  0.011768
 690.000000  0.014624
 691.000000  0.014184
 692.000000  0.012183
 693.000000  0.013256
 694.000000  0.012012
 695.000000  0.012744
 696.000000  0.013696
 697.000000  0.012622
 698.000000  0.010620
 699.000000  0.012207
 700.000000  0.010400
 701.000000  0.009863
 702.000000  0.010571
 703.000000  0.009766
 704.000000  0.012573
 705.000000  0.012207
 706.000000  0.010181
 707.000000  0.009766
 708.000000  0.009888
 709.000000  0.012207
 710.000000  0.009814
 711.000000  0.012207
 712.000000  0.009814
 713.000000  0.012207
 714.000000  0.009766
 715.000000  0.012207
 716.000000  0.009790
 717.000000  0.012011
 718.000000  0.009766
 719.000000  0.012182
 720.000000  0.009766
 721.000000  0.012109
 722.000000  0.009766
 723.000000  0.011938
 724.000000  0.009766
 725.000000  0.011743
 726.000000  0.009766
 727.000000  0.011743
 728.000000  0.009766
 729.000000  0.009326
 730.000000  0.009766
 731.000000  0.011694
 732.000000  0.009741
 733.000000  0.011279
 734.000000  0.012207
 735.000000  0.011474
 736.000000  0.009741
 737.000000  0.010742
 738.000000  0.009717
 739.000000  0.010839
 740.000000  0.009741
 741.000000  0.011010
 742.000000  0.009668
 743.000000  0.007788
 744.000000  0.009497
 745.000000  0.010327
 746.000000  0.009448
 747.000000  0.007690
 748.000000  0.009448
 749.000000  0.010058
 750.000000  0.009228
 751.000000  0.009912
 752.000000  0.011450
 753.000000  0.009985
 754.000000  0.008838
 755.000000  0.009814
 756.000000  0.008716
 757.000000  0.009814
 758.000000  0.008374
 759.000000  0.007373
 760.000000  0.008350
 761.000000  0.009790
 762.000000  0.008227
 763.000000  0.009887
 764.000000  0.008325
 765.000000  0.009838
 766.000000  0.008398
 767.000000  0.007446
 768.000000  0.008423
 769.000000  0.009863
 770.000000  0.008350
 771.000000  0.009863
 772.000000  0.008105
 773.000000  0.009814
 774.000000  0.010473
 775.000000  0.009790
 776.000000  0.010449
 777.000000  0.009765
 778.000000  0.007666
 779.000000  0.007349
 780.000000  0.007764
 781.000000  0.007300
 782.000000  0.010009
 783.000000  0.009765
 784.000000  0.007739
 785.000000  0.009741
 786.000000  0.007764
 787.000000  0.009741
 788.000000  0.010009
 789.000000  0.009741
 790.000000  0.007568
 791.000000  0.009692
 792.000000  0.007495
 793.000000  0.009741
 794.000000  0.007617
 795.000000  0.009741
 796.000000  0.007446
 797.000000  0.009790
 798.000000  0.007349
 799.000000  0.009765
 800.000000  0.007446
 801.000000  0.009716
 802.000000  0.009912
 803.000000  0.009692
 804.000000  0.007397
 805.000000  0.009741
 806.000000  0.007324
 807.000000  0.009741
 808.000000  0.009838
 809.000000  0.007202
 810.000000  0.007422
 811.000000  0.007178
 812.000000  0.007300
 813.000000  0.007178
 814.000000  0.007349
 815.000000  0.009716
 816.000000  0.007422
 817.000000  0.009643
 818.000000  0.007349
 819.000000  0.009668
 820.000000  0.007373
 821.000000  0.009570
 822.000000  0.007349
 823.000000  0.009716
 824.000000  0.009790
 825.000000  0.009619
 826.000000  0.007349
 827.000000  0.009594
 828.000000  0.007300
 829.000000  0.009692
 830.000000  0.007324
 831.000000  0.009643
 832.000000  0.007324
 833.000000  0.009594
 834.000000  0.007300
 835.000000  0.009570
 836.000000  0.009765
 837.000000  0.009668
 838.000000  0.007349
 839.000000  0.009497
 840.000000  0.007324
 841.000000  0.009545
 842.000000  0.009814
 843.000000  0.009619
 844.000000  0.007324
 845.000000  0.007129
 846.000000  0.009765
 847.000000  0.009619
 848.000000  0.007349
 849.000000  0.009570
 850.000000  0.007324
 851.000000  0.009594
 852.000000  0.007324
 853.000000  0.006934
 854.000000  0.009765
 855.000000  0.009399
 856.000000  0.007300
 857.000000  0.006836
 858.000000  0.007324
 859.000000  0.006860
 860.000000  0.009765
 861.000000  0.009375
 862.000000  0.007324
 863.000000  0.006860
 864.000000  0.007275
 865.000000  0.009472
 866.000000  0.009765
 867.000000  0.007056
 868.000000  0.007300
 869.000000  0.009545
 870.000000  0.007324
 871.000000  0.009375
 872.000000  0.007324
 873.000000  0.009350
 874.000000  0.007324
 875.000000  0.009497
 876.000000  0.007324
 877.000000  0.006982
 878.000000  0.007324
 879.000000  0.006811
 880.000000  0.007324
 881.000000  0.009619
 882.000000  0.007324
 883.000000  0.009277
 884.000000  0.007300
 885.000000  0.009472
 886.000000  0.007324
 887.000000  0.006836
 888.000000  0.007324
 889.000000  0.009252
 890.000000  0.007324
 891.000000  0.009375
 892.000000  0.007324
 893.000000  0.009277
 894.000000  0.007324
 895.000000  0.009155
 896.000000  0.007300
 897.000000  0.009570
 898.000000  0.007324
 899.000000  0.009082
 900.000000  0.007324
 901.000000  0.009350
 902.000000  0.009765
 903.000000  0.008960
 904.000000  0.007324
 905.000000  0.009155
 906.000000  0.009765
 907.000000  0.008935
 908.000000  0.009741
 909.000000  0.009155
 910.000000  0.007300
 911.000000  0.008886
 912.000000  0.007300
 913.000000  0.008862
 914.000000  0.007275
 915.000000  0.009130
 916.000000  0.007227
 917.000000  0.009179
 918.000000  0.009765
 919.000000  0.008715
 920.000000  0.009668
 921.000000  0.008837
 922.000000  0.007251
 923.000000  0.008837
 924.000000  0.007251
 925.000000  0.008984
 926.000000  0.007275
 927.000000  0.009008
 928.000000  0.007300
 929.000000  0.008886
 930.000000  0.007251
 931.000000  0.009106
 932.000000  0.007227
 933.000000  0.008960
 934.000000  0.007202
 935.000000  0.008886
 936.000000  0.007275
 937.000000  0.008764
 938.000000  0.007300
 939.000000  0.008984
 940.000000  0.007202
 941.000000  0.008862
 942.000000  0.007275
 943.000000  0.008764
 944.000000  0.007251
 945.000000  0.006421
 946.000000  0.009692
 947.000000  0.009106
 948.000000  0.007251
 949.000000  0.009130
 950.000000  0.009668
 951.000000  0.008935
 952.000000  0.007251
 953.000000  0.008789
 954.000000  0.007227
 955.000000  0.008813
 956.000000  0.007227
 957.000000  0.008789
 958.000000  0.007275
 959.000000  0.006616
 960.000000  0.007251
 961.000000  0.006323
 962.000000  0.009668
 963.000000  0.006396
 964.000000  0.007227
 965.000000  0.009008
 966.000000  0.007227
 967.000000  0.008886
 968.000000  0.007300
 969.000000  0.008886
 970.000000  0.009741
 971.000000  0.008642
 972.000000  0.007251
 973.000000  0.008691
 974.000000  0.007129
 975.000000  0.008960
 976.000000  0.007202
 977.000000  0.008642
 978.000000  0.007202
 979.000000  0.008911
 980.000000  0.007251
 981.000000  0.009008
 982.000000  0.007202
 983.000000  0.006421
 984.000000  0.007275
 985.000000  0.008911
 986.000000  0.007202
 987.000000  0.008520
 988.000000  0.009716
 989.000000  0.008252
 990.000000  0.007324
 991.000000  0.008667
 992.000000  0.007251
 993.000000  0.008862
 994.000000  0.007275
 995.000000  0.008642
 996.000000  0.007251
 997.000000  0.008618
 998.000000  0.009716
 999.000000  0.008569
 1000.000000  0.009692
 1001.000000  0.008276
 1002.000000  0.007275
 1003.000000  0.008325
 1004.000000  0.007275
 1005.000000  0.008398
 1006.000000  0.007275
 1007.000000  0.008227
 1008.000000  0.007300
 1009.000000  0.008252
 1010.000000  0.007300
 1011.000000  0.008667
 1012.000000  0.007080
 1013.000000  0.008471
 1014.000000  0.007227
 1015.000000  0.008593
 1016.000000  0.007275
 1017.000000  0.008813
 1018.000000  0.007275
 1019.000000  0.008398
 1020.000000  0.007251
 1021.000000  0.008252
 1022.000000  0.007227
 1023.000000  0.008300
