 0.000000  0.007446
 1.000000  0.007251
 2.000000  0.007422
 3.000000  0.007227
 4.000000  0.007373
 5.000000  0.007275
 6.000000  0.007397
 7.000000  0.007178
 8.000000  0.007373
 9.000000  0.007251
 10.000000  0.007422
 11.000000  0.007202
 12.000000  0.007471
 13.000000  0.007202
 14.000000  0.007373
 15.000000  0.007202
 16.000000  0.007422
 17.000000  0.007227
 18.000000  0.007446
 19.000000  0.007202
 20.000000  0.007397
 21.000000  0.007275
 22.000000  0.007471
 23.000000  0.007275
 24.000000  0.007422
 25.000000  0.007104
 26.000000  0.007495
 27.000000  0.009594
 28.000000  0.007471
 29.000000  0.007300
 30.000000  0.007373
 31.000000  0.007324
 32.000000  0.007422
 33.000000  0.007227
 34.000000  0.007397
 35.000000  0.007275
 36.000000  0.007373
 37.000000  0.007202
 38.000000  0.007324
 39.000000  0.009741
 40.000000  0.007373
 41.000000  0.007300
 42.000000  0.007349
 43.000000  0.007300
 44.000000  0.007373
 45.000000  0.007202
 46.000000  0.007422
 47.000000  0.007300
 48.000000  0.007324
 49.000000  0.007324
 50.000000  0.007324
 51.000000  0.007251
 52.000000  0.007373
 53.000000  0.007275
 54.000000  0.007324
 55.000000  0.007324
 56.000000  0.007324
 57.000000  0.007275
 58.000000  0.007349
 59.000000  0.009716
 60.000000  0.007373
 61.000000  0.009716
 62.000000  0.007324
 63.000000  0.007300
 64.000000  0.007373
 65.000000  0.007300
 66.000000  0.007349
 67.000000  0.009765
 68.000000  0.007324
 69.000000  0.007300
 70.000000  0.007324
 71.000000  0.007324
 72.000000  0.007349
 73.000000  0.007300
 74.000000  0.007324
 75.000000  0.007275
 76.000000  0.007349
 77.000000  0.007275
 78.000000  0.007324
 79.000000  0.007324
 80.000000  0.007324
 81.000000  0.007300
 82.000000  0.007324
 83.000000  0.007275
 84.000000  0.007349
 85.000000  0.007324
 86.000000  0.007324
 87.000000  0.007275
 88.000000  0.007373
 89.000000  0.007251
 90.000000  0.007324
 91.000000  0.007324
 92.000000  0.007324
 93.000000  0.007300
 94.000000  0.007324
 95.000000  0.007324
 96.000000  0.007324
 97.000000  0.007324
 98.000000  0.007349
 99.000000  0.007324
 100.000000  0.007324
 101.000000  0.009765
 102.000000  0.007324
 103.000000  0.009741
 104.000000  0.007324
 105.000000  0.007275
 106.000000  0.007349
 107.000000  0.007324
 108.000000  0.007349
 109.000000  0.009765
 110.000000  0.007324
 111.000000  0.007324
 112.000000  0.007373
 113.000000  0.007324
 114.000000  0.007349
 115.000000  0.007324
 116.000000  0.007349
 117.000000  0.007300
 118.000000  0.007324
 119.000000  0.007324
 120.000000  0.007349
 121.000000  0.007324
 122.000000  0.007349
 123.000000  0.007300
 124.000000  0.007349
 125.000000  0.007324
 126.000000  0.007349
 127.000000  0.009741
 128.000000  0.007324
 129.000000  0.007324
 130.000000  0.007324
 131.000000  0.009741
 132.000000  0.007324
 133.000000  0.007227
 134.000000  0.007397
 135.000000  0.009741
 136.000000  0.007373
 137.000000  0.007324
 138.000000  0.007422
 139.000000  0.007324
 140.000000  0.007397
 141.000000  0.007251
 142.000000  0.007446
 143.000000  0.007275
 144.000000  0.007373
 145.000000  0.009716
 146.000000  0.007373
 147.000000  0.007300
 148.000000  0.007422
 149.000000  0.009668
 150.000000  0.007544
 151.000000  0.007275
 152.000000  0.007422
 153.000000  0.007227
 154.000000  0.007544
 155.000000  0.007251
 156.000000  0.007373
 157.000000  0.009668
 158.000000  0.007397
 159.000000  0.007251
 160.000000  0.007471
 161.000000  0.007202
 162.000000  0.007446
 163.000000  0.007227
 164.000000  0.007422
 165.000000  0.007227
 166.000000  0.007471
 167.000000  0.007227
 168.000000  0.007495
 169.000000  0.009692
 170.000000  0.007495
 171.000000  0.007275
 172.000000  0.007422
 173.000000  0.007178
 174.000000  0.007397
 175.000000  0.007251
 176.000000  0.007519
 177.000000  0.007153
 178.000000  0.007519
 179.000000  0.009668
 180.000000  0.007446
 181.000000  0.007275
 182.000000  0.007422
 183.000000  0.007227
 184.000000  0.007446
 185.000000  0.007227
 186.000000  0.007349
 187.000000  0.007275
 188.000000  0.007373
 189.000000  0.007251
 190.000000  0.007422
 191.000000  0.007153
 192.000000  0.007373
 193.000000  0.007275
 194.000000  0.007324
 195.000000  0.007275
 196.000000  0.009765
 197.000000  0.007251
 198.000000  0.007349
 199.000000  0.009692
 200.000000  0.007397
 201.000000  0.009716
 202.000000  0.007397
 203.000000  0.007300
 204.000000  0.007324
 205.000000  0.007275
 206.000000  0.007324
 207.000000  0.007251
 208.000000  0.007397
 209.000000  0.009692
 210.000000  0.007373
 211.000000  0.007300
 212.000000  0.007349
 213.000000  0.009716
 214.000000  0.007324
 215.000000  0.007300
 216.000000  0.007324
 217.000000  0.007324
 218.000000  0.007324
 219.000000  0.009741
 220.000000  0.007324
 221.000000  0.007275
 222.000000  0.007373
 223.000000  0.007300
 224.000000  0.007324
 225.000000  0.007300
 226.000000  0.007324
 227.000000  0.009716
 228.000000  0.007324
 229.000000  0.009741
 230.000000  0.007373
 231.000000  0.007251
 232.000000  0.007373
 233.000000  0.009765
 234.000000  0.007324
 235.000000  0.007324
 236.000000  0.007324
 237.000000  0.007324
 238.000000  0.007324
 239.000000  0.009741
 240.000000  0.007349
 241.000000  0.007300
 242.000000  0.007324
 243.000000  0.009741
 244.000000  0.007324
 245.000000  0.007275
 246.000000  0.007349
 247.000000  0.007324
 248.000000  0.007324
 249.000000  0.007324
 250.000000  0.007324
 251.000000  0.007324
 252.000000  0.007373
 253.000000  0.007300
 254.000000  0.007324
 255.000000  0.009765
 256.000000  0.007349
 257.000000  0.007300
 258.000000  0.007324
 259.000000  0.007324
 260.000000  0.007349
 261.000000  0.007300
 262.000000  0.007324
 263.000000  0.009741
 264.000000  0.007324
 265.000000  0.009741
 266.000000  0.007324
 267.000000  0.009765
 268.000000  0.007324
 269.000000  0.009765
 270.000000  0.007397
 271.000000  0.007324
 272.000000  0.007324
 273.000000  0.007324
 274.000000  0.007422
 275.000000  0.009741
 276.000000  0.007397
 277.000000  0.009765
 278.000000  0.007373
 279.000000  0.007324
 280.000000  0.007349
 281.000000  0.009741
 282.000000  0.007446
 283.000000  0.009765
 284.000000  0.007324
 285.000000  0.007324
 286.000000  0.007373
 287.000000  0.007300
 288.000000  0.007471
 289.000000  0.009741
 290.000000  0.007373
 291.000000  0.007251
 292.000000  0.007422
 293.000000  0.007300
 294.000000  0.007446
 295.000000  0.009668
 296.000000  0.007617
 297.000000  0.009716
 298.000000  0.007422
 299.000000  0.009716
 300.000000  0.007593
 301.000000  0.007324
 302.000000  0.007593
 303.000000  0.009716
 304.000000  0.007788
 305.000000  0.007324
 306.000000  0.007471
 307.000000  0.009765
 308.000000  0.007617
 309.000000  0.009765
 310.000000  0.007739
 311.000000  0.007349
 312.000000  0.007666
 313.000000  0.007324
 314.000000  0.007812
 315.000000  0.009716
 316.000000  0.007617
 317.000000  0.007300
 318.000000  0.007642
 319.000000  0.007300
 320.000000  0.007642
 321.000000  0.009790
 322.000000  0.007642
 323.000000  0.009790
 324.000000  0.007666
 325.000000  0.007349
 326.000000  0.007544
 327.000000  0.007300
 328.000000  0.007666
 329.000000  0.009790
 330.000000  0.007788
 331.000000  0.009765
 332.000000  0.007886
 333.000000  0.009814
 334.000000  0.007739
 335.000000  0.009838
 336.000000  0.007812
 337.000000  0.007349
 338.000000  0.007886
 339.000000  0.007373
 340.000000  0.007910
 341.000000  0.009863
 342.000000  0.010302
 343.000000  0.009790
 344.000000  0.007886
 345.000000  0.009790
 346.000000  0.008032
 347.000000  0.007397
 348.000000  0.008032
 349.000000  0.009790
 350.000000  0.007935
 351.000000  0.009765
 352.000000  0.007910
 353.000000  0.009838
 354.000000  0.007837
 355.000000  0.007373
 356.000000  0.007837
 357.000000  0.007349
 358.000000  0.008276
 359.000000  0.009838
 360.000000  0.008472
 361.000000  0.007349
 362.000000  0.008227
 363.000000  0.009790
 364.000000  0.007983
 365.000000  0.007324
 366.000000  0.008545
 367.000000  0.007373
 368.000000  0.008423
 369.000000  0.007397
 370.000000  0.008350
 371.000000  0.009838
 372.000000  0.008496
 373.000000  0.009790
 374.000000  0.008301
 375.000000  0.009863
 376.000000  0.008911
 377.000000  0.007324
 378.000000  0.008960
 379.000000  0.007471
 380.000000  0.008960
 381.000000  0.009814
 382.000000  0.008911
 383.000000  0.007471
 384.000000  0.008984
 385.000000  0.007446
 386.000000  0.009326
 387.000000  0.009912
 388.000000  0.008936
 389.000000  0.009887
 390.000000  0.009546
 391.000000  0.010009
 392.000000  0.009180
 393.000000  0.007471
 394.000000  0.009448
 395.000000  0.007593
 396.000000  0.009546
 397.000000  0.007519
 398.000000  0.009473
 399.000000  0.007373
 400.000000  0.009595
 401.000000  0.010229
 402.000000  0.009644
 403.000000  0.007935
 404.000000  0.009521
 405.000000  0.007935
 406.000000  0.009595
 407.000000  0.008057
 408.000000  0.009619
 409.000000  0.010498
 410.000000  0.009741
 411.000000  0.010620
 412.000000  0.009717
 413.000000  0.008325
 414.000000  0.009766
 415.000000  0.010913
 416.000000  0.009766
 417.000000  0.008740
 418.000000  0.009741
 419.000000  0.008936
 420.000000  0.009766
 421.000000  0.008862
 422.000000  0.009741
 423.000000  0.008984
 424.000000  0.009766
 425.000000  0.011718
 426.000000  0.009741
 427.000000  0.011743
 428.000000  0.009766
 429.000000  0.011718
 430.000000  0.009766
 431.000000  0.011694
 432.000000  0.009766
 433.000000  0.009595
 434.000000  0.009766
 435.000000  0.012085
 436.000000  0.009766
 437.000000  0.012060
 438.000000  0.009766
 439.000000  0.012158
 440.000000  0.009766
 441.000000  0.012158
 442.000000  0.009766
 443.000000  0.012182
 444.000000  0.009839
 445.000000  0.012182
 446.000000  0.009766
 447.000000  0.009766
 448.000000  0.009839
 449.000000  0.012182
 450.000000  0.009912
 451.000000  0.012158
 452.000000  0.009912
 453.000000  0.012207
 454.000000  0.009985
 455.000000  0.012207
 456.000000  0.010034
 457.000000  0.012231
 458.000000  0.010059
 459.000000  0.012255
 460.000000  0.010425
 461.000000  0.012353
 462.000000  0.010522
 463.000000  0.012377
 464.000000  0.010986
 465.000000  0.012524
 466.000000  0.011328
 467.000000  0.010376
 468.000000  0.011499
 469.000000  0.010522
 470.000000  0.011645
 471.000000  0.013134
 472.000000  0.011987
 473.000000  0.011108
 474.000000  0.012109
 475.000000  0.013794
 476.000000  0.012183
 477.000000  0.011352
 478.000000  0.012085
 479.000000  0.014086
 480.000000  0.012256
 481.000000  0.014502
 482.000000  0.012280
 483.000000  0.012085
 484.000000  0.012353
 485.000000  0.014575
 486.000000  0.012353
 487.000000  0.012183
 488.000000  0.012524
 489.000000  0.012231
 490.000000  0.012842
 491.000000  0.014746
 492.000000  0.012915
 493.000000  0.014843
 494.000000  0.013965
 495.000000  0.015527
 496.000000  0.014233
 497.000000  0.012622
 498.000000  0.013940
 499.000000  0.015478
 500.000000  0.014526
 501.000000  0.016259
 502.000000  0.014526
 503.000000  0.016357
 504.000000  0.014648
 505.000000  0.016821
 506.000000  0.014648
 507.000000  0.014502
 508.000000  0.014697
 509.000000  0.014648
 510.000000  0.014844
 511.000000  0.017065
 512.000000  0.014795
 513.000000  0.014648
 514.000000  0.014966
 515.000000  0.014673
 516.000000  0.015356
 517.000000  0.014746
 518.000000  0.016748
 519.000000  0.014893
 520.000000  0.016504
 521.000000  0.015088
 522.000000  0.017017
 523.000000  0.018920
 524.000000  0.017065
 525.000000  0.018212
 526.000000  0.017090
 527.000000  0.019213
 528.000000  0.017114
 529.000000  0.019238
 530.000000  0.017090
 531.000000  0.019531
 532.000000  0.017895
 533.000000  0.017090
 534.000000  0.017187
 535.000000  0.017114
 536.000000  0.017773
 537.000000  0.020288
 538.000000  0.018970
 539.000000  0.019604
 540.000000  0.019385
 541.000000  0.019165
 542.000000  0.019531
 543.000000  0.017773
 544.000000  0.019531
 545.000000  0.019434
 546.000000  0.021216
 547.000000  0.021972
 548.000000  0.019531
 549.000000  0.021923
 550.000000  0.020996
 551.000000  0.023974
 552.000000  0.020874
 553.000000  0.019531
 554.000000  0.021655
 555.000000  0.021973
 556.000000  0.023877
 557.000000  0.023803
 558.000000  0.021899
 559.000000  0.024316
 560.000000  0.024487
 561.000000  0.024341
 562.000000  0.022461
 563.000000  0.024414
 564.000000  0.024390
 565.000000  0.029345
 566.000000  0.025391
 567.000000  0.024804
 568.000000  0.024243
 569.000000  0.029296
 570.000000  0.031689
 571.000000  0.027807
 572.000000  0.024414
 573.000000  0.027514
 574.000000  0.034106
 575.000000  0.036621
 576.000000  0.029077
 577.000000  0.029101
 578.000000  0.032959
 579.000000  0.053466
 580.000000  0.041504
 581.000000  0.030957
 582.000000  0.032861
 583.000000  0.082031
 584.000000  0.156201
 585.000000  0.078149
 586.000000  0.036621
 587.000000  0.037548
 588.000000  0.065845
 589.000000  0.151172
 590.000000  0.167822
 591.000000  0.047583
 592.000000  0.045410
 593.000000  0.113428
 594.000000  0.265967
 595.000000  0.205688
 596.000000  0.046411
 597.000000  0.053491
 598.000000  0.126733
 599.000000  0.227344
 600.000000  0.108130
 601.000000  0.043872
 602.000000  0.053052
 603.000000  0.181909
 604.000000  0.462842
 605.000000  0.150244
 606.000000  0.044141
 607.000000  0.068042
 608.000000  0.279614
 609.000000  0.453833
 610.000000  0.083057
 611.000000  0.034350
 612.000000  0.036596
 613.000000  0.042846
 614.000000  0.040673
 615.000000  0.028955
 616.000000  0.026782
 617.000000  0.027637
 618.000000  0.029346
 619.000000  0.028735
 620.000000  0.024731
 621.000000  0.026855
 622.000000  0.026758
 623.000000  0.028418
 624.000000  0.026831
 625.000000  0.024536
 626.000000  0.024145
 627.000000  0.025927
 628.000000  0.024463
 629.000000  0.024438
 630.000000  0.022168
 631.000000  0.024487
 632.000000  0.023828
 633.000000  0.024536
 634.000000  0.021948
 635.000000  0.023120
 636.000000  0.021851
 637.000000  0.021289
 638.000000  0.021875
 639.000000  0.021899
 640.000000  0.020703
 641.000000  0.022265
 642.000000  0.021240
 643.000000  0.019531
 644.000000  0.022070
 645.000000  0.021972
 646.000000  0.022168
 647.000000  0.021948
 648.000000  0.019580
 649.000000  0.018237
 650.000000  0.019092
 651.000000  0.018677
 652.000000  0.019360
 653.000000  0.017432
 654.000000  0.018555
 655.000000  0.019628
 656.000000  0.017895
 657.000000  0.019555
 658.000000  0.017212
 659.000000  0.017090
 660.000000  0.017334
 661.000000  0.019506
 662.000000  0.017139
 663.000000  0.019311
 664.000000  0.019482
 665.000000  0.019140
 666.000000  0.019531
 667.000000  0.018579
 668.000000  0.016992
 669.000000  0.015308
 670.000000  0.016919
 671.000000  0.015015
 672.000000  0.015991
 673.000000  0.017138
 674.000000  0.018139
 675.000000  0.017114
 676.000000  0.015527
 677.000000  0.017089
 678.000000  0.014844
 679.000000  0.017114
 680.000000  0.014673
 681.000000  0.014600
 682.000000  0.014648
 683.000000  0.017041
 684.000000  0.014648
 685.000000  0.017016
 686.000000  0.014624
 687.000000  0.013818
 688.000000  0.016967
 689.000000  0.013501
 690.000000  0.017089
 691.000000  0.015454
 692.000000  0.014453
 693.000000  0.014917
 694.000000  0.013843
 695.000000  0.014721
 696.000000  0.015307
 697.000000  0.014672
 698.000000  0.012695
 699.000000  0.014648
 700.000000  0.012598
 701.000000  0.012207
 702.000000  0.012305
 703.000000  0.012207
 704.000000  0.014721
 705.000000  0.014624
 706.000000  0.012207
 707.000000  0.012134
 708.000000  0.012207
 709.000000  0.014453
 710.000000  0.012207
 711.000000  0.014209
 712.000000  0.012183
 713.000000  0.014184
 714.000000  0.012183
 715.000000  0.013623
 716.000000  0.012085
 717.000000  0.013354
 718.000000  0.012036
 719.000000  0.012646
 720.000000  0.011426
 721.000000  0.012353
 722.000000  0.010620
 723.000000  0.012353
 724.000000  0.010596
 725.000000  0.012255
 726.000000  0.010156
 727.000000  0.012207
 728.000000  0.010034
 729.000000  0.009766
 730.000000  0.009912
 731.000000  0.012207
 732.000000  0.009814
 733.000000  0.012207
 734.000000  0.012231
 735.000000  0.012207
 736.000000  0.009766
 737.000000  0.012207
 738.000000  0.009766
 739.000000  0.012207
 740.000000  0.009766
 741.000000  0.012182
 742.000000  0.009766
 743.000000  0.009741
 744.000000  0.009766
 745.000000  0.012182
 746.000000  0.009766
 747.000000  0.009668
 748.000000  0.009766
 749.000000  0.011962
 750.000000  0.009766
 751.000000  0.011792
 752.000000  0.012207
 753.000000  0.011889
 754.000000  0.009766
 755.000000  0.011718
 756.000000  0.009741
 757.000000  0.011254
 758.000000  0.009717
 759.000000  0.008691
 760.000000  0.009717
 761.000000  0.010864
 762.000000  0.009619
 763.000000  0.010522
 764.000000  0.009521
 765.000000  0.010620
 766.000000  0.009521
 767.000000  0.008227
 768.000000  0.009497
 769.000000  0.010376
 770.000000  0.009521
 771.000000  0.010278
 772.000000  0.009106
 773.000000  0.010034
 774.000000  0.011645
 775.000000  0.010205
 776.000000  0.011694
 777.000000  0.009985
 778.000000  0.008838
 779.000000  0.007617
 780.000000  0.008984
 781.000000  0.007544
 782.000000  0.011181
 783.000000  0.009912
 784.000000  0.008569
 785.000000  0.009863
 786.000000  0.008643
 787.000000  0.009985
 788.000000  0.010815
 789.000000  0.009912
 790.000000  0.008130
 791.000000  0.009887
 792.000000  0.008179
 793.000000  0.009912
 794.000000  0.008252
 795.000000  0.009863
 796.000000  0.008057
 797.000000  0.009961
 798.000000  0.007837
 799.000000  0.009765
 800.000000  0.008105
 801.000000  0.009863
 802.000000  0.010571
 803.000000  0.009741
 804.000000  0.007812
 805.000000  0.009912
 806.000000  0.007764
 807.000000  0.009838
 808.000000  0.010253
 809.000000  0.007422
 810.000000  0.007886
 811.000000  0.007324
 812.000000  0.007544
 813.000000  0.007324
 814.000000  0.007519
 815.000000  0.009790
 816.000000  0.007544
 817.000000  0.009765
 818.000000  0.007642
 819.000000  0.009765
 820.000000  0.007446
 821.000000  0.009765
 822.000000  0.007397
 823.000000  0.009765
 824.000000  0.009838
 825.000000  0.009765
 826.000000  0.007495
 827.000000  0.009741
 828.000000  0.007397
 829.000000  0.009765
 830.000000  0.007349
 831.000000  0.009765
 832.000000  0.007349
 833.000000  0.009765
 834.000000  0.007349
 835.000000  0.009741
 836.000000  0.009863
 837.000000  0.009741
 838.000000  0.007373
 839.000000  0.009765
 840.000000  0.007324
 841.000000  0.009716
 842.000000  0.009790
 843.000000  0.009716
 844.000000  0.007349
 845.000000  0.007300
 846.000000  0.009790
 847.000000  0.009765
 848.000000  0.007324
 849.000000  0.009741
 850.000000  0.007349
 851.000000  0.009692
 852.000000  0.007324
 853.000000  0.007300
 854.000000  0.009790
 855.000000  0.009765
 856.000000  0.007324
 857.000000  0.007275
 858.000000  0.007324
 859.000000  0.007202
 860.000000  0.009765
 861.000000  0.009668
 862.000000  0.007324
 863.000000  0.007178
 864.000000  0.007324
 865.000000  0.009692
 866.000000  0.009765
 867.000000  0.007251
 868.000000  0.007324
 869.000000  0.009668
 870.000000  0.007324
 871.000000  0.009716
 872.000000  0.007324
 873.000000  0.009716
 874.000000  0.007324
 875.000000  0.009692
 876.000000  0.007324
 877.000000  0.007153
 878.000000  0.007324
 879.000000  0.007104
 880.000000  0.007324
 881.000000  0.009692
 882.000000  0.007324
 883.000000  0.009570
 884.000000  0.007324
 885.000000  0.009472
 886.000000  0.007324
 887.000000  0.007129
 888.000000  0.007324
 889.000000  0.009545
 890.000000  0.007324
 891.000000  0.009570
 892.000000  0.007324
 893.000000  0.009619
 894.000000  0.007300
 895.000000  0.009594
 896.000000  0.007324
 897.000000  0.009668
 898.000000  0.007324
 899.000000  0.009570
 900.000000  0.007324
 901.000000  0.009423
 902.000000  0.009741
 903.000000  0.009350
 904.000000  0.007324
 905.000000  0.009399
 906.000000  0.009716
 907.000000  0.009179
 908.000000  0.009765
 909.000000  0.009423
 910.000000  0.007324
 911.000000  0.009350
 912.000000  0.007324
 913.000000  0.009082
 914.000000  0.007349
 915.000000  0.009301
 916.000000  0.007324
 917.000000  0.009350
 918.000000  0.009765
 919.000000  0.008886
 920.000000  0.009790
 921.000000  0.009130
 922.000000  0.007251
 923.000000  0.008984
 924.000000  0.007324
 925.000000  0.009301
 926.000000  0.007275
 927.000000  0.009155
 928.000000  0.007300
 929.000000  0.009204
 930.000000  0.007275
 931.000000  0.009008
 932.000000  0.007202
 933.000000  0.009204
 934.000000  0.007300
 935.000000  0.009155
 936.000000  0.007324
 937.000000  0.008837
 938.000000  0.007349
 939.000000  0.008935
 940.000000  0.007373
 941.000000  0.008984
 942.000000  0.007300
 943.000000  0.008935
 944.000000  0.007300
 945.000000  0.006470
 946.000000  0.009692
 947.000000  0.009130
 948.000000  0.007202
 949.000000  0.008960
 950.000000  0.009692
 951.000000  0.009082
 952.000000  0.007275
 953.000000  0.009155
 954.000000  0.007324
 955.000000  0.008837
 956.000000  0.007227
 957.000000  0.009082
 958.000000  0.007251
 959.000000  0.006494
 960.000000  0.007227
 961.000000  0.006421
 962.000000  0.009668
 963.000000  0.006641
 964.000000  0.007275
 965.000000  0.009155
 966.000000  0.007300
 967.000000  0.009130
 968.000000  0.007300
 969.000000  0.008886
 970.000000  0.009692
 971.000000  0.008886
 972.000000  0.007251
 973.000000  0.008984
 974.000000  0.007324
 975.000000  0.009057
 976.000000  0.007251
 977.000000  0.009155
 978.000000  0.007300
 979.000000  0.008911
 980.000000  0.007300
 981.000000  0.009228
 982.000000  0.007324
 983.000000  0.006470
 984.000000  0.007251
 985.000000  0.009057
 986.000000  0.007251
 987.000000  0.008813
 988.000000  0.009741
 989.000000  0.008715
 990.000000  0.007324
 991.000000  0.008642
 992.000000  0.007227
 993.000000  0.009204
 994.000000  0.007324
 995.000000  0.008960
 996.000000  0.007251
 997.000000  0.009082
 998.000000  0.009741
 999.000000  0.008911
 1000.000000  0.009765
 1001.000000  0.008618
 1002.000000  0.007324
 1003.000000  0.008862
 1004.000000  0.007300
 1005.000000  0.008984
 1006.000000  0.007300
 1007.000000  0.008593
 1008.000000  0.007300
 1009.000000  0.008691
 1010.000000  0.007300
 1011.000000  0.008740
 1012.000000  0.007324
 1013.000000  0.008691
 1014.000000  0.007275
 1015.000000  0.008789
 1016.000000  0.007300
 1017.000000  0.009008
 1018.000000  0.007324
 1019.000000  0.008789
 1020.000000  0.007275
 1021.000000  0.008569
 1022.000000  0.007300
 1023.000000  0.008715
