 0.000000  0.007324
 1.000000  0.007227
 2.000000  0.007324
 3.000000  0.007275
 4.000000  0.007324
 5.000000  0.007202
 6.000000  0.007349
 7.000000  0.007324
 8.000000  0.007324
 9.000000  0.007324
 10.000000  0.007324
 11.000000  0.007300
 12.000000  0.007349
 13.000000  0.007275
 14.000000  0.007324
 15.000000  0.007275
 16.000000  0.007324
 17.000000  0.007324
 18.000000  0.007324
 19.000000  0.007300
 20.000000  0.007324
 21.000000  0.007324
 22.000000  0.007324
 23.000000  0.007324
 24.000000  0.007349
 25.000000  0.007275
 26.000000  0.007324
 27.000000  0.009741
 28.000000  0.007349
 29.000000  0.007324
 30.000000  0.007324
 31.000000  0.007251
 32.000000  0.007324
 33.000000  0.007324
 34.000000  0.007324
 35.000000  0.007324
 36.000000  0.007349
 37.000000  0.007324
 38.000000  0.007349
 39.000000  0.009765
 40.000000  0.007324
 41.000000  0.007324
 42.000000  0.007324
 43.000000  0.007251
 44.000000  0.007324
 45.000000  0.006958
 46.000000  0.007300
 47.000000  0.007153
 48.000000  0.007373
 49.000000  0.007202
 50.000000  0.007617
 51.000000  0.007324
 52.000000  0.007593
 53.000000  0.006885
 54.000000  0.007422
 55.000000  0.007031
 56.000000  0.007617
 57.000000  0.007202
 58.000000  0.007568
 59.000000  0.009399
 60.000000  0.007519
 61.000000  0.009619
 62.000000  0.007397
 63.000000  0.007056
 64.000000  0.007495
 65.000000  0.007129
 66.000000  0.007422
 67.000000  0.009716
 68.000000  0.007373
 69.000000  0.007104
 70.000000  0.007397
 71.000000  0.007153
 72.000000  0.007373
 73.000000  0.007227
 74.000000  0.007446
 75.000000  0.007251
 76.000000  0.007373
 77.000000  0.007129
 78.000000  0.007324
 79.000000  0.007202
 80.000000  0.007373
 81.000000  0.007324
 82.000000  0.007349
 83.000000  0.007324
 84.000000  0.007373
 85.000000  0.007324
 86.000000  0.007422
 87.000000  0.007300
 88.000000  0.007349
 89.000000  0.007251
 90.000000  0.007373
 91.000000  0.007153
 92.000000  0.007349
 93.000000  0.007324
 94.000000  0.007373
 95.000000  0.007275
 96.000000  0.007349
 97.000000  0.007275
 98.000000  0.007349
 99.000000  0.007300
 100.000000  0.007349
 101.000000  0.009741
 102.000000  0.007349
 103.000000  0.009741
 104.000000  0.007324
 105.000000  0.007300
 106.000000  0.007324
 107.000000  0.007324
 108.000000  0.007373
 109.000000  0.009765
 110.000000  0.007349
 111.000000  0.007300
 112.000000  0.007324
 113.000000  0.007324
 114.000000  0.007349
 115.000000  0.007324
 116.000000  0.007324
 117.000000  0.007275
 118.000000  0.007373
 119.000000  0.007275
 120.000000  0.007373
 121.000000  0.007251
 122.000000  0.007324
 123.000000  0.007324
 124.000000  0.007324
 125.000000  0.007251
 126.000000  0.007349
 127.000000  0.009692
 128.000000  0.007324
 129.000000  0.007300
 130.000000  0.007324
 131.000000  0.009765
 132.000000  0.007349
 133.000000  0.007300
 134.000000  0.007349
 135.000000  0.009741
 136.000000  0.007373
 137.000000  0.007300
 138.000000  0.007373
 139.000000  0.007275
 140.000000  0.007324
 141.000000  0.007324
 142.000000  0.007349
 143.000000  0.007324
 144.000000  0.007324
 145.000000  0.009765
 146.000000  0.007324
 147.000000  0.007275
 148.000000  0.007349
 149.000000  0.009765
 150.000000  0.007324
 151.000000  0.007324
 152.000000  0.007324
 153.000000  0.007324
 154.000000  0.007324
 155.000000  0.007300
 156.000000  0.007324
 157.000000  0.009716
 158.000000  0.007373
 159.000000  0.007251
 160.000000  0.007349
 161.000000  0.007300
 162.000000  0.007373
 163.000000  0.007324
 164.000000  0.007324
 165.000000  0.007324
 166.000000  0.007324
 167.000000  0.007251
 168.000000  0.007324
 169.000000  0.009716
 170.000000  0.007324
 171.000000  0.007251
 172.000000  0.007349
 173.000000  0.007275
 174.000000  0.007324
 175.000000  0.007251
 176.000000  0.007349
 177.000000  0.007300
 178.000000  0.007324
 179.000000  0.009619
 180.000000  0.007349
 181.000000  0.007251
 182.000000  0.007324
 183.000000  0.007178
 184.000000  0.007349
 185.000000  0.007324
 186.000000  0.007349
 187.000000  0.007324
 188.000000  0.007324
 189.000000  0.007275
 190.000000  0.007324
 191.000000  0.007153
 192.000000  0.007324
 193.000000  0.007178
 194.000000  0.007324
 195.000000  0.007251
 196.000000  0.009790
 197.000000  0.007251
 198.000000  0.007324
 199.000000  0.009716
 200.000000  0.007324
 201.000000  0.009741
 202.000000  0.007593
 203.000000  0.007275
 204.000000  0.007568
 205.000000  0.007007
 206.000000  0.007324
 207.000000  0.006738
 208.000000  0.007324
 209.000000  0.009545
 210.000000  0.007666
 211.000000  0.007080
 212.000000  0.007471
 213.000000  0.009423
 214.000000  0.007568
 215.000000  0.007129
 216.000000  0.007397
 217.000000  0.006860
 218.000000  0.007397
 219.000000  0.009545
 220.000000  0.007495
 221.000000  0.007178
 222.000000  0.007422
 223.000000  0.007153
 224.000000  0.007519
 225.000000  0.007178
 226.000000  0.007300
 227.000000  0.009570
 228.000000  0.007495
 229.000000  0.009570
 230.000000  0.007373
 231.000000  0.007202
 232.000000  0.007397
 233.000000  0.009741
 234.000000  0.007397
 235.000000  0.007275
 236.000000  0.007349
 237.000000  0.007300
 238.000000  0.007349
 239.000000  0.009594
 240.000000  0.007324
 241.000000  0.007227
 242.000000  0.007349
 243.000000  0.009716
 244.000000  0.007422
 245.000000  0.007275
 246.000000  0.007446
 247.000000  0.007324
 248.000000  0.007349
 249.000000  0.007275
 250.000000  0.007373
 251.000000  0.007300
 252.000000  0.007324
 253.000000  0.007300
 254.000000  0.007349
 255.000000  0.009716
 256.000000  0.007349
 257.000000  0.007300
 258.000000  0.007373
 259.000000  0.007324
 260.000000  0.007422
 261.000000  0.007275
 262.000000  0.007349
 263.000000  0.009716
 264.000000  0.007324
 265.000000  0.009765
 266.000000  0.007349
 267.000000  0.009765
 268.000000  0.007349
 269.000000  0.009765
 270.000000  0.007349
 271.000000  0.007324
 272.000000  0.007324
 273.000000  0.007324
 274.000000  0.007349
 275.000000  0.009716
 276.000000  0.007324
 277.000000  0.009741
 278.000000  0.007349
 279.000000  0.007324
 280.000000  0.007422
 281.000000  0.009765
 282.000000  0.007349
 283.000000  0.009741
 284.000000  0.007324
 285.000000  0.007324
 286.000000  0.007349
 287.000000  0.007324
 288.000000  0.007324
 289.000000  0.009765
 290.000000  0.007324
 291.000000  0.007324
 292.000000  0.007519
 293.000000  0.007324
 294.000000  0.007446
 295.000000  0.009765
 296.000000  0.007422
 297.000000  0.009765
 298.000000  0.007397
 299.000000  0.009765
 300.000000  0.007373
 301.000000  0.007324
 302.000000  0.007397
 303.000000  0.009765
 304.000000  0.007471
 305.000000  0.007324
 306.000000  0.007397
 307.000000  0.009765
 308.000000  0.007422
 309.000000  0.009765
 310.000000  0.007373
 311.000000  0.007324
 312.000000  0.007422
 313.000000  0.007324
 314.000000  0.007495
 315.000000  0.009765
 316.000000  0.007519
 317.000000  0.007324
 318.000000  0.007422
 319.000000  0.007324
 320.000000  0.007397
 321.000000  0.009765
 322.000000  0.007568
 323.000000  0.009765
 324.000000  0.007495
 325.000000  0.007324
 326.000000  0.007568
 327.000000  0.007324
 328.000000  0.007397
 329.000000  0.009765
 330.000000  0.007739
 331.000000  0.009765
 332.000000  0.007617
 333.000000  0.009765
 334.000000  0.007642
 335.000000  0.009765
 336.000000  0.007642
 337.000000  0.007324
 338.000000  0.007861
 339.000000  0.007324
 340.000000  0.007690
 341.000000  0.009765
 342.000000  0.010156
 343.000000  0.009765
 344.000000  0.007788
 345.000000  0.009790
 346.000000  0.008154
 347.000000  0.007373
 348.000000  0.008008
 349.000000  0.009790
 350.000000  0.008276
 351.000000  0.009790
 352.000000  0.008227
 353.000000  0.009765
 354.000000  0.007861
 355.000000  0.007324
 356.000000  0.008154
 357.000000  0.007373
 358.000000  0.008472
 359.000000  0.009838
 360.000000  0.008838
 361.000000  0.007544
 362.000000  0.008862
 363.000000  0.010253
 364.000000  0.008618
 365.000000  0.007666
 366.000000  0.008618
 367.000000  0.007495
 368.000000  0.008520
 369.000000  0.007788
 370.000000  0.008765
 371.000000  0.010009
 372.000000  0.008740
 373.000000  0.010180
 374.000000  0.008765
 375.000000  0.010205
 376.000000  0.008691
 377.000000  0.007642
 378.000000  0.008789
 379.000000  0.007666
 380.000000  0.009228
 381.000000  0.010107
 382.000000  0.009351
 383.000000  0.007886
 384.000000  0.009399
 385.000000  0.007739
 386.000000  0.009351
 387.000000  0.010253
 388.000000  0.009033
 389.000000  0.010058
 390.000000  0.009302
 391.000000  0.010131
 392.000000  0.009326
 393.000000  0.007690
 394.000000  0.009351
 395.000000  0.008276
 396.000000  0.009668
 397.000000  0.008154
 398.000000  0.009473
 399.000000  0.007935
 400.000000  0.009644
 401.000000  0.010424
 402.000000  0.009570
 403.000000  0.008496
 404.000000  0.009741
 405.000000  0.008594
 406.000000  0.009741
 407.000000  0.008984
 408.000000  0.009741
 409.000000  0.011279
 410.000000  0.009741
 411.000000  0.010888
 412.000000  0.009741
 413.000000  0.008374
 414.000000  0.009766
 415.000000  0.011230
 416.000000  0.009741
 417.000000  0.009204
 418.000000  0.009766
 419.000000  0.009399
 420.000000  0.009766
 421.000000  0.009326
 422.000000  0.009766
 423.000000  0.009424
 424.000000  0.009766
 425.000000  0.011914
 426.000000  0.009766
 427.000000  0.012011
 428.000000  0.009766
 429.000000  0.012158
 430.000000  0.009790
 431.000000  0.012133
 432.000000  0.009766
 433.000000  0.009741
 434.000000  0.009766
 435.000000  0.012207
 436.000000  0.009790
 437.000000  0.012207
 438.000000  0.009766
 439.000000  0.012207
 440.000000  0.009766
 441.000000  0.012207
 442.000000  0.009790
 443.000000  0.012207
 444.000000  0.009790
 445.000000  0.012207
 446.000000  0.009985
 447.000000  0.009766
 448.000000  0.009912
 449.000000  0.012207
 450.000000  0.010083
 451.000000  0.012207
 452.000000  0.010644
 453.000000  0.012231
 454.000000  0.010644
 455.000000  0.012255
 456.000000  0.011426
 457.000000  0.012402
 458.000000  0.011475
 459.000000  0.012573
 460.000000  0.011694
 461.000000  0.013085
 462.000000  0.011938
 463.000000  0.013330
 464.000000  0.012183
 465.000000  0.014453
 466.000000  0.012183
 467.000000  0.011987
 468.000000  0.012158
 469.000000  0.011914
 470.000000  0.012207
 471.000000  0.014502
 472.000000  0.012207
 473.000000  0.012158
 474.000000  0.012280
 475.000000  0.014648
 476.000000  0.012378
 477.000000  0.012207
 478.000000  0.012329
 479.000000  0.014648
 480.000000  0.012988
 481.000000  0.014648
 482.000000  0.013135
 483.000000  0.012402
 484.000000  0.013525
 485.000000  0.015210
 486.000000  0.014331
 487.000000  0.012842
 488.000000  0.014502
 489.000000  0.014014
 490.000000  0.014648
 491.000000  0.016357
 492.000000  0.014648
 493.000000  0.016552
 494.000000  0.014648
 495.000000  0.016845
 496.000000  0.014648
 497.000000  0.014600
 498.000000  0.014648
 499.000000  0.017065
 500.000000  0.014795
 501.000000  0.017089
 502.000000  0.015063
 503.000000  0.017089
 504.000000  0.015234
 505.000000  0.017089
 506.000000  0.015601
 507.000000  0.014697
 508.000000  0.016138
 509.000000  0.014722
 510.000000  0.016602
 511.000000  0.017407
 512.000000  0.016772
 513.000000  0.015723
 514.000000  0.017114
 515.000000  0.016846
 516.000000  0.017139
 517.000000  0.016357
 518.000000  0.016870
 519.000000  0.016211
 520.000000  0.017163
 521.000000  0.016992
 522.000000  0.017773
 523.000000  0.019555
 524.000000  0.017627
 525.000000  0.019653
 526.000000  0.018286
 527.000000  0.019702
 528.000000  0.017627
 529.000000  0.019506
 530.000000  0.018213
 531.000000  0.020263
 532.000000  0.018848
 533.000000  0.018677
 534.000000  0.019482
 535.000000  0.019263
 536.000000  0.019580
 537.000000  0.021875
 538.000000  0.019702
 539.000000  0.021923
 540.000000  0.021387
 541.000000  0.019556
 542.000000  0.019849
 543.000000  0.019531
 544.000000  0.021680
 545.000000  0.020801
 546.000000  0.021143
 547.000000  0.022045
 548.000000  0.021875
 549.000000  0.024365
 550.000000  0.022485
 551.000000  0.024292
 552.000000  0.021899
 553.000000  0.021631
 554.000000  0.024072
 555.000000  0.022461
 556.000000  0.022217
 557.000000  0.024414
 558.000000  0.024487
 559.000000  0.027539
 560.000000  0.024536
 561.000000  0.023096
 562.000000  0.023730
 563.000000  0.028393
 564.000000  0.027246
 565.000000  0.028833
 566.000000  0.024414
 567.000000  0.026855
 568.000000  0.029175
 569.000000  0.033471
 570.000000  0.031250
 571.000000  0.027563
 572.000000  0.028516
 573.000000  0.037353
 574.000000  0.040503
 575.000000  0.037182
 576.000000  0.028442
 577.000000  0.036181
 578.000000  0.043091
 579.000000  0.047314
 580.000000  0.034326
 581.000000  0.031079
 582.000000  0.044556
 583.000000  0.064013
 584.000000  0.073950
 585.000000  0.042651
 586.000000  0.044580
 587.000000  0.114941
 588.000000  0.407983
 589.000000  0.448804
 590.000000  0.077539
 591.000000  0.143725
 592.000000  0.318262
 593.000000  0.188062
 594.000000  0.096680
 595.000000  0.041845
 596.000000  0.071997
 597.000000  0.092871
 598.000000  0.042725
 599.000000  0.031567
 600.000000  0.027563
 601.000000  0.030151
 602.000000  0.031006
 603.000000  0.030346
 604.000000  0.026733
 605.000000  0.027832
 606.000000  0.027051
 607.000000  0.027832
 608.000000  0.025488
 609.000000  0.025683
 610.000000  0.024194
 611.000000  0.026513
 612.000000  0.026855
 613.000000  0.025341
 614.000000  0.025219
 615.000000  0.024609
 616.000000  0.023926
 617.000000  0.021973
 618.000000  0.022021
 619.000000  0.024414
 620.000000  0.022095
 621.000000  0.024023
 622.000000  0.021973
 623.000000  0.022192
 624.000000  0.024316
 625.000000  0.022290
 626.000000  0.021484
 627.000000  0.022045
 628.000000  0.020020
 629.000000  0.021972
 630.000000  0.021020
 631.000000  0.021972
 632.000000  0.019580
 633.000000  0.021923
 634.000000  0.019531
 635.000000  0.021972
 636.000000  0.019531
 637.000000  0.018579
 638.000000  0.019458
 639.000000  0.019946
 640.000000  0.019336
 641.000000  0.019726
 642.000000  0.018726
 643.000000  0.017090
 644.000000  0.020166
 645.000000  0.019531
 646.000000  0.019580
 647.000000  0.019531
 648.000000  0.017090
 649.000000  0.017090
 650.000000  0.017163
 651.000000  0.016919
 652.000000  0.017090
 653.000000  0.016602
 654.000000  0.017090
 655.000000  0.018969
 656.000000  0.016992
 657.000000  0.017480
 658.000000  0.016309
 659.000000  0.014746
 660.000000  0.016064
 661.000000  0.017089
 662.000000  0.015747
 663.000000  0.017138
 664.000000  0.017749
 665.000000  0.017089
 666.000000  0.017260
 667.000000  0.017089
 668.000000  0.014819
 669.000000  0.014673
 670.000000  0.014893
 671.000000  0.014453
 672.000000  0.014551
 673.000000  0.016748
 674.000000  0.017041
 675.000000  0.016821
 676.000000  0.014722
 677.000000  0.016162
 678.000000  0.014380
 679.000000  0.015918
 680.000000  0.014136
 681.000000  0.013232
 682.000000  0.014429
 683.000000  0.015527
 684.000000  0.013867
 685.000000  0.015161
 686.000000  0.013477
 687.000000  0.012549
 688.000000  0.015991
 689.000000  0.012353
 690.000000  0.015210
 691.000000  0.014624
 692.000000  0.012842
 693.000000  0.014599
 694.000000  0.012476
 695.000000  0.014599
 696.000000  0.014819
 697.000000  0.014599
 698.000000  0.012280
 699.000000  0.014624
 700.000000  0.012207
 701.000000  0.011841
 702.000000  0.012158
 703.000000  0.011523
 704.000000  0.014526
 705.000000  0.013549
 706.000000  0.012012
 707.000000  0.011645
 708.000000  0.012109
 709.000000  0.013330
 710.000000  0.011670
 711.000000  0.013110
 712.000000  0.011377
 713.000000  0.012622
 714.000000  0.010889
 715.000000  0.012377
 716.000000  0.010449
 717.000000  0.012255
 718.000000  0.010840
 719.000000  0.012280
 720.000000  0.010132
 721.000000  0.012255
 722.000000  0.009936
 723.000000  0.012207
 724.000000  0.009888
 725.000000  0.012207
 726.000000  0.009888
 727.000000  0.012207
 728.000000  0.009766
 729.000000  0.009766
 730.000000  0.009766
 731.000000  0.012207
 732.000000  0.009766
 733.000000  0.012207
 734.000000  0.012207
 735.000000  0.012182
 736.000000  0.009766
 737.000000  0.012133
 738.000000  0.009741
 739.000000  0.012060
 740.000000  0.009766
 741.000000  0.011938
 742.000000  0.009766
 743.000000  0.009570
 744.000000  0.009766
 745.000000  0.011889
 746.000000  0.009741
 747.000000  0.008936
 748.000000  0.009766
 749.000000  0.010913
 750.000000  0.009717
 751.000000  0.011377
 752.000000  0.012158
 753.000000  0.011425
 754.000000  0.009741
 755.000000  0.010913
 756.000000  0.009766
 757.000000  0.010400
 758.000000  0.009668
 759.000000  0.007837
 760.000000  0.009424
 761.000000  0.010058
 762.000000  0.009497
 763.000000  0.010107
 764.000000  0.009473
 765.000000  0.009912
 766.000000  0.009546
 767.000000  0.007739
 768.000000  0.009351
 769.000000  0.009961
 770.000000  0.009277
 771.000000  0.009887
 772.000000  0.008887
 773.000000  0.009790
 774.000000  0.011084
 775.000000  0.009790
 776.000000  0.011108
 777.000000  0.009814
 778.000000  0.008691
 779.000000  0.007324
 780.000000  0.008350
 781.000000  0.007324
 782.000000  0.010473
 783.000000  0.009765
 784.000000  0.007983
 785.000000  0.009765
 786.000000  0.007959
 787.000000  0.009765
 788.000000  0.010351
 789.000000  0.009765
 790.000000  0.007739
 791.000000  0.009765
 792.000000  0.007861
 793.000000  0.009765
 794.000000  0.007666
 795.000000  0.009765
 796.000000  0.007642
 797.000000  0.009765
 798.000000  0.007568
 799.000000  0.009765
 800.000000  0.007617
 801.000000  0.009765
 802.000000  0.010131
 803.000000  0.009765
 804.000000  0.007544
 805.000000  0.009765
 806.000000  0.007349
 807.000000  0.009765
 808.000000  0.009912
 809.000000  0.007324
 810.000000  0.007446
 811.000000  0.007300
 812.000000  0.007642
 813.000000  0.007300
 814.000000  0.007446
 815.000000  0.009765
 816.000000  0.007397
 817.000000  0.009692
 818.000000  0.007324
 819.000000  0.009741
 820.000000  0.007349
 821.000000  0.009716
 822.000000  0.007397
 823.000000  0.009765
 824.000000  0.009814
 825.000000  0.009692
 826.000000  0.007349
 827.000000  0.009790
 828.000000  0.007495
 829.000000  0.009741
 830.000000  0.007397
 831.000000  0.009423
 832.000000  0.007275
 833.000000  0.009521
 834.000000  0.007690
 835.000000  0.009643
 836.000000  0.010083
 837.000000  0.009594
 838.000000  0.007397
 839.000000  0.009399
 840.000000  0.007422
 841.000000  0.009350
 842.000000  0.009814
 843.000000  0.009399
 844.000000  0.007349
 845.000000  0.007129
 846.000000  0.009814
 847.000000  0.009668
 848.000000  0.007373
 849.000000  0.009619
 850.000000  0.007349
 851.000000  0.009619
 852.000000  0.007422
 853.000000  0.007056
 854.000000  0.009838
 855.000000  0.009521
 856.000000  0.007324
 857.000000  0.007104
 858.000000  0.007349
 859.000000  0.007251
 860.000000  0.009838
 861.000000  0.009570
 862.000000  0.007324
 863.000000  0.007104
 864.000000  0.007324
 865.000000  0.009497
 866.000000  0.009741
 867.000000  0.007104
 868.000000  0.007324
 869.000000  0.009594
 870.000000  0.007373
 871.000000  0.009619
 872.000000  0.007397
 873.000000  0.009570
 874.000000  0.007324
 875.000000  0.009301
 876.000000  0.007324
 877.000000  0.007007
 878.000000  0.007324
 879.000000  0.006885
 880.000000  0.007324
 881.000000  0.009643
 882.000000  0.007324
 883.000000  0.009521
 884.000000  0.007300
 885.000000  0.009326
 886.000000  0.007349
 887.000000  0.006738
 888.000000  0.007324
 889.000000  0.009155
 890.000000  0.007300
 891.000000  0.009521
 892.000000  0.007324
 893.000000  0.009594
 894.000000  0.007324
 895.000000  0.009472
 896.000000  0.007324
 897.000000  0.009545
 898.000000  0.007324
 899.000000  0.009252
 900.000000  0.007324
 901.000000  0.009399
 902.000000  0.009765
 903.000000  0.009204
 904.000000  0.007324
 905.000000  0.009326
 906.000000  0.009741
 907.000000  0.009252
 908.000000  0.009765
 909.000000  0.009375
 910.000000  0.007324
 911.000000  0.009106
 912.000000  0.007324
 913.000000  0.009228
 914.000000  0.007324
 915.000000  0.009375
 916.000000  0.007324
 917.000000  0.009350
 918.000000  0.009765
 919.000000  0.008960
 920.000000  0.009765
 921.000000  0.009057
 922.000000  0.007324
 923.000000  0.008911
 924.000000  0.007300
 925.000000  0.008984
 926.000000  0.007324
 927.000000  0.009082
 928.000000  0.007300
 929.000000  0.009228
 930.000000  0.007324
 931.000000  0.009179
 932.000000  0.007324
 933.000000  0.009204
 934.000000  0.007300
 935.000000  0.009033
 936.000000  0.007324
 937.000000  0.009033
 938.000000  0.007324
 939.000000  0.008960
 940.000000  0.007324
 941.000000  0.009008
 942.000000  0.007324
 943.000000  0.008911
 944.000000  0.007324
 945.000000  0.006616
 946.000000  0.009741
 947.000000  0.009375
 948.000000  0.007324
 949.000000  0.009277
 950.000000  0.009765
 951.000000  0.009130
 952.000000  0.007324
 953.000000  0.009277
 954.000000  0.007324
 955.000000  0.009057
 956.000000  0.007300
 957.000000  0.009106
 958.000000  0.007324
 959.000000  0.006494
 960.000000  0.007324
 961.000000  0.006763
 962.000000  0.009765
 963.000000  0.006519
 964.000000  0.007324
 965.000000  0.009326
 966.000000  0.007324
 967.000000  0.009204
 968.000000  0.007300
 969.000000  0.008862
 970.000000  0.009765
 971.000000  0.008911
 972.000000  0.007324
 973.000000  0.008837
 974.000000  0.007324
 975.000000  0.009033
 976.000000  0.007275
 977.000000  0.008862
 978.000000  0.007300
 979.000000  0.008667
 980.000000  0.007300
 981.000000  0.009082
 982.000000  0.007227
 983.000000  0.006445
 984.000000  0.007153
 985.000000  0.009228
 986.000000  0.007104
 987.000000  0.009130
 988.000000  0.009716
 989.000000  0.009106
 990.000000  0.007080
 991.000000  0.008544
 992.000000  0.007129
 993.000000  0.008862
 994.000000  0.007031
 995.000000  0.008935
 996.000000  0.007129
 997.000000  0.008862
 998.000000  0.009668
 999.000000  0.008886
 1000.000000  0.009741
 1001.000000  0.008593
 1002.000000  0.007080
 1003.000000  0.008252
 1004.000000  0.007056
 1005.000000  0.008569
 1006.000000  0.007227
 1007.000000  0.008642
 1008.000000  0.007300
 1009.000000  0.008837
 1010.000000  0.007178
 1011.000000  0.009155
 1012.000000  0.007251
 1013.000000  0.008520
 1014.000000  0.007129
 1015.000000  0.008667
 1016.000000  0.007202
 1017.000000  0.008691
 1018.000000  0.007227
 1019.000000  0.008642
 1020.000000  0.007324
 1021.000000  0.008422
 1022.000000  0.007251
 1023.000000  0.009008
