 0.000000  0.007471
 1.000000  0.007129
 2.000000  0.007324
 3.000000  0.007178
 4.000000  0.007446
 5.000000  0.007129
 6.000000  0.007422
 7.000000  0.007153
 8.000000  0.007373
 9.000000  0.007153
 10.000000  0.007300
 11.000000  0.007178
 12.000000  0.007397
 13.000000  0.007202
 14.000000  0.007397
 15.000000  0.007227
 16.000000  0.007373
 17.000000  0.007227
 18.000000  0.007397
 19.000000  0.007300
 20.000000  0.007324
 21.000000  0.007275
 22.000000  0.007446
 23.000000  0.007275
 24.000000  0.007349
 25.000000  0.007178
 26.000000  0.007397
 27.000000  0.009716
 28.000000  0.007324
 29.000000  0.007251
 30.000000  0.007349
 31.000000  0.007251
 32.000000  0.007349
 33.000000  0.007227
 34.000000  0.007397
 35.000000  0.007300
 36.000000  0.007349
 37.000000  0.007275
 38.000000  0.007373
 39.000000  0.009716
 40.000000  0.007349
 41.000000  0.007251
 42.000000  0.007373
 43.000000  0.007275
 44.000000  0.007324
 45.000000  0.007300
 46.000000  0.007349
 47.000000  0.007251
 48.000000  0.007349
 49.000000  0.007202
 50.000000  0.007324
 51.000000  0.007300
 52.000000  0.007349
 53.000000  0.007324
 54.000000  0.007324
 55.000000  0.007324
 56.000000  0.007324
 57.000000  0.007324
 58.000000  0.007373
 59.000000  0.009716
 60.000000  0.007349
 61.000000  0.009765
 62.000000  0.007324
 63.000000  0.007300
 64.000000  0.007324
 65.000000  0.007275
 66.000000  0.007349
 67.000000  0.009765
 68.000000  0.007324
 69.000000  0.007251
 70.000000  0.007324
 71.000000  0.007324
 72.000000  0.007324
 73.000000  0.007300
 74.000000  0.007324
 75.000000  0.007324
 76.000000  0.007324
 77.000000  0.007300
 78.000000  0.007324
 79.000000  0.007300
 80.000000  0.007324
 81.000000  0.007275
 82.000000  0.007324
 83.000000  0.007324
 84.000000  0.007324
 85.000000  0.007300
 86.000000  0.007324
 87.000000  0.007324
 88.000000  0.007324
 89.000000  0.007275
 90.000000  0.007324
 91.000000  0.007275
 92.000000  0.007324
 93.000000  0.007300
 94.000000  0.007324
 95.000000  0.007324
 96.000000  0.007324
 97.000000  0.007251
 98.000000  0.007324
 99.000000  0.007324
 100.000000  0.007324
 101.000000  0.009765
 102.000000  0.007324
 103.000000  0.009741
 104.000000  0.007324
 105.000000  0.007324
 106.000000  0.007349
 107.000000  0.007324
 108.000000  0.007349
 109.000000  0.009741
 110.000000  0.007324
 111.000000  0.007324
 112.000000  0.007324
 113.000000  0.007300
 114.000000  0.007324
 115.000000  0.007324
 116.000000  0.007349
 117.000000  0.007324
 118.000000  0.007324
 119.000000  0.007300
 120.000000  0.007349
 121.000000  0.007324
 122.000000  0.007349
 123.000000  0.007275
 124.000000  0.007349
 125.000000  0.007153
 126.000000  0.007349
 127.000000  0.009668
 128.000000  0.007373
 129.000000  0.007300
 130.000000  0.007446
 131.000000  0.009716
 132.000000  0.007471
 133.000000  0.007251
 134.000000  0.007471
 135.000000  0.009692
 136.000000  0.007397
 137.000000  0.007129
 138.000000  0.007373
 139.000000  0.007104
 140.000000  0.007593
 141.000000  0.007153
 142.000000  0.007422
 143.000000  0.007227
 144.000000  0.007397
 145.000000  0.009594
 146.000000  0.007422
 147.000000  0.007202
 148.000000  0.007495
 149.000000  0.009692
 150.000000  0.007544
 151.000000  0.007178
 152.000000  0.007397
 153.000000  0.007178
 154.000000  0.007446
 155.000000  0.007202
 156.000000  0.007422
 157.000000  0.009716
 158.000000  0.007495
 159.000000  0.007202
 160.000000  0.007495
 161.000000  0.007104
 162.000000  0.007349
 163.000000  0.007056
 164.000000  0.007446
 165.000000  0.007202
 166.000000  0.007471
 167.000000  0.007251
 168.000000  0.007544
 169.000000  0.009619
 170.000000  0.007422
 171.000000  0.007227
 172.000000  0.007373
 173.000000  0.007275
 174.000000  0.007349
 175.000000  0.007300
 176.000000  0.007324
 177.000000  0.007251
 178.000000  0.007349
 179.000000  0.009619
 180.000000  0.007324
 181.000000  0.007202
 182.000000  0.007349
 183.000000  0.007227
 184.000000  0.007349
 185.000000  0.007300
 186.000000  0.007373
 187.000000  0.007275
 188.000000  0.007324
 189.000000  0.007275
 190.000000  0.007324
 191.000000  0.007202
 192.000000  0.007373
 193.000000  0.007349
 194.000000  0.007349
 195.000000  0.007300
 196.000000  0.009765
 197.000000  0.007202
 198.000000  0.007324
 199.000000  0.009741
 200.000000  0.007349
 201.000000  0.009716
 202.000000  0.007349
 203.000000  0.007300
 204.000000  0.007324
 205.000000  0.007251
 206.000000  0.007324
 207.000000  0.007300
 208.000000  0.007324
 209.000000  0.009692
 210.000000  0.007349
 211.000000  0.007251
 212.000000  0.007349
 213.000000  0.009741
 214.000000  0.007324
 215.000000  0.007300
 216.000000  0.007324
 217.000000  0.007275
 218.000000  0.007349
 219.000000  0.009716
 220.000000  0.007324
 221.000000  0.007324
 222.000000  0.007349
 223.000000  0.007324
 224.000000  0.007324
 225.000000  0.007275
 226.000000  0.007324
 227.000000  0.009716
 228.000000  0.007349
 229.000000  0.009643
 230.000000  0.007349
 231.000000  0.007324
 232.000000  0.007324
 233.000000  0.009716
 234.000000  0.007324
 235.000000  0.007324
 236.000000  0.007324
 237.000000  0.007275
 238.000000  0.007324
 239.000000  0.009741
 240.000000  0.007324
 241.000000  0.007275
 242.000000  0.007324
 243.000000  0.009741
 244.000000  0.007324
 245.000000  0.007251
 246.000000  0.007324
 247.000000  0.007251
 248.000000  0.007324
 249.000000  0.007300
 250.000000  0.007324
 251.000000  0.007324
 252.000000  0.007324
 253.000000  0.007324
 254.000000  0.007324
 255.000000  0.009765
 256.000000  0.007324
 257.000000  0.007324
 258.000000  0.007349
 259.000000  0.007324
 260.000000  0.007373
 261.000000  0.007324
 262.000000  0.007324
 263.000000  0.009765
 264.000000  0.007324
 265.000000  0.009765
 266.000000  0.007373
 267.000000  0.009765
 268.000000  0.007373
 269.000000  0.009692
 270.000000  0.007446
 271.000000  0.007300
 272.000000  0.007349
 273.000000  0.007300
 274.000000  0.007349
 275.000000  0.009716
 276.000000  0.007422
 277.000000  0.009741
 278.000000  0.007446
 279.000000  0.007324
 280.000000  0.007446
 281.000000  0.009790
 282.000000  0.007422
 283.000000  0.009765
 284.000000  0.007446
 285.000000  0.007300
 286.000000  0.007446
 287.000000  0.007275
 288.000000  0.007568
 289.000000  0.009716
 290.000000  0.007495
 291.000000  0.007275
 292.000000  0.007568
 293.000000  0.007300
 294.000000  0.007666
 295.000000  0.009716
 296.000000  0.007495
 297.000000  0.009790
 298.000000  0.007568
 299.000000  0.009692
 300.000000  0.007715
 301.000000  0.007300
 302.000000  0.007568
 303.000000  0.009716
 304.000000  0.007617
 305.000000  0.007300
 306.000000  0.007593
 307.000000  0.009741
 308.000000  0.007617
 309.000000  0.009790
 310.000000  0.007568
 311.000000  0.007300
 312.000000  0.007715
 313.000000  0.007275
 314.000000  0.007910
 315.000000  0.009765
 316.000000  0.007837
 317.000000  0.007324
 318.000000  0.007690
 319.000000  0.007349
 320.000000  0.007666
 321.000000  0.009765
 322.000000  0.007593
 323.000000  0.009741
 324.000000  0.007617
 325.000000  0.007397
 326.000000  0.007812
 327.000000  0.007324
 328.000000  0.007568
 329.000000  0.009765
 330.000000  0.007715
 331.000000  0.009765
 332.000000  0.007690
 333.000000  0.009790
 334.000000  0.007642
 335.000000  0.009765
 336.000000  0.007617
 337.000000  0.007324
 338.000000  0.007983
 339.000000  0.007324
 340.000000  0.007690
 341.000000  0.009790
 342.000000  0.010009
 343.000000  0.009790
 344.000000  0.007983
 345.000000  0.009765
 346.000000  0.008008
 347.000000  0.007349
 348.000000  0.007764
 349.000000  0.009814
 350.000000  0.007983
 351.000000  0.009790
 352.000000  0.008057
 353.000000  0.009814
 354.000000  0.008057
 355.000000  0.007324
 356.000000  0.008008
 357.000000  0.007324
 358.000000  0.008252
 359.000000  0.009790
 360.000000  0.008545
 361.000000  0.007349
 362.000000  0.008203
 363.000000  0.009790
 364.000000  0.008008
 365.000000  0.007349
 366.000000  0.008301
 367.000000  0.007397
 368.000000  0.008374
 369.000000  0.007373
 370.000000  0.008227
 371.000000  0.009790
 372.000000  0.008740
 373.000000  0.009790
 374.000000  0.008887
 375.000000  0.009838
 376.000000  0.008984
 377.000000  0.007397
 378.000000  0.009204
 379.000000  0.007397
 380.000000  0.008960
 381.000000  0.009912
 382.000000  0.009106
 383.000000  0.007544
 384.000000  0.009326
 385.000000  0.007446
 386.000000  0.009375
 387.000000  0.009961
 388.000000  0.009131
 389.000000  0.009912
 390.000000  0.009521
 391.000000  0.010034
 392.000000  0.009497
 393.000000  0.007666
 394.000000  0.009277
 395.000000  0.007642
 396.000000  0.009619
 397.000000  0.007739
 398.000000  0.009644
 399.000000  0.007715
 400.000000  0.009668
 401.000000  0.010522
 402.000000  0.009644
 403.000000  0.008423
 404.000000  0.009668
 405.000000  0.008154
 406.000000  0.009741
 407.000000  0.008423
 408.000000  0.009692
 409.000000  0.010742
 410.000000  0.009741
 411.000000  0.011010
 412.000000  0.009741
 413.000000  0.008765
 414.000000  0.009766
 415.000000  0.011059
 416.000000  0.009717
 417.000000  0.008911
 418.000000  0.009766
 419.000000  0.009277
 420.000000  0.009766
 421.000000  0.009326
 422.000000  0.009766
 423.000000  0.009351
 424.000000  0.009766
 425.000000  0.011840
 426.000000  0.009741
 427.000000  0.012133
 428.000000  0.009766
 429.000000  0.012011
 430.000000  0.009766
 431.000000  0.012060
 432.000000  0.009766
 433.000000  0.009766
 434.000000  0.009766
 435.000000  0.012109
 436.000000  0.009766
 437.000000  0.012060
 438.000000  0.009766
 439.000000  0.012182
 440.000000  0.009814
 441.000000  0.012133
 442.000000  0.009961
 443.000000  0.012182
 444.000000  0.009839
 445.000000  0.012158
 446.000000  0.010083
 447.000000  0.009790
 448.000000  0.009961
 449.000000  0.012109
 450.000000  0.010083
 451.000000  0.012353
 452.000000  0.010327
 453.000000  0.012329
 454.000000  0.010498
 455.000000  0.012280
 456.000000  0.010815
 457.000000  0.012475
 458.000000  0.010913
 459.000000  0.012524
 460.000000  0.011133
 461.000000  0.012597
 462.000000  0.011499
 463.000000  0.013134
 464.000000  0.012012
 465.000000  0.013842
 466.000000  0.012012
 467.000000  0.011377
 468.000000  0.012061
 469.000000  0.011426
 470.000000  0.012207
 471.000000  0.013891
 472.000000  0.012158
 473.000000  0.011768
 474.000000  0.012183
 475.000000  0.014404
 476.000000  0.012329
 477.000000  0.012012
 478.000000  0.012500
 479.000000  0.014575
 480.000000  0.012329
 481.000000  0.014599
 482.000000  0.012500
 483.000000  0.012280
 484.000000  0.012793
 485.000000  0.014697
 486.000000  0.012891
 487.000000  0.012451
 488.000000  0.014014
 489.000000  0.012744
 490.000000  0.013843
 491.000000  0.015063
 492.000000  0.014233
 493.000000  0.015527
 494.000000  0.014600
 495.000000  0.015966
 496.000000  0.014624
 497.000000  0.014111
 498.000000  0.014624
 499.000000  0.016723
 500.000000  0.014648
 501.000000  0.017089
 502.000000  0.014746
 503.000000  0.017089
 504.000000  0.014722
 505.000000  0.017089
 506.000000  0.015283
 507.000000  0.014648
 508.000000  0.015723
 509.000000  0.014697
 510.000000  0.016235
 511.000000  0.017236
 512.000000  0.016040
 513.000000  0.014697
 514.000000  0.016504
 515.000000  0.015478
 516.000000  0.016675
 517.000000  0.015039
 518.000000  0.016968
 519.000000  0.015674
 520.000000  0.017090
 521.000000  0.016992
 522.000000  0.017090
 523.000000  0.019506
 524.000000  0.017285
 525.000000  0.019531
 526.000000  0.017676
 527.000000  0.019531
 528.000000  0.017358
 529.000000  0.019555
 530.000000  0.018652
 531.000000  0.019628
 532.000000  0.018530
 533.000000  0.017432
 534.000000  0.019531
 535.000000  0.019409
 536.000000  0.019507
 537.000000  0.020605
 538.000000  0.019531
 539.000000  0.021972
 540.000000  0.019849
 541.000000  0.019531
 542.000000  0.019531
 543.000000  0.019531
 544.000000  0.021973
 545.000000  0.019531
 546.000000  0.020190
 547.000000  0.021997
 548.000000  0.021973
 549.000000  0.024414
 550.000000  0.020801
 551.000000  0.022045
 552.000000  0.021973
 553.000000  0.024414
 554.000000  0.024414
 555.000000  0.021875
 556.000000  0.021973
 557.000000  0.026416
 558.000000  0.029321
 559.000000  0.026831
 560.000000  0.022827
 561.000000  0.022046
 562.000000  0.031787
 563.000000  0.038940
 564.000000  0.026538
 565.000000  0.024853
 566.000000  0.026343
 567.000000  0.038208
 568.000000  0.036499
 569.000000  0.029614
 570.000000  0.024878
 571.000000  0.034423
 572.000000  0.053955
 573.000000  0.045581
 574.000000  0.030713
 575.000000  0.029272
 576.000000  0.042261
 577.000000  0.070141
 578.000000  0.045435
 579.000000  0.032714
 580.000000  0.030103
 581.000000  0.044653
 582.000000  0.066016
 583.000000  0.063403
 584.000000  0.036133
 585.000000  0.040258
 586.000000  0.096094
 587.000000  0.339722
 588.000000  0.358154
 589.000000  0.067017
 590.000000  0.107202
 591.000000  0.317749
 592.000000  0.210181
 593.000000  0.081641
 594.000000  0.033618
 595.000000  0.045678
 596.000000  0.072363
 597.000000  0.040429
 598.000000  0.026587
 599.000000  0.027441
 600.000000  0.025928
 601.000000  0.029370
 602.000000  0.026440
 603.000000  0.025830
 604.000000  0.024268
 605.000000  0.026855
 606.000000  0.024951
 607.000000  0.024487
 608.000000  0.022021
 609.000000  0.024169
 610.000000  0.024268
 611.000000  0.024462
 612.000000  0.024121
 613.000000  0.022460
 614.000000  0.024340
 615.000000  0.024340
 616.000000  0.021753
 617.000000  0.019946
 618.000000  0.021680
 619.000000  0.022290
 620.000000  0.021558
 621.000000  0.021972
 622.000000  0.019678
 623.000000  0.021899
 624.000000  0.022412
 625.000000  0.021948
 626.000000  0.019482
 627.000000  0.021313
 628.000000  0.019531
 629.000000  0.021728
 630.000000  0.019385
 631.000000  0.020092
 632.000000  0.018652
 633.000000  0.019677
 634.000000  0.018774
 635.000000  0.020263
 636.000000  0.018994
 637.000000  0.017114
 638.000000  0.017505
 639.000000  0.019604
 640.000000  0.017334
 641.000000  0.019458
 642.000000  0.017090
 643.000000  0.016309
 644.000000  0.019506
 645.000000  0.018359
 646.000000  0.019482
 647.000000  0.017944
 648.000000  0.016992
 649.000000  0.015942
 650.000000  0.016479
 651.000000  0.014990
 652.000000  0.016846
 653.000000  0.015308
 654.000000  0.015967
 655.000000  0.017163
 656.000000  0.015918
 657.000000  0.017163
 658.000000  0.015991
 659.000000  0.014673
 660.000000  0.015015
 661.000000  0.017065
 662.000000  0.014673
 663.000000  0.017089
 664.000000  0.017114
 665.000000  0.017065
 666.000000  0.017114
 667.000000  0.016918
 668.000000  0.014648
 669.000000  0.014307
 670.000000  0.014648
 671.000000  0.014038
 672.000000  0.014600
 673.000000  0.016064
 674.000000  0.016723
 675.000000  0.014843
 676.000000  0.014307
 677.000000  0.014770
 678.000000  0.013232
 679.000000  0.014721
 680.000000  0.013013
 681.000000  0.012207
 682.000000  0.012891
 683.000000  0.014648
 684.000000  0.012256
 685.000000  0.014648
 686.000000  0.012231
 687.000000  0.012207
 688.000000  0.014770
 689.000000  0.012207
 690.000000  0.014648
 691.000000  0.014599
 692.000000  0.012207
 693.000000  0.014379
 694.000000  0.012207
 695.000000  0.013989
 696.000000  0.014599
 697.000000  0.014257
 698.000000  0.012183
 699.000000  0.013305
 700.000000  0.011914
 701.000000  0.010571
 702.000000  0.011768
 703.000000  0.010132
 704.000000  0.013354
 705.000000  0.012255
 706.000000  0.011011
 707.000000  0.009863
 708.000000  0.010376
 709.000000  0.012231
 710.000000  0.010229
 711.000000  0.012207
 712.000000  0.009961
 713.000000  0.012207
 714.000000  0.009936
 715.000000  0.012207
 716.000000  0.009766
 717.000000  0.012207
 718.000000  0.009766
 719.000000  0.012207
 720.000000  0.009766
 721.000000  0.012207
 722.000000  0.009766
 723.000000  0.012182
 724.000000  0.009766
 725.000000  0.012158
 726.000000  0.009766
 727.000000  0.012133
 728.000000  0.009766
 729.000000  0.009741
 730.000000  0.009766
 731.000000  0.012133
 732.000000  0.009766
 733.000000  0.011914
 734.000000  0.012207
 735.000000  0.011865
 736.000000  0.009766
 737.000000  0.011547
 738.000000  0.009766
 739.000000  0.011474
 740.000000  0.009741
 741.000000  0.011279
 742.000000  0.009766
 743.000000  0.008740
 744.000000  0.009741
 745.000000  0.011230
 746.000000  0.009644
 747.000000  0.008105
 748.000000  0.009741
 749.000000  0.010522
 750.000000  0.009521
 751.000000  0.010400
 752.000000  0.012036
 753.000000  0.010669
 754.000000  0.009473
 755.000000  0.010229
 756.000000  0.009424
 757.000000  0.010278
 758.000000  0.009180
 759.000000  0.007715
 760.000000  0.009131
 761.000000  0.010083
 762.000000  0.008887
 763.000000  0.009985
 764.000000  0.008960
 765.000000  0.010083
 766.000000  0.009106
 767.000000  0.007739
 768.000000  0.008691
 769.000000  0.010083
 770.000000  0.008789
 771.000000  0.009887
 772.000000  0.008691
 773.000000  0.009887
 774.000000  0.010669
 775.000000  0.009985
 776.000000  0.010913
 777.000000  0.009765
 778.000000  0.008423
 779.000000  0.007373
 780.000000  0.008276
 781.000000  0.007373
 782.000000  0.010522
 783.000000  0.009912
 784.000000  0.007837
 785.000000  0.009790
 786.000000  0.007764
 787.000000  0.009716
 788.000000  0.010400
 789.000000  0.009790
 790.000000  0.007886
 791.000000  0.009790
 792.000000  0.007593
 793.000000  0.009765
 794.000000  0.007642
 795.000000  0.009765
 796.000000  0.007593
 797.000000  0.009741
 798.000000  0.007544
 799.000000  0.009741
 800.000000  0.007739
 801.000000  0.009765
 802.000000  0.009887
 803.000000  0.009765
 804.000000  0.007349
 805.000000  0.009765
 806.000000  0.007446
 807.000000  0.009765
 808.000000  0.009887
 809.000000  0.007324
 810.000000  0.007373
 811.000000  0.007324
 812.000000  0.007422
 813.000000  0.007300
 814.000000  0.007422
 815.000000  0.009765
 816.000000  0.007397
 817.000000  0.009692
 818.000000  0.007422
 819.000000  0.009741
 820.000000  0.007324
 821.000000  0.009716
 822.000000  0.007349
 823.000000  0.009741
 824.000000  0.009765
 825.000000  0.009692
 826.000000  0.007349
 827.000000  0.009765
 828.000000  0.007324
 829.000000  0.009741
 830.000000  0.007324
 831.000000  0.009716
 832.000000  0.007324
 833.000000  0.009692
 834.000000  0.007324
 835.000000  0.009692
 836.000000  0.009790
 837.000000  0.009668
 838.000000  0.007324
 839.000000  0.009668
 840.000000  0.007324
 841.000000  0.009643
 842.000000  0.009765
 843.000000  0.009765
 844.000000  0.007324
 845.000000  0.007202
 846.000000  0.009765
 847.000000  0.009716
 848.000000  0.007324
 849.000000  0.009643
 850.000000  0.007324
 851.000000  0.009692
 852.000000  0.007324
 853.000000  0.007178
 854.000000  0.009765
 855.000000  0.009448
 856.000000  0.007324
 857.000000  0.007031
 858.000000  0.007324
 859.000000  0.007056
 860.000000  0.009765
 861.000000  0.009545
 862.000000  0.007324
 863.000000  0.007104
 864.000000  0.007324
 865.000000  0.009643
 866.000000  0.009741
 867.000000  0.007129
 868.000000  0.007324
 869.000000  0.009619
 870.000000  0.007324
 871.000000  0.009668
 872.000000  0.007324
 873.000000  0.009497
 874.000000  0.007324
 875.000000  0.009521
 876.000000  0.007275
 877.000000  0.007104
 878.000000  0.007324
 879.000000  0.006934
 880.000000  0.007324
 881.000000  0.009448
 882.000000  0.007324
 883.000000  0.009375
 884.000000  0.007324
 885.000000  0.009448
 886.000000  0.007324
 887.000000  0.007007
 888.000000  0.007324
 889.000000  0.009301
 890.000000  0.007324
 891.000000  0.009472
 892.000000  0.007300
 893.000000  0.009570
 894.000000  0.007324
 895.000000  0.009375
 896.000000  0.007275
 897.000000  0.009326
 898.000000  0.007300
 899.000000  0.009228
 900.000000  0.007300
 901.000000  0.009179
 902.000000  0.009765
 903.000000  0.009130
 904.000000  0.007324
 905.000000  0.009228
 906.000000  0.009838
 907.000000  0.009008
 908.000000  0.009741
 909.000000  0.009204
 910.000000  0.007275
 911.000000  0.008935
 912.000000  0.007251
 913.000000  0.008837
 914.000000  0.007080
 915.000000  0.008813
 916.000000  0.007227
 917.000000  0.009106
 918.000000  0.009765
 919.000000  0.008813
 920.000000  0.009741
 921.000000  0.008813
 922.000000  0.007178
 923.000000  0.008593
 924.000000  0.007275
 925.000000  0.008715
 926.000000  0.007227
 927.000000  0.008789
 928.000000  0.007275
 929.000000  0.009130
 930.000000  0.007202
 931.000000  0.008789
 932.000000  0.007202
 933.000000  0.009082
 934.000000  0.007324
 935.000000  0.008740
 936.000000  0.007251
 937.000000  0.008764
 938.000000  0.007300
 939.000000  0.008813
 940.000000  0.007178
 941.000000  0.009008
 942.000000  0.007251
 943.000000  0.008667
 944.000000  0.007202
 945.000000  0.006274
 946.000000  0.009619
 947.000000  0.008764
 948.000000  0.007227
 949.000000  0.008984
 950.000000  0.009668
 951.000000  0.008984
 952.000000  0.007251
 953.000000  0.008935
 954.000000  0.007251
 955.000000  0.008593
 956.000000  0.007300
 957.000000  0.008813
 958.000000  0.007300
 959.000000  0.006226
 960.000000  0.007300
 961.000000  0.006299
 962.000000  0.009716
 963.000000  0.006421
 964.000000  0.007227
 965.000000  0.009130
 966.000000  0.007251
 967.000000  0.008813
 968.000000  0.007251
 969.000000  0.008789
 970.000000  0.009765
 971.000000  0.008642
 972.000000  0.007300
 973.000000  0.008740
 974.000000  0.007300
 975.000000  0.008715
 976.000000  0.007324
 977.000000  0.008862
 978.000000  0.007275
 979.000000  0.008691
 980.000000  0.007324
 981.000000  0.009252
 982.000000  0.007275
 983.000000  0.006543
 984.000000  0.007300
 985.000000  0.008837
 986.000000  0.007275
 987.000000  0.008691
 988.000000  0.009716
 989.000000  0.008520
 990.000000  0.007275
 991.000000  0.008471
 992.000000  0.007275
 993.000000  0.008911
 994.000000  0.007227
 995.000000  0.008691
 996.000000  0.007300
 997.000000  0.008667
 998.000000  0.009692
 999.000000  0.008691
 1000.000000  0.009765
 1001.000000  0.008593
 1002.000000  0.007324
 1003.000000  0.008349
 1004.000000  0.007275
 1005.000000  0.008837
 1006.000000  0.007202
 1007.000000  0.008593
 1008.000000  0.007324
 1009.000000  0.008593
 1010.000000  0.007300
 1011.000000  0.008789
 1012.000000  0.007275
 1013.000000  0.008691
 1014.000000  0.007275
 1015.000000  0.008862
 1016.000000  0.007324
 1017.000000  0.008740
 1018.000000  0.007324
 1019.000000  0.008569
 1020.000000  0.007275
 1021.000000  0.008032
 1022.000000  0.007275
 1023.000000  0.008740
