 0.000000  0.007397
 1.000000  0.007104
 2.000000  0.007373
 3.000000  0.007129
 4.000000  0.007324
 5.000000  0.007251
 6.000000  0.007446
 7.000000  0.007324
 8.000000  0.007349
 9.000000  0.007251
 10.000000  0.007324
 11.000000  0.007251
 12.000000  0.007397
 13.000000  0.007275
 14.000000  0.007373
 15.000000  0.007275
 16.000000  0.007373
 17.000000  0.007153
 18.000000  0.007397
 19.000000  0.007324
 20.000000  0.007300
 21.000000  0.007300
 22.000000  0.007349
 23.000000  0.007227
 24.000000  0.007324
 25.000000  0.007178
 26.000000  0.007422
 27.000000  0.009668
 28.000000  0.007373
 29.000000  0.007153
 30.000000  0.007324
 31.000000  0.007300
 32.000000  0.007324
 33.000000  0.007153
 34.000000  0.007349
 35.000000  0.007300
 36.000000  0.007349
 37.000000  0.007178
 38.000000  0.007373
 39.000000  0.009741
 40.000000  0.007324
 41.000000  0.007275
 42.000000  0.007349
 43.000000  0.007300
 44.000000  0.007324
 45.000000  0.007251
 46.000000  0.007324
 47.000000  0.007227
 48.000000  0.007300
 49.000000  0.007300
 50.000000  0.007324
 51.000000  0.007300
 52.000000  0.007324
 53.000000  0.007227
 54.000000  0.007349
 55.000000  0.007275
 56.000000  0.007349
 57.000000  0.007300
 58.000000  0.007349
 59.000000  0.009668
 60.000000  0.007324
 61.000000  0.009716
 62.000000  0.007324
 63.000000  0.007275
 64.000000  0.007324
 65.000000  0.007300
 66.000000  0.007349
 67.000000  0.009741
 68.000000  0.007324
 69.000000  0.007251
 70.000000  0.007324
 71.000000  0.007275
 72.000000  0.007324
 73.000000  0.007300
 74.000000  0.007324
 75.000000  0.007251
 76.000000  0.007373
 77.000000  0.007324
 78.000000  0.007324
 79.000000  0.007324
 80.000000  0.007324
 81.000000  0.007300
 82.000000  0.007324
 83.000000  0.007300
 84.000000  0.007324
 85.000000  0.007324
 86.000000  0.007324
 87.000000  0.007251
 88.000000  0.007349
 89.000000  0.007275
 90.000000  0.007324
 91.000000  0.007275
 92.000000  0.007324
 93.000000  0.007300
 94.000000  0.007324
 95.000000  0.007275
 96.000000  0.007324
 97.000000  0.007275
 98.000000  0.007324
 99.000000  0.007300
 100.000000  0.007324
 101.000000  0.009716
 102.000000  0.007324
 103.000000  0.009741
 104.000000  0.007324
 105.000000  0.007300
 106.000000  0.007349
 107.000000  0.007275
 108.000000  0.007324
 109.000000  0.009765
 110.000000  0.007324
 111.000000  0.007275
 112.000000  0.007349
 113.000000  0.007300
 114.000000  0.007324
 115.000000  0.007300
 116.000000  0.007324
 117.000000  0.007275
 118.000000  0.007324
 119.000000  0.007178
 120.000000  0.007349
 121.000000  0.007251
 122.000000  0.007349
 123.000000  0.007324
 124.000000  0.007422
 125.000000  0.007227
 126.000000  0.007422
 127.000000  0.009594
 128.000000  0.007300
 129.000000  0.007153
 130.000000  0.007422
 131.000000  0.009594
 132.000000  0.007251
 133.000000  0.007178
 134.000000  0.007422
 135.000000  0.009472
 136.000000  0.007397
 137.000000  0.007129
 138.000000  0.007422
 139.000000  0.007104
 140.000000  0.007446
 141.000000  0.007227
 142.000000  0.007446
 143.000000  0.007153
 144.000000  0.007397
 145.000000  0.009545
 146.000000  0.007397
 147.000000  0.007153
 148.000000  0.007422
 149.000000  0.009497
 150.000000  0.007446
 151.000000  0.007080
 152.000000  0.007446
 153.000000  0.007202
 154.000000  0.007373
 155.000000  0.007080
 156.000000  0.007397
 157.000000  0.009521
 158.000000  0.007422
 159.000000  0.007153
 160.000000  0.007568
 161.000000  0.007080
 162.000000  0.007397
 163.000000  0.007104
 164.000000  0.007349
 165.000000  0.007227
 166.000000  0.007324
 167.000000  0.007129
 168.000000  0.007324
 169.000000  0.009643
 170.000000  0.007373
 171.000000  0.007129
 172.000000  0.007324
 173.000000  0.007153
 174.000000  0.007349
 175.000000  0.007178
 176.000000  0.007324
 177.000000  0.007251
 178.000000  0.007349
 179.000000  0.009668
 180.000000  0.007324
 181.000000  0.007202
 182.000000  0.007324
 183.000000  0.007178
 184.000000  0.007324
 185.000000  0.007227
 186.000000  0.007349
 187.000000  0.007227
 188.000000  0.007324
 189.000000  0.007275
 190.000000  0.007324
 191.000000  0.007153
 192.000000  0.007324
 193.000000  0.007275
 194.000000  0.007324
 195.000000  0.007251
 196.000000  0.009790
 197.000000  0.007153
 198.000000  0.007324
 199.000000  0.009619
 200.000000  0.007324
 201.000000  0.009643
 202.000000  0.007324
 203.000000  0.007275
 204.000000  0.007349
 205.000000  0.007227
 206.000000  0.007324
 207.000000  0.007178
 208.000000  0.007324
 209.000000  0.009716
 210.000000  0.007324
 211.000000  0.007202
 212.000000  0.007324
 213.000000  0.009716
 214.000000  0.007324
 215.000000  0.007227
 216.000000  0.007324
 217.000000  0.007251
 218.000000  0.007324
 219.000000  0.009692
 220.000000  0.007324
 221.000000  0.007202
 222.000000  0.007324
 223.000000  0.007251
 224.000000  0.007324
 225.000000  0.007227
 226.000000  0.007324
 227.000000  0.009692
 228.000000  0.007324
 229.000000  0.009692
 230.000000  0.007324
 231.000000  0.007300
 232.000000  0.007324
 233.000000  0.009716
 234.000000  0.007324
 235.000000  0.007275
 236.000000  0.007324
 237.000000  0.007300
 238.000000  0.007324
 239.000000  0.009741
 240.000000  0.007349
 241.000000  0.007300
 242.000000  0.007324
 243.000000  0.009765
 244.000000  0.007324
 245.000000  0.007300
 246.000000  0.007373
 247.000000  0.007251
 248.000000  0.007324
 249.000000  0.007227
 250.000000  0.007324
 251.000000  0.007300
 252.000000  0.007324
 253.000000  0.007251
 254.000000  0.007324
 255.000000  0.009741
 256.000000  0.007324
 257.000000  0.007324
 258.000000  0.007324
 259.000000  0.007275
 260.000000  0.007324
 261.000000  0.007202
 262.000000  0.007324
 263.000000  0.009668
 264.000000  0.007324
 265.000000  0.009716
 266.000000  0.007324
 267.000000  0.009692
 268.000000  0.007324
 269.000000  0.009716
 270.000000  0.007324
 271.000000  0.007275
 272.000000  0.007324
 273.000000  0.007275
 274.000000  0.007349
 275.000000  0.009716
 276.000000  0.007373
 277.000000  0.009716
 278.000000  0.007446
 279.000000  0.007227
 280.000000  0.007397
 281.000000  0.009423
 282.000000  0.007373
 283.000000  0.009619
 284.000000  0.007349
 285.000000  0.007153
 286.000000  0.007397
 287.000000  0.007275
 288.000000  0.007373
 289.000000  0.009692
 290.000000  0.007544
 291.000000  0.007202
 292.000000  0.007519
 293.000000  0.007202
 294.000000  0.007373
 295.000000  0.009594
 296.000000  0.007422
 297.000000  0.009594
 298.000000  0.007495
 299.000000  0.009570
 300.000000  0.007568
 301.000000  0.007202
 302.000000  0.007397
 303.000000  0.009716
 304.000000  0.007519
 305.000000  0.007227
 306.000000  0.007471
 307.000000  0.009692
 308.000000  0.007519
 309.000000  0.009668
 310.000000  0.007544
 311.000000  0.007300
 312.000000  0.007544
 313.000000  0.007227
 314.000000  0.007690
 315.000000  0.009692
 316.000000  0.007397
 317.000000  0.007251
 318.000000  0.007544
 319.000000  0.007324
 320.000000  0.007446
 321.000000  0.009741
 322.000000  0.007446
 323.000000  0.009716
 324.000000  0.007373
 325.000000  0.007324
 326.000000  0.007422
 327.000000  0.007251
 328.000000  0.007373
 329.000000  0.009741
 330.000000  0.007471
 331.000000  0.009741
 332.000000  0.007397
 333.000000  0.009765
 334.000000  0.007519
 335.000000  0.009765
 336.000000  0.007446
 337.000000  0.007275
 338.000000  0.007446
 339.000000  0.007324
 340.000000  0.007422
 341.000000  0.009765
 342.000000  0.009887
 343.000000  0.009765
 344.000000  0.007519
 345.000000  0.009790
 346.000000  0.007568
 347.000000  0.007324
 348.000000  0.007446
 349.000000  0.009765
 350.000000  0.007593
 351.000000  0.009765
 352.000000  0.007373
 353.000000  0.009765
 354.000000  0.007568
 355.000000  0.007324
 356.000000  0.007471
 357.000000  0.007324
 358.000000  0.007739
 359.000000  0.009765
 360.000000  0.007642
 361.000000  0.007324
 362.000000  0.007519
 363.000000  0.009765
 364.000000  0.007593
 365.000000  0.007324
 366.000000  0.007666
 367.000000  0.007324
 368.000000  0.007812
 369.000000  0.007324
 370.000000  0.007788
 371.000000  0.009765
 372.000000  0.008032
 373.000000  0.009790
 374.000000  0.007935
 375.000000  0.009765
 376.000000  0.007812
 377.000000  0.007324
 378.000000  0.008032
 379.000000  0.007324
 380.000000  0.008105
 381.000000  0.009765
 382.000000  0.008179
 383.000000  0.007324
 384.000000  0.008569
 385.000000  0.007324
 386.000000  0.008301
 387.000000  0.009765
 388.000000  0.008130
 389.000000  0.009790
 390.000000  0.008447
 391.000000  0.009765
 392.000000  0.008423
 393.000000  0.007397
 394.000000  0.008301
 395.000000  0.007349
 396.000000  0.008911
 397.000000  0.007349
 398.000000  0.008716
 399.000000  0.007349
 400.000000  0.009009
 401.000000  0.009814
 402.000000  0.009106
 403.000000  0.007519
 404.000000  0.008936
 405.000000  0.007397
 406.000000  0.009204
 407.000000  0.007495
 408.000000  0.009277
 409.000000  0.009936
 410.000000  0.009521
 411.000000  0.009961
 412.000000  0.009595
 413.000000  0.007568
 414.000000  0.009644
 415.000000  0.010205
 416.000000  0.009644
 417.000000  0.007812
 418.000000  0.009570
 419.000000  0.007959
 420.000000  0.009668
 421.000000  0.007935
 422.000000  0.009619
 423.000000  0.008081
 424.000000  0.009741
 425.000000  0.010546
 426.000000  0.009692
 427.000000  0.011084
 428.000000  0.009717
 429.000000  0.011035
 430.000000  0.009741
 431.000000  0.010986
 432.000000  0.009692
 433.000000  0.008765
 434.000000  0.009717
 435.000000  0.011499
 436.000000  0.009644
 437.000000  0.011816
 438.000000  0.009717
 439.000000  0.011962
 440.000000  0.009741
 441.000000  0.011889
 442.000000  0.009790
 443.000000  0.012085
 444.000000  0.009717
 445.000000  0.011816
 446.000000  0.009814
 447.000000  0.009595
 448.000000  0.009766
 449.000000  0.012060
 450.000000  0.009863
 451.000000  0.012133
 452.000000  0.009790
 453.000000  0.012060
 454.000000  0.009888
 455.000000  0.012060
 456.000000  0.010034
 457.000000  0.012231
 458.000000  0.009936
 459.000000  0.012158
 460.000000  0.010132
 461.000000  0.012182
 462.000000  0.010132
 463.000000  0.012304
 464.000000  0.010205
 465.000000  0.012377
 466.000000  0.010864
 467.000000  0.009888
 468.000000  0.010132
 469.000000  0.009912
 470.000000  0.010937
 471.000000  0.012500
 472.000000  0.010889
 473.000000  0.010156
 474.000000  0.011401
 475.000000  0.013134
 476.000000  0.011841
 477.000000  0.010400
 478.000000  0.011768
 479.000000  0.013305
 480.000000  0.011987
 481.000000  0.013769
 482.000000  0.012109
 483.000000  0.011743
 484.000000  0.012183
 485.000000  0.014575
 486.000000  0.012231
 487.000000  0.012134
 488.000000  0.012207
 489.000000  0.012207
 490.000000  0.012280
 491.000000  0.014624
 492.000000  0.012256
 493.000000  0.014672
 494.000000  0.012451
 495.000000  0.014648
 496.000000  0.012549
 497.000000  0.012231
 498.000000  0.013403
 499.000000  0.014697
 500.000000  0.012622
 501.000000  0.014672
 502.000000  0.013745
 503.000000  0.015063
 504.000000  0.013452
 505.000000  0.014917
 506.000000  0.014111
 507.000000  0.014062
 508.000000  0.014575
 509.000000  0.013135
 510.000000  0.014624
 511.000000  0.016308
 512.000000  0.014648
 513.000000  0.014355
 514.000000  0.014648
 515.000000  0.014307
 516.000000  0.014697
 517.000000  0.014648
 518.000000  0.014648
 519.000000  0.014600
 520.000000  0.014722
 521.000000  0.014648
 522.000000  0.014941
 523.000000  0.017089
 524.000000  0.014941
 525.000000  0.017089
 526.000000  0.017065
 527.000000  0.017114
 528.000000  0.015503
 529.000000  0.017138
 530.000000  0.017065
 531.000000  0.019433
 532.000000  0.016309
 533.000000  0.014648
 534.000000  0.016919
 535.000000  0.017090
 536.000000  0.017163
 537.000000  0.017895
 538.000000  0.017065
 539.000000  0.019506
 540.000000  0.019531
 541.000000  0.017090
 542.000000  0.017090
 543.000000  0.017090
 544.000000  0.019531
 545.000000  0.021924
 546.000000  0.017651
 547.000000  0.019531
 548.000000  0.019531
 549.000000  0.029321
 550.000000  0.026880
 551.000000  0.020043
 552.000000  0.019434
 553.000000  0.025073
 554.000000  0.043921
 555.000000  0.032129
 556.000000  0.019678
 557.000000  0.027001
 558.000000  0.079639
 559.000000  0.148706
 560.000000  0.047021
 561.000000  0.019653
 562.000000  0.024341
 563.000000  0.053344
 564.000000  0.064355
 565.000000  0.025708
 566.000000  0.019678
 567.000000  0.026757
 568.000000  0.046411
 569.000000  0.044873
 570.000000  0.020483
 571.000000  0.021801
 572.000000  0.024438
 573.000000  0.043505
 574.000000  0.036646
 575.000000  0.022168
 576.000000  0.021924
 577.000000  0.030200
 578.000000  0.056079
 579.000000  0.043212
 580.000000  0.024048
 581.000000  0.028076
 582.000000  0.096680
 583.000000  0.286377
 584.000000  0.114966
 585.000000  0.026562
 586.000000  0.024438
 587.000000  0.052539
 588.000000  0.076465
 589.000000  0.029297
 590.000000  0.019580
 591.000000  0.022045
 592.000000  0.024365
 593.000000  0.022876
 594.000000  0.019458
 595.000000  0.021533
 596.000000  0.021875
 597.000000  0.024633
 598.000000  0.019897
 599.000000  0.019824
 600.000000  0.017163
 601.000000  0.019628
 602.000000  0.019482
 603.000000  0.019604
 604.000000  0.017065
 605.000000  0.018579
 606.000000  0.017212
 607.000000  0.019482
 608.000000  0.016821
 609.000000  0.017187
 610.000000  0.016528
 611.000000  0.018701
 612.000000  0.019482
 613.000000  0.017138
 614.000000  0.018212
 615.000000  0.017163
 616.000000  0.016553
 617.000000  0.014868
 618.000000  0.014795
 619.000000  0.017089
 620.000000  0.015186
 621.000000  0.017041
 622.000000  0.014746
 623.000000  0.016845
 624.000000  0.017187
 625.000000  0.016967
 626.000000  0.014893
 627.000000  0.016552
 628.000000  0.014575
 629.000000  0.015918
 630.000000  0.014722
 631.000000  0.016870
 632.000000  0.014575
 633.000000  0.015649
 634.000000  0.014111
 635.000000  0.015600
 636.000000  0.014478
 637.000000  0.012500
 638.000000  0.013525
 639.000000  0.014819
 640.000000  0.014136
 641.000000  0.014843
 642.000000  0.012793
 643.000000  0.012158
 644.000000  0.015258
 645.000000  0.014672
 646.000000  0.014770
 647.000000  0.014648
 648.000000  0.012329
 649.000000  0.012207
 650.000000  0.012256
 651.000000  0.012134
 652.000000  0.012207
 653.000000  0.012012
 654.000000  0.012207
 655.000000  0.014331
 656.000000  0.012183
 657.000000  0.014038
 658.000000  0.012134
 659.000000  0.011572
 660.000000  0.012183
 661.000000  0.013549
 662.000000  0.012061
 663.000000  0.013183
 664.000000  0.014233
 665.000000  0.012695
 666.000000  0.013623
 667.000000  0.012377
 668.000000  0.010498
 669.000000  0.009814
 670.000000  0.010620
 671.000000  0.009839
 672.000000  0.010132
 673.000000  0.012207
 674.000000  0.012524
 675.000000  0.012207
 676.000000  0.010083
 677.000000  0.012207
 678.000000  0.009863
 679.000000  0.012207
 680.000000  0.009790
 681.000000  0.009766
 682.000000  0.009766
 683.000000  0.012207
 684.000000  0.009766
 685.000000  0.012207
 686.000000  0.009766
 687.000000  0.009766
 688.000000  0.012207
 689.000000  0.009766
 690.000000  0.012207
 691.000000  0.012133
 692.000000  0.009766
 693.000000  0.011962
 694.000000  0.009766
 695.000000  0.011743
 696.000000  0.012207
 697.000000  0.011792
 698.000000  0.009766
 699.000000  0.011401
 700.000000  0.009766
 701.000000  0.008862
 702.000000  0.009766
 703.000000  0.009082
 704.000000  0.012207
 705.000000  0.010669
 706.000000  0.009717
 707.000000  0.008423
 708.000000  0.009692
 709.000000  0.010327
 710.000000  0.009668
 711.000000  0.010180
 712.000000  0.009619
 713.000000  0.010546
 714.000000  0.009521
 715.000000  0.010180
 716.000000  0.009570
 717.000000  0.010107
 718.000000  0.009546
 719.000000  0.009936
 720.000000  0.009351
 721.000000  0.009985
 722.000000  0.009277
 723.000000  0.009936
 724.000000  0.009277
 725.000000  0.009912
 726.000000  0.009326
 727.000000  0.009838
 728.000000  0.008887
 729.000000  0.007373
 730.000000  0.008643
 731.000000  0.009887
 732.000000  0.008423
 733.000000  0.009790
 734.000000  0.011084
 735.000000  0.009790
 736.000000  0.008105
 737.000000  0.009765
 738.000000  0.008227
 739.000000  0.009814
 740.000000  0.007983
 741.000000  0.009765
 742.000000  0.008203
 743.000000  0.007349
 744.000000  0.007764
 745.000000  0.009741
 746.000000  0.007617
 747.000000  0.007300
 748.000000  0.007812
 749.000000  0.009741
 750.000000  0.007886
 751.000000  0.009887
 752.000000  0.010180
 753.000000  0.009790
 754.000000  0.007593
 755.000000  0.009741
 756.000000  0.007617
 757.000000  0.009741
 758.000000  0.007519
 759.000000  0.007300
 760.000000  0.007568
 761.000000  0.009716
 762.000000  0.007617
 763.000000  0.009741
 764.000000  0.007617
 765.000000  0.009716
 766.000000  0.007519
 767.000000  0.007324
 768.000000  0.007593
 769.000000  0.009716
 770.000000  0.007568
 771.000000  0.009619
 772.000000  0.007446
 773.000000  0.009668
 774.000000  0.009863
 775.000000  0.009594
 776.000000  0.009887
 777.000000  0.009741
 778.000000  0.007446
 779.000000  0.007202
 780.000000  0.007349
 781.000000  0.007031
 782.000000  0.009912
 783.000000  0.009692
 784.000000  0.007495
 785.000000  0.009594
 786.000000  0.007397
 787.000000  0.009594
 788.000000  0.009765
 789.000000  0.009619
 790.000000  0.007349
 791.000000  0.009668
 792.000000  0.007324
 793.000000  0.009594
 794.000000  0.007373
 795.000000  0.009692
 796.000000  0.007324
 797.000000  0.009619
 798.000000  0.007324
 799.000000  0.009521
 800.000000  0.007324
 801.000000  0.009521
 802.000000  0.009765
 803.000000  0.009594
 804.000000  0.007324
 805.000000  0.009521
 806.000000  0.007324
 807.000000  0.009521
 808.000000  0.009765
 809.000000  0.007080
 810.000000  0.007324
 811.000000  0.006958
 812.000000  0.007324
 813.000000  0.006885
 814.000000  0.007324
 815.000000  0.009545
 816.000000  0.007324
 817.000000  0.009570
 818.000000  0.007324
 819.000000  0.009521
 820.000000  0.007324
 821.000000  0.009375
 822.000000  0.007324
 823.000000  0.009497
 824.000000  0.009765
 825.000000  0.009399
 826.000000  0.007324
 827.000000  0.009252
 828.000000  0.007324
 829.000000  0.009350
 830.000000  0.007300
 831.000000  0.009326
 832.000000  0.007324
 833.000000  0.009130
 834.000000  0.007300
 835.000000  0.009326
 836.000000  0.009765
 837.000000  0.009326
 838.000000  0.007300
 839.000000  0.009082
 840.000000  0.007324
 841.000000  0.009082
 842.000000  0.009765
 843.000000  0.009277
 844.000000  0.007324
 845.000000  0.006982
 846.000000  0.009765
 847.000000  0.009179
 848.000000  0.007300
 849.000000  0.009179
 850.000000  0.007324
 851.000000  0.009179
 852.000000  0.007324
 853.000000  0.006567
 854.000000  0.009765
 855.000000  0.008960
 856.000000  0.007324
 857.000000  0.006592
 858.000000  0.007300
 859.000000  0.006396
 860.000000  0.009765
 861.000000  0.008667
 862.000000  0.007251
 863.000000  0.006421
 864.000000  0.007300
 865.000000  0.009179
 866.000000  0.009765
 867.000000  0.006665
 868.000000  0.007324
 869.000000  0.008837
 870.000000  0.007324
 871.000000  0.009008
 872.000000  0.007324
 873.000000  0.008911
 874.000000  0.007300
 875.000000  0.009033
 876.000000  0.007324
 877.000000  0.006201
 878.000000  0.007324
 879.000000  0.006274
 880.000000  0.007324
 881.000000  0.009155
 882.000000  0.007324
 883.000000  0.009057
 884.000000  0.007300
 885.000000  0.008691
 886.000000  0.007251
 887.000000  0.006128
 888.000000  0.007324
 889.000000  0.008960
 890.000000  0.007324
 891.000000  0.008886
 892.000000  0.007300
 893.000000  0.009008
 894.000000  0.007324
 895.000000  0.008740
 896.000000  0.007129
 897.000000  0.008691
 898.000000  0.007300
 899.000000  0.008471
 900.000000  0.007324
 901.000000  0.008618
 902.000000  0.009741
 903.000000  0.008520
 904.000000  0.007251
 905.000000  0.008325
 906.000000  0.009570
 907.000000  0.008422
 908.000000  0.009545
 909.000000  0.008642
 910.000000  0.007153
 911.000000  0.008471
 912.000000  0.007129
 913.000000  0.008520
 914.000000  0.007104
 915.000000  0.008789
 916.000000  0.006982
 917.000000  0.008886
 918.000000  0.009619
 919.000000  0.008129
 920.000000  0.009643
 921.000000  0.008227
 922.000000  0.007153
 923.000000  0.008105
 924.000000  0.007031
 925.000000  0.008496
 926.000000  0.007153
 927.000000  0.008398
 928.000000  0.007007
 929.000000  0.008374
 930.000000  0.007178
 931.000000  0.008544
 932.000000  0.006909
 933.000000  0.008447
 934.000000  0.007104
 935.000000  0.008374
 936.000000  0.007178
 937.000000  0.008496
 938.000000  0.007178
 939.000000  0.008422
 940.000000  0.007129
 941.000000  0.008422
 942.000000  0.007056
 943.000000  0.008422
 944.000000  0.007178
 945.000000  0.006226
 946.000000  0.009619
 947.000000  0.008520
 948.000000  0.007227
 949.000000  0.008691
 950.000000  0.009643
 951.000000  0.008422
 952.000000  0.007153
 953.000000  0.008471
 954.000000  0.007251
 955.000000  0.008276
 956.000000  0.007251
 957.000000  0.008374
 958.000000  0.007129
 959.000000  0.006152
 960.000000  0.007178
 961.000000  0.005908
 962.000000  0.009570
 963.000000  0.006030
 964.000000  0.007227
 965.000000  0.008618
 966.000000  0.007202
 967.000000  0.008520
 968.000000  0.007275
 969.000000  0.008520
 970.000000  0.009668
 971.000000  0.008349
 972.000000  0.007251
 973.000000  0.008129
 974.000000  0.007275
 975.000000  0.008593
 976.000000  0.007178
 977.000000  0.008349
 978.000000  0.007178
 979.000000  0.008203
 980.000000  0.007275
 981.000000  0.008593
 982.000000  0.007324
 983.000000  0.005957
 984.000000  0.007227
 985.000000  0.008544
 986.000000  0.007227
 987.000000  0.008081
 988.000000  0.009692
 989.000000  0.008007
 990.000000  0.007202
 991.000000  0.008105
 992.000000  0.007275
 993.000000  0.008496
 994.000000  0.007275
 995.000000  0.008398
 996.000000  0.007129
 997.000000  0.008422
 998.000000  0.009619
 999.000000  0.008129
 1000.000000  0.009716
 1001.000000  0.008105
 1002.000000  0.007300
 1003.000000  0.008252
 1004.000000  0.007300
 1005.000000  0.008349
 1006.000000  0.007275
 1007.000000  0.008178
 1008.000000  0.007251
 1009.000000  0.008227
 1010.000000  0.007251
 1011.000000  0.008325
 1012.000000  0.007202
 1013.000000  0.008056
 1014.000000  0.007104
 1015.000000  0.008154
 1016.000000  0.007227
 1017.000000  0.008227
 1018.000000  0.007251
 1019.000000  0.008227
 1020.000000  0.007251
 1021.000000  0.007788
 1022.000000  0.007227
 1023.000000  0.008276
