 0.000000  0.007324
 1.000000  0.007300
 2.000000  0.007324
 3.000000  0.007202
 4.000000  0.007324
 5.000000  0.007275
 6.000000  0.007349
 7.000000  0.007324
 8.000000  0.007324
 9.000000  0.007324
 10.000000  0.007324
 11.000000  0.007275
 12.000000  0.007324
 13.000000  0.007227
 14.000000  0.007251
 15.000000  0.007031
 16.000000  0.007202
 17.000000  0.007104
 18.000000  0.007544
 19.000000  0.007202
 20.000000  0.007690
 21.000000  0.007178
 22.000000  0.007617
 23.000000  0.007080
 24.000000  0.007739
 25.000000  0.007153
 26.000000  0.007593
 27.000000  0.009448
 28.000000  0.007397
 29.000000  0.007202
 30.000000  0.007349
 31.000000  0.007202
 32.000000  0.007349
 33.000000  0.007178
 34.000000  0.007397
 35.000000  0.007251
 36.000000  0.007397
 37.000000  0.007275
 38.000000  0.007422
 39.000000  0.009692
 40.000000  0.007446
 41.000000  0.007227
 42.000000  0.007373
 43.000000  0.007251
 44.000000  0.007373
 45.000000  0.007202
 46.000000  0.007397
 47.000000  0.007202
 48.000000  0.007324
 49.000000  0.007275
 50.000000  0.007324
 51.000000  0.007300
 52.000000  0.007324
 53.000000  0.007275
 54.000000  0.007349
 55.000000  0.007251
 56.000000  0.007324
 57.000000  0.007251
 58.000000  0.007373
 59.000000  0.009643
 60.000000  0.007349
 61.000000  0.009668
 62.000000  0.007324
 63.000000  0.007251
 64.000000  0.007324
 65.000000  0.007300
 66.000000  0.007349
 67.000000  0.009692
 68.000000  0.007324
 69.000000  0.007227
 70.000000  0.007324
 71.000000  0.007202
 72.000000  0.007324
 73.000000  0.007202
 74.000000  0.007324
 75.000000  0.007324
 76.000000  0.007324
 77.000000  0.007227
 78.000000  0.007324
 79.000000  0.007275
 80.000000  0.007324
 81.000000  0.007300
 82.000000  0.007324
 83.000000  0.007300
 84.000000  0.007324
 85.000000  0.007275
 86.000000  0.007324
 87.000000  0.007251
 88.000000  0.007324
 89.000000  0.007300
 90.000000  0.007324
 91.000000  0.007178
 92.000000  0.007324
 93.000000  0.007129
 94.000000  0.007324
 95.000000  0.007251
 96.000000  0.007324
 97.000000  0.007202
 98.000000  0.007324
 99.000000  0.007324
 100.000000  0.007324
 101.000000  0.009765
 102.000000  0.007324
 103.000000  0.009765
 104.000000  0.007324
 105.000000  0.007275
 106.000000  0.007324
 107.000000  0.007227
 108.000000  0.007324
 109.000000  0.009741
 110.000000  0.007324
 111.000000  0.007300
 112.000000  0.007324
 113.000000  0.007324
 114.000000  0.007324
 115.000000  0.007300
 116.000000  0.007324
 117.000000  0.007300
 118.000000  0.007324
 119.000000  0.007251
 120.000000  0.007324
 121.000000  0.007275
 122.000000  0.007324
 123.000000  0.007227
 124.000000  0.007349
 125.000000  0.007227
 126.000000  0.007349
 127.000000  0.009716
 128.000000  0.007349
 129.000000  0.007227
 130.000000  0.007324
 131.000000  0.009692
 132.000000  0.007349
 133.000000  0.007275
 134.000000  0.007324
 135.000000  0.009716
 136.000000  0.007324
 137.000000  0.007300
 138.000000  0.007324
 139.000000  0.007202
 140.000000  0.007324
 141.000000  0.007178
 142.000000  0.007349
 143.000000  0.007275
 144.000000  0.007324
 145.000000  0.009692
 146.000000  0.007324
 147.000000  0.007227
 148.000000  0.007324
 149.000000  0.009545
 150.000000  0.007324
 151.000000  0.007104
 152.000000  0.007324
 153.000000  0.007178
 154.000000  0.007324
 155.000000  0.007202
 156.000000  0.007324
 157.000000  0.009594
 158.000000  0.007324
 159.000000  0.007153
 160.000000  0.007373
 161.000000  0.007202
 162.000000  0.007324
 163.000000  0.007129
 164.000000  0.007324
 165.000000  0.007080
 166.000000  0.007349
 167.000000  0.007153
 168.000000  0.007324
 169.000000  0.009472
 170.000000  0.007422
 171.000000  0.007129
 172.000000  0.007544
 173.000000  0.006958
 174.000000  0.007373
 175.000000  0.006738
 176.000000  0.007251
 177.000000  0.006348
 178.000000  0.007446
 179.000000  0.009130
 180.000000  0.007007
 181.000000  0.006763
 182.000000  0.007422
 183.000000  0.007178
 184.000000  0.007349
 185.000000  0.007178
 186.000000  0.007397
 187.000000  0.006934
 188.000000  0.007397
 189.000000  0.007007
 190.000000  0.007324
 191.000000  0.006860
 192.000000  0.007300
 193.000000  0.007129
 194.000000  0.007373
 195.000000  0.007080
 196.000000  0.009765
 197.000000  0.007056
 198.000000  0.007324
 199.000000  0.009423
 200.000000  0.007324
 201.000000  0.009472
 202.000000  0.007349
 203.000000  0.007080
 204.000000  0.007324
 205.000000  0.007153
 206.000000  0.007349
 207.000000  0.007080
 208.000000  0.007349
 209.000000  0.009521
 210.000000  0.007349
 211.000000  0.007153
 212.000000  0.007324
 213.000000  0.009448
 214.000000  0.007324
 215.000000  0.007129
 216.000000  0.007373
 217.000000  0.007153
 218.000000  0.007324
 219.000000  0.009545
 220.000000  0.007324
 221.000000  0.007080
 222.000000  0.007349
 223.000000  0.007007
 224.000000  0.007324
 225.000000  0.007153
 226.000000  0.007324
 227.000000  0.009423
 228.000000  0.007349
 229.000000  0.009741
 230.000000  0.007324
 231.000000  0.007129
 232.000000  0.007349
 233.000000  0.009570
 234.000000  0.007300
 235.000000  0.007153
 236.000000  0.007324
 237.000000  0.007178
 238.000000  0.007324
 239.000000  0.009570
 240.000000  0.007324
 241.000000  0.007227
 242.000000  0.007324
 243.000000  0.009668
 244.000000  0.007324
 245.000000  0.007153
 246.000000  0.007324
 247.000000  0.007153
 248.000000  0.007324
 249.000000  0.007251
 250.000000  0.007324
 251.000000  0.007251
 252.000000  0.007324
 253.000000  0.007275
 254.000000  0.007324
 255.000000  0.009668
 256.000000  0.007324
 257.000000  0.007324
 258.000000  0.007324
 259.000000  0.007300
 260.000000  0.007324
 261.000000  0.007227
 262.000000  0.007324
 263.000000  0.009668
 264.000000  0.007324
 265.000000  0.009619
 266.000000  0.007324
 267.000000  0.009619
 268.000000  0.007324
 269.000000  0.009594
 270.000000  0.007324
 271.000000  0.007129
 272.000000  0.007324
 273.000000  0.007251
 274.000000  0.007324
 275.000000  0.009668
 276.000000  0.007324
 277.000000  0.009668
 278.000000  0.007349
 279.000000  0.007275
 280.000000  0.007324
 281.000000  0.009716
 282.000000  0.007324
 283.000000  0.009716
 284.000000  0.007324
 285.000000  0.007275
 286.000000  0.007324
 287.000000  0.007275
 288.000000  0.007324
 289.000000  0.009765
 290.000000  0.007324
 291.000000  0.007275
 292.000000  0.007324
 293.000000  0.007153
 294.000000  0.007324
 295.000000  0.009716
 296.000000  0.007349
 297.000000  0.009741
 298.000000  0.007324
 299.000000  0.009716
 300.000000  0.007324
 301.000000  0.007300
 302.000000  0.007324
 303.000000  0.009741
 304.000000  0.007324
 305.000000  0.007300
 306.000000  0.007324
 307.000000  0.009741
 308.000000  0.007324
 309.000000  0.009692
 310.000000  0.007324
 311.000000  0.007251
 312.000000  0.007324
 313.000000  0.007324
 314.000000  0.007349
 315.000000  0.009765
 316.000000  0.007324
 317.000000  0.007324
 318.000000  0.007324
 319.000000  0.007275
 320.000000  0.007349
 321.000000  0.009716
 322.000000  0.007324
 323.000000  0.009692
 324.000000  0.007373
 325.000000  0.007275
 326.000000  0.007349
 327.000000  0.006811
 328.000000  0.007275
 329.000000  0.009448
 330.000000  0.007568
 331.000000  0.009668
 332.000000  0.007812
 333.000000  0.009594
 334.000000  0.007593
 335.000000  0.009423
 336.000000  0.007519
 337.000000  0.007056
 338.000000  0.007568
 339.000000  0.007104
 340.000000  0.007422
 341.000000  0.009643
 342.000000  0.009887
 343.000000  0.009741
 344.000000  0.007373
 345.000000  0.009570
 346.000000  0.007422
 347.000000  0.007251
 348.000000  0.007373
 349.000000  0.009668
 350.000000  0.007349
 351.000000  0.009692
 352.000000  0.007446
 353.000000  0.009741
 354.000000  0.007422
 355.000000  0.007275
 356.000000  0.007422
 357.000000  0.007324
 358.000000  0.007373
 359.000000  0.009716
 360.000000  0.007373
 361.000000  0.007324
 362.000000  0.007373
 363.000000  0.009668
 364.000000  0.007422
 365.000000  0.007324
 366.000000  0.007349
 367.000000  0.007227
 368.000000  0.007422
 369.000000  0.007324
 370.000000  0.007397
 371.000000  0.009765
 372.000000  0.007373
 373.000000  0.009765
 374.000000  0.007397
 375.000000  0.009765
 376.000000  0.007446
 377.000000  0.007324
 378.000000  0.007471
 379.000000  0.007324
 380.000000  0.007519
 381.000000  0.009765
 382.000000  0.007373
 383.000000  0.007324
 384.000000  0.007471
 385.000000  0.007324
 386.000000  0.007397
 387.000000  0.009765
 388.000000  0.007349
 389.000000  0.009765
 390.000000  0.007422
 391.000000  0.009765
 392.000000  0.007373
 393.000000  0.007324
 394.000000  0.007446
 395.000000  0.007324
 396.000000  0.007422
 397.000000  0.007324
 398.000000  0.007471
 399.000000  0.007324
 400.000000  0.007446
 401.000000  0.009765
 402.000000  0.007568
 403.000000  0.007324
 404.000000  0.007519
 405.000000  0.007324
 406.000000  0.007495
 407.000000  0.007324
 408.000000  0.007617
 409.000000  0.009765
 410.000000  0.007642
 411.000000  0.009765
 412.000000  0.007764
 413.000000  0.007324
 414.000000  0.007837
 415.000000  0.009765
 416.000000  0.007666
 417.000000  0.007324
 418.000000  0.007642
 419.000000  0.007324
 420.000000  0.007837
 421.000000  0.007324
 422.000000  0.007788
 423.000000  0.007324
 424.000000  0.007983
 425.000000  0.009765
 426.000000  0.008057
 427.000000  0.009765
 428.000000  0.008325
 429.000000  0.009765
 430.000000  0.008447
 431.000000  0.009765
 432.000000  0.008496
 433.000000  0.007324
 434.000000  0.008252
 435.000000  0.009765
 436.000000  0.008227
 437.000000  0.009765
 438.000000  0.008423
 439.000000  0.009814
 440.000000  0.008472
 441.000000  0.009790
 442.000000  0.008960
 443.000000  0.009838
 444.000000  0.008936
 445.000000  0.009790
 446.000000  0.009326
 447.000000  0.007397
 448.000000  0.008911
 449.000000  0.009863
 450.000000  0.009204
 451.000000  0.010156
 452.000000  0.008887
 453.000000  0.009912
 454.000000  0.009253
 455.000000  0.010205
 456.000000  0.009448
 457.000000  0.010058
 458.000000  0.009351
 459.000000  0.010278
 460.000000  0.009668
 461.000000  0.010424
 462.000000  0.009448
 463.000000  0.010424
 464.000000  0.009717
 465.000000  0.010986
 466.000000  0.009570
 467.000000  0.007959
 468.000000  0.009741
 469.000000  0.008838
 470.000000  0.009521
 471.000000  0.011010
 472.000000  0.009595
 473.000000  0.008765
 474.000000  0.009766
 475.000000  0.011230
 476.000000  0.009668
 477.000000  0.008911
 478.000000  0.009766
 479.000000  0.011718
 480.000000  0.009766
 481.000000  0.011572
 482.000000  0.009839
 483.000000  0.009790
 484.000000  0.009839
 485.000000  0.012036
 486.000000  0.009814
 487.000000  0.009448
 488.000000  0.009790
 489.000000  0.008862
 490.000000  0.009546
 491.000000  0.011987
 492.000000  0.010278
 493.000000  0.011743
 494.000000  0.009888
 495.000000  0.012133
 496.000000  0.010815
 497.000000  0.009936
 498.000000  0.009814
 499.000000  0.012158
 500.000000  0.009985
 501.000000  0.012500
 502.000000  0.010596
 503.000000  0.012255
 504.000000  0.009936
 505.000000  0.012426
 506.000000  0.011914
 507.000000  0.009839
 508.000000  0.010278
 509.000000  0.009839
 510.000000  0.012061
 511.000000  0.014038
 512.000000  0.011279
 513.000000  0.009985
 514.000000  0.011719
 515.000000  0.012012
 516.000000  0.012207
 517.000000  0.010474
 518.000000  0.011670
 519.000000  0.011841
 520.000000  0.012744
 521.000000  0.011938
 522.000000  0.011938
 523.000000  0.014111
 524.000000  0.013061
 525.000000  0.014721
 526.000000  0.012231
 527.000000  0.014135
 528.000000  0.012329
 529.000000  0.015039
 530.000000  0.013794
 531.000000  0.014575
 532.000000  0.012207
 533.000000  0.012744
 534.000000  0.014990
 535.000000  0.012231
 536.000000  0.012231
 537.000000  0.014648
 538.000000  0.014795
 539.000000  0.017382
 540.000000  0.012378
 541.000000  0.012183
 542.000000  0.014600
 543.000000  0.017090
 544.000000  0.015234
 545.000000  0.012207
 546.000000  0.012671
 547.000000  0.017163
 548.000000  0.019824
 549.000000  0.016967
 550.000000  0.013599
 551.000000  0.016821
 552.000000  0.021973
 553.000000  0.023999
 554.000000  0.014624
 555.000000  0.012817
 556.000000  0.016675
 557.000000  0.029565
 558.000000  0.024390
 559.000000  0.016577
 560.000000  0.014648
 561.000000  0.021289
 562.000000  0.038232
 563.000000  0.023022
 564.000000  0.014648
 565.000000  0.017089
 566.000000  0.023950
 567.000000  0.034179
 568.000000  0.017090
 569.000000  0.016992
 570.000000  0.017090
 571.000000  0.034179
 572.000000  0.033350
 573.000000  0.017114
 574.000000  0.014673
 575.000000  0.020166
 576.000000  0.034131
 577.000000  0.029589
 578.000000  0.014648
 579.000000  0.017089
 580.000000  0.024121
 581.000000  0.039087
 582.000000  0.023462
 583.000000  0.017089
 584.000000  0.016479
 585.000000  0.028833
 586.000000  0.038818
 587.000000  0.021508
 588.000000  0.014917
 589.000000  0.017090
 590.000000  0.034180
 591.000000  0.049511
 592.000000  0.019360
 593.000000  0.014673
 594.000000  0.019531
 595.000000  0.039086
 596.000000  0.038794
 597.000000  0.019116
 598.000000  0.016821
 599.000000  0.023413
 600.000000  0.034106
 601.000000  0.030737
 602.000000  0.019189
 603.000000  0.025073
 604.000000  0.088184
 605.000000  0.303711
 606.000000  0.134277
 607.000000  0.021972
 608.000000  0.017090
 609.000000  0.022485
 610.000000  0.028247
 611.000000  0.018725
 612.000000  0.017089
 613.000000  0.017041
 614.000000  0.021801
 615.000000  0.022265
 616.000000  0.014648
 617.000000  0.013477
 618.000000  0.014624
 619.000000  0.019384
 620.000000  0.015820
 621.000000  0.014648
 622.000000  0.012769
 623.000000  0.015210
 624.000000  0.019335
 625.000000  0.016748
 626.000000  0.012671
 627.000000  0.014648
 628.000000  0.014478
 629.000000  0.017089
 630.000000  0.013306
 631.000000  0.014599
 632.000000  0.012280
 633.000000  0.014648
 634.000000  0.014160
 635.000000  0.014599
 636.000000  0.012207
 637.000000  0.012012
 638.000000  0.012476
 639.000000  0.014502
 640.000000  0.012061
 641.000000  0.013745
 642.000000  0.011987
 643.000000  0.012085
 644.000000  0.015039
 645.000000  0.013891
 646.000000  0.013989
 647.000000  0.013256
 648.000000  0.011987
 649.000000  0.011304
 650.000000  0.011255
 651.000000  0.010352
 652.000000  0.011108
 653.000000  0.010693
 654.000000  0.011133
 655.000000  0.012304
 656.000000  0.010522
 657.000000  0.012402
 658.000000  0.010889
 659.000000  0.009790
 660.000000  0.010132
 661.000000  0.012207
 662.000000  0.010156
 663.000000  0.012182
 664.000000  0.012255
 665.000000  0.012207
 666.000000  0.012280
 667.000000  0.012207
 668.000000  0.009839
 669.000000  0.009692
 670.000000  0.009839
 671.000000  0.009668
 672.000000  0.009814
 673.000000  0.012109
 674.000000  0.012207
 675.000000  0.011865
 676.000000  0.009766
 677.000000  0.012182
 678.000000  0.009766
 679.000000  0.012085
 680.000000  0.009766
 681.000000  0.009497
 682.000000  0.009766
 683.000000  0.011792
 684.000000  0.009766
 685.000000  0.011254
 686.000000  0.009692
 687.000000  0.009375
 688.000000  0.012133
 689.000000  0.008643
 690.000000  0.012207
 691.000000  0.010815
 692.000000  0.009692
 693.000000  0.010278
 694.000000  0.009741
 695.000000  0.010327
 696.000000  0.012036
 697.000000  0.010473
 698.000000  0.009424
 699.000000  0.010058
 700.000000  0.009424
 701.000000  0.007715
 702.000000  0.009277
 703.000000  0.007519
 704.000000  0.011547
 705.000000  0.009814
 706.000000  0.009204
 707.000000  0.007471
 708.000000  0.009033
 709.000000  0.009814
 710.000000  0.008984
 711.000000  0.009814
 712.000000  0.008643
 713.000000  0.009765
 714.000000  0.008398
 715.000000  0.009765
 716.000000  0.008350
 717.000000  0.009765
 718.000000  0.008301
 719.000000  0.009790
 720.000000  0.007910
 721.000000  0.009765
 722.000000  0.007812
 723.000000  0.009765
 724.000000  0.008008
 725.000000  0.009765
 726.000000  0.007837
 727.000000  0.009765
 728.000000  0.007593
 729.000000  0.007324
 730.000000  0.007519
 731.000000  0.009765
 732.000000  0.007519
 733.000000  0.009765
 734.000000  0.009961
 735.000000  0.009765
 736.000000  0.007397
 737.000000  0.009765
 738.000000  0.007397
 739.000000  0.009765
 740.000000  0.007422
 741.000000  0.009765
 742.000000  0.007446
 743.000000  0.007300
 744.000000  0.007324
 745.000000  0.009765
 746.000000  0.007324
 747.000000  0.007300
 748.000000  0.007373
 749.000000  0.009765
 750.000000  0.007349
 751.000000  0.009765
 752.000000  0.009790
 753.000000  0.009765
 754.000000  0.007324
 755.000000  0.009716
 756.000000  0.007373
 757.000000  0.009741
 758.000000  0.007349
 759.000000  0.007324
 760.000000  0.007324
 761.000000  0.009741
 762.000000  0.007324
 763.000000  0.009741
 764.000000  0.007324
 765.000000  0.009668
 766.000000  0.007324
 767.000000  0.007227
 768.000000  0.007324
 769.000000  0.009716
 770.000000  0.007349
 771.000000  0.009643
 772.000000  0.007324
 773.000000  0.009545
 774.000000  0.009765
 775.000000  0.009619
 776.000000  0.009765
 777.000000  0.009497
 778.000000  0.007324
 779.000000  0.007129
 780.000000  0.007349
 781.000000  0.007080
 782.000000  0.009765
 783.000000  0.009423
 784.000000  0.007349
 785.000000  0.009472
 786.000000  0.007324
 787.000000  0.009326
 788.000000  0.009790
 789.000000  0.009277
 790.000000  0.007324
 791.000000  0.009228
 792.000000  0.007349
 793.000000  0.009350
 794.000000  0.007373
 795.000000  0.009301
 796.000000  0.007568
 797.000000  0.009204
 798.000000  0.007373
 799.000000  0.008691
 800.000000  0.007153
 801.000000  0.008422
 802.000000  0.009375
 803.000000  0.008764
 804.000000  0.007153
 805.000000  0.008789
 806.000000  0.006982
 807.000000  0.009082
 808.000000  0.009765
 809.000000  0.006811
 810.000000  0.007324
 811.000000  0.006519
 812.000000  0.007300
 813.000000  0.006543
 814.000000  0.007300
 815.000000  0.009033
 816.000000  0.007300
 817.000000  0.008960
 818.000000  0.007251
 819.000000  0.008960
 820.000000  0.007202
 821.000000  0.008960
 822.000000  0.007251
 823.000000  0.008764
 824.000000  0.009716
 825.000000  0.008984
 826.000000  0.007251
 827.000000  0.008862
 828.000000  0.007227
 829.000000  0.009130
 830.000000  0.007275
 831.000000  0.008862
 832.000000  0.007300
 833.000000  0.008837
 834.000000  0.007251
 835.000000  0.008764
 836.000000  0.009790
 837.000000  0.008960
 838.000000  0.007275
 839.000000  0.008642
 840.000000  0.007324
 841.000000  0.008642
 842.000000  0.009741
 843.000000  0.008569
 844.000000  0.007275
 845.000000  0.006396
 846.000000  0.009741
 847.000000  0.009179
 848.000000  0.007202
 849.000000  0.008789
 850.000000  0.007251
 851.000000  0.008740
 852.000000  0.007300
 853.000000  0.006226
 854.000000  0.009765
 855.000000  0.008496
 856.000000  0.007300
 857.000000  0.006226
 858.000000  0.007251
 859.000000  0.006030
 860.000000  0.009741
 861.000000  0.008471
 862.000000  0.007275
 863.000000  0.005957
 864.000000  0.007300
 865.000000  0.008569
 866.000000  0.009741
 867.000000  0.006299
 868.000000  0.007324
 869.000000  0.008667
 870.000000  0.007300
 871.000000  0.008520
 872.000000  0.007324
 873.000000  0.008764
 874.000000  0.007275
 875.000000  0.008642
 876.000000  0.007300
 877.000000  0.006006
 878.000000  0.007300
 879.000000  0.005908
 880.000000  0.007324
 881.000000  0.008740
 882.000000  0.007275
 883.000000  0.008740
 884.000000  0.007275
 885.000000  0.008691
 886.000000  0.007324
 887.000000  0.006103
 888.000000  0.007324
 889.000000  0.008374
 890.000000  0.007251
 891.000000  0.008398
 892.000000  0.007324
 893.000000  0.008520
 894.000000  0.007324
 895.000000  0.008544
 896.000000  0.007324
 897.000000  0.008886
 898.000000  0.007275
 899.000000  0.008398
 900.000000  0.007300
 901.000000  0.008300
 902.000000  0.009741
 903.000000  0.008276
 904.000000  0.007275
 905.000000  0.008398
 906.000000  0.009741
 907.000000  0.008203
 908.000000  0.009716
 909.000000  0.008544
 910.000000  0.007300
 911.000000  0.008422
 912.000000  0.007300
 913.000000  0.008252
 914.000000  0.007227
 915.000000  0.008252
 916.000000  0.007153
 917.000000  0.008544
 918.000000  0.009716
 919.000000  0.008129
 920.000000  0.009765
 921.000000  0.007885
 922.000000  0.007300
 923.000000  0.007983
 924.000000  0.007251
 925.000000  0.008056
 926.000000  0.007275
 927.000000  0.008056
 928.000000  0.007300
 929.000000  0.008398
 930.000000  0.007251
 931.000000  0.008032
 932.000000  0.007227
 933.000000  0.008325
 934.000000  0.007324
 935.000000  0.008252
 936.000000  0.007300
 937.000000  0.008252
 938.000000  0.007275
 939.000000  0.008178
 940.000000  0.007300
 941.000000  0.008081
 942.000000  0.007300
 943.000000  0.008349
 944.000000  0.007227
 945.000000  0.005933
 946.000000  0.009765
 947.000000  0.008544
 948.000000  0.007227
 949.000000  0.008325
 950.000000  0.009472
 951.000000  0.008300
 952.000000  0.006909
 953.000000  0.008447
 954.000000  0.006811
 955.000000  0.008691
 956.000000  0.007227
 957.000000  0.008764
 958.000000  0.006982
 959.000000  0.006299
 960.000000  0.006934
 961.000000  0.006299
 962.000000  0.009423
 963.000000  0.006152
 964.000000  0.006787
 965.000000  0.008276
 966.000000  0.007056
 967.000000  0.008642
 968.000000  0.007007
 969.000000  0.008276
 970.000000  0.009570
 971.000000  0.008178
 972.000000  0.007202
 973.000000  0.008398
 974.000000  0.007153
 975.000000  0.008667
 976.000000  0.007056
 977.000000  0.008276
 978.000000  0.007129
 979.000000  0.008471
 980.000000  0.007153
 981.000000  0.008667
 982.000000  0.007031
 983.000000  0.005762
 984.000000  0.006982
 985.000000  0.008374
 986.000000  0.007104
 987.000000  0.008154
 988.000000  0.009643
 989.000000  0.008300
 990.000000  0.007251
 991.000000  0.008374
 992.000000  0.007202
 993.000000  0.008374
 994.000000  0.007153
 995.000000  0.008349
 996.000000  0.007007
 997.000000  0.008398
 998.000000  0.009570
 999.000000  0.008276
 1000.000000  0.009741
 1001.000000  0.008227
 1002.000000  0.007031
 1003.000000  0.008129
 1004.000000  0.007104
 1005.000000  0.008056
 1006.000000  0.007251
 1007.000000  0.007836
 1008.000000  0.007202
 1009.000000  0.008032
 1010.000000  0.007178
 1011.000000  0.008227
 1012.000000  0.007178
 1013.000000  0.008056
 1014.000000  0.007056
 1015.000000  0.008056
 1016.000000  0.007129
 1017.000000  0.008081
 1018.000000  0.007202
 1019.000000  0.007959
 1020.000000  0.007031
 1021.000000  0.007763
 1022.000000  0.007056
 1023.000000  0.008129
