 0.000000  0.007519
 1.000000  0.007104
 2.000000  0.007300
 3.000000  0.007129
 4.000000  0.007568
 5.000000  0.007178
 6.000000  0.007397
 7.000000  0.007227
 8.000000  0.007446
 9.000000  0.007275
 10.000000  0.007495
 11.000000  0.007251
 12.000000  0.007373
 13.000000  0.007275
 14.000000  0.007422
 15.000000  0.007153
 16.000000  0.007324
 17.000000  0.007275
 18.000000  0.007349
 19.000000  0.007324
 20.000000  0.007397
 21.000000  0.007300
 22.000000  0.007349
 23.000000  0.007227
 24.000000  0.007373
 25.000000  0.007227
 26.000000  0.007495
 27.000000  0.009692
 28.000000  0.007422
 29.000000  0.007275
 30.000000  0.007373
 31.000000  0.007324
 32.000000  0.007373
 33.000000  0.007227
 34.000000  0.007324
 35.000000  0.007324
 36.000000  0.007349
 37.000000  0.007324
 38.000000  0.007324
 39.000000  0.009741
 40.000000  0.007397
 41.000000  0.007300
 42.000000  0.007324
 43.000000  0.007275
 44.000000  0.007349
 45.000000  0.007251
 46.000000  0.007349
 47.000000  0.007300
 48.000000  0.007349
 49.000000  0.007275
 50.000000  0.007324
 51.000000  0.007300
 52.000000  0.007324
 53.000000  0.007324
 54.000000  0.007324
 55.000000  0.007300
 56.000000  0.007373
 57.000000  0.007251
 58.000000  0.007324
 59.000000  0.009692
 60.000000  0.007349
 61.000000  0.009741
 62.000000  0.007324
 63.000000  0.007324
 64.000000  0.007349
 65.000000  0.007202
 66.000000  0.007324
 67.000000  0.009716
 68.000000  0.007324
 69.000000  0.007300
 70.000000  0.007324
 71.000000  0.007300
 72.000000  0.007349
 73.000000  0.007324
 74.000000  0.007324
 75.000000  0.007324
 76.000000  0.007324
 77.000000  0.007324
 78.000000  0.007324
 79.000000  0.007324
 80.000000  0.007349
 81.000000  0.007324
 82.000000  0.007324
 83.000000  0.007300
 84.000000  0.007324
 85.000000  0.007300
 86.000000  0.007324
 87.000000  0.007300
 88.000000  0.007324
 89.000000  0.007324
 90.000000  0.007324
 91.000000  0.007324
 92.000000  0.007349
 93.000000  0.007251
 94.000000  0.007349
 95.000000  0.007324
 96.000000  0.007324
 97.000000  0.007324
 98.000000  0.007324
 99.000000  0.007324
 100.000000  0.007324
 101.000000  0.009765
 102.000000  0.007324
 103.000000  0.009741
 104.000000  0.007324
 105.000000  0.007324
 106.000000  0.007373
 107.000000  0.007251
 108.000000  0.007349
 109.000000  0.009765
 110.000000  0.007324
 111.000000  0.007324
 112.000000  0.007349
 113.000000  0.007324
 114.000000  0.007349
 115.000000  0.007300
 116.000000  0.007324
 117.000000  0.007275
 118.000000  0.007349
 119.000000  0.007275
 120.000000  0.007422
 121.000000  0.007275
 122.000000  0.007397
 123.000000  0.007275
 124.000000  0.007324
 125.000000  0.007251
 126.000000  0.007397
 127.000000  0.009716
 128.000000  0.007373
 129.000000  0.007300
 130.000000  0.007324
 131.000000  0.009765
 132.000000  0.007349
 133.000000  0.007324
 134.000000  0.007397
 135.000000  0.009765
 136.000000  0.007373
 137.000000  0.007251
 138.000000  0.007373
 139.000000  0.007227
 140.000000  0.007495
 141.000000  0.007251
 142.000000  0.007446
 143.000000  0.007251
 144.000000  0.007373
 145.000000  0.009619
 146.000000  0.007422
 147.000000  0.007275
 148.000000  0.007617
 149.000000  0.009692
 150.000000  0.007471
 151.000000  0.007056
 152.000000  0.007397
 153.000000  0.007080
 154.000000  0.007495
 155.000000  0.007104
 156.000000  0.007544
 157.000000  0.009594
 158.000000  0.007617
 159.000000  0.007104
 160.000000  0.007544
 161.000000  0.007080
 162.000000  0.007324
 163.000000  0.007080
 164.000000  0.007324
 165.000000  0.007104
 166.000000  0.007397
 167.000000  0.007300
 168.000000  0.007397
 169.000000  0.009668
 170.000000  0.007495
 171.000000  0.007178
 172.000000  0.007397
 173.000000  0.007227
 174.000000  0.007373
 175.000000  0.007275
 176.000000  0.007324
 177.000000  0.007275
 178.000000  0.007397
 179.000000  0.009619
 180.000000  0.007446
 181.000000  0.007300
 182.000000  0.007397
 183.000000  0.007251
 184.000000  0.007324
 185.000000  0.007324
 186.000000  0.007422
 187.000000  0.007275
 188.000000  0.007324
 189.000000  0.007251
 190.000000  0.007373
 191.000000  0.007227
 192.000000  0.007397
 193.000000  0.007300
 194.000000  0.007324
 195.000000  0.007251
 196.000000  0.009814
 197.000000  0.007202
 198.000000  0.007373
 199.000000  0.009692
 200.000000  0.007324
 201.000000  0.009692
 202.000000  0.007324
 203.000000  0.007275
 204.000000  0.007324
 205.000000  0.007275
 206.000000  0.007324
 207.000000  0.007300
 208.000000  0.007349
 209.000000  0.009765
 210.000000  0.007324
 211.000000  0.007275
 212.000000  0.007349
 213.000000  0.009741
 214.000000  0.007324
 215.000000  0.007275
 216.000000  0.007324
 217.000000  0.007275
 218.000000  0.007324
 219.000000  0.009716
 220.000000  0.007324
 221.000000  0.007300
 222.000000  0.007324
 223.000000  0.007275
 224.000000  0.007349
 225.000000  0.007324
 226.000000  0.007324
 227.000000  0.009716
 228.000000  0.007324
 229.000000  0.009716
 230.000000  0.007324
 231.000000  0.007300
 232.000000  0.007324
 233.000000  0.009765
 234.000000  0.007349
 235.000000  0.007300
 236.000000  0.007324
 237.000000  0.007324
 238.000000  0.007349
 239.000000  0.009765
 240.000000  0.007349
 241.000000  0.007300
 242.000000  0.007324
 243.000000  0.009765
 244.000000  0.007349
 245.000000  0.007324
 246.000000  0.007349
 247.000000  0.007324
 248.000000  0.007349
 249.000000  0.007324
 250.000000  0.007349
 251.000000  0.007324
 252.000000  0.007373
 253.000000  0.007324
 254.000000  0.007324
 255.000000  0.009741
 256.000000  0.007422
 257.000000  0.007324
 258.000000  0.007349
 259.000000  0.007324
 260.000000  0.007324
 261.000000  0.007324
 262.000000  0.007349
 263.000000  0.009765
 264.000000  0.007349
 265.000000  0.009765
 266.000000  0.007349
 267.000000  0.009765
 268.000000  0.007349
 269.000000  0.009765
 270.000000  0.007349
 271.000000  0.007324
 272.000000  0.007397
 273.000000  0.007324
 274.000000  0.007373
 275.000000  0.009765
 276.000000  0.007349
 277.000000  0.009765
 278.000000  0.007349
 279.000000  0.007324
 280.000000  0.007397
 281.000000  0.009765
 282.000000  0.007397
 283.000000  0.009765
 284.000000  0.007422
 285.000000  0.007324
 286.000000  0.007495
 287.000000  0.007324
 288.000000  0.007422
 289.000000  0.009765
 290.000000  0.007568
 291.000000  0.007324
 292.000000  0.007422
 293.000000  0.007324
 294.000000  0.007642
 295.000000  0.009765
 296.000000  0.007471
 297.000000  0.009716
 298.000000  0.007593
 299.000000  0.009716
 300.000000  0.007788
 301.000000  0.007422
 302.000000  0.007617
 303.000000  0.009692
 304.000000  0.007861
 305.000000  0.007227
 306.000000  0.007837
 307.000000  0.009668
 308.000000  0.008057
 309.000000  0.009838
 310.000000  0.007959
 311.000000  0.007349
 312.000000  0.007959
 313.000000  0.007300
 314.000000  0.008105
 315.000000  0.009765
 316.000000  0.007935
 317.000000  0.007495
 318.000000  0.008154
 319.000000  0.007373
 320.000000  0.007861
 321.000000  0.009814
 322.000000  0.007788
 323.000000  0.009765
 324.000000  0.007910
 325.000000  0.007373
 326.000000  0.007788
 327.000000  0.007349
 328.000000  0.007886
 329.000000  0.009814
 330.000000  0.007935
 331.000000  0.009765
 332.000000  0.008203
 333.000000  0.009814
 334.000000  0.007983
 335.000000  0.009814
 336.000000  0.007715
 337.000000  0.007349
 338.000000  0.008057
 339.000000  0.007349
 340.000000  0.008130
 341.000000  0.009887
 342.000000  0.010644
 343.000000  0.009814
 344.000000  0.008105
 345.000000  0.009765
 346.000000  0.008203
 347.000000  0.007349
 348.000000  0.007983
 349.000000  0.009765
 350.000000  0.008276
 351.000000  0.009814
 352.000000  0.008447
 353.000000  0.009863
 354.000000  0.008325
 355.000000  0.007373
 356.000000  0.008594
 357.000000  0.007373
 358.000000  0.008740
 359.000000  0.009790
 360.000000  0.008887
 361.000000  0.007446
 362.000000  0.008691
 363.000000  0.009814
 364.000000  0.008594
 365.000000  0.007324
 366.000000  0.008862
 367.000000  0.007373
 368.000000  0.008667
 369.000000  0.007446
 370.000000  0.008936
 371.000000  0.009863
 372.000000  0.009009
 373.000000  0.009912
 374.000000  0.008984
 375.000000  0.009936
 376.000000  0.009277
 377.000000  0.007397
 378.000000  0.009326
 379.000000  0.007519
 380.000000  0.009521
 381.000000  0.009961
 382.000000  0.009497
 383.000000  0.007593
 384.000000  0.009619
 385.000000  0.007593
 386.000000  0.009546
 387.000000  0.010034
 388.000000  0.009351
 389.000000  0.010058
 390.000000  0.009546
 391.000000  0.010156
 392.000000  0.009668
 393.000000  0.007739
 394.000000  0.009692
 395.000000  0.008032
 396.000000  0.009570
 397.000000  0.008130
 398.000000  0.009741
 399.000000  0.008154
 400.000000  0.009717
 401.000000  0.010961
 402.000000  0.009741
 403.000000  0.008838
 404.000000  0.009741
 405.000000  0.008887
 406.000000  0.009766
 407.000000  0.008911
 408.000000  0.009741
 409.000000  0.011425
 410.000000  0.009741
 411.000000  0.011523
 412.000000  0.009766
 413.000000  0.009399
 414.000000  0.009766
 415.000000  0.011792
 416.000000  0.009766
 417.000000  0.009595
 418.000000  0.009790
 419.000000  0.009692
 420.000000  0.009790
 421.000000  0.009668
 422.000000  0.009766
 423.000000  0.009717
 424.000000  0.009766
 425.000000  0.012158
 426.000000  0.009766
 427.000000  0.012158
 428.000000  0.009766
 429.000000  0.012133
 430.000000  0.009766
 431.000000  0.012133
 432.000000  0.009790
 433.000000  0.009717
 434.000000  0.009766
 435.000000  0.012182
 436.000000  0.009766
 437.000000  0.012207
 438.000000  0.009766
 439.000000  0.012207
 440.000000  0.009863
 441.000000  0.012207
 442.000000  0.009961
 443.000000  0.012207
 444.000000  0.010278
 445.000000  0.012207
 446.000000  0.010522
 447.000000  0.009863
 448.000000  0.010278
 449.000000  0.012329
 450.000000  0.010767
 451.000000  0.012426
 452.000000  0.010840
 453.000000  0.012622
 454.000000  0.011548
 455.000000  0.012768
 456.000000  0.011572
 457.000000  0.012963
 458.000000  0.011694
 459.000000  0.013232
 460.000000  0.012085
 461.000000  0.013427
 462.000000  0.011768
 463.000000  0.013549
 464.000000  0.012061
 465.000000  0.014062
 466.000000  0.012183
 467.000000  0.011792
 468.000000  0.012207
 469.000000  0.011938
 470.000000  0.012378
 471.000000  0.014331
 472.000000  0.012402
 473.000000  0.012036
 474.000000  0.012573
 475.000000  0.014648
 476.000000  0.013184
 477.000000  0.012256
 478.000000  0.012964
 479.000000  0.014721
 480.000000  0.013843
 481.000000  0.015161
 482.000000  0.014258
 483.000000  0.013159
 484.000000  0.014355
 485.000000  0.016210
 486.000000  0.014526
 487.000000  0.013794
 488.000000  0.014600
 489.000000  0.013867
 490.000000  0.014624
 491.000000  0.016748
 492.000000  0.014624
 493.000000  0.017041
 494.000000  0.014746
 495.000000  0.017089
 496.000000  0.014770
 497.000000  0.014648
 498.000000  0.014868
 499.000000  0.017138
 500.000000  0.015137
 501.000000  0.017138
 502.000000  0.015283
 503.000000  0.017138
 504.000000  0.016089
 505.000000  0.017260
 506.000000  0.016455
 507.000000  0.015039
 508.000000  0.017017
 509.000000  0.015503
 510.000000  0.017041
 511.000000  0.018481
 512.000000  0.017065
 513.000000  0.016772
 514.000000  0.017090
 515.000000  0.016968
 516.000000  0.017090
 517.000000  0.016992
 518.000000  0.017114
 519.000000  0.017090
 520.000000  0.017554
 521.000000  0.017139
 522.000000  0.018384
 523.000000  0.019751
 524.000000  0.018726
 525.000000  0.020019
 526.000000  0.019336
 527.000000  0.020166
 528.000000  0.019434
 529.000000  0.021044
 530.000000  0.019531
 531.000000  0.021875
 532.000000  0.019531
 533.000000  0.019507
 534.000000  0.019531
 535.000000  0.019531
 536.000000  0.019604
 537.000000  0.021997
 538.000000  0.019702
 539.000000  0.021972
 540.000000  0.021509
 541.000000  0.019751
 542.000000  0.021948
 543.000000  0.020581
 544.000000  0.021948
 545.000000  0.021216
 546.000000  0.021973
 547.000000  0.024340
 548.000000  0.021899
 549.000000  0.023730
 550.000000  0.022021
 551.000000  0.024414
 552.000000  0.021973
 553.000000  0.021973
 554.000000  0.022778
 555.000000  0.022437
 556.000000  0.024390
 557.000000  0.024682
 558.000000  0.023804
 559.000000  0.026635
 560.000000  0.025439
 561.000000  0.024829
 562.000000  0.024390
 563.000000  0.026855
 564.000000  0.026807
 565.000000  0.030444
 566.000000  0.028882
 567.000000  0.028002
 568.000000  0.027026
 569.000000  0.036010
 570.000000  0.048950
 571.000000  0.038012
 572.000000  0.028394
 573.000000  0.033544
 574.000000  0.049268
 575.000000  0.077197
 576.000000  0.040137
 577.000000  0.033251
 578.000000  0.039697
 579.000000  0.072485
 580.000000  0.082642
 581.000000  0.036328
 582.000000  0.036304
 583.000000  0.058764
 584.000000  0.128491
 585.000000  0.110229
 586.000000  0.041577
 587.000000  0.056567
 588.000000  0.158545
 589.000000  0.408789
 590.000000  0.194922
 591.000000  0.057348
 592.000000  0.108911
 593.000000  0.153320
 594.000000  0.220459
 595.000000  0.085107
 596.000000  0.050977
 597.000000  0.087866
 598.000000  0.055054
 599.000000  0.045312
 600.000000  0.031519
 601.000000  0.031469
 602.000000  0.031714
 603.000000  0.033129
 604.000000  0.030542
 605.000000  0.029126
 606.000000  0.026855
 607.000000  0.029150
 608.000000  0.026709
 609.000000  0.026977
 610.000000  0.025757
 611.000000  0.026904
 612.000000  0.027417
 613.000000  0.026733
 614.000000  0.026635
 615.000000  0.025830
 616.000000  0.024121
 617.000000  0.023511
 618.000000  0.023950
 619.000000  0.024389
 620.000000  0.022559
 621.000000  0.024389
 622.000000  0.022119
 623.000000  0.023632
 624.000000  0.024316
 625.000000  0.023730
 626.000000  0.021680
 627.000000  0.022924
 628.000000  0.021338
 629.000000  0.022485
 630.000000  0.021411
 631.000000  0.022265
 632.000000  0.020850
 633.000000  0.022094
 634.000000  0.019849
 635.000000  0.022021
 636.000000  0.019653
 637.000000  0.019482
 638.000000  0.019531
 639.000000  0.021655
 640.000000  0.019507
 641.000000  0.020898
 642.000000  0.019458
 643.000000  0.018335
 644.000000  0.021582
 645.000000  0.020336
 646.000000  0.020849
 647.000000  0.019897
 648.000000  0.018042
 649.000000  0.017114
 650.000000  0.017212
 651.000000  0.017090
 652.000000  0.017310
 653.000000  0.017065
 654.000000  0.017090
 655.000000  0.019384
 656.000000  0.017090
 657.000000  0.019287
 658.000000  0.017065
 659.000000  0.016235
 660.000000  0.017017
 661.000000  0.017993
 662.000000  0.016919
 663.000000  0.017602
 664.000000  0.018750
 665.000000  0.017187
 666.000000  0.018652
 667.000000  0.017089
 668.000000  0.015723
 669.000000  0.014697
 670.000000  0.015454
 671.000000  0.014648
 672.000000  0.014990
 673.000000  0.017089
 674.000000  0.017163
 675.000000  0.017065
 676.000000  0.014673
 677.000000  0.017041
 678.000000  0.014648
 679.000000  0.016894
 680.000000  0.014648
 681.000000  0.014185
 682.000000  0.014648
 683.000000  0.016406
 684.000000  0.014624
 685.000000  0.015332
 686.000000  0.014380
 687.000000  0.012598
 688.000000  0.016699
 689.000000  0.012427
 690.000000  0.016455
 691.000000  0.014648
 692.000000  0.013354
 693.000000  0.014648
 694.000000  0.012671
 695.000000  0.014648
 696.000000  0.014746
 697.000000  0.014648
 698.000000  0.012231
 699.000000  0.014624
 700.000000  0.012231
 701.000000  0.012158
 702.000000  0.012207
 703.000000  0.012183
 704.000000  0.014672
 705.000000  0.014453
 706.000000  0.012207
 707.000000  0.011987
 708.000000  0.012207
 709.000000  0.013940
 710.000000  0.012207
 711.000000  0.013940
 712.000000  0.012183
 713.000000  0.013623
 714.000000  0.011914
 715.000000  0.013232
 716.000000  0.011768
 717.000000  0.012719
 718.000000  0.011279
 719.000000  0.012402
 720.000000  0.010742
 721.000000  0.012231
 722.000000  0.010083
 723.000000  0.012207
 724.000000  0.010034
 725.000000  0.012207
 726.000000  0.009839
 727.000000  0.012207
 728.000000  0.009888
 729.000000  0.009766
 730.000000  0.009790
 731.000000  0.012207
 732.000000  0.009766
 733.000000  0.012207
 734.000000  0.012280
 735.000000  0.012207
 736.000000  0.009766
 737.000000  0.012207
 738.000000  0.009766
 739.000000  0.012158
 740.000000  0.009766
 741.000000  0.012158
 742.000000  0.009766
 743.000000  0.009619
 744.000000  0.009766
 745.000000  0.012036
 746.000000  0.009766
 747.000000  0.009448
 748.000000  0.009766
 749.000000  0.011792
 750.000000  0.009741
 751.000000  0.011694
 752.000000  0.012207
 753.000000  0.011547
 754.000000  0.009741
 755.000000  0.011132
 756.000000  0.009741
 757.000000  0.010864
 758.000000  0.009668
 759.000000  0.008350
 760.000000  0.009692
 761.000000  0.010717
 762.000000  0.009424
 763.000000  0.010376
 764.000000  0.009546
 765.000000  0.010302
 766.000000  0.009399
 767.000000  0.007935
 768.000000  0.009277
 769.000000  0.010302
 770.000000  0.009180
 771.000000  0.010278
 772.000000  0.009106
 773.000000  0.010180
 774.000000  0.011499
 775.000000  0.010180
 776.000000  0.011132
 777.000000  0.010205
 778.000000  0.008618
 779.000000  0.007617
 780.000000  0.008545
 781.000000  0.007544
 782.000000  0.010913
 783.000000  0.009961
 784.000000  0.008398
 785.000000  0.009936
 786.000000  0.008496
 787.000000  0.009936
 788.000000  0.010815
 789.000000  0.009863
 790.000000  0.008227
 791.000000  0.009863
 792.000000  0.008008
 793.000000  0.009838
 794.000000  0.008154
 795.000000  0.009765
 796.000000  0.007959
 797.000000  0.009814
 798.000000  0.007690
 799.000000  0.009765
 800.000000  0.008081
 801.000000  0.009765
 802.000000  0.010131
 803.000000  0.009765
 804.000000  0.007690
 805.000000  0.009765
 806.000000  0.007495
 807.000000  0.009765
 808.000000  0.010034
 809.000000  0.007300
 810.000000  0.007617
 811.000000  0.007324
 812.000000  0.007373
 813.000000  0.007324
 814.000000  0.007422
 815.000000  0.009790
 816.000000  0.007495
 817.000000  0.009765
 818.000000  0.007446
 819.000000  0.009765
 820.000000  0.007495
 821.000000  0.009765
 822.000000  0.007471
 823.000000  0.009765
 824.000000  0.009912
 825.000000  0.009716
 826.000000  0.007349
 827.000000  0.009765
 828.000000  0.007349
 829.000000  0.009765
 830.000000  0.007349
 831.000000  0.009741
 832.000000  0.007324
 833.000000  0.009741
 834.000000  0.007324
 835.000000  0.009741
 836.000000  0.009765
 837.000000  0.009741
 838.000000  0.007300
 839.000000  0.009765
 840.000000  0.007324
 841.000000  0.009765
 842.000000  0.009765
 843.000000  0.009765
 844.000000  0.007324
 845.000000  0.007324
 846.000000  0.009765
 847.000000  0.009765
 848.000000  0.007324
 849.000000  0.009765
 850.000000  0.007324
 851.000000  0.009741
 852.000000  0.007324
 853.000000  0.007324
 854.000000  0.009790
 855.000000  0.009716
 856.000000  0.007324
 857.000000  0.007251
 858.000000  0.007324
 859.000000  0.007202
 860.000000  0.009765
 861.000000  0.009594
 862.000000  0.007324
 863.000000  0.007275
 864.000000  0.007324
 865.000000  0.009692
 866.000000  0.009765
 867.000000  0.007275
 868.000000  0.007324
 869.000000  0.009668
 870.000000  0.007324
 871.000000  0.009692
 872.000000  0.007324
 873.000000  0.009668
 874.000000  0.007324
 875.000000  0.009692
 876.000000  0.007324
 877.000000  0.007056
 878.000000  0.007324
 879.000000  0.007056
 880.000000  0.007324
 881.000000  0.009643
 882.000000  0.007324
 883.000000  0.009692
 884.000000  0.007324
 885.000000  0.009545
 886.000000  0.007324
 887.000000  0.007031
 888.000000  0.007324
 889.000000  0.009399
 890.000000  0.007324
 891.000000  0.009619
 892.000000  0.007324
 893.000000  0.009668
 894.000000  0.007324
 895.000000  0.009545
 896.000000  0.007324
 897.000000  0.009643
 898.000000  0.007324
 899.000000  0.009643
 900.000000  0.007324
 901.000000  0.009472
 902.000000  0.009765
 903.000000  0.009423
 904.000000  0.007324
 905.000000  0.009423
 906.000000  0.009765
 907.000000  0.009399
 908.000000  0.009765
 909.000000  0.009350
 910.000000  0.007324
 911.000000  0.009252
 912.000000  0.007324
 913.000000  0.009326
 914.000000  0.007324
 915.000000  0.009301
 916.000000  0.007300
 917.000000  0.009448
 918.000000  0.009765
 919.000000  0.009106
 920.000000  0.009765
 921.000000  0.009228
 922.000000  0.007251
 923.000000  0.009155
 924.000000  0.007275
 925.000000  0.009399
 926.000000  0.007373
 927.000000  0.009252
 928.000000  0.007129
 929.000000  0.009106
 930.000000  0.007251
 931.000000  0.009252
 932.000000  0.007104
 933.000000  0.009301
 934.000000  0.007275
 935.000000  0.009057
 936.000000  0.007300
 937.000000  0.009106
 938.000000  0.007251
 939.000000  0.009106
 940.000000  0.007129
 941.000000  0.009155
 942.000000  0.007227
 943.000000  0.009106
 944.000000  0.007227
 945.000000  0.006616
 946.000000  0.009741
 947.000000  0.009326
 948.000000  0.007300
 949.000000  0.009057
 950.000000  0.009692
 951.000000  0.009057
 952.000000  0.007300
 953.000000  0.009008
 954.000000  0.007324
 955.000000  0.009204
 956.000000  0.007275
 957.000000  0.009350
 958.000000  0.007300
 959.000000  0.006714
 960.000000  0.007324
 961.000000  0.006665
 962.000000  0.009741
 963.000000  0.006665
 964.000000  0.007251
 965.000000  0.009301
 966.000000  0.007300
 967.000000  0.009057
 968.000000  0.007300
 969.000000  0.008862
 970.000000  0.009692
 971.000000  0.009057
 972.000000  0.007324
 973.000000  0.008837
 974.000000  0.007324
 975.000000  0.009301
 976.000000  0.007251
 977.000000  0.009033
 978.000000  0.007300
 979.000000  0.008813
 980.000000  0.007324
 981.000000  0.009228
 982.000000  0.007300
 983.000000  0.006665
 984.000000  0.007300
 985.000000  0.009155
 986.000000  0.007300
 987.000000  0.008740
 988.000000  0.009741
 989.000000  0.009008
 990.000000  0.007300
 991.000000  0.008837
 992.000000  0.007300
 993.000000  0.009057
 994.000000  0.007300
 995.000000  0.008911
 996.000000  0.007275
 997.000000  0.008886
 998.000000  0.009692
 999.000000  0.008715
 1000.000000  0.009765
 1001.000000  0.008813
 1002.000000  0.007324
 1003.000000  0.008496
 1004.000000  0.007324
 1005.000000  0.008935
 1006.000000  0.007275
 1007.000000  0.008740
 1008.000000  0.007300
 1009.000000  0.008789
 1010.000000  0.007324
 1011.000000  0.008764
 1012.000000  0.007300
 1013.000000  0.008569
 1014.000000  0.007251
 1015.000000  0.008691
 1016.000000  0.007300
 1017.000000  0.008764
 1018.000000  0.007300
 1019.000000  0.008691
 1020.000000  0.007275
 1021.000000  0.008422
 1022.000000  0.007300
 1023.000000  0.008960
