 0.000000  0.007324
 1.000000  0.007275
 2.000000  0.007324
 3.000000  0.007251
 4.000000  0.007324
 5.000000  0.007227
 6.000000  0.007349
 7.000000  0.007275
 8.000000  0.007324
 9.000000  0.007227
 10.000000  0.007349
 11.000000  0.007227
 12.000000  0.007324
 13.000000  0.007178
 14.000000  0.007349
 15.000000  0.007202
 16.000000  0.007397
 17.000000  0.007275
 18.000000  0.007349
 19.000000  0.007227
 20.000000  0.007324
 21.000000  0.007324
 22.000000  0.007324
 23.000000  0.007227
 24.000000  0.007324
 25.000000  0.007129
 26.000000  0.007422
 27.000000  0.009692
 28.000000  0.007373
 29.000000  0.007300
 30.000000  0.007373
 31.000000  0.007275
 32.000000  0.007349
 33.000000  0.007178
 34.000000  0.007349
 35.000000  0.007129
 36.000000  0.007349
 37.000000  0.007178
 38.000000  0.007593
 39.000000  0.009961
 40.000000  0.007544
 41.000000  0.007349
 42.000000  0.007715
 43.000000  0.006787
 44.000000  0.007251
 45.000000  0.006030
 46.000000  0.007349
 47.000000  0.006689
 48.000000  0.007544
 49.000000  0.007251
 50.000000  0.007324
 51.000000  0.007227
 52.000000  0.007446
 53.000000  0.007251
 54.000000  0.007373
 55.000000  0.007129
 56.000000  0.007324
 57.000000  0.007007
 58.000000  0.007324
 59.000000  0.009399
 60.000000  0.007300
 61.000000  0.009570
 62.000000  0.007324
 63.000000  0.007227
 64.000000  0.007349
 65.000000  0.007178
 66.000000  0.007349
 67.000000  0.009668
 68.000000  0.007324
 69.000000  0.007056
 70.000000  0.007324
 71.000000  0.007202
 72.000000  0.007349
 73.000000  0.007251
 74.000000  0.007349
 75.000000  0.007275
 76.000000  0.007397
 77.000000  0.007104
 78.000000  0.007324
 79.000000  0.007178
 80.000000  0.007324
 81.000000  0.007227
 82.000000  0.007300
 83.000000  0.007202
 84.000000  0.007324
 85.000000  0.007227
 86.000000  0.007324
 87.000000  0.007275
 88.000000  0.007324
 89.000000  0.007153
 90.000000  0.007324
 91.000000  0.007129
 92.000000  0.007324
 93.000000  0.007031
 94.000000  0.007324
 95.000000  0.007153
 96.000000  0.007373
 97.000000  0.007202
 98.000000  0.007324
 99.000000  0.007300
 100.000000  0.007324
 101.000000  0.009765
 102.000000  0.007324
 103.000000  0.009643
 104.000000  0.007324
 105.000000  0.007227
 106.000000  0.007324
 107.000000  0.007300
 108.000000  0.007324
 109.000000  0.009716
 110.000000  0.007324
 111.000000  0.007300
 112.000000  0.007324
 113.000000  0.007275
 114.000000  0.007324
 115.000000  0.007300
 116.000000  0.007324
 117.000000  0.007324
 118.000000  0.007324
 119.000000  0.007300
 120.000000  0.007349
 121.000000  0.007324
 122.000000  0.007324
 123.000000  0.007300
 124.000000  0.007324
 125.000000  0.007300
 126.000000  0.007324
 127.000000  0.009716
 128.000000  0.007324
 129.000000  0.007324
 130.000000  0.007324
 131.000000  0.009619
 132.000000  0.007324
 133.000000  0.007275
 134.000000  0.007324
 135.000000  0.009741
 136.000000  0.007324
 137.000000  0.007202
 138.000000  0.007324
 139.000000  0.007007
 140.000000  0.007324
 141.000000  0.007202
 142.000000  0.007324
 143.000000  0.007300
 144.000000  0.007324
 145.000000  0.009741
 146.000000  0.007324
 147.000000  0.007153
 148.000000  0.007324
 149.000000  0.009741
 150.000000  0.007324
 151.000000  0.007227
 152.000000  0.007324
 153.000000  0.007275
 154.000000  0.007324
 155.000000  0.007300
 156.000000  0.007324
 157.000000  0.009716
 158.000000  0.007324
 159.000000  0.007275
 160.000000  0.007324
 161.000000  0.007202
 162.000000  0.007324
 163.000000  0.007129
 164.000000  0.007324
 165.000000  0.007178
 166.000000  0.007324
 167.000000  0.007300
 168.000000  0.007324
 169.000000  0.009692
 170.000000  0.007324
 171.000000  0.007275
 172.000000  0.007324
 173.000000  0.007227
 174.000000  0.007324
 175.000000  0.007202
 176.000000  0.007324
 177.000000  0.007251
 178.000000  0.007324
 179.000000  0.009643
 180.000000  0.007324
 181.000000  0.007202
 182.000000  0.007324
 183.000000  0.007300
 184.000000  0.007324
 185.000000  0.007178
 186.000000  0.007324
 187.000000  0.007202
 188.000000  0.007324
 189.000000  0.007227
 190.000000  0.007324
 191.000000  0.007251
 192.000000  0.007349
 193.000000  0.007275
 194.000000  0.007227
 195.000000  0.006787
 196.000000  0.009692
 197.000000  0.006641
 198.000000  0.007056
 199.000000  0.009570
 200.000000  0.007886
 201.000000  0.009716
 202.000000  0.007861
 203.000000  0.007007
 204.000000  0.007397
 205.000000  0.006689
 206.000000  0.007300
 207.000000  0.006763
 208.000000  0.007349
 209.000000  0.008984
 210.000000  0.007373
 211.000000  0.007056
 212.000000  0.007349
 213.000000  0.009668
 214.000000  0.007373
 215.000000  0.007178
 216.000000  0.007324
 217.000000  0.007251
 218.000000  0.007349
 219.000000  0.009570
 220.000000  0.007324
 221.000000  0.006836
 222.000000  0.007373
 223.000000  0.007153
 224.000000  0.007349
 225.000000  0.007227
 226.000000  0.007349
 227.000000  0.009668
 228.000000  0.007373
 229.000000  0.009326
 230.000000  0.007324
 231.000000  0.007031
 232.000000  0.007324
 233.000000  0.009497
 234.000000  0.007324
 235.000000  0.007275
 236.000000  0.007324
 237.000000  0.007300
 238.000000  0.007324
 239.000000  0.009668
 240.000000  0.007324
 241.000000  0.007080
 242.000000  0.007324
 243.000000  0.009594
 244.000000  0.007324
 245.000000  0.007178
 246.000000  0.007324
 247.000000  0.007227
 248.000000  0.007349
 249.000000  0.007227
 250.000000  0.007324
 251.000000  0.007202
 252.000000  0.007324
 253.000000  0.007202
 254.000000  0.007324
 255.000000  0.009594
 256.000000  0.007324
 257.000000  0.007251
 258.000000  0.007324
 259.000000  0.007275
 260.000000  0.007324
 261.000000  0.007300
 262.000000  0.007324
 263.000000  0.009716
 264.000000  0.007324
 265.000000  0.009716
 266.000000  0.007324
 267.000000  0.009545
 268.000000  0.007324
 269.000000  0.009545
 270.000000  0.007324
 271.000000  0.007202
 272.000000  0.007324
 273.000000  0.007227
 274.000000  0.007349
 275.000000  0.009643
 276.000000  0.007324
 277.000000  0.009692
 278.000000  0.007324
 279.000000  0.007300
 280.000000  0.007324
 281.000000  0.009570
 282.000000  0.007324
 283.000000  0.009716
 284.000000  0.007324
 285.000000  0.007251
 286.000000  0.007324
 287.000000  0.007251
 288.000000  0.007324
 289.000000  0.009765
 290.000000  0.007324
 291.000000  0.007202
 292.000000  0.007349
 293.000000  0.007251
 294.000000  0.007324
 295.000000  0.009765
 296.000000  0.007349
 297.000000  0.009765
 298.000000  0.007324
 299.000000  0.009741
 300.000000  0.007324
 301.000000  0.007324
 302.000000  0.007324
 303.000000  0.009765
 304.000000  0.007324
 305.000000  0.007324
 306.000000  0.007349
 307.000000  0.009741
 308.000000  0.007373
 309.000000  0.009692
 310.000000  0.007324
 311.000000  0.007300
 312.000000  0.007324
 313.000000  0.007324
 314.000000  0.007397
 315.000000  0.009765
 316.000000  0.007324
 317.000000  0.007324
 318.000000  0.007324
 319.000000  0.007324
 320.000000  0.007349
 321.000000  0.009741
 322.000000  0.007373
 323.000000  0.009741
 324.000000  0.007373
 325.000000  0.007324
 326.000000  0.007349
 327.000000  0.007275
 328.000000  0.007324
 329.000000  0.009765
 330.000000  0.007519
 331.000000  0.009765
 332.000000  0.007422
 333.000000  0.009741
 334.000000  0.007422
 335.000000  0.009765
 336.000000  0.007324
 337.000000  0.007324
 338.000000  0.007373
 339.000000  0.007300
 340.000000  0.007544
 341.000000  0.009765
 342.000000  0.009863
 343.000000  0.009741
 344.000000  0.007568
 345.000000  0.009765
 346.000000  0.007446
 347.000000  0.007300
 348.000000  0.007471
 349.000000  0.009790
 350.000000  0.007593
 351.000000  0.009936
 352.000000  0.008105
 353.000000  0.010131
 354.000000  0.007983
 355.000000  0.007324
 356.000000  0.007446
 357.000000  0.006934
 358.000000  0.007666
 359.000000  0.009399
 360.000000  0.008398
 361.000000  0.007373
 362.000000  0.008008
 363.000000  0.009765
 364.000000  0.008227
 365.000000  0.007422
 366.000000  0.008374
 367.000000  0.007422
 368.000000  0.007935
 369.000000  0.007324
 370.000000  0.007715
 371.000000  0.009790
 372.000000  0.007935
 373.000000  0.009838
 374.000000  0.008032
 375.000000  0.009838
 376.000000  0.008472
 377.000000  0.007495
 378.000000  0.008569
 379.000000  0.007324
 380.000000  0.008081
 381.000000  0.009838
 382.000000  0.008008
 383.000000  0.007349
 384.000000  0.008545
 385.000000  0.007446
 386.000000  0.008960
 387.000000  0.009985
 388.000000  0.008911
 389.000000  0.009912
 390.000000  0.008960
 391.000000  0.010009
 392.000000  0.008594
 393.000000  0.007422
 394.000000  0.008472
 395.000000  0.007471
 396.000000  0.008691
 397.000000  0.007422
 398.000000  0.008984
 399.000000  0.007422
 400.000000  0.009253
 401.000000  0.009961
 402.000000  0.009351
 403.000000  0.007690
 404.000000  0.009009
 405.000000  0.007739
 406.000000  0.009375
 407.000000  0.007690
 408.000000  0.009326
 409.000000  0.010180
 410.000000  0.009668
 411.000000  0.010327
 412.000000  0.009644
 413.000000  0.008203
 414.000000  0.009766
 415.000000  0.010571
 416.000000  0.009717
 417.000000  0.008643
 418.000000  0.009717
 419.000000  0.008618
 420.000000  0.009766
 421.000000  0.008813
 422.000000  0.009741
 423.000000  0.008716
 424.000000  0.009692
 425.000000  0.011181
 426.000000  0.009741
 427.000000  0.011816
 428.000000  0.009766
 429.000000  0.011572
 430.000000  0.009766
 431.000000  0.011743
 432.000000  0.009766
 433.000000  0.008984
 434.000000  0.009766
 435.000000  0.011962
 436.000000  0.009766
 437.000000  0.012036
 438.000000  0.009766
 439.000000  0.012060
 440.000000  0.009766
 441.000000  0.012109
 442.000000  0.009766
 443.000000  0.012182
 444.000000  0.009814
 445.000000  0.012182
 446.000000  0.009766
 447.000000  0.009741
 448.000000  0.009766
 449.000000  0.012207
 450.000000  0.009766
 451.000000  0.012207
 452.000000  0.009790
 453.000000  0.012207
 454.000000  0.009936
 455.000000  0.012207
 456.000000  0.009936
 457.000000  0.012207
 458.000000  0.010034
 459.000000  0.012231
 460.000000  0.010278
 461.000000  0.012207
 462.000000  0.010229
 463.000000  0.012231
 464.000000  0.011255
 465.000000  0.012500
 466.000000  0.011352
 467.000000  0.009888
 468.000000  0.011914
 469.000000  0.010327
 470.000000  0.011548
 471.000000  0.012768
 472.000000  0.011963
 473.000000  0.011523
 474.000000  0.012085
 475.000000  0.013159
 476.000000  0.011987
 477.000000  0.012036
 478.000000  0.012231
 479.000000  0.014331
 480.000000  0.012183
 481.000000  0.014526
 482.000000  0.012256
 483.000000  0.012158
 484.000000  0.012207
 485.000000  0.014648
 486.000000  0.012280
 487.000000  0.012329
 488.000000  0.012280
 489.000000  0.012207
 490.000000  0.012280
 491.000000  0.014892
 492.000000  0.014014
 493.000000  0.014648
 494.000000  0.012451
 495.000000  0.015185
 496.000000  0.014868
 497.000000  0.012402
 498.000000  0.012549
 499.000000  0.014941
 500.000000  0.015552
 501.000000  0.019482
 502.000000  0.014453
 503.000000  0.016430
 504.000000  0.017090
 505.000000  0.026879
 506.000000  0.021167
 507.000000  0.014502
 508.000000  0.016235
 509.000000  0.021924
 510.000000  0.031494
 511.000000  0.022949
 512.000000  0.017139
 513.000000  0.018530
 514.000000  0.025879
 515.000000  0.030518
 516.000000  0.019727
 517.000000  0.019873
 518.000000  0.039429
 519.000000  0.091675
 520.000000  0.070776
 521.000000  0.023267
 522.000000  0.020288
 523.000000  0.026953
 524.000000  0.036597
 525.000000  0.024047
 526.000000  0.017041
 527.000000  0.019238
 528.000000  0.021313
 529.000000  0.026635
 530.000000  0.017065
 531.000000  0.017041
 532.000000  0.015381
 533.000000  0.019531
 534.000000  0.019531
 535.000000  0.013818
 536.000000  0.014355
 537.000000  0.017285
 538.000000  0.020996
 539.000000  0.017065
 540.000000  0.013086
 541.000000  0.012353
 542.000000  0.014722
 543.000000  0.017090
 544.000000  0.012817
 545.000000  0.012183
 546.000000  0.012891
 547.000000  0.017114
 548.000000  0.015674
 549.000000  0.014648
 550.000000  0.012231
 551.000000  0.014721
 552.000000  0.014746
 553.000000  0.012964
 554.000000  0.012207
 555.000000  0.012085
 556.000000  0.012500
 557.000000  0.017041
 558.000000  0.012305
 559.000000  0.013916
 560.000000  0.012207
 561.000000  0.012207
 562.000000  0.014478
 563.000000  0.014428
 564.000000  0.012109
 565.000000  0.013427
 566.000000  0.012695
 567.000000  0.014648
 568.000000  0.012036
 569.000000  0.012622
 570.000000  0.011694
 571.000000  0.014648
 572.000000  0.012207
 573.000000  0.012377
 574.000000  0.010205
 575.000000  0.012597
 576.000000  0.012231
 577.000000  0.012353
 578.000000  0.009912
 579.000000  0.012207
 580.000000  0.011499
 581.000000  0.011768
 582.000000  0.010596
 583.000000  0.012207
 584.000000  0.009863
 585.000000  0.012353
 586.000000  0.010718
 587.000000  0.012207
 588.000000  0.009766
 589.000000  0.009766
 590.000000  0.011304
 591.000000  0.012329
 592.000000  0.009790
 593.000000  0.009717
 594.000000  0.009790
 595.000000  0.012207
 596.000000  0.009766
 597.000000  0.011962
 598.000000  0.009766
 599.000000  0.012158
 600.000000  0.009766
 601.000000  0.011523
 602.000000  0.009766
 603.000000  0.011865
 604.000000  0.009766
 605.000000  0.012158
 606.000000  0.009766
 607.000000  0.011328
 608.000000  0.009766
 609.000000  0.011987
 610.000000  0.009766
 611.000000  0.010693
 612.000000  0.012182
 613.000000  0.011523
 614.000000  0.012207
 615.000000  0.011401
 616.000000  0.009668
 617.000000  0.008472
 618.000000  0.009766
 619.000000  0.011645
 620.000000  0.009766
 621.000000  0.010205
 622.000000  0.009521
 623.000000  0.010424
 624.000000  0.012182
 625.000000  0.010131
 626.000000  0.009448
 627.000000  0.009985
 628.000000  0.009546
 629.000000  0.010376
 630.000000  0.009277
 631.000000  0.009887
 632.000000  0.009033
 633.000000  0.009985
 634.000000  0.009082
 635.000000  0.009863
 636.000000  0.008569
 637.000000  0.007349
 638.000000  0.009204
 639.000000  0.009765
 640.000000  0.008569
 641.000000  0.009814
 642.000000  0.008765
 643.000000  0.007495
 644.000000  0.010815
 645.000000  0.009765
 646.000000  0.010424
 647.000000  0.009765
 648.000000  0.008032
 649.000000  0.007373
 650.000000  0.007666
 651.000000  0.007324
 652.000000  0.007935
 653.000000  0.007397
 654.000000  0.007910
 655.000000  0.009765
 656.000000  0.007935
 657.000000  0.009814
 658.000000  0.007764
 659.000000  0.007324
 660.000000  0.007471
 661.000000  0.009765
 662.000000  0.007471
 663.000000  0.010009
 664.000000  0.010498
 665.000000  0.009912
 666.000000  0.010327
 667.000000  0.010009
 668.000000  0.007422
 669.000000  0.006763
 670.000000  0.007471
 671.000000  0.006787
 672.000000  0.007861
 673.000000  0.009765
 674.000000  0.010302
 675.000000  0.009765
 676.000000  0.007788
 677.000000  0.009765
 678.000000  0.007739
 679.000000  0.009741
 680.000000  0.007422
 681.000000  0.007275
 682.000000  0.007397
 683.000000  0.009692
 684.000000  0.007324
 685.000000  0.009716
 686.000000  0.007397
 687.000000  0.007300
 688.000000  0.009838
 689.000000  0.007324
 690.000000  0.009961
 691.000000  0.009716
 692.000000  0.007471
 693.000000  0.009668
 694.000000  0.007349
 695.000000  0.009619
 696.000000  0.009790
 697.000000  0.009668
 698.000000  0.007373
 699.000000  0.009741
 700.000000  0.007397
 701.000000  0.007324
 702.000000  0.007349
 703.000000  0.007153
 704.000000  0.009765
 705.000000  0.009545
 706.000000  0.007324
 707.000000  0.007202
 708.000000  0.007349
 709.000000  0.009619
 710.000000  0.007324
 711.000000  0.009668
 712.000000  0.007324
 713.000000  0.009741
 714.000000  0.007324
 715.000000  0.009521
 716.000000  0.007349
 717.000000  0.009643
 718.000000  0.007324
 719.000000  0.009594
 720.000000  0.007324
 721.000000  0.009643
 722.000000  0.007324
 723.000000  0.009765
 724.000000  0.007324
 725.000000  0.009545
 726.000000  0.007324
 727.000000  0.009545
 728.000000  0.007324
 729.000000  0.007056
 730.000000  0.007324
 731.000000  0.009594
 732.000000  0.007324
 733.000000  0.009619
 734.000000  0.009765
 735.000000  0.009521
 736.000000  0.007324
 737.000000  0.009594
 738.000000  0.007324
 739.000000  0.009570
 740.000000  0.007324
 741.000000  0.009545
 742.000000  0.007324
 743.000000  0.007007
 744.000000  0.007324
 745.000000  0.009399
 746.000000  0.007324
 747.000000  0.006958
 748.000000  0.007324
 749.000000  0.009497
 750.000000  0.007324
 751.000000  0.009277
 752.000000  0.009765
 753.000000  0.009497
 754.000000  0.007324
 755.000000  0.009375
 756.000000  0.007324
 757.000000  0.009350
 758.000000  0.007324
 759.000000  0.006934
 760.000000  0.007324
 761.000000  0.009106
 762.000000  0.007300
 763.000000  0.008715
 764.000000  0.007324
 765.000000  0.009008
 766.000000  0.007324
 767.000000  0.006592
 768.000000  0.007300
 769.000000  0.009204
 770.000000  0.007324
 771.000000  0.008813
 772.000000  0.007324
 773.000000  0.008593
 774.000000  0.009765
 775.000000  0.008715
 776.000000  0.009741
 777.000000  0.008691
 778.000000  0.007324
 779.000000  0.006396
 780.000000  0.007300
 781.000000  0.006152
 782.000000  0.009765
 783.000000  0.008813
 784.000000  0.007300
 785.000000  0.008642
 786.000000  0.007324
 787.000000  0.008593
 788.000000  0.009765
 789.000000  0.008471
 790.000000  0.007324
 791.000000  0.008569
 792.000000  0.007300
 793.000000  0.008837
 794.000000  0.007324
 795.000000  0.008618
 796.000000  0.007324
 797.000000  0.008642
 798.000000  0.007275
 799.000000  0.008496
 800.000000  0.007251
 801.000000  0.008520
 802.000000  0.009741
 803.000000  0.008813
 804.000000  0.007300
 805.000000  0.009155
 806.000000  0.007324
 807.000000  0.008691
 808.000000  0.009716
 809.000000  0.006201
 810.000000  0.007300
 811.000000  0.005933
 812.000000  0.007275
 813.000000  0.006006
 814.000000  0.007227
 815.000000  0.008642
 816.000000  0.007275
 817.000000  0.008593
 818.000000  0.007324
 819.000000  0.008374
 820.000000  0.006909
 821.000000  0.007983
 822.000000  0.006641
 823.000000  0.008569
 824.000000  0.009545
 825.000000  0.009204
 826.000000  0.007397
 827.000000  0.008886
 828.000000  0.006836
 829.000000  0.008032
 830.000000  0.006763
 831.000000  0.008349
 832.000000  0.007056
 833.000000  0.008056
 834.000000  0.006689
 835.000000  0.008252
 836.000000  0.009619
 837.000000  0.008764
 838.000000  0.007227
 839.000000  0.008374
 840.000000  0.007227
 841.000000  0.008105
 842.000000  0.009594
 843.000000  0.008227
 844.000000  0.007080
 845.000000  0.005737
 846.000000  0.009497
 847.000000  0.008349
 848.000000  0.007275
 849.000000  0.008374
 850.000000  0.007324
 851.000000  0.008569
 852.000000  0.007324
 853.000000  0.005884
 854.000000  0.009545
 855.000000  0.007763
 856.000000  0.006934
 857.000000  0.005713
 858.000000  0.007178
 859.000000  0.005811
 860.000000  0.009643
 861.000000  0.008447
 862.000000  0.007202
 863.000000  0.005786
 864.000000  0.007129
 865.000000  0.008203
 866.000000  0.009497
 867.000000  0.005518
 868.000000  0.007202
 869.000000  0.007836
 870.000000  0.007324
 871.000000  0.008276
 872.000000  0.007300
 873.000000  0.008325
 874.000000  0.007178
 875.000000  0.008422
 876.000000  0.007056
 877.000000  0.005518
 878.000000  0.007178
 879.000000  0.005347
 880.000000  0.007202
 881.000000  0.008276
 882.000000  0.007153
 883.000000  0.008007
 884.000000  0.007251
 885.000000  0.008276
 886.000000  0.007275
 887.000000  0.005542
 888.000000  0.007251
 889.000000  0.008032
 890.000000  0.007251
 891.000000  0.008129
 892.000000  0.007227
 893.000000  0.008276
 894.000000  0.007227
 895.000000  0.008325
 896.000000  0.007227
 897.000000  0.008154
 898.000000  0.006982
 899.000000  0.008129
 900.000000  0.007178
 901.000000  0.008007
 902.000000  0.009619
 903.000000  0.007739
 904.000000  0.007251
 905.000000  0.007983
 906.000000  0.009668
 907.000000  0.007934
 908.000000  0.009619
 909.000000  0.007836
 910.000000  0.007153
 911.000000  0.007910
 912.000000  0.007153
 913.000000  0.007885
 914.000000  0.007104
 915.000000  0.007959
 916.000000  0.007104
 917.000000  0.008227
 918.000000  0.009741
 919.000000  0.007739
 920.000000  0.009741
 921.000000  0.007763
 922.000000  0.007056
 923.000000  0.007739
 924.000000  0.007080
 925.000000  0.007788
 926.000000  0.007080
 927.000000  0.007861
 928.000000  0.007153
 929.000000  0.008007
 930.000000  0.007153
 931.000000  0.008081
 932.000000  0.007080
 933.000000  0.008178
 934.000000  0.007275
 935.000000  0.007861
 936.000000  0.007251
 937.000000  0.007788
 938.000000  0.007202
 939.000000  0.007739
 940.000000  0.007227
 941.000000  0.008032
 942.000000  0.007251
 943.000000  0.008105
 944.000000  0.007178
 945.000000  0.005615
 946.000000  0.009643
 947.000000  0.008154
 948.000000  0.007056
 949.000000  0.007885
 950.000000  0.009423
 951.000000  0.007934
 952.000000  0.007031
 953.000000  0.008007
 954.000000  0.007300
 955.000000  0.008276
 956.000000  0.007153
 957.000000  0.007910
 958.000000  0.007104
 959.000000  0.005420
 960.000000  0.006982
 961.000000  0.005249
 962.000000  0.009301
 963.000000  0.005664
 964.000000  0.007129
 965.000000  0.008178
 966.000000  0.007153
 967.000000  0.008349
 968.000000  0.007178
 969.000000  0.008129
 970.000000  0.009497
 971.000000  0.007568
 972.000000  0.007031
 973.000000  0.007739
 974.000000  0.006885
 975.000000  0.008056
 976.000000  0.007080
 977.000000  0.008618
 978.000000  0.007080
 979.000000  0.008398
 980.000000  0.006860
 981.000000  0.007617
 982.000000  0.005762
 983.000000  0.005347
 984.000000  0.006372
 985.000000  0.008715
 986.000000  0.007178
 987.000000  0.008276
 988.000000  0.009497
 989.000000  0.008374
 990.000000  0.007251
 991.000000  0.008422
 992.000000  0.007007
 993.000000  0.007861
 994.000000  0.006885
 995.000000  0.007885
 996.000000  0.006689
 997.000000  0.008032
 998.000000  0.009375
 999.000000  0.008105
 1000.000000  0.009497
 1001.000000  0.008374
 1002.000000  0.007178
 1003.000000  0.007959
 1004.000000  0.006958
 1005.000000  0.007788
 1006.000000  0.006909
 1007.000000  0.007666
 1008.000000  0.006665
 1009.000000  0.008056
 1010.000000  0.007178
 1011.000000  0.008642
 1012.000000  0.007007
 1013.000000  0.008032
 1014.000000  0.007056
 1015.000000  0.007812
 1016.000000  0.007056
 1017.000000  0.007885
 1018.000000  0.006787
 1019.000000  0.007617
 1020.000000  0.006885
 1021.000000  0.007690
 1022.000000  0.007031
 1023.000000  0.007885
