 0.000000  0.007349
 1.000000  0.007324
 2.000000  0.007324
 3.000000  0.007324
 4.000000  0.007324
 5.000000  0.007324
 6.000000  0.007324
 7.000000  0.007324
 8.000000  0.007324
 9.000000  0.007324
 10.000000  0.007324
 11.000000  0.007300
 12.000000  0.007324
 13.000000  0.007300
 14.000000  0.007324
 15.000000  0.007300
 16.000000  0.007349
 17.000000  0.007324
 18.000000  0.007324
 19.000000  0.007324
 20.000000  0.007324
 21.000000  0.007324
 22.000000  0.007324
 23.000000  0.007324
 24.000000  0.007324
 25.000000  0.007324
 26.000000  0.007422
 27.000000  0.009765
 28.000000  0.007397
 29.000000  0.007300
 30.000000  0.007373
 31.000000  0.007300
 32.000000  0.007324
 33.000000  0.007275
 34.000000  0.007349
 35.000000  0.007300
 36.000000  0.007373
 37.000000  0.007324
 38.000000  0.007446
 39.000000  0.009643
 40.000000  0.007397
 41.000000  0.007202
 42.000000  0.007519
 43.000000  0.007178
 44.000000  0.007739
 45.000000  0.007178
 46.000000  0.007544
 47.000000  0.007202
 48.000000  0.007690
 49.000000  0.007324
 50.000000  0.007519
 51.000000  0.007153
 52.000000  0.007544
 53.000000  0.007227
 54.000000  0.007617
 55.000000  0.007129
 56.000000  0.007642
 57.000000  0.007202
 58.000000  0.007593
 59.000000  0.009716
 60.000000  0.007519
 61.000000  0.009668
 62.000000  0.007471
 63.000000  0.007251
 64.000000  0.007422
 65.000000  0.007202
 66.000000  0.007446
 67.000000  0.009741
 68.000000  0.007397
 69.000000  0.007275
 70.000000  0.007373
 71.000000  0.007275
 72.000000  0.007373
 73.000000  0.007324
 74.000000  0.007397
 75.000000  0.007251
 76.000000  0.007397
 77.000000  0.007275
 78.000000  0.007446
 79.000000  0.007300
 80.000000  0.007471
 81.000000  0.007202
 82.000000  0.007349
 83.000000  0.007324
 84.000000  0.007349
 85.000000  0.007300
 86.000000  0.007397
 87.000000  0.007251
 88.000000  0.007349
 89.000000  0.007251
 90.000000  0.007349
 91.000000  0.007300
 92.000000  0.007397
 93.000000  0.007324
 94.000000  0.007349
 95.000000  0.007324
 96.000000  0.007397
 97.000000  0.007324
 98.000000  0.007349
 99.000000  0.007324
 100.000000  0.007349
 101.000000  0.009765
 102.000000  0.007324
 103.000000  0.009765
 104.000000  0.007349
 105.000000  0.007300
 106.000000  0.007397
 107.000000  0.007324
 108.000000  0.007349
 109.000000  0.009765
 110.000000  0.007349
 111.000000  0.007300
 112.000000  0.007373
 113.000000  0.007324
 114.000000  0.007324
 115.000000  0.007324
 116.000000  0.007349
 117.000000  0.007300
 118.000000  0.007349
 119.000000  0.007300
 120.000000  0.007373
 121.000000  0.007324
 122.000000  0.007349
 123.000000  0.007324
 124.000000  0.007373
 125.000000  0.007324
 126.000000  0.007349
 127.000000  0.009765
 128.000000  0.007324
 129.000000  0.007324
 130.000000  0.007324
 131.000000  0.009765
 132.000000  0.007324
 133.000000  0.007324
 134.000000  0.007373
 135.000000  0.009765
 136.000000  0.007324
 137.000000  0.007324
 138.000000  0.007324
 139.000000  0.007324
 140.000000  0.007422
 141.000000  0.007324
 142.000000  0.007349
 143.000000  0.007324
 144.000000  0.007373
 145.000000  0.009765
 146.000000  0.007349
 147.000000  0.007275
 148.000000  0.007422
 149.000000  0.009765
 150.000000  0.007349
 151.000000  0.007324
 152.000000  0.007373
 153.000000  0.007324
 154.000000  0.007349
 155.000000  0.007324
 156.000000  0.007373
 157.000000  0.009765
 158.000000  0.007397
 159.000000  0.007324
 160.000000  0.007422
 161.000000  0.007324
 162.000000  0.007324
 163.000000  0.007275
 164.000000  0.007349
 165.000000  0.007324
 166.000000  0.007349
 167.000000  0.007324
 168.000000  0.007397
 169.000000  0.009741
 170.000000  0.007471
 171.000000  0.007324
 172.000000  0.007349
 173.000000  0.007300
 174.000000  0.007349
 175.000000  0.007251
 176.000000  0.007373
 177.000000  0.007275
 178.000000  0.007397
 179.000000  0.009765
 180.000000  0.007397
 181.000000  0.007324
 182.000000  0.007349
 183.000000  0.007275
 184.000000  0.007471
 185.000000  0.007324
 186.000000  0.007446
 187.000000  0.007227
 188.000000  0.007373
 189.000000  0.007275
 190.000000  0.007471
 191.000000  0.007251
 192.000000  0.007397
 193.000000  0.007324
 194.000000  0.007422
 195.000000  0.007373
 196.000000  0.009912
 197.000000  0.007251
 198.000000  0.007519
 199.000000  0.009545
 200.000000  0.007544
 201.000000  0.009594
 202.000000  0.007568
 203.000000  0.007202
 204.000000  0.007471
 205.000000  0.006934
 206.000000  0.007593
 207.000000  0.007031
 208.000000  0.007519
 209.000000  0.009619
 210.000000  0.007519
 211.000000  0.007129
 212.000000  0.007519
 213.000000  0.009692
 214.000000  0.007300
 215.000000  0.007178
 216.000000  0.007495
 217.000000  0.007300
 218.000000  0.007544
 219.000000  0.009765
 220.000000  0.007519
 221.000000  0.007300
 222.000000  0.007471
 223.000000  0.007251
 224.000000  0.007397
 225.000000  0.007275
 226.000000  0.007373
 227.000000  0.009643
 228.000000  0.007495
 229.000000  0.009668
 230.000000  0.007519
 231.000000  0.007300
 232.000000  0.007617
 233.000000  0.009765
 234.000000  0.007422
 235.000000  0.007300
 236.000000  0.007397
 237.000000  0.007275
 238.000000  0.007495
 239.000000  0.009765
 240.000000  0.007495
 241.000000  0.007300
 242.000000  0.007471
 243.000000  0.009765
 244.000000  0.007397
 245.000000  0.007324
 246.000000  0.007446
 247.000000  0.007300
 248.000000  0.007446
 249.000000  0.007324
 250.000000  0.007422
 251.000000  0.007324
 252.000000  0.007422
 253.000000  0.007300
 254.000000  0.007422
 255.000000  0.009765
 256.000000  0.007446
 257.000000  0.007324
 258.000000  0.007495
 259.000000  0.007324
 260.000000  0.007422
 261.000000  0.007324
 262.000000  0.007349
 263.000000  0.009765
 264.000000  0.007373
 265.000000  0.009765
 266.000000  0.007324
 267.000000  0.009765
 268.000000  0.007373
 269.000000  0.009765
 270.000000  0.007397
 271.000000  0.007324
 272.000000  0.007373
 273.000000  0.007324
 274.000000  0.007519
 275.000000  0.009765
 276.000000  0.007471
 277.000000  0.009765
 278.000000  0.007568
 279.000000  0.007324
 280.000000  0.007642
 281.000000  0.009765
 282.000000  0.007544
 283.000000  0.009765
 284.000000  0.007495
 285.000000  0.007324
 286.000000  0.007495
 287.000000  0.007324
 288.000000  0.007617
 289.000000  0.009765
 290.000000  0.007666
 291.000000  0.007324
 292.000000  0.007568
 293.000000  0.007324
 294.000000  0.007764
 295.000000  0.009790
 296.000000  0.007739
 297.000000  0.009765
 298.000000  0.007593
 299.000000  0.009765
 300.000000  0.007593
 301.000000  0.007349
 302.000000  0.007617
 303.000000  0.009765
 304.000000  0.007788
 305.000000  0.007324
 306.000000  0.007715
 307.000000  0.009765
 308.000000  0.007739
 309.000000  0.009765
 310.000000  0.007910
 311.000000  0.007349
 312.000000  0.008081
 313.000000  0.007324
 314.000000  0.008008
 315.000000  0.009765
 316.000000  0.007910
 317.000000  0.007324
 318.000000  0.007861
 319.000000  0.007324
 320.000000  0.007861
 321.000000  0.009765
 322.000000  0.007886
 323.000000  0.009765
 324.000000  0.007935
 325.000000  0.007324
 326.000000  0.008105
 327.000000  0.007324
 328.000000  0.008154
 329.000000  0.009765
 330.000000  0.008203
 331.000000  0.009765
 332.000000  0.008447
 333.000000  0.009838
 334.000000  0.008227
 335.000000  0.009765
 336.000000  0.008105
 337.000000  0.007349
 338.000000  0.008716
 339.000000  0.007324
 340.000000  0.008398
 341.000000  0.009790
 342.000000  0.010644
 343.000000  0.009790
 344.000000  0.008716
 345.000000  0.009790
 346.000000  0.009009
 347.000000  0.007397
 348.000000  0.008691
 349.000000  0.009887
 350.000000  0.008691
 351.000000  0.009741
 352.000000  0.008740
 353.000000  0.009887
 354.000000  0.008887
 355.000000  0.007715
 356.000000  0.008789
 357.000000  0.007715
 358.000000  0.008936
 359.000000  0.010205
 360.000000  0.009253
 361.000000  0.007837
 362.000000  0.008911
 363.000000  0.010180
 364.000000  0.008594
 365.000000  0.007910
 366.000000  0.009058
 367.000000  0.007983
 368.000000  0.008984
 369.000000  0.008008
 370.000000  0.009058
 371.000000  0.010376
 372.000000  0.009253
 373.000000  0.010302
 374.000000  0.009180
 375.000000  0.010156
 376.000000  0.009497
 377.000000  0.007715
 378.000000  0.009424
 379.000000  0.008008
 380.000000  0.009570
 381.000000  0.010376
 382.000000  0.009521
 383.000000  0.008227
 384.000000  0.009619
 385.000000  0.008203
 386.000000  0.009595
 387.000000  0.010620
 388.000000  0.009497
 389.000000  0.010571
 390.000000  0.009692
 391.000000  0.010717
 392.000000  0.009668
 393.000000  0.008276
 394.000000  0.009668
 395.000000  0.008691
 396.000000  0.009741
 397.000000  0.008594
 398.000000  0.009692
 399.000000  0.008179
 400.000000  0.009741
 401.000000  0.011596
 402.000000  0.009766
 403.000000  0.009302
 404.000000  0.009741
 405.000000  0.008984
 406.000000  0.009766
 407.000000  0.009375
 408.000000  0.009766
 409.000000  0.011572
 410.000000  0.009766
 411.000000  0.011816
 412.000000  0.009766
 413.000000  0.009546
 414.000000  0.009766
 415.000000  0.011889
 416.000000  0.009766
 417.000000  0.009619
 418.000000  0.009766
 419.000000  0.009741
 420.000000  0.009766
 421.000000  0.009692
 422.000000  0.009766
 423.000000  0.009766
 424.000000  0.009766
 425.000000  0.012158
 426.000000  0.009766
 427.000000  0.012207
 428.000000  0.009766
 429.000000  0.012158
 430.000000  0.009766
 431.000000  0.012207
 432.000000  0.009790
 433.000000  0.009766
 434.000000  0.009766
 435.000000  0.012207
 436.000000  0.009790
 437.000000  0.012207
 438.000000  0.009814
 439.000000  0.012207
 440.000000  0.009863
 441.000000  0.012207
 442.000000  0.009961
 443.000000  0.012207
 444.000000  0.010254
 445.000000  0.012231
 446.000000  0.010449
 447.000000  0.009766
 448.000000  0.010181
 449.000000  0.012207
 450.000000  0.010376
 451.000000  0.012304
 452.000000  0.011035
 453.000000  0.012548
 454.000000  0.011572
 455.000000  0.012817
 456.000000  0.011816
 457.000000  0.013208
 458.000000  0.012134
 459.000000  0.013549
 460.000000  0.012207
 461.000000  0.014453
 462.000000  0.012207
 463.000000  0.014453
 464.000000  0.012207
 465.000000  0.014599
 466.000000  0.012256
 467.000000  0.012085
 468.000000  0.012231
 469.000000  0.012207
 470.000000  0.012256
 471.000000  0.014624
 472.000000  0.012280
 473.000000  0.012183
 474.000000  0.012427
 475.000000  0.014648
 476.000000  0.012744
 477.000000  0.012207
 478.000000  0.013013
 479.000000  0.014697
 480.000000  0.012964
 481.000000  0.014721
 482.000000  0.013818
 483.000000  0.012769
 484.000000  0.013965
 485.000000  0.015380
 486.000000  0.014429
 487.000000  0.013623
 488.000000  0.014624
 489.000000  0.014087
 490.000000  0.014648
 491.000000  0.016772
 492.000000  0.014648
 493.000000  0.017041
 494.000000  0.014648
 495.000000  0.016992
 496.000000  0.014697
 497.000000  0.014673
 498.000000  0.015112
 499.000000  0.017114
 500.000000  0.014966
 501.000000  0.017187
 502.000000  0.015674
 503.000000  0.017236
 504.000000  0.016284
 505.000000  0.017309
 506.000000  0.016846
 507.000000  0.015186
 508.000000  0.016895
 509.000000  0.015356
 510.000000  0.016992
 511.000000  0.018335
 512.000000  0.017017
 513.000000  0.016357
 514.000000  0.017139
 515.000000  0.016870
 516.000000  0.017163
 517.000000  0.016748
 518.000000  0.017432
 519.000000  0.017065
 520.000000  0.018140
 521.000000  0.017358
 522.000000  0.018164
 523.000000  0.019897
 524.000000  0.019116
 525.000000  0.020459
 526.000000  0.018848
 527.000000  0.019848
 528.000000  0.019360
 529.000000  0.021044
 530.000000  0.019531
 531.000000  0.021557
 532.000000  0.019556
 533.000000  0.019531
 534.000000  0.020776
 535.000000  0.019702
 536.000000  0.020020
 537.000000  0.022021
 538.000000  0.021875
 539.000000  0.023413
 540.000000  0.021948
 541.000000  0.020508
 542.000000  0.021973
 543.000000  0.021899
 544.000000  0.022021
 545.000000  0.021948
 546.000000  0.021973
 547.000000  0.024414
 548.000000  0.024219
 549.000000  0.024829
 550.000000  0.023193
 551.000000  0.025048
 552.000000  0.024463
 553.000000  0.024487
 554.000000  0.024805
 555.000000  0.024170
 556.000000  0.024487
 557.000000  0.028149
 558.000000  0.026929
 559.000000  0.027807
 560.000000  0.026001
 561.000000  0.024609
 562.000000  0.028442
 563.000000  0.029394
 564.000000  0.026978
 565.000000  0.029028
 566.000000  0.028687
 567.000000  0.031787
 568.000000  0.029297
 569.000000  0.030883
 570.000000  0.028955
 571.000000  0.032373
 572.000000  0.031982
 573.000000  0.034057
 574.000000  0.029297
 575.000000  0.031738
 576.000000  0.035352
 577.000000  0.038378
 578.000000  0.034180
 579.000000  0.031787
 580.000000  0.034546
 581.000000  0.043433
 582.000000  0.043091
 583.000000  0.039453
 584.000000  0.034058
 585.000000  0.057275
 586.000000  0.081714
 587.000000  0.081469
 588.000000  0.052832
 589.000000  0.042163
 590.000000  0.075073
 591.000000  0.195312
 592.000000  0.318140
 593.000000  0.087891
 594.000000  0.060156
 595.000000  0.128540
 596.000000  0.220117
 597.000000  0.241846
 598.000000  0.063843
 599.000000  0.093945
 600.000000  0.150879
 601.000000  0.212427
 602.000000  0.188770
 603.000000  0.057983
 604.000000  0.070068
 605.000000  0.200415
 606.000000  0.545117
 607.000000  0.289941
 608.000000  0.059839
 609.000000  0.087915
 610.000000  0.313330
 611.000000  0.778271
 612.000000  0.217334
 613.000000  0.049243
 614.000000  0.047656
 615.000000  0.056201
 616.000000  0.060425
 617.000000  0.035620
 618.000000  0.034180
 619.000000  0.036865
 620.000000  0.034448
 621.000000  0.034643
 622.000000  0.030078
 623.000000  0.031738
 624.000000  0.034179
 625.000000  0.032153
 626.000000  0.029297
 627.000000  0.029345
 628.000000  0.029297
 629.000000  0.031054
 630.000000  0.029248
 631.000000  0.029296
 632.000000  0.026855
 633.000000  0.029296
 634.000000  0.027539
 635.000000  0.029272
 636.000000  0.026270
 637.000000  0.024414
 638.000000  0.026416
 639.000000  0.027001
 640.000000  0.026074
 641.000000  0.026855
 642.000000  0.024634
 643.000000  0.024414
 644.000000  0.026879
 645.000000  0.026562
 646.000000  0.026293
 647.000000  0.025293
 648.000000  0.024365
 649.000000  0.022217
 650.000000  0.022192
 651.000000  0.021948
 652.000000  0.021973
 653.000000  0.021973
 654.000000  0.021973
 655.000000  0.023706
 656.000000  0.021924
 657.000000  0.024047
 658.000000  0.021973
 659.000000  0.020117
 660.000000  0.021216
 661.000000  0.022021
 662.000000  0.020361
 663.000000  0.021923
 664.000000  0.022070
 665.000000  0.021875
 666.000000  0.022119
 667.000000  0.021826
 668.000000  0.019531
 669.000000  0.019067
 670.000000  0.019263
 671.000000  0.018921
 672.000000  0.019385
 673.000000  0.020752
 674.000000  0.021191
 675.000000  0.019726
 676.000000  0.018311
 677.000000  0.019946
 678.000000  0.018433
 679.000000  0.019702
 680.000000  0.017310
 681.000000  0.016797
 682.000000  0.017432
 683.000000  0.019409
 684.000000  0.017114
 685.000000  0.019043
 686.000000  0.016992
 687.000000  0.016724
 688.000000  0.019482
 689.000000  0.015747
 690.000000  0.019189
 691.000000  0.017334
 692.000000  0.016553
 693.000000  0.017138
 694.000000  0.015747
 695.000000  0.017089
 696.000000  0.017456
 697.000000  0.017114
 698.000000  0.014868
 699.000000  0.017065
 700.000000  0.014746
 701.000000  0.014600
 702.000000  0.014648
 703.000000  0.014600
 704.000000  0.017114
 705.000000  0.016870
 706.000000  0.014673
 707.000000  0.014307
 708.000000  0.014648
 709.000000  0.016186
 710.000000  0.014600
 711.000000  0.015942
 712.000000  0.014453
 713.000000  0.015625
 714.000000  0.014136
 715.000000  0.014917
 716.000000  0.013769
 717.000000  0.014746
 718.000000  0.012988
 719.000000  0.014648
 720.000000  0.012866
 721.000000  0.014721
 722.000000  0.012524
 723.000000  0.014624
 724.000000  0.012256
 725.000000  0.014599
 726.000000  0.012207
 727.000000  0.014648
 728.000000  0.012207
 729.000000  0.012085
 730.000000  0.012207
 731.000000  0.014477
 732.000000  0.012207
 733.000000  0.014404
 734.000000  0.014648
 735.000000  0.013891
 736.000000  0.011987
 737.000000  0.013501
 738.000000  0.012061
 739.000000  0.013256
 740.000000  0.012036
 741.000000  0.012890
 742.000000  0.011450
 743.000000  0.010010
 744.000000  0.010669
 745.000000  0.012329
 746.000000  0.010693
 747.000000  0.009814
 748.000000  0.010278
 749.000000  0.012207
 750.000000  0.010059
 751.000000  0.012207
 752.000000  0.012255
 753.000000  0.012207
 754.000000  0.009863
 755.000000  0.012207
 756.000000  0.009790
 757.000000  0.012207
 758.000000  0.009766
 759.000000  0.009741
 760.000000  0.009766
 761.000000  0.012207
 762.000000  0.009766
 763.000000  0.012133
 764.000000  0.009766
 765.000000  0.012133
 766.000000  0.009766
 767.000000  0.009717
 768.000000  0.009766
 769.000000  0.012060
 770.000000  0.009766
 771.000000  0.011987
 772.000000  0.009766
 773.000000  0.011962
 774.000000  0.012207
 775.000000  0.011669
 776.000000  0.012207
 777.000000  0.011596
 778.000000  0.009766
 779.000000  0.009204
 780.000000  0.009741
 781.000000  0.008789
 782.000000  0.012182
 783.000000  0.010791
 784.000000  0.009717
 785.000000  0.010888
 786.000000  0.009717
 787.000000  0.010424
 788.000000  0.012060
 789.000000  0.010302
 790.000000  0.009546
 791.000000  0.010083
 792.000000  0.009351
 793.000000  0.010107
 794.000000  0.009473
 795.000000  0.010107
 796.000000  0.009253
 797.000000  0.010058
 798.000000  0.009106
 799.000000  0.010034
 800.000000  0.009253
 801.000000  0.010009
 802.000000  0.011669
 803.000000  0.009961
 804.000000  0.009009
 805.000000  0.010009
 806.000000  0.008765
 807.000000  0.010034
 808.000000  0.011279
 809.000000  0.007471
 810.000000  0.008716
 811.000000  0.007373
 812.000000  0.008276
 813.000000  0.007373
 814.000000  0.008105
 815.000000  0.009790
 816.000000  0.008374
 817.000000  0.009790
 818.000000  0.008105
 819.000000  0.009961
 820.000000  0.008057
 821.000000  0.009912
 822.000000  0.008032
 823.000000  0.009912
 824.000000  0.010351
 825.000000  0.009765
 826.000000  0.007886
 827.000000  0.009765
 828.000000  0.007739
 829.000000  0.009887
 830.000000  0.008057
 831.000000  0.009887
 832.000000  0.008179
 833.000000  0.009887
 834.000000  0.007739
 835.000000  0.009668
 836.000000  0.010498
 837.000000  0.009887
 838.000000  0.008057
 839.000000  0.009741
 840.000000  0.007837
 841.000000  0.009741
 842.000000  0.010156
 843.000000  0.009765
 844.000000  0.007519
 845.000000  0.007324
 846.000000  0.009863
 847.000000  0.009790
 848.000000  0.007495
 849.000000  0.009790
 850.000000  0.007495
 851.000000  0.009716
 852.000000  0.007544
 853.000000  0.007300
 854.000000  0.010009
 855.000000  0.009765
 856.000000  0.007519
 857.000000  0.007300
 858.000000  0.007446
 859.000000  0.007275
 860.000000  0.009887
 861.000000  0.009741
 862.000000  0.007397
 863.000000  0.007300
 864.000000  0.007397
 865.000000  0.009765
 866.000000  0.009838
 867.000000  0.007275
 868.000000  0.007373
 869.000000  0.009741
 870.000000  0.007397
 871.000000  0.009765
 872.000000  0.007324
 873.000000  0.009716
 874.000000  0.007349
 875.000000  0.009716
 876.000000  0.007471
 877.000000  0.007300
 878.000000  0.007349
 879.000000  0.007251
 880.000000  0.007349
 881.000000  0.009716
 882.000000  0.007324
 883.000000  0.009741
 884.000000  0.007324
 885.000000  0.009765
 886.000000  0.007397
 887.000000  0.007251
 888.000000  0.007349
 889.000000  0.009716
 890.000000  0.007373
 891.000000  0.009741
 892.000000  0.007324
 893.000000  0.009741
 894.000000  0.007324
 895.000000  0.009765
 896.000000  0.007324
 897.000000  0.009716
 898.000000  0.007324
 899.000000  0.009692
 900.000000  0.007324
 901.000000  0.009643
 902.000000  0.009765
 903.000000  0.009741
 904.000000  0.007324
 905.000000  0.009619
 906.000000  0.009765
 907.000000  0.009668
 908.000000  0.009765
 909.000000  0.009692
 910.000000  0.007324
 911.000000  0.009716
 912.000000  0.007324
 913.000000  0.009716
 914.000000  0.007324
 915.000000  0.009643
 916.000000  0.007324
 917.000000  0.009668
 918.000000  0.009765
 919.000000  0.009692
 920.000000  0.009765
 921.000000  0.009545
 922.000000  0.007324
 923.000000  0.009326
 924.000000  0.007324
 925.000000  0.009716
 926.000000  0.007324
 927.000000  0.009594
 928.000000  0.007324
 929.000000  0.009594
 930.000000  0.007324
 931.000000  0.009668
 932.000000  0.007324
 933.000000  0.009716
 934.000000  0.007324
 935.000000  0.009594
 936.000000  0.007324
 937.000000  0.009472
 938.000000  0.007324
 939.000000  0.009472
 940.000000  0.007324
 941.000000  0.009545
 942.000000  0.007324
 943.000000  0.009545
 944.000000  0.007324
 945.000000  0.007129
 946.000000  0.009765
 947.000000  0.009692
 948.000000  0.007324
 949.000000  0.009692
 950.000000  0.009765
 951.000000  0.009619
 952.000000  0.007324
 953.000000  0.009619
 954.000000  0.007324
 955.000000  0.009545
 956.000000  0.007324
 957.000000  0.009545
 958.000000  0.007300
 959.000000  0.006811
 960.000000  0.007324
 961.000000  0.007007
 962.000000  0.009765
 963.000000  0.006934
 964.000000  0.007324
 965.000000  0.009668
 966.000000  0.007324
 967.000000  0.009668
 968.000000  0.007324
 969.000000  0.009399
 970.000000  0.009765
 971.000000  0.009350
 972.000000  0.007324
 973.000000  0.009399
 974.000000  0.007300
 975.000000  0.009375
 976.000000  0.007080
 977.000000  0.009448
 978.000000  0.007227
 979.000000  0.009301
 980.000000  0.007227
 981.000000  0.009375
 982.000000  0.007373
 983.000000  0.006860
 984.000000  0.007153
 985.000000  0.009399
 986.000000  0.007202
 987.000000  0.009106
 988.000000  0.009668
 989.000000  0.008886
 990.000000  0.007373
 991.000000  0.009106
 992.000000  0.007349
 993.000000  0.009082
 994.000000  0.007251
 995.000000  0.009130
 996.000000  0.007275
 997.000000  0.009057
 998.000000  0.009619
 999.000000  0.009277
 1000.000000  0.009765
 1001.000000  0.009033
 1002.000000  0.007324
 1003.000000  0.009057
 1004.000000  0.007251
 1005.000000  0.009228
 1006.000000  0.007300
 1007.000000  0.009179
 1008.000000  0.007324
 1009.000000  0.009228
 1010.000000  0.007324
 1011.000000  0.009301
 1012.000000  0.007324
 1013.000000  0.009082
 1014.000000  0.007178
 1015.000000  0.009155
 1016.000000  0.007300
 1017.000000  0.009252
 1018.000000  0.007300
 1019.000000  0.008935
 1020.000000  0.007324
 1021.000000  0.008813
 1022.000000  0.007324
 1023.000000  0.009375
