 0.000000  0.007373
 1.000000  0.007300
 2.000000  0.007324
 3.000000  0.007300
 4.000000  0.007373
 5.000000  0.007300
 6.000000  0.007324
 7.000000  0.007300
 8.000000  0.007324
 9.000000  0.007324
 10.000000  0.007349
 11.000000  0.007300
 12.000000  0.007349
 13.000000  0.007324
 14.000000  0.007422
 15.000000  0.007324
 16.000000  0.007324
 17.000000  0.007300
 18.000000  0.007373
 19.000000  0.007324
 20.000000  0.007324
 21.000000  0.007324
 22.000000  0.007324
 23.000000  0.007324
 24.000000  0.007397
 25.000000  0.007324
 26.000000  0.007397
 27.000000  0.009765
 28.000000  0.007373
 29.000000  0.007324
 30.000000  0.007324
 31.000000  0.007324
 32.000000  0.007349
 33.000000  0.007324
 34.000000  0.007349
 35.000000  0.007324
 36.000000  0.007324
 37.000000  0.007300
 38.000000  0.007349
 39.000000  0.009765
 40.000000  0.007373
 41.000000  0.007324
 42.000000  0.007349
 43.000000  0.007300
 44.000000  0.007397
 45.000000  0.007324
 46.000000  0.007349
 47.000000  0.007324
 48.000000  0.007349
 49.000000  0.007324
 50.000000  0.007349
 51.000000  0.007324
 52.000000  0.007324
 53.000000  0.007324
 54.000000  0.007349
 55.000000  0.007300
 56.000000  0.007373
 57.000000  0.007324
 58.000000  0.007397
 59.000000  0.009741
 60.000000  0.007324
 61.000000  0.009765
 62.000000  0.007324
 63.000000  0.007324
 64.000000  0.007373
 65.000000  0.007300
 66.000000  0.007373
 67.000000  0.009741
 68.000000  0.007349
 69.000000  0.007324
 70.000000  0.007397
 71.000000  0.007324
 72.000000  0.007373
 73.000000  0.007300
 74.000000  0.007373
 75.000000  0.007300
 76.000000  0.007422
 77.000000  0.007324
 78.000000  0.007422
 79.000000  0.007300
 80.000000  0.007397
 81.000000  0.007324
 82.000000  0.007544
 83.000000  0.007227
 84.000000  0.007373
 85.000000  0.007300
 86.000000  0.007349
 87.000000  0.007300
 88.000000  0.007471
 89.000000  0.007300
 90.000000  0.007422
 91.000000  0.007324
 92.000000  0.007373
 93.000000  0.007324
 94.000000  0.007373
 95.000000  0.007324
 96.000000  0.007764
 97.000000  0.007324
 98.000000  0.007666
 99.000000  0.007324
 100.000000  0.007617
 101.000000  0.009399
 102.000000  0.007519
 103.000000  0.009692
 104.000000  0.007764
 105.000000  0.007251
 106.000000  0.007519
 107.000000  0.007129
 108.000000  0.007739
 109.000000  0.009741
 110.000000  0.007593
 111.000000  0.007324
 112.000000  0.007617
 113.000000  0.007275
 114.000000  0.007544
 115.000000  0.007251
 116.000000  0.007690
 117.000000  0.007275
 118.000000  0.007788
 119.000000  0.007275
 120.000000  0.007690
 121.000000  0.007300
 122.000000  0.007568
 123.000000  0.007300
 124.000000  0.007617
 125.000000  0.007349
 126.000000  0.007690
 127.000000  0.009716
 128.000000  0.007519
 129.000000  0.007324
 130.000000  0.007617
 131.000000  0.009741
 132.000000  0.007397
 133.000000  0.007324
 134.000000  0.007519
 135.000000  0.009741
 136.000000  0.007593
 137.000000  0.007324
 138.000000  0.007593
 139.000000  0.007349
 140.000000  0.007764
 141.000000  0.007324
 142.000000  0.007617
 143.000000  0.007324
 144.000000  0.007446
 145.000000  0.009790
 146.000000  0.007471
 147.000000  0.007300
 148.000000  0.007568
 149.000000  0.009765
 150.000000  0.007519
 151.000000  0.007324
 152.000000  0.007397
 153.000000  0.007324
 154.000000  0.007446
 155.000000  0.007300
 156.000000  0.007422
 157.000000  0.009765
 158.000000  0.007397
 159.000000  0.007324
 160.000000  0.007544
 161.000000  0.007324
 162.000000  0.007568
 163.000000  0.007324
 164.000000  0.007397
 165.000000  0.007324
 166.000000  0.007349
 167.000000  0.007324
 168.000000  0.007471
 169.000000  0.009765
 170.000000  0.007422
 171.000000  0.007324
 172.000000  0.007349
 173.000000  0.007324
 174.000000  0.007349
 175.000000  0.007324
 176.000000  0.007446
 177.000000  0.007324
 178.000000  0.007422
 179.000000  0.009741
 180.000000  0.007349
 181.000000  0.007324
 182.000000  0.007397
 183.000000  0.007324
 184.000000  0.007397
 185.000000  0.007324
 186.000000  0.007373
 187.000000  0.007324
 188.000000  0.007349
 189.000000  0.007324
 190.000000  0.007373
 191.000000  0.007324
 192.000000  0.007373
 193.000000  0.007324
 194.000000  0.007324
 195.000000  0.007324
 196.000000  0.009790
 197.000000  0.007324
 198.000000  0.007373
 199.000000  0.009765
 200.000000  0.007349
 201.000000  0.009741
 202.000000  0.007349
 203.000000  0.007324
 204.000000  0.007373
 205.000000  0.007324
 206.000000  0.007324
 207.000000  0.007324
 208.000000  0.007373
 209.000000  0.009765
 210.000000  0.007373
 211.000000  0.007275
 212.000000  0.007349
 213.000000  0.009765
 214.000000  0.007373
 215.000000  0.007324
 216.000000  0.007349
 217.000000  0.007300
 218.000000  0.007349
 219.000000  0.009765
 220.000000  0.007373
 221.000000  0.007324
 222.000000  0.007446
 223.000000  0.007324
 224.000000  0.007446
 225.000000  0.007300
 226.000000  0.007349
 227.000000  0.009765
 228.000000  0.007373
 229.000000  0.009765
 230.000000  0.007544
 231.000000  0.007324
 232.000000  0.007495
 233.000000  0.009765
 234.000000  0.007422
 235.000000  0.007324
 236.000000  0.007422
 237.000000  0.007324
 238.000000  0.007495
 239.000000  0.009765
 240.000000  0.007471
 241.000000  0.007324
 242.000000  0.007593
 243.000000  0.009741
 244.000000  0.007544
 245.000000  0.007324
 246.000000  0.007519
 247.000000  0.007324
 248.000000  0.007568
 249.000000  0.007324
 250.000000  0.007544
 251.000000  0.007300
 252.000000  0.007617
 253.000000  0.007324
 254.000000  0.007642
 255.000000  0.009741
 256.000000  0.008130
 257.000000  0.007666
 258.000000  0.008179
 259.000000  0.007471
 260.000000  0.007861
 261.000000  0.007324
 262.000000  0.008130
 263.000000  0.009838
 264.000000  0.007812
 265.000000  0.009838
 266.000000  0.007886
 267.000000  0.009863
 268.000000  0.007935
 269.000000  0.009790
 270.000000  0.008130
 271.000000  0.007422
 272.000000  0.007959
 273.000000  0.007373
 274.000000  0.008081
 275.000000  0.009716
 276.000000  0.008057
 277.000000  0.009814
 278.000000  0.008227
 279.000000  0.007397
 280.000000  0.008374
 281.000000  0.009765
 282.000000  0.008105
 283.000000  0.009790
 284.000000  0.008105
 285.000000  0.007324
 286.000000  0.007861
 287.000000  0.007349
 288.000000  0.007983
 289.000000  0.009790
 290.000000  0.008325
 291.000000  0.007324
 292.000000  0.008130
 293.000000  0.007324
 294.000000  0.008057
 295.000000  0.009790
 296.000000  0.008325
 297.000000  0.009790
 298.000000  0.008496
 299.000000  0.009765
 300.000000  0.008447
 301.000000  0.007373
 302.000000  0.008472
 303.000000  0.009790
 304.000000  0.008618
 305.000000  0.007349
 306.000000  0.008520
 307.000000  0.009814
 308.000000  0.008740
 309.000000  0.009790
 310.000000  0.008716
 311.000000  0.007397
 312.000000  0.008667
 313.000000  0.007422
 314.000000  0.008765
 315.000000  0.009814
 316.000000  0.008740
 317.000000  0.007349
 318.000000  0.008569
 319.000000  0.007422
 320.000000  0.008643
 321.000000  0.009863
 322.000000  0.008911
 323.000000  0.009838
 324.000000  0.008545
 325.000000  0.007349
 326.000000  0.008716
 327.000000  0.007349
 328.000000  0.008838
 329.000000  0.009887
 330.000000  0.008740
 331.000000  0.009887
 332.000000  0.009228
 333.000000  0.009912
 334.000000  0.009033
 335.000000  0.009985
 336.000000  0.009155
 337.000000  0.007373
 338.000000  0.009424
 339.000000  0.007471
 340.000000  0.009131
 341.000000  0.010131
 342.000000  0.011572
 343.000000  0.009814
 344.000000  0.009277
 345.000000  0.010009
 346.000000  0.009473
 347.000000  0.007544
 348.000000  0.009424
 349.000000  0.010156
 350.000000  0.009473
 351.000000  0.010180
 352.000000  0.009399
 353.000000  0.010034
 354.000000  0.009595
 355.000000  0.007837
 356.000000  0.009595
 357.000000  0.007886
 358.000000  0.009766
 359.000000  0.010522
 360.000000  0.009692
 361.000000  0.008081
 362.000000  0.009644
 363.000000  0.010571
 364.000000  0.009595
 365.000000  0.008179
 366.000000  0.009741
 367.000000  0.008301
 368.000000  0.009766
 369.000000  0.008618
 370.000000  0.009741
 371.000000  0.011425
 372.000000  0.009766
 373.000000  0.011254
 374.000000  0.009717
 375.000000  0.010961
 376.000000  0.009766
 377.000000  0.008838
 378.000000  0.009766
 379.000000  0.009424
 380.000000  0.009741
 381.000000  0.011694
 382.000000  0.009741
 383.000000  0.009277
 384.000000  0.009766
 385.000000  0.009302
 386.000000  0.009766
 387.000000  0.011596
 388.000000  0.009766
 389.000000  0.011792
 390.000000  0.009766
 391.000000  0.011743
 392.000000  0.009766
 393.000000  0.009497
 394.000000  0.009766
 395.000000  0.009717
 396.000000  0.009790
 397.000000  0.009570
 398.000000  0.009790
 399.000000  0.009570
 400.000000  0.009790
 401.000000  0.012060
 402.000000  0.009790
 403.000000  0.009741
 404.000000  0.009790
 405.000000  0.009717
 406.000000  0.009790
 407.000000  0.009766
 408.000000  0.009863
 409.000000  0.012426
 410.000000  0.010034
 411.000000  0.012255
 412.000000  0.009961
 413.000000  0.009399
 414.000000  0.010034
 415.000000  0.012011
 416.000000  0.010376
 417.000000  0.009814
 418.000000  0.010254
 419.000000  0.009888
 420.000000  0.010449
 421.000000  0.009839
 422.000000  0.010254
 423.000000  0.009912
 424.000000  0.010474
 425.000000  0.012304
 426.000000  0.010669
 427.000000  0.012377
 428.000000  0.010913
 429.000000  0.012426
 430.000000  0.011108
 431.000000  0.012402
 432.000000  0.011060
 433.000000  0.010254
 434.000000  0.011352
 435.000000  0.013012
 436.000000  0.011548
 437.000000  0.013281
 438.000000  0.011694
 439.000000  0.013427
 440.000000  0.011963
 441.000000  0.013671
 442.000000  0.012012
 443.000000  0.013842
 444.000000  0.012158
 445.000000  0.014135
 446.000000  0.012231
 447.000000  0.011963
 448.000000  0.012207
 449.000000  0.014575
 450.000000  0.012231
 451.000000  0.014648
 452.000000  0.012256
 453.000000  0.014599
 454.000000  0.012256
 455.000000  0.014624
 456.000000  0.012622
 457.000000  0.014648
 458.000000  0.012500
 459.000000  0.014672
 460.000000  0.013135
 461.000000  0.014746
 462.000000  0.013550
 463.000000  0.014819
 464.000000  0.014331
 465.000000  0.015502
 466.000000  0.014478
 467.000000  0.013110
 468.000000  0.014478
 469.000000  0.013550
 470.000000  0.014600
 471.000000  0.016455
 472.000000  0.014648
 473.000000  0.014331
 474.000000  0.014648
 475.000000  0.017065
 476.000000  0.014648
 477.000000  0.014648
 478.000000  0.014648
 479.000000  0.017089
 480.000000  0.014819
 481.000000  0.017089
 482.000000  0.014966
 483.000000  0.014673
 484.000000  0.015356
 485.000000  0.017114
 486.000000  0.015747
 487.000000  0.014722
 488.000000  0.016870
 489.000000  0.014844
 490.000000  0.016968
 491.000000  0.017675
 492.000000  0.017090
 493.000000  0.018823
 494.000000  0.017090
 495.000000  0.019043
 496.000000  0.017090
 497.000000  0.016943
 498.000000  0.017139
 499.000000  0.019506
 500.000000  0.017139
 501.000000  0.019506
 502.000000  0.017383
 503.000000  0.019555
 504.000000  0.017920
 505.000000  0.019653
 506.000000  0.019238
 507.000000  0.018262
 508.000000  0.019458
 509.000000  0.018311
 510.000000  0.019531
 511.000000  0.021826
 512.000000  0.019531
 513.000000  0.019482
 514.000000  0.019531
 515.000000  0.019531
 516.000000  0.019556
 517.000000  0.019531
 518.000000  0.019873
 519.000000  0.019531
 520.000000  0.021362
 521.000000  0.019971
 522.000000  0.021753
 523.000000  0.023168
 524.000000  0.021973
 525.000000  0.024267
 526.000000  0.021997
 527.000000  0.024243
 528.000000  0.021997
 529.000000  0.024389
 530.000000  0.023145
 531.000000  0.024658
 532.000000  0.023389
 533.000000  0.022144
 534.000000  0.024268
 535.000000  0.023804
 536.000000  0.024414
 537.000000  0.026489
 538.000000  0.024463
 539.000000  0.026855
 540.000000  0.025391
 541.000000  0.024512
 542.000000  0.026318
 543.000000  0.025000
 544.000000  0.026807
 545.000000  0.025806
 546.000000  0.026855
 547.000000  0.028686
 548.000000  0.026929
 549.000000  0.029321
 550.000000  0.027173
 551.000000  0.029321
 552.000000  0.027295
 553.000000  0.027319
 554.000000  0.029175
 555.000000  0.028809
 556.000000  0.029297
 557.000000  0.031591
 558.000000  0.031055
 559.000000  0.031884
 560.000000  0.030762
 561.000000  0.029297
 562.000000  0.031689
 563.000000  0.034106
 564.000000  0.031860
 565.000000  0.033203
 566.000000  0.031689
 567.000000  0.035302
 568.000000  0.034253
 569.000000  0.036181
 570.000000  0.033105
 571.000000  0.035156
 572.000000  0.036035
 573.000000  0.038598
 574.000000  0.036987
 575.000000  0.036743
 576.000000  0.036890
 577.000000  0.041064
 578.000000  0.042627
 579.000000  0.040820
 580.000000  0.038159
 581.000000  0.041797
 582.000000  0.051147
 583.000000  0.065942
 584.000000  0.046240
 585.000000  0.047363
 586.000000  0.065967
 587.000000  0.113452
 588.000000  0.133057
 589.000000  0.059912
 590.000000  0.062939
 591.000000  0.128125
 592.000000  0.357715
 593.000000  0.373315
 594.000000  0.089258
 595.000000  0.097461
 596.000000  0.241650
 597.000000  0.606616
 598.000000  0.330005
 599.000000  0.099780
 600.000000  0.142212
 601.000000  0.280371
 602.000000  0.452173
 603.000000  0.231933
 604.000000  0.110571
 605.000000  0.280054
 606.000000  0.365771
 607.000000  0.498462
 608.000000  0.157495
 609.000000  0.066821
 610.000000  0.089600
 611.000000  0.083007
 612.000000  0.078295
 613.000000  0.045385
 614.000000  0.043994
 615.000000  0.045336
 616.000000  0.041626
 617.000000  0.038843
 618.000000  0.035986
 619.000000  0.038452
 620.000000  0.036597
 621.000000  0.036914
 622.000000  0.034277
 623.000000  0.035498
 624.000000  0.036669
 625.000000  0.035424
 626.000000  0.033057
 627.000000  0.033813
 628.000000  0.031616
 629.000000  0.033959
 630.000000  0.031567
 631.000000  0.032153
 632.000000  0.029565
 633.000000  0.031738
 634.000000  0.029468
 635.000000  0.031738
 636.000000  0.029346
 637.000000  0.028662
 638.000000  0.029053
 639.000000  0.030078
 640.000000  0.028638
 641.000000  0.029345
 642.000000  0.026855
 643.000000  0.026855
 644.000000  0.029321
 645.000000  0.029077
 646.000000  0.029223
 647.000000  0.027270
 648.000000  0.026685
 649.000000  0.024780
 650.000000  0.026196
 651.000000  0.024463
 652.000000  0.024731
 653.000000  0.024414
 654.000000  0.024438
 655.000000  0.026855
 656.000000  0.024414
 657.000000  0.026586
 658.000000  0.024365
 659.000000  0.022607
 660.000000  0.023926
 661.000000  0.024536
 662.000000  0.022290
 663.000000  0.024389
 664.000000  0.024462
 665.000000  0.024292
 666.000000  0.024365
 667.000000  0.023144
 668.000000  0.021899
 669.000000  0.020044
 670.000000  0.021680
 671.000000  0.020190
 672.000000  0.021558
 673.000000  0.022070
 674.000000  0.022998
 675.000000  0.021997
 676.000000  0.019702
 677.000000  0.021972
 678.000000  0.019556
 679.000000  0.021972
 680.000000  0.019531
 681.000000  0.018970
 682.000000  0.019531
 683.000000  0.020752
 684.000000  0.019263
 685.000000  0.020239
 686.000000  0.018896
 687.000000  0.017407
 688.000000  0.020581
 689.000000  0.017090
 690.000000  0.019921
 691.000000  0.019531
 692.000000  0.017212
 693.000000  0.019458
 694.000000  0.017090
 695.000000  0.019165
 696.000000  0.019531
 697.000000  0.018774
 698.000000  0.017017
 699.000000  0.017651
 700.000000  0.016968
 701.000000  0.014868
 702.000000  0.016675
 703.000000  0.014844
 704.000000  0.018286
 705.000000  0.017138
 706.000000  0.015674
 707.000000  0.014648
 708.000000  0.014893
 709.000000  0.017089
 710.000000  0.014697
 711.000000  0.017041
 712.000000  0.014673
 713.000000  0.017089
 714.000000  0.014648
 715.000000  0.017016
 716.000000  0.014673
 717.000000  0.016796
 718.000000  0.014624
 719.000000  0.016308
 720.000000  0.014600
 721.000000  0.016162
 722.000000  0.014404
 723.000000  0.015429
 724.000000  0.013965
 725.000000  0.014965
 726.000000  0.013306
 727.000000  0.014721
 728.000000  0.013306
 729.000000  0.012646
 730.000000  0.013232
 731.000000  0.014843
 732.000000  0.012964
 733.000000  0.014575
 734.000000  0.015380
 735.000000  0.014648
 736.000000  0.012549
 737.000000  0.014526
 738.000000  0.012402
 739.000000  0.014404
 740.000000  0.012158
 741.000000  0.014404
 742.000000  0.012183
 743.000000  0.011890
 744.000000  0.012183
 745.000000  0.013989
 746.000000  0.012012
 747.000000  0.011230
 748.000000  0.012012
 749.000000  0.013281
 750.000000  0.011841
 751.000000  0.013330
 752.000000  0.014038
 753.000000  0.013183
 754.000000  0.011694
 755.000000  0.012670
 756.000000  0.010962
 757.000000  0.012353
 758.000000  0.010644
 759.000000  0.009888
 760.000000  0.010522
 761.000000  0.012280
 762.000000  0.010132
 763.000000  0.012231
 764.000000  0.010205
 765.000000  0.012231
 766.000000  0.009839
 767.000000  0.009766
 768.000000  0.009863
 769.000000  0.012207
 770.000000  0.009814
 771.000000  0.012182
 772.000000  0.009766
 773.000000  0.012182
 774.000000  0.012255
 775.000000  0.012158
 776.000000  0.012207
 777.000000  0.012133
 778.000000  0.009766
 779.000000  0.009644
 780.000000  0.009790
 781.000000  0.009619
 782.000000  0.012207
 783.000000  0.012011
 784.000000  0.009766
 785.000000  0.011962
 786.000000  0.009766
 787.000000  0.011767
 788.000000  0.012207
 789.000000  0.011645
 790.000000  0.009741
 791.000000  0.011254
 792.000000  0.009766
 793.000000  0.011523
 794.000000  0.009766
 795.000000  0.011547
 796.000000  0.009766
 797.000000  0.011401
 798.000000  0.009766
 799.000000  0.011181
 800.000000  0.009766
 801.000000  0.010717
 802.000000  0.012133
 803.000000  0.010669
 804.000000  0.009692
 805.000000  0.010839
 806.000000  0.009595
 807.000000  0.010253
 808.000000  0.012085
 809.000000  0.007910
 810.000000  0.009619
 811.000000  0.007910
 812.000000  0.009497
 813.000000  0.007593
 814.000000  0.009375
 815.000000  0.010083
 816.000000  0.009473
 817.000000  0.009863
 818.000000  0.009302
 819.000000  0.010009
 820.000000  0.008960
 821.000000  0.009912
 822.000000  0.008911
 823.000000  0.009838
 824.000000  0.011206
 825.000000  0.009765
 826.000000  0.008838
 827.000000  0.009814
 828.000000  0.008472
 829.000000  0.009790
 830.000000  0.008740
 831.000000  0.009765
 832.000000  0.008520
 833.000000  0.009765
 834.000000  0.008081
 835.000000  0.009790
 836.000000  0.010864
 837.000000  0.009765
 838.000000  0.008179
 839.000000  0.009765
 840.000000  0.008350
 841.000000  0.009765
 842.000000  0.010571
 843.000000  0.009765
 844.000000  0.007764
 845.000000  0.007373
 846.000000  0.010156
 847.000000  0.009790
 848.000000  0.007788
 849.000000  0.009765
 850.000000  0.007788
 851.000000  0.009765
 852.000000  0.007642
 853.000000  0.007324
 854.000000  0.010400
 855.000000  0.009765
 856.000000  0.007642
 857.000000  0.007324
 858.000000  0.007739
 859.000000  0.007324
 860.000000  0.010107
 861.000000  0.009765
 862.000000  0.007446
 863.000000  0.007324
 864.000000  0.007397
 865.000000  0.009765
 866.000000  0.009887
 867.000000  0.007324
 868.000000  0.007495
 869.000000  0.009765
 870.000000  0.007397
 871.000000  0.009765
 872.000000  0.007471
 873.000000  0.009741
 874.000000  0.007397
 875.000000  0.009741
 876.000000  0.007373
 877.000000  0.007153
 878.000000  0.007349
 879.000000  0.007104
 880.000000  0.007593
 881.000000  0.009716
 882.000000  0.008105
 883.000000  0.009716
 884.000000  0.007764
 885.000000  0.009692
 886.000000  0.007593
 887.000000  0.007227
 888.000000  0.007886
 889.000000  0.009643
 890.000000  0.007593
 891.000000  0.009570
 892.000000  0.007568
 893.000000  0.009619
 894.000000  0.007544
 895.000000  0.009619
 896.000000  0.007519
 897.000000  0.009716
 898.000000  0.007446
 899.000000  0.009643
 900.000000  0.007373
 901.000000  0.009716
 902.000000  0.009936
 903.000000  0.009765
 904.000000  0.007349
 905.000000  0.009692
 906.000000  0.009790
 907.000000  0.009668
 908.000000  0.009790
 909.000000  0.009668
 910.000000  0.007324
 911.000000  0.009716
 912.000000  0.007324
 913.000000  0.009692
 914.000000  0.007397
 915.000000  0.009692
 916.000000  0.007349
 917.000000  0.009692
 918.000000  0.009814
 919.000000  0.009668
 920.000000  0.009814
 921.000000  0.009570
 922.000000  0.007300
 923.000000  0.009619
 924.000000  0.007324
 925.000000  0.009716
 926.000000  0.007324
 927.000000  0.009668
 928.000000  0.007324
 929.000000  0.009668
 930.000000  0.007324
 931.000000  0.009692
 932.000000  0.007324
 933.000000  0.009741
 934.000000  0.007324
 935.000000  0.009716
 936.000000  0.007349
 937.000000  0.009741
 938.000000  0.007324
 939.000000  0.009594
 940.000000  0.007324
 941.000000  0.009668
 942.000000  0.007324
 943.000000  0.009643
 944.000000  0.007324
 945.000000  0.007251
 946.000000  0.009765
 947.000000  0.009741
 948.000000  0.007324
 949.000000  0.009692
 950.000000  0.009765
 951.000000  0.009716
 952.000000  0.007324
 953.000000  0.009716
 954.000000  0.007324
 955.000000  0.009594
 956.000000  0.007324
 957.000000  0.009716
 958.000000  0.007324
 959.000000  0.007178
 960.000000  0.007324
 961.000000  0.007251
 962.000000  0.009765
 963.000000  0.007178
 964.000000  0.007324
 965.000000  0.009619
 966.000000  0.007300
 967.000000  0.009594
 968.000000  0.007324
 969.000000  0.009643
 970.000000  0.009765
 971.000000  0.009619
 972.000000  0.007324
 973.000000  0.009692
 974.000000  0.007324
 975.000000  0.009643
 976.000000  0.007324
 977.000000  0.009619
 978.000000  0.007324
 979.000000  0.009472
 980.000000  0.007324
 981.000000  0.009643
 982.000000  0.007300
 983.000000  0.007227
 984.000000  0.007324
 985.000000  0.009643
 986.000000  0.007324
 987.000000  0.009448
 988.000000  0.009765
 989.000000  0.009399
 990.000000  0.007324
 991.000000  0.009594
 992.000000  0.007324
 993.000000  0.009741
 994.000000  0.007324
 995.000000  0.009594
 996.000000  0.007324
 997.000000  0.009668
 998.000000  0.009765
 999.000000  0.009643
 1000.000000  0.009765
 1001.000000  0.009448
 1002.000000  0.007324
 1003.000000  0.009423
 1004.000000  0.007324
 1005.000000  0.009399
 1006.000000  0.007300
 1007.000000  0.009375
 1008.000000  0.007324
 1009.000000  0.009350
 1010.000000  0.007324
 1011.000000  0.009497
 1012.000000  0.007324
 1013.000000  0.009326
 1014.000000  0.007324
 1015.000000  0.009301
 1016.000000  0.007300
 1017.000000  0.009497
 1018.000000  0.007324
 1019.000000  0.009204
 1020.000000  0.007324
 1021.000000  0.009106
 1022.000000  0.007300
 1023.000000  0.009252
