 0.000000  0.007349
 1.000000  0.007300
 2.000000  0.007324
 3.000000  0.007178
 4.000000  0.007349
 5.000000  0.007300
 6.000000  0.007373
 7.000000  0.007178
 8.000000  0.007324
 9.000000  0.007324
 10.000000  0.007739
 11.000000  0.006934
 12.000000  0.007690
 13.000000  0.007007
 14.000000  0.007373
 15.000000  0.006274
 16.000000  0.007227
 17.000000  0.006689
 18.000000  0.007788
 19.000000  0.007080
 20.000000  0.007397
 21.000000  0.007227
 22.000000  0.007471
 23.000000  0.007324
 24.000000  0.007471
 25.000000  0.007251
 26.000000  0.007397
 27.000000  0.009619
 28.000000  0.007373
 29.000000  0.007227
 30.000000  0.007397
 31.000000  0.007275
 32.000000  0.007349
 33.000000  0.007178
 34.000000  0.007324
 35.000000  0.007202
 36.000000  0.007397
 37.000000  0.007227
 38.000000  0.007373
 39.000000  0.009643
 40.000000  0.007397
 41.000000  0.007202
 42.000000  0.007397
 43.000000  0.007202
 44.000000  0.007397
 45.000000  0.007227
 46.000000  0.007397
 47.000000  0.007178
 48.000000  0.007373
 49.000000  0.007104
 50.000000  0.007324
 51.000000  0.007202
 52.000000  0.007349
 53.000000  0.007251
 54.000000  0.007349
 55.000000  0.007202
 56.000000  0.007373
 57.000000  0.007324
 58.000000  0.007324
 59.000000  0.009668
 60.000000  0.007349
 61.000000  0.009472
 62.000000  0.007324
 63.000000  0.007202
 64.000000  0.007349
 65.000000  0.007104
 66.000000  0.007324
 67.000000  0.009692
 68.000000  0.007324
 69.000000  0.007178
 70.000000  0.007324
 71.000000  0.007300
 72.000000  0.007324
 73.000000  0.007275
 74.000000  0.007324
 75.000000  0.007275
 76.000000  0.007324
 77.000000  0.007300
 78.000000  0.007324
 79.000000  0.007275
 80.000000  0.007324
 81.000000  0.007275
 82.000000  0.007324
 83.000000  0.007251
 84.000000  0.007324
 85.000000  0.007324
 86.000000  0.007324
 87.000000  0.007275
 88.000000  0.007324
 89.000000  0.007300
 90.000000  0.007324
 91.000000  0.007275
 92.000000  0.007324
 93.000000  0.007300
 94.000000  0.007324
 95.000000  0.007202
 96.000000  0.007324
 97.000000  0.007251
 98.000000  0.007324
 99.000000  0.007275
 100.000000  0.007324
 101.000000  0.009765
 102.000000  0.007324
 103.000000  0.009692
 104.000000  0.007324
 105.000000  0.007300
 106.000000  0.007324
 107.000000  0.007227
 108.000000  0.007324
 109.000000  0.009716
 110.000000  0.007324
 111.000000  0.007324
 112.000000  0.007324
 113.000000  0.007300
 114.000000  0.007324
 115.000000  0.007275
 116.000000  0.007324
 117.000000  0.007227
 118.000000  0.007324
 119.000000  0.007300
 120.000000  0.007324
 121.000000  0.007300
 122.000000  0.007324
 123.000000  0.007275
 124.000000  0.007324
 125.000000  0.007275
 126.000000  0.007324
 127.000000  0.009692
 128.000000  0.007324
 129.000000  0.007251
 130.000000  0.007324
 131.000000  0.009741
 132.000000  0.007324
 133.000000  0.007275
 134.000000  0.007324
 135.000000  0.009741
 136.000000  0.007324
 137.000000  0.007275
 138.000000  0.007349
 139.000000  0.007202
 140.000000  0.007324
 141.000000  0.007300
 142.000000  0.007324
 143.000000  0.007275
 144.000000  0.007349
 145.000000  0.009692
 146.000000  0.007324
 147.000000  0.007300
 148.000000  0.007324
 149.000000  0.009716
 150.000000  0.007324
 151.000000  0.007251
 152.000000  0.007324
 153.000000  0.007275
 154.000000  0.007324
 155.000000  0.007202
 156.000000  0.007324
 157.000000  0.009643
 158.000000  0.007324
 159.000000  0.007153
 160.000000  0.007349
 161.000000  0.007202
 162.000000  0.007324
 163.000000  0.007227
 164.000000  0.007324
 165.000000  0.006860
 166.000000  0.007251
 167.000000  0.006811
 168.000000  0.007227
 169.000000  0.009619
 170.000000  0.007642
 171.000000  0.007227
 172.000000  0.007861
 173.000000  0.006689
 174.000000  0.007275
 175.000000  0.006738
 176.000000  0.007495
 177.000000  0.007056
 178.000000  0.007349
 179.000000  0.009228
 180.000000  0.007349
 181.000000  0.007031
 182.000000  0.007349
 183.000000  0.007056
 184.000000  0.007349
 185.000000  0.007202
 186.000000  0.007397
 187.000000  0.007251
 188.000000  0.007324
 189.000000  0.007104
 190.000000  0.007324
 191.000000  0.007153
 192.000000  0.007397
 193.000000  0.007178
 194.000000  0.007373
 195.000000  0.007227
 196.000000  0.009741
 197.000000  0.007080
 198.000000  0.007373
 199.000000  0.009375
 200.000000  0.007349
 201.000000  0.009521
 202.000000  0.007300
 203.000000  0.007275
 204.000000  0.007324
 205.000000  0.007153
 206.000000  0.007324
 207.000000  0.007227
 208.000000  0.007349
 209.000000  0.009643
 210.000000  0.007324
 211.000000  0.007153
 212.000000  0.007324
 213.000000  0.009643
 214.000000  0.007324
 215.000000  0.007275
 216.000000  0.007324
 217.000000  0.007202
 218.000000  0.007324
 219.000000  0.009545
 220.000000  0.007349
 221.000000  0.007251
 222.000000  0.007324
 223.000000  0.007275
 224.000000  0.007324
 225.000000  0.007129
 226.000000  0.007324
 227.000000  0.009643
 228.000000  0.007324
 229.000000  0.009521
 230.000000  0.007349
 231.000000  0.007275
 232.000000  0.007324
 233.000000  0.009668
 234.000000  0.007324
 235.000000  0.007227
 236.000000  0.007349
 237.000000  0.007275
 238.000000  0.007324
 239.000000  0.009668
 240.000000  0.007324
 241.000000  0.007202
 242.000000  0.007324
 243.000000  0.009741
 244.000000  0.007324
 245.000000  0.007300
 246.000000  0.007324
 247.000000  0.007300
 248.000000  0.007324
 249.000000  0.007251
 250.000000  0.007324
 251.000000  0.007227
 252.000000  0.007324
 253.000000  0.007251
 254.000000  0.007324
 255.000000  0.009668
 256.000000  0.007324
 257.000000  0.007251
 258.000000  0.007324
 259.000000  0.007275
 260.000000  0.007324
 261.000000  0.007300
 262.000000  0.007324
 263.000000  0.009668
 264.000000  0.007324
 265.000000  0.009716
 266.000000  0.007324
 267.000000  0.009668
 268.000000  0.007324
 269.000000  0.009716
 270.000000  0.007324
 271.000000  0.007275
 272.000000  0.007324
 273.000000  0.007251
 274.000000  0.007324
 275.000000  0.009643
 276.000000  0.007324
 277.000000  0.009668
 278.000000  0.007324
 279.000000  0.007275
 280.000000  0.007324
 281.000000  0.009741
 282.000000  0.007349
 283.000000  0.009668
 284.000000  0.007324
 285.000000  0.007300
 286.000000  0.007324
 287.000000  0.007324
 288.000000  0.007324
 289.000000  0.009765
 290.000000  0.007349
 291.000000  0.007275
 292.000000  0.007349
 293.000000  0.007300
 294.000000  0.007349
 295.000000  0.009692
 296.000000  0.007349
 297.000000  0.009716
 298.000000  0.007324
 299.000000  0.009692
 300.000000  0.007324
 301.000000  0.007300
 302.000000  0.007422
 303.000000  0.009741
 304.000000  0.007397
 305.000000  0.007251
 306.000000  0.007349
 307.000000  0.009692
 308.000000  0.007397
 309.000000  0.009741
 310.000000  0.007446
 311.000000  0.007324
 312.000000  0.007422
 313.000000  0.007227
 314.000000  0.007373
 315.000000  0.009716
 316.000000  0.007397
 317.000000  0.007251
 318.000000  0.007397
 319.000000  0.007275
 320.000000  0.007422
 321.000000  0.009814
 322.000000  0.007544
 323.000000  0.009814
 324.000000  0.007739
 325.000000  0.007251
 326.000000  0.007397
 327.000000  0.006763
 328.000000  0.007300
 329.000000  0.009252
 330.000000  0.008081
 331.000000  0.009521
 332.000000  0.007690
 333.000000  0.009570
 334.000000  0.007593
 335.000000  0.009790
 336.000000  0.007666
 337.000000  0.007300
 338.000000  0.007422
 339.000000  0.007324
 340.000000  0.007495
 341.000000  0.009741
 342.000000  0.009838
 343.000000  0.009765
 344.000000  0.007373
 345.000000  0.009741
 346.000000  0.007495
 347.000000  0.007300
 348.000000  0.007446
 349.000000  0.009765
 350.000000  0.007642
 351.000000  0.009765
 352.000000  0.007422
 353.000000  0.009741
 354.000000  0.007495
 355.000000  0.007300
 356.000000  0.007568
 357.000000  0.007349
 358.000000  0.007690
 359.000000  0.009765
 360.000000  0.007739
 361.000000  0.007324
 362.000000  0.007544
 363.000000  0.009765
 364.000000  0.007593
 365.000000  0.007324
 366.000000  0.007739
 367.000000  0.007324
 368.000000  0.007739
 369.000000  0.007324
 370.000000  0.007642
 371.000000  0.009765
 372.000000  0.007739
 373.000000  0.009790
 374.000000  0.007812
 375.000000  0.009790
 376.000000  0.007910
 377.000000  0.007373
 378.000000  0.008032
 379.000000  0.007324
 380.000000  0.008081
 381.000000  0.009790
 382.000000  0.007910
 383.000000  0.007349
 384.000000  0.008130
 385.000000  0.007324
 386.000000  0.008008
 387.000000  0.009765
 388.000000  0.007861
 389.000000  0.009765
 390.000000  0.008496
 391.000000  0.009790
 392.000000  0.008325
 393.000000  0.007349
 394.000000  0.008423
 395.000000  0.007373
 396.000000  0.008423
 397.000000  0.007397
 398.000000  0.008594
 399.000000  0.007324
 400.000000  0.008936
 401.000000  0.009887
 402.000000  0.008594
 403.000000  0.007446
 404.000000  0.008472
 405.000000  0.007373
 406.000000  0.008569
 407.000000  0.007422
 408.000000  0.008862
 409.000000  0.009838
 410.000000  0.009399
 411.000000  0.010034
 412.000000  0.009424
 413.000000  0.007519
 414.000000  0.009644
 415.000000  0.010058
 416.000000  0.009424
 417.000000  0.007788
 418.000000  0.009521
 419.000000  0.007861
 420.000000  0.009595
 421.000000  0.007593
 422.000000  0.009595
 423.000000  0.008105
 424.000000  0.009692
 425.000000  0.010376
 426.000000  0.009644
 427.000000  0.010693
 428.000000  0.009766
 429.000000  0.010278
 430.000000  0.009741
 431.000000  0.010717
 432.000000  0.009766
 433.000000  0.008716
 434.000000  0.009717
 435.000000  0.010839
 436.000000  0.009766
 437.000000  0.011596
 438.000000  0.009766
 439.000000  0.011596
 440.000000  0.009766
 441.000000  0.011938
 442.000000  0.009766
 443.000000  0.011865
 444.000000  0.009766
 445.000000  0.011938
 446.000000  0.009766
 447.000000  0.009717
 448.000000  0.009766
 449.000000  0.012133
 450.000000  0.009766
 451.000000  0.012207
 452.000000  0.009766
 453.000000  0.012182
 454.000000  0.009766
 455.000000  0.012207
 456.000000  0.009766
 457.000000  0.012207
 458.000000  0.009766
 459.000000  0.012207
 460.000000  0.009814
 461.000000  0.012207
 462.000000  0.009790
 463.000000  0.012207
 464.000000  0.010303
 465.000000  0.012207
 466.000000  0.010229
 467.000000  0.009766
 468.000000  0.010425
 469.000000  0.010107
 470.000000  0.010937
 471.000000  0.012255
 472.000000  0.010693
 473.000000  0.010400
 474.000000  0.012109
 475.000000  0.012622
 476.000000  0.010937
 477.000000  0.010107
 478.000000  0.011865
 479.000000  0.013647
 480.000000  0.011719
 481.000000  0.013574
 482.000000  0.012134
 483.000000  0.012402
 484.000000  0.012378
 485.000000  0.014013
 486.000000  0.011572
 487.000000  0.012061
 488.000000  0.013379
 489.000000  0.011865
 490.000000  0.012183
 491.000000  0.014355
 492.000000  0.013818
 493.000000  0.014892
 494.000000  0.012353
 495.000000  0.014550
 496.000000  0.013061
 497.000000  0.013769
 498.000000  0.012964
 499.000000  0.014672
 500.000000  0.012695
 501.000000  0.016723
 502.000000  0.014648
 503.000000  0.014672
 504.000000  0.012939
 505.000000  0.016088
 506.000000  0.016113
 507.000000  0.014551
 508.000000  0.014185
 509.000000  0.013232
 510.000000  0.014648
 511.000000  0.017260
 512.000000  0.014624
 513.000000  0.013110
 514.000000  0.014600
 515.000000  0.014722
 516.000000  0.016919
 517.000000  0.014233
 518.000000  0.014551
 519.000000  0.014673
 520.000000  0.018213
 521.000000  0.016431
 522.000000  0.014648
 523.000000  0.017089
 524.000000  0.017065
 525.000000  0.019726
 526.000000  0.015747
 527.000000  0.017089
 528.000000  0.015796
 529.000000  0.019628
 530.000000  0.019849
 531.000000  0.017187
 532.000000  0.015576
 533.000000  0.016846
 534.000000  0.021973
 535.000000  0.019531
 536.000000  0.015186
 537.000000  0.017334
 538.000000  0.024365
 539.000000  0.040673
 540.000000  0.022534
 541.000000  0.014770
 542.000000  0.017090
 543.000000  0.026709
 544.000000  0.034131
 545.000000  0.017212
 546.000000  0.017090
 547.000000  0.026733
 548.000000  0.060425
 549.000000  0.059130
 550.000000  0.018262
 551.000000  0.019531
 552.000000  0.026855
 553.000000  0.049731
 554.000000  0.031421
 555.000000  0.015918
 556.000000  0.017090
 557.000000  0.026709
 558.000000  0.036450
 559.000000  0.021679
 560.000000  0.016626
 561.000000  0.016064
 562.000000  0.022827
 563.000000  0.028784
 564.000000  0.017017
 565.000000  0.017114
 566.000000  0.017114
 567.000000  0.026586
 568.000000  0.024268
 569.000000  0.017211
 570.000000  0.016504
 571.000000  0.020971
 572.000000  0.030859
 573.000000  0.026220
 574.000000  0.016943
 575.000000  0.017993
 576.000000  0.022949
 577.000000  0.038501
 578.000000  0.021973
 579.000000  0.019531
 580.000000  0.021558
 581.000000  0.059888
 582.000000  0.105737
 583.000000  0.035815
 584.000000  0.017090
 585.000000  0.023339
 586.000000  0.055957
 587.000000  0.066943
 588.000000  0.020044
 589.000000  0.014648
 590.000000  0.017090
 591.000000  0.024414
 592.000000  0.019702
 593.000000  0.014624
 594.000000  0.014648
 595.000000  0.017602
 596.000000  0.020801
 597.000000  0.017553
 598.000000  0.014624
 599.000000  0.016967
 600.000000  0.015259
 601.000000  0.019335
 602.000000  0.014648
 603.000000  0.015307
 604.000000  0.014575
 605.000000  0.017089
 606.000000  0.015186
 607.000000  0.015380
 608.000000  0.014038
 609.000000  0.014843
 610.000000  0.014648
 611.000000  0.016064
 612.000000  0.015527
 613.000000  0.014648
 614.000000  0.015258
 615.000000  0.015747
 616.000000  0.013428
 617.000000  0.012207
 618.000000  0.012207
 619.000000  0.014624
 620.000000  0.013013
 621.000000  0.014550
 622.000000  0.012256
 623.000000  0.014282
 624.000000  0.014672
 625.000000  0.014648
 626.000000  0.012207
 627.000000  0.013769
 628.000000  0.012158
 629.000000  0.014331
 630.000000  0.012207
 631.000000  0.013525
 632.000000  0.011768
 633.000000  0.012988
 634.000000  0.012109
 635.000000  0.013867
 636.000000  0.011548
 637.000000  0.010449
 638.000000  0.011157
 639.000000  0.012622
 640.000000  0.010571
 641.000000  0.012377
 642.000000  0.010962
 643.000000  0.010400
 644.000000  0.013745
 645.000000  0.012426
 646.000000  0.012622
 647.000000  0.012207
 648.000000  0.010449
 649.000000  0.009961
 650.000000  0.010107
 651.000000  0.009766
 652.000000  0.009985
 653.000000  0.009766
 654.000000  0.010083
 655.000000  0.012158
 656.000000  0.009839
 657.000000  0.012158
 658.000000  0.009790
 659.000000  0.009692
 660.000000  0.009766
 661.000000  0.012109
 662.000000  0.009766
 663.000000  0.012133
 664.000000  0.012207
 665.000000  0.011840
 666.000000  0.012207
 667.000000  0.011816
 668.000000  0.009766
 669.000000  0.009521
 670.000000  0.009741
 671.000000  0.009082
 672.000000  0.009741
 673.000000  0.011547
 674.000000  0.012182
 675.000000  0.010937
 676.000000  0.009766
 677.000000  0.010961
 678.000000  0.009766
 679.000000  0.010791
 680.000000  0.009692
 681.000000  0.007983
 682.000000  0.009668
 683.000000  0.010376
 684.000000  0.009619
 685.000000  0.010571
 686.000000  0.009473
 687.000000  0.007910
 688.000000  0.011914
 689.000000  0.007666
 690.000000  0.011987
 691.000000  0.009887
 692.000000  0.009424
 693.000000  0.009912
 694.000000  0.009375
 695.000000  0.009790
 696.000000  0.011181
 697.000000  0.009863
 698.000000  0.008643
 699.000000  0.009814
 700.000000  0.008472
 701.000000  0.007324
 702.000000  0.008765
 703.000000  0.007324
 704.000000  0.010742
 705.000000  0.009765
 706.000000  0.008374
 707.000000  0.007324
 708.000000  0.008301
 709.000000  0.009765
 710.000000  0.008203
 711.000000  0.009765
 712.000000  0.008276
 713.000000  0.009765
 714.000000  0.007788
 715.000000  0.009765
 716.000000  0.007617
 717.000000  0.009765
 718.000000  0.007886
 719.000000  0.009765
 720.000000  0.007519
 721.000000  0.009765
 722.000000  0.007617
 723.000000  0.009765
 724.000000  0.007690
 725.000000  0.009765
 726.000000  0.007544
 727.000000  0.009765
 728.000000  0.007495
 729.000000  0.007324
 730.000000  0.007446
 731.000000  0.009765
 732.000000  0.007397
 733.000000  0.009765
 734.000000  0.009814
 735.000000  0.009765
 736.000000  0.007324
 737.000000  0.009765
 738.000000  0.007397
 739.000000  0.009741
 740.000000  0.007349
 741.000000  0.009741
 742.000000  0.007373
 743.000000  0.007324
 744.000000  0.007324
 745.000000  0.009765
 746.000000  0.007324
 747.000000  0.007324
 748.000000  0.007349
 749.000000  0.009741
 750.000000  0.007324
 751.000000  0.009765
 752.000000  0.009790
 753.000000  0.009741
 754.000000  0.007349
 755.000000  0.009765
 756.000000  0.007324
 757.000000  0.009741
 758.000000  0.007324
 759.000000  0.007324
 760.000000  0.007324
 761.000000  0.009716
 762.000000  0.007324
 763.000000  0.009594
 764.000000  0.007324
 765.000000  0.009716
 766.000000  0.007324
 767.000000  0.007300
 768.000000  0.007324
 769.000000  0.009692
 770.000000  0.007324
 771.000000  0.009619
 772.000000  0.007324
 773.000000  0.009594
 774.000000  0.009765
 775.000000  0.009594
 776.000000  0.009765
 777.000000  0.009692
 778.000000  0.007349
 779.000000  0.007153
 780.000000  0.007324
 781.000000  0.006958
 782.000000  0.009765
 783.000000  0.009545
 784.000000  0.007324
 785.000000  0.009375
 786.000000  0.007349
 787.000000  0.009399
 788.000000  0.009765
 789.000000  0.009350
 790.000000  0.007104
 791.000000  0.008886
 792.000000  0.007129
 793.000000  0.008984
 794.000000  0.007227
 795.000000  0.009423
 796.000000  0.007300
 797.000000  0.009204
 798.000000  0.007202
 799.000000  0.008618
 800.000000  0.007178
 801.000000  0.008984
 802.000000  0.009668
 803.000000  0.008911
 804.000000  0.007104
 805.000000  0.009130
 806.000000  0.007275
 807.000000  0.009252
 808.000000  0.009741
 809.000000  0.006543
 810.000000  0.007300
 811.000000  0.006519
 812.000000  0.007275
 813.000000  0.006567
 814.000000  0.007300
 815.000000  0.009106
 816.000000  0.007324
 817.000000  0.009106
 818.000000  0.007251
 819.000000  0.009179
 820.000000  0.007251
 821.000000  0.009033
 822.000000  0.007300
 823.000000  0.009033
 824.000000  0.009741
 825.000000  0.008593
 826.000000  0.007251
 827.000000  0.008789
 828.000000  0.007300
 829.000000  0.008984
 830.000000  0.007251
 831.000000  0.008813
 832.000000  0.007324
 833.000000  0.008960
 834.000000  0.007324
 835.000000  0.008813
 836.000000  0.009765
 837.000000  0.008837
 838.000000  0.007275
 839.000000  0.008813
 840.000000  0.007300
 841.000000  0.008471
 842.000000  0.009741
 843.000000  0.008935
 844.000000  0.007300
 845.000000  0.006470
 846.000000  0.009741
 847.000000  0.008984
 848.000000  0.007324
 849.000000  0.008691
 850.000000  0.007275
 851.000000  0.008764
 852.000000  0.007300
 853.000000  0.006079
 854.000000  0.009765
 855.000000  0.008276
 856.000000  0.007275
 857.000000  0.006201
 858.000000  0.007300
 859.000000  0.006079
 860.000000  0.009716
 861.000000  0.008471
 862.000000  0.007275
 863.000000  0.006055
 864.000000  0.007300
 865.000000  0.008422
 866.000000  0.009692
 867.000000  0.006152
 868.000000  0.007300
 869.000000  0.008422
 870.000000  0.007324
 871.000000  0.008618
 872.000000  0.007300
 873.000000  0.008618
 874.000000  0.007275
 875.000000  0.008886
 876.000000  0.007251
 877.000000  0.006128
 878.000000  0.007300
 879.000000  0.005786
 880.000000  0.007251
 881.000000  0.008593
 882.000000  0.007275
 883.000000  0.008276
 884.000000  0.007275
 885.000000  0.008667
 886.000000  0.007324
 887.000000  0.005835
 888.000000  0.007324
 889.000000  0.008447
 890.000000  0.007324
 891.000000  0.008544
 892.000000  0.007275
 893.000000  0.008813
 894.000000  0.007324
 895.000000  0.008593
 896.000000  0.007251
 897.000000  0.008886
 898.000000  0.007275
 899.000000  0.008496
 900.000000  0.007300
 901.000000  0.008178
 902.000000  0.009692
 903.000000  0.008447
 904.000000  0.007251
 905.000000  0.008374
 906.000000  0.009716
 907.000000  0.008154
 908.000000  0.009716
 909.000000  0.008544
 910.000000  0.007202
 911.000000  0.008007
 912.000000  0.007300
 913.000000  0.008032
 914.000000  0.007275
 915.000000  0.008203
 916.000000  0.007153
 917.000000  0.008667
 918.000000  0.009716
 919.000000  0.007959
 920.000000  0.009692
 921.000000  0.008203
 922.000000  0.007275
 923.000000  0.007934
 924.000000  0.007202
 925.000000  0.008178
 926.000000  0.007227
 927.000000  0.008154
 928.000000  0.007178
 929.000000  0.008056
 930.000000  0.007202
 931.000000  0.008349
 932.000000  0.007104
 933.000000  0.008447
 934.000000  0.007178
 935.000000  0.008300
 936.000000  0.007251
 937.000000  0.008203
 938.000000  0.007227
 939.000000  0.008081
 940.000000  0.007227
 941.000000  0.008252
 942.000000  0.007153
 943.000000  0.008129
 944.000000  0.007251
 945.000000  0.005859
 946.000000  0.009643
 947.000000  0.008667
 948.000000  0.007178
 949.000000  0.008227
 950.000000  0.009130
 951.000000  0.007666
 952.000000  0.006079
 953.000000  0.007885
 954.000000  0.006396
 955.000000  0.008740
 956.000000  0.006934
 957.000000  0.008252
 958.000000  0.006958
 959.000000  0.006030
 960.000000  0.007251
 961.000000  0.005981
 962.000000  0.009472
 963.000000  0.005835
 964.000000  0.007080
 965.000000  0.008422
 966.000000  0.007007
 967.000000  0.008105
 968.000000  0.007104
 969.000000  0.008252
 970.000000  0.009570
 971.000000  0.008203
 972.000000  0.007153
 973.000000  0.007910
 974.000000  0.007227
 975.000000  0.008203
 976.000000  0.007056
 977.000000  0.008154
 978.000000  0.007080
 979.000000  0.008227
 980.000000  0.007080
 981.000000  0.008764
 982.000000  0.007153
 983.000000  0.006103
 984.000000  0.006909
 985.000000  0.008300
 986.000000  0.007080
 987.000000  0.008154
 988.000000  0.009668
 989.000000  0.008129
 990.000000  0.007275
 991.000000  0.008081
 992.000000  0.007227
 993.000000  0.008105
 994.000000  0.007129
 995.000000  0.008203
 996.000000  0.007178
 997.000000  0.008081
 998.000000  0.009472
 999.000000  0.008056
 1000.000000  0.009619
 1001.000000  0.007910
 1002.000000  0.007031
 1003.000000  0.007934
 1004.000000  0.007153
 1005.000000  0.008129
 1006.000000  0.007275
 1007.000000  0.008056
 1008.000000  0.007227
 1009.000000  0.007861
 1010.000000  0.007178
 1011.000000  0.008032
 1012.000000  0.007153
 1013.000000  0.007910
 1014.000000  0.007104
 1015.000000  0.008154
 1016.000000  0.007104
 1017.000000  0.008178
 1018.000000  0.007153
 1019.000000  0.007959
 1020.000000  0.007275
 1021.000000  0.007617
 1022.000000  0.007031
 1023.000000  0.008032
