 0.000000  0.007373
 1.000000  0.007300
 2.000000  0.007349
 3.000000  0.007324
 4.000000  0.007324
 5.000000  0.007324
 6.000000  0.007324
 7.000000  0.007324
 8.000000  0.007324
 9.000000  0.007324
 10.000000  0.007349
 11.000000  0.007300
 12.000000  0.007324
 13.000000  0.007324
 14.000000  0.007349
 15.000000  0.007275
 16.000000  0.007349
 17.000000  0.007300
 18.000000  0.007324
 19.000000  0.007324
 20.000000  0.007324
 21.000000  0.007324
 22.000000  0.007324
 23.000000  0.007324
 24.000000  0.007324
 25.000000  0.007300
 26.000000  0.007397
 27.000000  0.009765
 28.000000  0.007324
 29.000000  0.007275
 30.000000  0.007324
 31.000000  0.007275
 32.000000  0.007373
 33.000000  0.007275
 34.000000  0.007349
 35.000000  0.007324
 36.000000  0.007324
 37.000000  0.007324
 38.000000  0.007373
 39.000000  0.009741
 40.000000  0.007324
 41.000000  0.007227
 42.000000  0.007324
 43.000000  0.007275
 44.000000  0.007373
 45.000000  0.007202
 46.000000  0.007373
 47.000000  0.007227
 48.000000  0.007324
 49.000000  0.007275
 50.000000  0.007349
 51.000000  0.007275
 52.000000  0.007397
 53.000000  0.007300
 54.000000  0.007471
 55.000000  0.007251
 56.000000  0.007568
 57.000000  0.007080
 58.000000  0.007495
 59.000000  0.009301
 60.000000  0.007471
 61.000000  0.009497
 62.000000  0.007471
 63.000000  0.007007
 64.000000  0.007446
 65.000000  0.007104
 66.000000  0.007471
 67.000000  0.009570
 68.000000  0.007519
 69.000000  0.007178
 70.000000  0.007422
 71.000000  0.007153
 72.000000  0.007373
 73.000000  0.007227
 74.000000  0.007397
 75.000000  0.007178
 76.000000  0.007519
 77.000000  0.007178
 78.000000  0.007397
 79.000000  0.007202
 80.000000  0.007446
 81.000000  0.007227
 82.000000  0.007397
 83.000000  0.007202
 84.000000  0.007373
 85.000000  0.007153
 86.000000  0.007349
 87.000000  0.007300
 88.000000  0.007446
 89.000000  0.007251
 90.000000  0.007471
 91.000000  0.007251
 92.000000  0.007446
 93.000000  0.007300
 94.000000  0.007349
 95.000000  0.007227
 96.000000  0.007324
 97.000000  0.007251
 98.000000  0.007349
 99.000000  0.007300
 100.000000  0.007397
 101.000000  0.009716
 102.000000  0.007397
 103.000000  0.009716
 104.000000  0.007324
 105.000000  0.007275
 106.000000  0.007397
 107.000000  0.007251
 108.000000  0.007324
 109.000000  0.009692
 110.000000  0.007373
 111.000000  0.007324
 112.000000  0.007397
 113.000000  0.007324
 114.000000  0.007373
 115.000000  0.007324
 116.000000  0.007373
 117.000000  0.007275
 118.000000  0.007373
 119.000000  0.007300
 120.000000  0.007324
 121.000000  0.007324
 122.000000  0.007373
 123.000000  0.007275
 124.000000  0.007324
 125.000000  0.007251
 126.000000  0.007349
 127.000000  0.009765
 128.000000  0.007324
 129.000000  0.007324
 130.000000  0.007324
 131.000000  0.009765
 132.000000  0.007324
 133.000000  0.007324
 134.000000  0.007349
 135.000000  0.009692
 136.000000  0.007324
 137.000000  0.007300
 138.000000  0.007324
 139.000000  0.007275
 140.000000  0.007324
 141.000000  0.007300
 142.000000  0.007324
 143.000000  0.007324
 144.000000  0.007324
 145.000000  0.009765
 146.000000  0.007324
 147.000000  0.007324
 148.000000  0.007397
 149.000000  0.009765
 150.000000  0.007324
 151.000000  0.007324
 152.000000  0.007324
 153.000000  0.007324
 154.000000  0.007349
 155.000000  0.007300
 156.000000  0.007324
 157.000000  0.009716
 158.000000  0.007324
 159.000000  0.007300
 160.000000  0.007324
 161.000000  0.007300
 162.000000  0.007324
 163.000000  0.007275
 164.000000  0.007324
 165.000000  0.007324
 166.000000  0.007324
 167.000000  0.007300
 168.000000  0.007349
 169.000000  0.009668
 170.000000  0.007324
 171.000000  0.007275
 172.000000  0.007349
 173.000000  0.007300
 174.000000  0.007324
 175.000000  0.007324
 176.000000  0.007324
 177.000000  0.007300
 178.000000  0.007324
 179.000000  0.009692
 180.000000  0.007324
 181.000000  0.007324
 182.000000  0.007324
 183.000000  0.007324
 184.000000  0.007324
 185.000000  0.007324
 186.000000  0.007349
 187.000000  0.007300
 188.000000  0.007324
 189.000000  0.007324
 190.000000  0.007324
 191.000000  0.007227
 192.000000  0.007324
 193.000000  0.007300
 194.000000  0.007324
 195.000000  0.007300
 196.000000  0.009790
 197.000000  0.007324
 198.000000  0.007349
 199.000000  0.009692
 200.000000  0.007324
 201.000000  0.009594
 202.000000  0.007324
 203.000000  0.007300
 204.000000  0.007349
 205.000000  0.007300
 206.000000  0.007349
 207.000000  0.007227
 208.000000  0.007349
 209.000000  0.009497
 210.000000  0.007349
 211.000000  0.007178
 212.000000  0.007422
 213.000000  0.009668
 214.000000  0.007519
 215.000000  0.007153
 216.000000  0.007422
 217.000000  0.007178
 218.000000  0.007471
 219.000000  0.009448
 220.000000  0.007593
 221.000000  0.007080
 222.000000  0.007422
 223.000000  0.007104
 224.000000  0.007373
 225.000000  0.007056
 226.000000  0.007349
 227.000000  0.009497
 228.000000  0.007422
 229.000000  0.009521
 230.000000  0.007519
 231.000000  0.007178
 232.000000  0.007544
 233.000000  0.009545
 234.000000  0.007373
 235.000000  0.007129
 236.000000  0.007446
 237.000000  0.007153
 238.000000  0.007373
 239.000000  0.009643
 240.000000  0.007446
 241.000000  0.007202
 242.000000  0.007422
 243.000000  0.009741
 244.000000  0.007324
 245.000000  0.007251
 246.000000  0.007422
 247.000000  0.007227
 248.000000  0.007373
 249.000000  0.007251
 250.000000  0.007349
 251.000000  0.007324
 252.000000  0.007446
 253.000000  0.007275
 254.000000  0.007397
 255.000000  0.009741
 256.000000  0.007422
 257.000000  0.007251
 258.000000  0.007324
 259.000000  0.007324
 260.000000  0.007397
 261.000000  0.007251
 262.000000  0.007324
 263.000000  0.009716
 264.000000  0.007349
 265.000000  0.009741
 266.000000  0.007349
 267.000000  0.009692
 268.000000  0.007324
 269.000000  0.009765
 270.000000  0.007349
 271.000000  0.007275
 272.000000  0.007324
 273.000000  0.007300
 274.000000  0.007397
 275.000000  0.009741
 276.000000  0.007324
 277.000000  0.009741
 278.000000  0.007349
 279.000000  0.007324
 280.000000  0.007373
 281.000000  0.009765
 282.000000  0.007324
 283.000000  0.009741
 284.000000  0.007349
 285.000000  0.007324
 286.000000  0.007324
 287.000000  0.007324
 288.000000  0.007324
 289.000000  0.009765
 290.000000  0.007324
 291.000000  0.007300
 292.000000  0.007349
 293.000000  0.007324
 294.000000  0.007324
 295.000000  0.009765
 296.000000  0.007324
 297.000000  0.009765
 298.000000  0.007324
 299.000000  0.009765
 300.000000  0.007349
 301.000000  0.007300
 302.000000  0.007324
 303.000000  0.009741
 304.000000  0.007349
 305.000000  0.007324
 306.000000  0.007373
 307.000000  0.009741
 308.000000  0.007349
 309.000000  0.009765
 310.000000  0.007349
 311.000000  0.007324
 312.000000  0.007446
 313.000000  0.007324
 314.000000  0.007373
 315.000000  0.009741
 316.000000  0.007446
 317.000000  0.007324
 318.000000  0.007373
 319.000000  0.007324
 320.000000  0.007373
 321.000000  0.009765
 322.000000  0.007471
 323.000000  0.009765
 324.000000  0.007349
 325.000000  0.007324
 326.000000  0.007373
 327.000000  0.007324
 328.000000  0.007422
 329.000000  0.009765
 330.000000  0.007568
 331.000000  0.009765
 332.000000  0.007422
 333.000000  0.009765
 334.000000  0.007495
 335.000000  0.009765
 336.000000  0.007471
 337.000000  0.007300
 338.000000  0.007568
 339.000000  0.007324
 340.000000  0.007568
 341.000000  0.009765
 342.000000  0.009887
 343.000000  0.009765
 344.000000  0.007519
 345.000000  0.009765
 346.000000  0.007666
 347.000000  0.007324
 348.000000  0.007495
 349.000000  0.009765
 350.000000  0.007739
 351.000000  0.009765
 352.000000  0.007544
 353.000000  0.009790
 354.000000  0.007544
 355.000000  0.007324
 356.000000  0.007837
 357.000000  0.007349
 358.000000  0.007788
 359.000000  0.009790
 360.000000  0.007886
 361.000000  0.007324
 362.000000  0.007690
 363.000000  0.009765
 364.000000  0.007519
 365.000000  0.007397
 366.000000  0.007812
 367.000000  0.007446
 368.000000  0.007910
 369.000000  0.007471
 370.000000  0.007666
 371.000000  0.009790
 372.000000  0.008032
 373.000000  0.009863
 374.000000  0.008203
 375.000000  0.009814
 376.000000  0.008105
 377.000000  0.007446
 378.000000  0.008520
 379.000000  0.007519
 380.000000  0.008643
 381.000000  0.009912
 382.000000  0.008081
 383.000000  0.007471
 384.000000  0.008545
 385.000000  0.007373
 386.000000  0.008374
 387.000000  0.009936
 388.000000  0.008227
 389.000000  0.009863
 390.000000  0.008594
 391.000000  0.009961
 392.000000  0.008569
 393.000000  0.007471
 394.000000  0.008765
 395.000000  0.007519
 396.000000  0.008643
 397.000000  0.007544
 398.000000  0.008862
 399.000000  0.007471
 400.000000  0.009058
 401.000000  0.009912
 402.000000  0.008887
 403.000000  0.007642
 404.000000  0.008887
 405.000000  0.007593
 406.000000  0.008984
 407.000000  0.007642
 408.000000  0.008887
 409.000000  0.009863
 410.000000  0.009277
 411.000000  0.010156
 412.000000  0.009131
 413.000000  0.007617
 414.000000  0.009351
 415.000000  0.010131
 416.000000  0.009326
 417.000000  0.007812
 418.000000  0.009399
 419.000000  0.008032
 420.000000  0.009668
 421.000000  0.007690
 422.000000  0.009375
 423.000000  0.007861
 424.000000  0.009595
 425.000000  0.010571
 426.000000  0.009619
 427.000000  0.010717
 428.000000  0.009668
 429.000000  0.010717
 430.000000  0.009692
 431.000000  0.010669
 432.000000  0.009766
 433.000000  0.008813
 434.000000  0.009717
 435.000000  0.011206
 436.000000  0.009692
 437.000000  0.011450
 438.000000  0.009766
 439.000000  0.011303
 440.000000  0.009766
 441.000000  0.011596
 442.000000  0.009766
 443.000000  0.011938
 444.000000  0.009766
 445.000000  0.011792
 446.000000  0.009766
 447.000000  0.009595
 448.000000  0.009766
 449.000000  0.012011
 450.000000  0.009766
 451.000000  0.012109
 452.000000  0.009766
 453.000000  0.012207
 454.000000  0.009766
 455.000000  0.012207
 456.000000  0.009766
 457.000000  0.012207
 458.000000  0.009766
 459.000000  0.012182
 460.000000  0.009766
 461.000000  0.012207
 462.000000  0.009790
 463.000000  0.012207
 464.000000  0.009814
 465.000000  0.012207
 466.000000  0.009961
 467.000000  0.009766
 468.000000  0.009912
 469.000000  0.009766
 470.000000  0.010034
 471.000000  0.012207
 472.000000  0.010205
 473.000000  0.009814
 474.000000  0.010547
 475.000000  0.012231
 476.000000  0.010644
 477.000000  0.009863
 478.000000  0.011035
 479.000000  0.012573
 480.000000  0.011938
 481.000000  0.012988
 482.000000  0.011694
 483.000000  0.011011
 484.000000  0.012036
 485.000000  0.013964
 486.000000  0.012085
 487.000000  0.011157
 488.000000  0.012207
 489.000000  0.011938
 490.000000  0.012207
 491.000000  0.014257
 492.000000  0.012207
 493.000000  0.014599
 494.000000  0.012207
 495.000000  0.014624
 496.000000  0.012207
 497.000000  0.012207
 498.000000  0.012231
 499.000000  0.014648
 500.000000  0.012207
 501.000000  0.014648
 502.000000  0.012305
 503.000000  0.014697
 504.000000  0.012939
 505.000000  0.014648
 506.000000  0.012939
 507.000000  0.012329
 508.000000  0.014160
 509.000000  0.012402
 510.000000  0.014233
 511.000000  0.015307
 512.000000  0.014551
 513.000000  0.013647
 514.000000  0.014551
 515.000000  0.013452
 516.000000  0.014624
 517.000000  0.014380
 518.000000  0.014648
 519.000000  0.014478
 520.000000  0.014673
 521.000000  0.014600
 522.000000  0.014844
 523.000000  0.016992
 524.000000  0.014770
 525.000000  0.017016
 526.000000  0.015747
 527.000000  0.017285
 528.000000  0.015845
 529.000000  0.017382
 530.000000  0.016333
 531.000000  0.018115
 532.000000  0.016431
 533.000000  0.014893
 534.000000  0.016138
 535.000000  0.016016
 536.000000  0.017041
 537.000000  0.017944
 538.000000  0.016626
 539.000000  0.018115
 540.000000  0.017358
 541.000000  0.017090
 542.000000  0.017065
 543.000000  0.016553
 544.000000  0.017310
 545.000000  0.017773
 546.000000  0.018677
 547.000000  0.019482
 548.000000  0.017334
 549.000000  0.020629
 550.000000  0.019971
 551.000000  0.020239
 552.000000  0.017822
 553.000000  0.017285
 554.000000  0.019897
 555.000000  0.020068
 556.000000  0.019458
 557.000000  0.020385
 558.000000  0.019653
 559.000000  0.024438
 560.000000  0.021924
 561.000000  0.018530
 562.000000  0.019629
 563.000000  0.024389
 564.000000  0.026855
 565.000000  0.024414
 566.000000  0.019873
 567.000000  0.022680
 568.000000  0.026831
 569.000000  0.031713
 570.000000  0.022925
 571.000000  0.023315
 572.000000  0.024170
 573.000000  0.034716
 574.000000  0.032690
 575.000000  0.025317
 576.000000  0.023462
 577.000000  0.033715
 578.000000  0.055151
 579.000000  0.041455
 580.000000  0.026855
 581.000000  0.029712
 582.000000  0.078369
 583.000000  0.156885
 584.000000  0.058594
 585.000000  0.029541
 586.000000  0.029639
 587.000000  0.062500
 588.000000  0.136645
 589.000000  0.099414
 590.000000  0.031738
 591.000000  0.037451
 592.000000  0.093335
 593.000000  0.194019
 594.000000  0.101343
 595.000000  0.033056
 596.000000  0.035010
 597.000000  0.073120
 598.000000  0.095264
 599.000000  0.042016
 600.000000  0.030347
 601.000000  0.041015
 602.000000  0.104517
 603.000000  0.183178
 604.000000  0.050220
 605.000000  0.041552
 606.000000  0.110693
 607.000000  0.550195
 608.000000  0.538794
 609.000000  0.061914
 610.000000  0.029687
 611.000000  0.031982
 612.000000  0.039062
 613.000000  0.031860
 614.000000  0.026855
 615.000000  0.025000
 616.000000  0.026489
 617.000000  0.026929
 618.000000  0.022241
 619.000000  0.024292
 620.000000  0.022437
 621.000000  0.025000
 622.000000  0.023779
 623.000000  0.022192
 624.000000  0.022924
 625.000000  0.023510
 626.000000  0.021973
 627.000000  0.023754
 628.000000  0.019800
 629.000000  0.021850
 630.000000  0.019849
 631.000000  0.022119
 632.000000  0.019556
 633.000000  0.020971
 634.000000  0.019482
 635.000000  0.021801
 636.000000  0.019531
 637.000000  0.017554
 638.000000  0.017871
 639.000000  0.019580
 640.000000  0.019458
 641.000000  0.019946
 642.000000  0.018457
 643.000000  0.017090
 644.000000  0.019653
 645.000000  0.019531
 646.000000  0.019775
 647.000000  0.019506
 648.000000  0.017090
 649.000000  0.016748
 650.000000  0.017090
 651.000000  0.017041
 652.000000  0.017090
 653.000000  0.015430
 654.000000  0.017090
 655.000000  0.019262
 656.000000  0.017065
 657.000000  0.017407
 658.000000  0.016992
 659.000000  0.015356
 660.000000  0.016919
 661.000000  0.017211
 662.000000  0.015649
 663.000000  0.017089
 664.000000  0.017236
 665.000000  0.017114
 666.000000  0.017138
 667.000000  0.017065
 668.000000  0.014673
 669.000000  0.014551
 670.000000  0.014648
 671.000000  0.014478
 672.000000  0.014648
 673.000000  0.016894
 674.000000  0.017114
 675.000000  0.016894
 676.000000  0.014624
 677.000000  0.015429
 678.000000  0.014282
 679.000000  0.015747
 680.000000  0.013940
 681.000000  0.012427
 682.000000  0.013281
 683.000000  0.014746
 684.000000  0.013232
 685.000000  0.014990
 686.000000  0.012988
 687.000000  0.012378
 688.000000  0.015063
 689.000000  0.012207
 690.000000  0.015502
 691.000000  0.014477
 692.000000  0.012549
 693.000000  0.014550
 694.000000  0.012280
 695.000000  0.014550
 696.000000  0.014624
 697.000000  0.014306
 698.000000  0.012109
 699.000000  0.013867
 700.000000  0.012012
 701.000000  0.011328
 702.000000  0.011914
 703.000000  0.010864
 704.000000  0.014184
 705.000000  0.012695
 706.000000  0.011304
 707.000000  0.010547
 708.000000  0.011060
 709.000000  0.012402
 710.000000  0.010693
 711.000000  0.012353
 712.000000  0.010644
 713.000000  0.012548
 714.000000  0.010644
 715.000000  0.012329
 716.000000  0.010034
 717.000000  0.012207
 718.000000  0.009985
 719.000000  0.012207
 720.000000  0.010034
 721.000000  0.012207
 722.000000  0.009888
 723.000000  0.012182
 724.000000  0.009863
 725.000000  0.012182
 726.000000  0.009790
 727.000000  0.012085
 728.000000  0.009766
 729.000000  0.009668
 730.000000  0.009766
 731.000000  0.012060
 732.000000  0.009741
 733.000000  0.012011
 734.000000  0.012231
 735.000000  0.011987
 736.000000  0.009766
 737.000000  0.011767
 738.000000  0.009766
 739.000000  0.011425
 740.000000  0.009766
 741.000000  0.011499
 742.000000  0.009766
 743.000000  0.008838
 744.000000  0.009717
 745.000000  0.011377
 746.000000  0.009692
 747.000000  0.008447
 748.000000  0.009668
 749.000000  0.010546
 750.000000  0.009570
 751.000000  0.010327
 752.000000  0.011889
 753.000000  0.010376
 754.000000  0.009497
 755.000000  0.010009
 756.000000  0.009253
 757.000000  0.009912
 758.000000  0.009473
 759.000000  0.007568
 760.000000  0.009106
 761.000000  0.009985
 762.000000  0.008960
 763.000000  0.009887
 764.000000  0.008789
 765.000000  0.009814
 766.000000  0.008789
 767.000000  0.007471
 768.000000  0.009033
 769.000000  0.009790
 770.000000  0.008765
 771.000000  0.009790
 772.000000  0.008203
 773.000000  0.009790
 774.000000  0.010644
 775.000000  0.009765
 776.000000  0.010424
 777.000000  0.009765
 778.000000  0.007739
 779.000000  0.007324
 780.000000  0.008032
 781.000000  0.007324
 782.000000  0.010107
 783.000000  0.009765
 784.000000  0.007568
 785.000000  0.009765
 786.000000  0.007568
 787.000000  0.009765
 788.000000  0.010058
 789.000000  0.009765
 790.000000  0.007349
 791.000000  0.009765
 792.000000  0.007349
 793.000000  0.009765
 794.000000  0.007324
 795.000000  0.009765
 796.000000  0.007422
 797.000000  0.009765
 798.000000  0.007349
 799.000000  0.009765
 800.000000  0.007397
 801.000000  0.009765
 802.000000  0.009814
 803.000000  0.009765
 804.000000  0.007324
 805.000000  0.009765
 806.000000  0.007397
 807.000000  0.009765
 808.000000  0.009790
 809.000000  0.007300
 810.000000  0.007397
 811.000000  0.007324
 812.000000  0.007349
 813.000000  0.007324
 814.000000  0.007324
 815.000000  0.009765
 816.000000  0.007349
 817.000000  0.009716
 818.000000  0.007324
 819.000000  0.009741
 820.000000  0.007324
 821.000000  0.009765
 822.000000  0.007324
 823.000000  0.009741
 824.000000  0.009765
 825.000000  0.009765
 826.000000  0.007324
 827.000000  0.009741
 828.000000  0.007397
 829.000000  0.009668
 830.000000  0.007324
 831.000000  0.009716
 832.000000  0.007349
 833.000000  0.009716
 834.000000  0.007300
 835.000000  0.009619
 836.000000  0.009790
 837.000000  0.009521
 838.000000  0.007300
 839.000000  0.009594
 840.000000  0.007471
 841.000000  0.009448
 842.000000  0.009912
 843.000000  0.009448
 844.000000  0.007446
 845.000000  0.007056
 846.000000  0.009765
 847.000000  0.009399
 848.000000  0.007300
 849.000000  0.009497
 850.000000  0.007251
 851.000000  0.009277
 852.000000  0.007324
 853.000000  0.006934
 854.000000  0.009716
 855.000000  0.009423
 856.000000  0.007349
 857.000000  0.006811
 858.000000  0.007349
 859.000000  0.006958
 860.000000  0.009765
 861.000000  0.009252
 862.000000  0.007251
 863.000000  0.006885
 864.000000  0.007275
 865.000000  0.009545
 866.000000  0.009765
 867.000000  0.006934
 868.000000  0.007324
 869.000000  0.009350
 870.000000  0.007300
 871.000000  0.009326
 872.000000  0.007324
 873.000000  0.009252
 874.000000  0.007324
 875.000000  0.009326
 876.000000  0.007300
 877.000000  0.006885
 878.000000  0.007324
 879.000000  0.007129
 880.000000  0.007324
 881.000000  0.009594
 882.000000  0.007300
 883.000000  0.009277
 884.000000  0.007324
 885.000000  0.009399
 886.000000  0.007349
 887.000000  0.006787
 888.000000  0.007324
 889.000000  0.009277
 890.000000  0.007324
 891.000000  0.009448
 892.000000  0.007300
 893.000000  0.009448
 894.000000  0.007324
 895.000000  0.009497
 896.000000  0.007324
 897.000000  0.009350
 898.000000  0.007300
 899.000000  0.009252
 900.000000  0.007324
 901.000000  0.009399
 902.000000  0.009765
 903.000000  0.009179
 904.000000  0.007324
 905.000000  0.009057
 906.000000  0.009765
 907.000000  0.009106
 908.000000  0.009765
 909.000000  0.009204
 910.000000  0.007324
 911.000000  0.008960
 912.000000  0.007300
 913.000000  0.009057
 914.000000  0.007324
 915.000000  0.009130
 916.000000  0.007275
 917.000000  0.009155
 918.000000  0.009741
 919.000000  0.008667
 920.000000  0.009741
 921.000000  0.008569
 922.000000  0.007300
 923.000000  0.008691
 924.000000  0.007300
 925.000000  0.009057
 926.000000  0.007300
 927.000000  0.009179
 928.000000  0.007324
 929.000000  0.009179
 930.000000  0.007324
 931.000000  0.008984
 932.000000  0.007300
 933.000000  0.009130
 934.000000  0.007324
 935.000000  0.008886
 936.000000  0.007324
 937.000000  0.008960
 938.000000  0.007324
 939.000000  0.008618
 940.000000  0.007324
 941.000000  0.009057
 942.000000  0.007324
 943.000000  0.008960
 944.000000  0.007275
 945.000000  0.006421
 946.000000  0.009765
 947.000000  0.009301
 948.000000  0.007324
 949.000000  0.009130
 950.000000  0.009741
 951.000000  0.009082
 952.000000  0.007300
 953.000000  0.009057
 954.000000  0.007324
 955.000000  0.008837
 956.000000  0.007324
 957.000000  0.008789
 958.000000  0.007324
 959.000000  0.006689
 960.000000  0.007324
 961.000000  0.006372
 962.000000  0.009716
 963.000000  0.006592
 964.000000  0.007251
 965.000000  0.009106
 966.000000  0.007275
 967.000000  0.008813
 968.000000  0.007227
 969.000000  0.008886
 970.000000  0.009765
 971.000000  0.008789
 972.000000  0.007300
 973.000000  0.008618
 974.000000  0.007300
 975.000000  0.008911
 976.000000  0.007300
 977.000000  0.008667
 978.000000  0.007275
 979.000000  0.008740
 980.000000  0.007227
 981.000000  0.009130
 982.000000  0.007300
 983.000000  0.006421
 984.000000  0.007227
 985.000000  0.008960
 986.000000  0.007275
 987.000000  0.008252
 988.000000  0.009765
 989.000000  0.008667
 990.000000  0.007300
 991.000000  0.008691
 992.000000  0.007202
 993.000000  0.008422
 994.000000  0.007080
 995.000000  0.008496
 996.000000  0.006738
 997.000000  0.008374
 998.000000  0.009375
 999.000000  0.008544
 1000.000000  0.009423
 1001.000000  0.008398
 1002.000000  0.006958
 1003.000000  0.008520
 1004.000000  0.007104
 1005.000000  0.008667
 1006.000000  0.007080
 1007.000000  0.008544
 1008.000000  0.006934
 1009.000000  0.008569
 1010.000000  0.006982
 1011.000000  0.008398
 1012.000000  0.007080
 1013.000000  0.008300
 1014.000000  0.006982
 1015.000000  0.008374
 1016.000000  0.007031
 1017.000000  0.008789
 1018.000000  0.007080
 1019.000000  0.008642
 1020.000000  0.007080
 1021.000000  0.008496
 1022.000000  0.007056
 1023.000000  0.008520
