 0.000000  0.007324
 1.000000  0.007324
 2.000000  0.007324
 3.000000  0.007274
 4.000000  0.007324
 5.000000  0.007299
 6.000000  0.007399
 7.000000  0.007299
 8.000000  0.007324
 9.000000  0.007324
 10.000000  0.007349
 11.000000  0.007324
 12.000000  0.007324
 13.000000  0.007324
 14.000000  0.007349
 15.000000  0.007324
 16.000000  0.007324
 17.000000  0.007299
 18.000000  0.007324
 19.000000  0.007324
 20.000000  0.007324
 21.000000  0.007324
 22.000000  0.007324
 23.000000  0.007324
 24.000000  0.007324
 25.000000  0.007324
 26.000000  0.007399
 27.000000  0.009765
 28.000000  0.007324
 29.000000  0.007299
 30.000000  0.007324
 31.000000  0.007324
 32.000000  0.007324
 33.000000  0.007274
 34.000000  0.007324
 35.000000  0.007324
 36.000000  0.007349
 37.000000  0.007324
 38.000000  0.007324
 39.000000  0.009765
 40.000000  0.007324
 41.000000  0.007299
 42.000000  0.007349
 43.000000  0.007299
 44.000000  0.007324
 45.000000  0.007274
 46.000000  0.007324
 47.000000  0.007249
 48.000000  0.007349
 49.000000  0.007299
 50.000000  0.007324
 51.000000  0.007324
 52.000000  0.007249
 53.000000  0.007200
 54.000000  0.007374
 55.000000  0.007225
 56.000000  0.007399
 57.000000  0.007274
 58.000000  0.007424
 59.000000  0.009591
 60.000000  0.007374
 61.000000  0.009616
 62.000000  0.007374
 63.000000  0.007175
 64.000000  0.007523
 65.000000  0.007175
 66.000000  0.007399
 67.000000  0.009516
 68.000000  0.007374
 69.000000  0.007025
 70.000000  0.007449
 71.000000  0.006726
 72.000000  0.007474
 73.000000  0.007225
 74.000000  0.007523
 75.000000  0.007249
 76.000000  0.007897
 77.000000  0.007175
 78.000000  0.007299
 79.000000  0.007100
 80.000000  0.007399
 81.000000  0.007249
 82.000000  0.007324
 83.000000  0.007075
 84.000000  0.007349
 85.000000  0.007225
 86.000000  0.007349
 87.000000  0.007175
 88.000000  0.007449
 89.000000  0.007225
 90.000000  0.007399
 91.000000  0.007249
 92.000000  0.007399
 93.000000  0.007324
 94.000000  0.007474
 95.000000  0.007249
 96.000000  0.007374
 97.000000  0.007150
 98.000000  0.007424
 99.000000  0.007274
 100.000000  0.007399
 101.000000  0.009666
 102.000000  0.007349
 103.000000  0.009740
 104.000000  0.007324
 105.000000  0.007274
 106.000000  0.007374
 107.000000  0.007249
 108.000000  0.007374
 109.000000  0.009740
 110.000000  0.007349
 111.000000  0.007274
 112.000000  0.007324
 113.000000  0.007324
 114.000000  0.007374
 115.000000  0.007299
 116.000000  0.007324
 117.000000  0.007299
 118.000000  0.007349
 119.000000  0.007274
 120.000000  0.007374
 121.000000  0.007274
 122.000000  0.007349
 123.000000  0.007274
 124.000000  0.007324
 125.000000  0.007299
 126.000000  0.007374
 127.000000  0.009765
 128.000000  0.007324
 129.000000  0.007299
 130.000000  0.007324
 131.000000  0.009715
 132.000000  0.007324
 133.000000  0.007324
 134.000000  0.007374
 135.000000  0.009666
 136.000000  0.007324
 137.000000  0.007299
 138.000000  0.007324
 139.000000  0.007299
 140.000000  0.007324
 141.000000  0.007249
 142.000000  0.007324
 143.000000  0.007324
 144.000000  0.007324
 145.000000  0.009765
 146.000000  0.007324
 147.000000  0.007299
 148.000000  0.007324
 149.000000  0.009765
 150.000000  0.007324
 151.000000  0.007324
 152.000000  0.007324
 153.000000  0.007324
 154.000000  0.007324
 155.000000  0.007299
 156.000000  0.007324
 157.000000  0.009765
 158.000000  0.007324
 159.000000  0.007324
 160.000000  0.007324
 161.000000  0.007274
 162.000000  0.007324
 163.000000  0.007324
 164.000000  0.007324
 165.000000  0.007324
 166.000000  0.007324
 167.000000  0.007324
 168.000000  0.007324
 169.000000  0.009666
 170.000000  0.007349
 171.000000  0.007274
 172.000000  0.007324
 173.000000  0.007299
 174.000000  0.007324
 175.000000  0.007274
 176.000000  0.007324
 177.000000  0.007324
 178.000000  0.007324
 179.000000  0.009715
 180.000000  0.007324
 181.000000  0.007274
 182.000000  0.007349
 183.000000  0.007299
 184.000000  0.007324
 185.000000  0.007299
 186.000000  0.007324
 187.000000  0.007274
 188.000000  0.007349
 189.000000  0.007225
 190.000000  0.007324
 191.000000  0.007225
 192.000000  0.007324
 193.000000  0.007225
 194.000000  0.007324
 195.000000  0.007324
 196.000000  0.009765
 197.000000  0.007125
 198.000000  0.007349
 199.000000  0.009690
 200.000000  0.007324
 201.000000  0.009591
 202.000000  0.007324
 203.000000  0.007150
 204.000000  0.007349
 205.000000  0.007150
 206.000000  0.007349
 207.000000  0.007150
 208.000000  0.007349
 209.000000  0.009740
 210.000000  0.007424
 211.000000  0.007225
 212.000000  0.007374
 213.000000  0.009466
 214.000000  0.007274
 215.000000  0.007000
 216.000000  0.007548
 217.000000  0.007050
 218.000000  0.007474
 219.000000  0.009541
 220.000000  0.007474
 221.000000  0.007125
 222.000000  0.007399
 223.000000  0.007175
 224.000000  0.007449
 225.000000  0.007000
 226.000000  0.007349
 227.000000  0.009491
 228.000000  0.007748
 229.000000  0.009317
 230.000000  0.007424
 231.000000  0.006826
 232.000000  0.007399
 233.000000  0.009317
 234.000000  0.007673
 235.000000  0.007324
 236.000000  0.007349
 237.000000  0.007175
 238.000000  0.007374
 239.000000  0.009740
 240.000000  0.007399
 241.000000  0.007200
 242.000000  0.007349
 243.000000  0.009616
 244.000000  0.007474
 245.000000  0.007249
 246.000000  0.007349
 247.000000  0.007249
 248.000000  0.007374
 249.000000  0.007225
 250.000000  0.007374
 251.000000  0.007249
 252.000000  0.007324
 253.000000  0.007225
 254.000000  0.007424
 255.000000  0.009715
 256.000000  0.007449
 257.000000  0.007249
 258.000000  0.007399
 259.000000  0.007299
 260.000000  0.007349
 261.000000  0.007274
 262.000000  0.007349
 263.000000  0.009740
 264.000000  0.007324
 265.000000  0.009690
 266.000000  0.007349
 267.000000  0.009740
 268.000000  0.007324
 269.000000  0.009740
 270.000000  0.007324
 271.000000  0.007299
 272.000000  0.007349
 273.000000  0.007249
 274.000000  0.007399
 275.000000  0.009715
 276.000000  0.007349
 277.000000  0.009740
 278.000000  0.007374
 279.000000  0.007324
 280.000000  0.007374
 281.000000  0.009740
 282.000000  0.007374
 283.000000  0.009740
 284.000000  0.007324
 285.000000  0.007324
 286.000000  0.007399
 287.000000  0.007324
 288.000000  0.007349
 289.000000  0.009765
 290.000000  0.007324
 291.000000  0.007299
 292.000000  0.007349
 293.000000  0.007324
 294.000000  0.007374
 295.000000  0.009765
 296.000000  0.007374
 297.000000  0.009740
 298.000000  0.007349
 299.000000  0.009765
 300.000000  0.007399
 301.000000  0.007324
 302.000000  0.007324
 303.000000  0.009765
 304.000000  0.007374
 305.000000  0.007324
 306.000000  0.007399
 307.000000  0.009765
 308.000000  0.007349
 309.000000  0.009765
 310.000000  0.007374
 311.000000  0.007324
 312.000000  0.007374
 313.000000  0.007324
 314.000000  0.007548
 315.000000  0.009765
 316.000000  0.007424
 317.000000  0.007324
 318.000000  0.007349
 319.000000  0.007324
 320.000000  0.007374
 321.000000  0.009765
 322.000000  0.007474
 323.000000  0.009765
 324.000000  0.007349
 325.000000  0.007324
 326.000000  0.007399
 327.000000  0.007324
 328.000000  0.007349
 329.000000  0.009740
 330.000000  0.007424
 331.000000  0.009765
 332.000000  0.007499
 333.000000  0.009765
 334.000000  0.007548
 335.000000  0.009765
 336.000000  0.007523
 337.000000  0.007324
 338.000000  0.007548
 339.000000  0.007324
 340.000000  0.007548
 341.000000  0.009765
 342.000000  0.009940
 343.000000  0.009765
 344.000000  0.007623
 345.000000  0.009765
 346.000000  0.007623
 347.000000  0.007324
 348.000000  0.007598
 349.000000  0.009765
 350.000000  0.007673
 351.000000  0.009765
 352.000000  0.007474
 353.000000  0.009765
 354.000000  0.007673
 355.000000  0.007324
 356.000000  0.007847
 357.000000  0.007349
 358.000000  0.008346
 359.000000  0.009840
 360.000000  0.008420
 361.000000  0.007324
 362.000000  0.007997
 363.000000  0.009765
 364.000000  0.008022
 365.000000  0.007324
 366.000000  0.008221
 367.000000  0.007324
 368.000000  0.008346
 369.000000  0.007449
 370.000000  0.008520
 371.000000  0.009815
 372.000000  0.008321
 373.000000  0.009940
 374.000000  0.008395
 375.000000  0.009940
 376.000000  0.008470
 377.000000  0.007474
 378.000000  0.008495
 379.000000  0.007548
 380.000000  0.009118
 381.000000  0.010114
 382.000000  0.008819
 383.000000  0.007598
 384.000000  0.008296
 385.000000  0.007847
 386.000000  0.008993
 387.000000  0.010014
 388.000000  0.009242
 389.000000  0.010263
 390.000000  0.008520
 391.000000  0.009940
 392.000000  0.009193
 393.000000  0.007798
 394.000000  0.008993
 395.000000  0.007723
 396.000000  0.009168
 397.000000  0.007623
 398.000000  0.009367
 399.000000  0.007598
 400.000000  0.009043
 401.000000  0.010288
 402.000000  0.009541
 403.000000  0.008296
 404.000000  0.009317
 405.000000  0.007922
 406.000000  0.009342
 407.000000  0.008370
 408.000000  0.009591
 409.000000  0.010313
 410.000000  0.009392
 411.000000  0.010338
 412.000000  0.009666
 413.000000  0.008495
 414.000000  0.009691
 415.000000  0.010961
 416.000000  0.009766
 417.000000  0.008894
 418.000000  0.009766
 419.000000  0.009342
 420.000000  0.009766
 421.000000  0.008744
 422.000000  0.009766
 423.000000  0.009018
 424.000000  0.009741
 425.000000  0.011534
 426.000000  0.009766
 427.000000  0.012007
 428.000000  0.009766
 429.000000  0.012082
 430.000000  0.009766
 431.000000  0.011908
 432.000000  0.009766
 433.000000  0.009492
 434.000000  0.009766
 435.000000  0.012132
 436.000000  0.009766
 437.000000  0.012057
 438.000000  0.009766
 439.000000  0.012182
 440.000000  0.009766
 441.000000  0.012207
 442.000000  0.009766
 443.000000  0.012207
 444.000000  0.009766
 445.000000  0.012207
 446.000000  0.009766
 447.000000  0.009766
 448.000000  0.009766
 449.000000  0.012207
 450.000000  0.009790
 451.000000  0.012207
 452.000000  0.009840
 453.000000  0.012207
 454.000000  0.009940
 455.000000  0.012207
 456.000000  0.010065
 457.000000  0.012207
 458.000000  0.010463
 459.000000  0.012232
 460.000000  0.010513
 461.000000  0.012281
 462.000000  0.010438
 463.000000  0.012306
 464.000000  0.011659
 465.000000  0.012854
 466.000000  0.011783
 467.000000  0.010762
 468.000000  0.011933
 469.000000  0.010887
 470.000000  0.012033
 471.000000  0.014000
 472.000000  0.012207
 473.000000  0.011808
 474.000000  0.012207
 475.000000  0.014548
 476.000000  0.012207
 477.000000  0.012107
 478.000000  0.012207
 479.000000  0.014598
 480.000000  0.012232
 481.000000  0.014648
 482.000000  0.012282
 483.000000  0.012207
 484.000000  0.012307
 485.000000  0.014648
 486.000000  0.012631
 487.000000  0.012232
 488.000000  0.012905
 489.000000  0.012207
 490.000000  0.013627
 491.000000  0.014698
 492.000000  0.013353
 493.000000  0.014822
 494.000000  0.014250
 495.000000  0.016292
 496.000000  0.014623
 497.000000  0.012830
 498.000000  0.014524
 499.000000  0.016516
 500.000000  0.014648
 501.000000  0.016840
 502.000000  0.014648
 503.000000  0.016541
 504.000000  0.014648
 505.000000  0.017089
 506.000000  0.014673
 507.000000  0.014599
 508.000000  0.014698
 509.000000  0.014648
 510.000000  0.014972
 511.000000  0.017089
 512.000000  0.015321
 513.000000  0.014648
 514.000000  0.016567
 515.000000  0.014848
 516.000000  0.015595
 517.000000  0.015097
 518.000000  0.017090
 519.000000  0.016168
 520.000000  0.017090
 521.000000  0.016193
 522.000000  0.017090
 523.000000  0.019082
 524.000000  0.017040
 525.000000  0.018460
 526.000000  0.016990
 527.000000  0.019232
 528.000000  0.017439
 529.000000  0.019331
 530.000000  0.017289
 531.000000  0.019456
 532.000000  0.018061
 533.000000  0.018161
 534.000000  0.017538
 535.000000  0.017115
 536.000000  0.017762
 537.000000  0.021349
 538.000000  0.019506
 539.000000  0.019780
 540.000000  0.018859
 541.000000  0.019108
 542.000000  0.021823
 543.000000  0.019182
 544.000000  0.018609
 545.000000  0.018510
 546.000000  0.021848
 547.000000  0.025136
 548.000000  0.019805
 549.000000  0.021848
 550.000000  0.021699
 551.000000  0.028997
 552.000000  0.024862
 553.000000  0.019556
 554.000000  0.020403
 555.000000  0.024813
 556.000000  0.036820
 557.000000  0.029446
 558.000000  0.021973
 559.000000  0.026855
 560.000000  0.050572
 561.000000  0.076481
 562.000000  0.031738
 563.000000  0.025012
 564.000000  0.029322
 565.000000  0.069704
 566.000000  0.075335
 567.000000  0.030044
 568.000000  0.026855
 569.000000  0.056102
 570.000000  0.155004
 571.000000  0.116016
 572.000000  0.029297
 573.000000  0.029122
 574.000000  0.048280
 575.000000  0.097407
 576.000000  0.057199
 577.000000  0.029047
 578.000000  0.025510
 579.000000  0.039934
 580.000000  0.066341
 581.000000  0.058295
 582.000000  0.029322
 583.000000  0.033357
 584.000000  0.088040
 585.000000  0.339903
 586.000000  0.220848
 587.000000  0.036521
 588.000000  0.029297
 589.000000  0.049252
 590.000000  0.087617
 591.000000  0.046860
 592.000000  0.024414
 593.000000  0.024564
 594.000000  0.029421
 595.000000  0.029321
 596.000000  0.024265
 597.000000  0.024364
 598.000000  0.024240
 599.000000  0.026830
 600.000000  0.022097
 601.000000  0.023068
 602.000000  0.021973
 603.000000  0.024389
 604.000000  0.024115
 605.000000  0.022246
 606.000000  0.019830
 607.000000  0.021972
 608.000000  0.019656
 609.000000  0.022022
 610.000000  0.019581
 611.000000  0.020527
 612.000000  0.021972
 613.000000  0.021873
 614.000000  0.021947
 615.000000  0.019556
 616.000000  0.018086
 617.000000  0.017090
 618.000000  0.018609
 619.000000  0.019531
 620.000000  0.017239
 621.000000  0.019531
 622.000000  0.017165
 623.000000  0.019531
 624.000000  0.019556
 625.000000  0.019381
 626.000000  0.017090
 627.000000  0.019406
 628.000000  0.017090
 629.000000  0.018011
 630.000000  0.016915
 631.000000  0.018136
 632.000000  0.017090
 633.000000  0.017837
 634.000000  0.016392
 635.000000  0.017114
 636.000000  0.016218
 637.000000  0.014723
 638.000000  0.015720
 639.000000  0.017089
 640.000000  0.015097
 641.000000  0.017089
 642.000000  0.014898
 643.000000  0.014648
 644.000000  0.017114
 645.000000  0.017064
 646.000000  0.017089
 647.000000  0.017089
 648.000000  0.014648
 649.000000  0.013976
 650.000000  0.014623
 651.000000  0.014200
 652.000000  0.014648
 653.000000  0.013776
 654.000000  0.014574
 655.000000  0.015370
 656.000000  0.014623
 657.000000  0.015221
 658.000000  0.013851
 659.000000  0.012406
 660.000000  0.013976
 661.000000  0.014748
 662.000000  0.013004
 663.000000  0.014648
 664.000000  0.015022
 665.000000  0.014648
 666.000000  0.015196
 667.000000  0.014648
 668.000000  0.012282
 669.000000  0.012207
 670.000000  0.012381
 671.000000  0.012207
 672.000000  0.012257
 673.000000  0.014573
 674.000000  0.014648
 675.000000  0.014224
 676.000000  0.012207
 677.000000  0.013826
 678.000000  0.012132
 679.000000  0.014075
 680.000000  0.012157
 681.000000  0.011186
 682.000000  0.012157
 683.000000  0.013552
 684.000000  0.011933
 685.000000  0.013527
 686.000000  0.011684
 687.000000  0.010588
 688.000000  0.013751
 689.000000  0.010164
 690.000000  0.013452
 691.000000  0.012530
 692.000000  0.010936
 693.000000  0.012356
 694.000000  0.011186
 695.000000  0.012481
 696.000000  0.012605
 697.000000  0.012207
 698.000000  0.010214
 699.000000  0.012256
 700.000000  0.010114
 701.000000  0.009990
 702.000000  0.010189
 703.000000  0.009516
 704.000000  0.012256
 705.000000  0.012182
 706.000000  0.009890
 707.000000  0.009766
 708.000000  0.009815
 709.000000  0.012007
 710.000000  0.009790
 711.000000  0.011982
 712.000000  0.009766
 713.000000  0.011982
 714.000000  0.009766
 715.000000  0.012082
 716.000000  0.009766
 717.000000  0.011883
 718.000000  0.009766
 719.000000  0.011509
 720.000000  0.009766
 721.000000  0.011360
 722.000000  0.009766
 723.000000  0.011335
 724.000000  0.009741
 725.000000  0.011235
 726.000000  0.009766
 727.000000  0.010986
 728.000000  0.009741
 729.000000  0.008595
 730.000000  0.009766
 731.000000  0.011384
 732.000000  0.009641
 733.000000  0.010787
 734.000000  0.012082
 735.000000  0.010438
 736.000000  0.009492
 737.000000  0.010363
 738.000000  0.009442
 739.000000  0.010263
 740.000000  0.009492
 741.000000  0.010263
 742.000000  0.009492
 743.000000  0.007723
 744.000000  0.009292
 745.000000  0.010139
 746.000000  0.008844
 747.000000  0.007499
 748.000000  0.009242
 749.000000  0.009815
 750.000000  0.008620
 751.000000  0.009790
 752.000000  0.010961
 753.000000  0.009815
 754.000000  0.008470
 755.000000  0.009765
 756.000000  0.007922
 757.000000  0.009765
 758.000000  0.008047
 759.000000  0.007324
 760.000000  0.008171
 761.000000  0.009765
 762.000000  0.007773
 763.000000  0.009790
 764.000000  0.007872
 765.000000  0.009765
 766.000000  0.007872
 767.000000  0.007324
 768.000000  0.007773
 769.000000  0.009765
 770.000000  0.007748
 771.000000  0.009765
 772.000000  0.007499
 773.000000  0.009765
 774.000000  0.009940
 775.000000  0.009765
 776.000000  0.009989
 777.000000  0.009765
 778.000000  0.007449
 779.000000  0.007324
 780.000000  0.007399
 781.000000  0.007324
 782.000000  0.009865
 783.000000  0.009765
 784.000000  0.007349
 785.000000  0.009765
 786.000000  0.007424
 787.000000  0.009765
 788.000000  0.009790
 789.000000  0.009765
 790.000000  0.007349
 791.000000  0.009765
 792.000000  0.007324
 793.000000  0.009765
 794.000000  0.007324
 795.000000  0.009765
 796.000000  0.007349
 797.000000  0.009765
 798.000000  0.007324
 799.000000  0.009765
 800.000000  0.007324
 801.000000  0.009740
 802.000000  0.009790
 803.000000  0.009765
 804.000000  0.007324
 805.000000  0.009765
 806.000000  0.007324
 807.000000  0.009740
 808.000000  0.009765
 809.000000  0.007324
 810.000000  0.007349
 811.000000  0.007299
 812.000000  0.007324
 813.000000  0.007274
 814.000000  0.007324
 815.000000  0.009740
 816.000000  0.007324
 817.000000  0.009641
 818.000000  0.007324
 819.000000  0.009715
 820.000000  0.007324
 821.000000  0.009641
 822.000000  0.007324
 823.000000  0.009690
 824.000000  0.009765
 825.000000  0.009491
 826.000000  0.007324
 827.000000  0.009441
 828.000000  0.007324
 829.000000  0.009416
 830.000000  0.007324
 831.000000  0.009641
 832.000000  0.007324
 833.000000  0.009367
 834.000000  0.007349
 835.000000  0.009541
 836.000000  0.009815
 837.000000  0.009441
 838.000000  0.007299
 839.000000  0.008843
 840.000000  0.007249
 841.000000  0.009192
 842.000000  0.009740
 843.000000  0.009416
 844.000000  0.007274
 845.000000  0.006950
 846.000000  0.009790
 847.000000  0.009441
 848.000000  0.007225
 849.000000  0.009342
 850.000000  0.007349
 851.000000  0.009267
 852.000000  0.007424
 853.000000  0.006602
 854.000000  0.009715
 855.000000  0.009068
 856.000000  0.007175
 857.000000  0.006054
 858.000000  0.007150
 859.000000  0.006876
 860.000000  0.009815
 861.000000  0.009093
 862.000000  0.007274
 863.000000  0.006577
 864.000000  0.007299
 865.000000  0.009242
 866.000000  0.009740
 867.000000  0.006826
 868.000000  0.007324
 869.000000  0.009192
 870.000000  0.007299
 871.000000  0.009043
 872.000000  0.007274
 873.000000  0.008993
 874.000000  0.007324
 875.000000  0.009117
 876.000000  0.007249
 877.000000  0.006602
 878.000000  0.007324
 879.000000  0.006701
 880.000000  0.007299
 881.000000  0.009367
 882.000000  0.007324
 883.000000  0.009142
 884.000000  0.007299
 885.000000  0.009292
 886.000000  0.007299
 887.000000  0.006353
 888.000000  0.007324
 889.000000  0.008794
 890.000000  0.007299
 891.000000  0.009292
 892.000000  0.007324
 893.000000  0.009392
 894.000000  0.007324
 895.000000  0.009167
 896.000000  0.007324
 897.000000  0.009093
 898.000000  0.007299
 899.000000  0.008719
 900.000000  0.007299
 901.000000  0.008993
 902.000000  0.009715
 903.000000  0.008943
 904.000000  0.007324
 905.000000  0.008968
 906.000000  0.009740
 907.000000  0.008694
 908.000000  0.009715
 909.000000  0.008893
 910.000000  0.007299
 911.000000  0.008794
 912.000000  0.007324
 913.000000  0.008694
 914.000000  0.007274
 915.000000  0.008719
 916.000000  0.007299
 917.000000  0.009093
 918.000000  0.009765
 919.000000  0.008819
 920.000000  0.009765
 921.000000  0.008819
 922.000000  0.007299
 923.000000  0.008644
 924.000000  0.007299
 925.000000  0.008794
 926.000000  0.007324
 927.000000  0.008794
 928.000000  0.007324
 929.000000  0.008868
 930.000000  0.007324
 931.000000  0.008843
 932.000000  0.007324
 933.000000  0.009267
 934.000000  0.007324
 935.000000  0.008968
 936.000000  0.007324
 937.000000  0.008769
 938.000000  0.007324
 939.000000  0.008719
 940.000000  0.007324
 941.000000  0.008943
 942.000000  0.007274
 943.000000  0.008694
 944.000000  0.007274
 945.000000  0.006427
 946.000000  0.009765
 947.000000  0.008918
 948.000000  0.007274
 949.000000  0.008744
 950.000000  0.009765
 951.000000  0.008993
 952.000000  0.007274
 953.000000  0.008868
 954.000000  0.007324
 955.000000  0.008619
 956.000000  0.007324
 957.000000  0.008669
 958.000000  0.007299
 959.000000  0.006502
 960.000000  0.007299
 961.000000  0.006452
 962.000000  0.009690
 963.000000  0.006452
 964.000000  0.007324
 965.000000  0.008918
 966.000000  0.007299
 967.000000  0.008943
 968.000000  0.007324
 969.000000  0.008843
 970.000000  0.009740
 971.000000  0.008520
 972.000000  0.007249
 973.000000  0.008644
 974.000000  0.007299
 975.000000  0.008843
 976.000000  0.007249
 977.000000  0.008495
 978.000000  0.007299
 979.000000  0.008495
 980.000000  0.007299
 981.000000  0.009093
 982.000000  0.007274
 983.000000  0.006502
 984.000000  0.007274
 985.000000  0.008794
 986.000000  0.007299
 987.000000  0.008569
 988.000000  0.009740
 989.000000  0.008520
 990.000000  0.007175
 991.000000  0.008520
 992.000000  0.007225
 993.000000  0.008769
 994.000000  0.007225
 995.000000  0.008819
 996.000000  0.007125
 997.000000  0.008893
 998.000000  0.009541
 999.000000  0.008669
 1000.000000  0.009690
 1001.000000  0.008395
 1002.000000  0.007100
 1003.000000  0.008270
 1004.000000  0.007125
 1005.000000  0.008644
 1006.000000  0.007125
 1007.000000  0.008719
 1008.000000  0.007150
 1009.000000  0.008046
 1010.000000  0.007150
 1011.000000  0.008843
 1012.000000  0.007100
 1013.000000  0.009093
 1014.000000  0.007000
 1015.000000  0.007972
 1016.000000  0.006652
 1017.000000  0.008495
 1018.000000  0.007150
 1019.000000  0.008520
 1020.000000  0.007100
 1021.000000  0.007972
 1022.000000  0.007225
 1023.000000  0.008420
