 0.000000  0.007298
 1.000000  0.007114
 2.000000  0.007324
 3.000000  0.007298
 4.000000  0.007324
 5.000000  0.007272
 6.000000  0.007377
 7.000000  0.007245
 8.000000  0.007324
 9.000000  0.007272
 10.000000  0.007298
 11.000000  0.007167
 12.000000  0.007324
 13.000000  0.007167
 14.000000  0.007324
 15.000000  0.007219
 16.000000  0.007324
 17.000000  0.007140
 18.000000  0.007350
 19.000000  0.007272
 20.000000  0.007324
 21.000000  0.007219
 22.000000  0.007350
 23.000000  0.007219
 24.000000  0.007324
 25.000000  0.007219
 26.000000  0.007324
 27.000000  0.009660
 28.000000  0.007350
 29.000000  0.007245
 30.000000  0.007350
 31.000000  0.007298
 32.000000  0.007324
 33.000000  0.007272
 34.000000  0.007324
 35.000000  0.007245
 36.000000  0.007324
 37.000000  0.007272
 38.000000  0.007324
 39.000000  0.009713
 40.000000  0.007324
 41.000000  0.007298
 42.000000  0.007324
 43.000000  0.007245
 44.000000  0.007324
 45.000000  0.007193
 46.000000  0.007324
 47.000000  0.007219
 48.000000  0.007324
 49.000000  0.007193
 50.000000  0.007324
 51.000000  0.007219
 52.000000  0.007324
 53.000000  0.007298
 54.000000  0.007324
 55.000000  0.007245
 56.000000  0.007324
 57.000000  0.007219
 58.000000  0.007324
 59.000000  0.009529
 60.000000  0.007324
 61.000000  0.009608
 62.000000  0.007324
 63.000000  0.007167
 64.000000  0.007324
 65.000000  0.007245
 66.000000  0.007324
 67.000000  0.009686
 68.000000  0.007324
 69.000000  0.007245
 70.000000  0.007324
 71.000000  0.007272
 72.000000  0.007324
 73.000000  0.007167
 74.000000  0.007350
 75.000000  0.007140
 76.000000  0.007324
 77.000000  0.007167
 78.000000  0.007324
 79.000000  0.007219
 80.000000  0.007324
 81.000000  0.007245
 82.000000  0.007324
 83.000000  0.007114
 84.000000  0.007324
 85.000000  0.007219
 86.000000  0.007324
 87.000000  0.007245
 88.000000  0.007350
 89.000000  0.007298
 90.000000  0.007324
 91.000000  0.007245
 92.000000  0.007324
 93.000000  0.007167
 94.000000  0.007324
 95.000000  0.007167
 96.000000  0.007324
 97.000000  0.007245
 98.000000  0.007324
 99.000000  0.007219
 100.000000  0.007324
 101.000000  0.009634
 102.000000  0.007298
 103.000000  0.009660
 104.000000  0.007324
 105.000000  0.006957
 106.000000  0.007350
 107.000000  0.007062
 108.000000  0.007324
 109.000000  0.009555
 110.000000  0.007324
 111.000000  0.007114
 112.000000  0.007298
 113.000000  0.006983
 114.000000  0.007324
 115.000000  0.007167
 116.000000  0.007377
 117.000000  0.007062
 118.000000  0.007377
 119.000000  0.007009
 120.000000  0.007324
 121.000000  0.006957
 122.000000  0.007324
 123.000000  0.006957
 124.000000  0.007350
 125.000000  0.006852
 126.000000  0.007324
 127.000000  0.009398
 128.000000  0.007350
 129.000000  0.006957
 130.000000  0.007272
 131.000000  0.009371
 132.000000  0.007350
 133.000000  0.007009
 134.000000  0.007377
 135.000000  0.009450
 136.000000  0.007324
 137.000000  0.006930
 138.000000  0.007324
 139.000000  0.007035
 140.000000  0.007324
 141.000000  0.006983
 142.000000  0.007377
 143.000000  0.007088
 144.000000  0.007298
 145.000000  0.009371
 146.000000  0.007272
 147.000000  0.006825
 148.000000  0.007298
 149.000000  0.009476
 150.000000  0.007403
 151.000000  0.006720
 152.000000  0.007272
 153.000000  0.006773
 154.000000  0.007298
 155.000000  0.006852
 156.000000  0.007377
 157.000000  0.009398
 158.000000  0.007403
 159.000000  0.006878
 160.000000  0.007298
 161.000000  0.006930
 162.000000  0.007324
 163.000000  0.007062
 164.000000  0.007324
 165.000000  0.007114
 166.000000  0.007324
 167.000000  0.007114
 168.000000  0.007324
 169.000000  0.009319
 170.000000  0.007324
 171.000000  0.007035
 172.000000  0.007350
 173.000000  0.007009
 174.000000  0.007324
 175.000000  0.006747
 176.000000  0.007350
 177.000000  0.006930
 178.000000  0.007350
 179.000000  0.009503
 180.000000  0.007324
 181.000000  0.006878
 182.000000  0.007324
 183.000000  0.007114
 184.000000  0.007350
 185.000000  0.007167
 186.000000  0.007298
 187.000000  0.006878
 188.000000  0.007324
 189.000000  0.006747
 190.000000  0.007298
 191.000000  0.006825
 192.000000  0.007324
 193.000000  0.007140
 194.000000  0.007298
 195.000000  0.006983
 196.000000  0.009765
 197.000000  0.006773
 198.000000  0.007324
 199.000000  0.009371
 200.000000  0.007324
 201.000000  0.009345
 202.000000  0.007324
 203.000000  0.006957
 204.000000  0.007324
 205.000000  0.006747
 206.000000  0.007324
 207.000000  0.007035
 208.000000  0.007324
 209.000000  0.009424
 210.000000  0.007324
 211.000000  0.006799
 212.000000  0.007324
 213.000000  0.009660
 214.000000  0.007324
 215.000000  0.007035
 216.000000  0.007324
 217.000000  0.007009
 218.000000  0.007324
 219.000000  0.009424
 220.000000  0.007324
 221.000000  0.006957
 222.000000  0.007324
 223.000000  0.007009
 224.000000  0.007324
 225.000000  0.006930
 226.000000  0.007324
 227.000000  0.009476
 228.000000  0.007324
 229.000000  0.009398
 230.000000  0.007324
 231.000000  0.006825
 232.000000  0.007324
 233.000000  0.009529
 234.000000  0.007324
 235.000000  0.007114
 236.000000  0.007324
 237.000000  0.007114
 238.000000  0.007324
 239.000000  0.009319
 240.000000  0.007324
 241.000000  0.007009
 242.000000  0.007324
 243.000000  0.009398
 244.000000  0.007324
 245.000000  0.007009
 246.000000  0.007324
 247.000000  0.007035
 248.000000  0.007324
 249.000000  0.007088
 250.000000  0.007324
 251.000000  0.006878
 252.000000  0.007324
 253.000000  0.007062
 254.000000  0.007324
 255.000000  0.009345
 256.000000  0.007324
 257.000000  0.006904
 258.000000  0.007324
 259.000000  0.007114
 260.000000  0.007324
 261.000000  0.006983
 262.000000  0.007324
 263.000000  0.009398
 264.000000  0.007324
 265.000000  0.009503
 266.000000  0.007324
 267.000000  0.009319
 268.000000  0.007324
 269.000000  0.009450
 270.000000  0.007272
 271.000000  0.006747
 272.000000  0.007298
 273.000000  0.006852
 274.000000  0.007298
 275.000000  0.009503
 276.000000  0.007298
 277.000000  0.009319
 278.000000  0.007324
 279.000000  0.006957
 280.000000  0.007324
 281.000000  0.009319
 282.000000  0.007350
 283.000000  0.009319
 284.000000  0.007324
 285.000000  0.006930
 286.000000  0.007324
 287.000000  0.007009
 288.000000  0.007298
 289.000000  0.009371
 290.000000  0.007324
 291.000000  0.006930
 292.000000  0.007324
 293.000000  0.006930
 294.000000  0.007298
 295.000000  0.009371
 296.000000  0.007219
 297.000000  0.009398
 298.000000  0.007350
 299.000000  0.009266
 300.000000  0.007324
 301.000000  0.006904
 302.000000  0.007298
 303.000000  0.009266
 304.000000  0.007350
 305.000000  0.006747
 306.000000  0.007140
 307.000000  0.009266
 308.000000  0.007429
 309.000000  0.009319
 310.000000  0.007403
 311.000000  0.006878
 312.000000  0.007245
 313.000000  0.006852
 314.000000  0.007324
 315.000000  0.009529
 316.000000  0.007298
 317.000000  0.006957
 318.000000  0.007272
 319.000000  0.006930
 320.000000  0.007324
 321.000000  0.009581
 322.000000  0.007298
 323.000000  0.009424
 324.000000  0.007298
 325.000000  0.007035
 326.000000  0.007324
 327.000000  0.006983
 328.000000  0.007324
 329.000000  0.009398
 330.000000  0.007324
 331.000000  0.009476
 332.000000  0.007324
 333.000000  0.009424
 334.000000  0.007324
 335.000000  0.009503
 336.000000  0.007324
 337.000000  0.006930
 338.000000  0.007324
 339.000000  0.007062
 340.000000  0.007324
 341.000000  0.009555
 342.000000  0.009765
 343.000000  0.009660
 344.000000  0.007324
 345.000000  0.009608
 346.000000  0.007324
 347.000000  0.007114
 348.000000  0.007298
 349.000000  0.009398
 350.000000  0.007324
 351.000000  0.009581
 352.000000  0.007324
 353.000000  0.009608
 354.000000  0.007324
 355.000000  0.007193
 356.000000  0.007324
 357.000000  0.007035
 358.000000  0.007324
 359.000000  0.009634
 360.000000  0.007324
 361.000000  0.007009
 362.000000  0.007324
 363.000000  0.009503
 364.000000  0.007324
 365.000000  0.007140
 366.000000  0.007324
 367.000000  0.007298
 368.000000  0.007324
 369.000000  0.007114
 370.000000  0.007324
 371.000000  0.009608
 372.000000  0.007324
 373.000000  0.009660
 374.000000  0.007324
 375.000000  0.009634
 376.000000  0.007324
 377.000000  0.007219
 378.000000  0.007324
 379.000000  0.007272
 380.000000  0.007324
 381.000000  0.009765
 382.000000  0.007324
 383.000000  0.007193
 384.000000  0.007324
 385.000000  0.007167
 386.000000  0.007324
 387.000000  0.009713
 388.000000  0.007324
 389.000000  0.009686
 390.000000  0.007324
 391.000000  0.009634
 392.000000  0.007324
 393.000000  0.007245
 394.000000  0.007324
 395.000000  0.007245
 396.000000  0.007324
 397.000000  0.007272
 398.000000  0.007324
 399.000000  0.007298
 400.000000  0.007324
 401.000000  0.009765
 402.000000  0.007324
 403.000000  0.007245
 404.000000  0.007324
 405.000000  0.007245
 406.000000  0.007324
 407.000000  0.007245
 408.000000  0.007324
 409.000000  0.009713
 410.000000  0.007350
 411.000000  0.009765
 412.000000  0.007324
 413.000000  0.007272
 414.000000  0.007324
 415.000000  0.009686
 416.000000  0.007324
 417.000000  0.007298
 418.000000  0.007324
 419.000000  0.007324
 420.000000  0.007350
 421.000000  0.007245
 422.000000  0.007324
 423.000000  0.007245
 424.000000  0.007350
 425.000000  0.009739
 426.000000  0.007350
 427.000000  0.009608
 428.000000  0.007350
 429.000000  0.009686
 430.000000  0.007403
 431.000000  0.009581
 432.000000  0.007298
 433.000000  0.007193
 434.000000  0.007429
 435.000000  0.009581
 436.000000  0.007455
 437.000000  0.009686
 438.000000  0.007403
 439.000000  0.009713
 440.000000  0.007455
 441.000000  0.009739
 442.000000  0.007350
 443.000000  0.009634
 444.000000  0.007508
 445.000000  0.009581
 446.000000  0.007429
 447.000000  0.007298
 448.000000  0.007350
 449.000000  0.009713
 450.000000  0.007482
 451.000000  0.009713
 452.000000  0.007403
 453.000000  0.009739
 454.000000  0.007587
 455.000000  0.009765
 456.000000  0.007508
 457.000000  0.009713
 458.000000  0.007587
 459.000000  0.009581
 460.000000  0.007508
 461.000000  0.009686
 462.000000  0.007797
 463.000000  0.009765
 464.000000  0.007665
 465.000000  0.009713
 466.000000  0.007692
 467.000000  0.007272
 468.000000  0.007718
 469.000000  0.007350
 470.000000  0.007718
 471.000000  0.009739
 472.000000  0.007692
 473.000000  0.007324
 474.000000  0.007692
 475.000000  0.009765
 476.000000  0.007849
 477.000000  0.007324
 478.000000  0.007534
 479.000000  0.009765
 480.000000  0.007718
 481.000000  0.009765
 482.000000  0.007613
 483.000000  0.007403
 484.000000  0.007692
 485.000000  0.009791
 486.000000  0.008269
 487.000000  0.007324
 488.000000  0.007849
 489.000000  0.007324
 490.000000  0.008427
 491.000000  0.009765
 492.000000  0.007639
 493.000000  0.009791
 494.000000  0.008217
 495.000000  0.009844
 496.000000  0.007770
 497.000000  0.007324
 498.000000  0.007954
 499.000000  0.009949
 500.000000  0.009477
 501.000000  0.009765
 502.000000  0.007928
 503.000000  0.009870
 504.000000  0.009687
 505.000000  0.010028
 506.000000  0.007928
 507.000000  0.007350
 508.000000  0.009529
 509.000000  0.008689
 510.000000  0.009319
 511.000000  0.009818
 512.000000  0.009188
 513.000000  0.008689
 514.000000  0.009766
 515.000000  0.007455
 516.000000  0.008899
 517.000000  0.008059
 518.000000  0.009897
 519.000000  0.009477
 520.000000  0.009529
 521.000000  0.008007
 522.000000  0.009792
 523.000000  0.012338
 524.000000  0.009766
 525.000000  0.010290
 526.000000  0.009766
 527.000000  0.012548
 528.000000  0.012207
 529.000000  0.012207
 530.000000  0.009766
 531.000000  0.012207
 532.000000  0.014596
 533.000000  0.012470
 534.000000  0.009766
 535.000000  0.009661
 536.000000  0.013651
 537.000000  0.024755
 538.000000  0.012522
 539.000000  0.011445
 540.000000  0.009766
 541.000000  0.013178
 542.000000  0.018087
 543.000000  0.009739
 544.000000  0.009529
 545.000000  0.009766
 546.000000  0.019085
 547.000000  0.019085
 548.000000  0.009766
 549.000000  0.009949
 550.000000  0.009792
 551.000000  0.016906
 552.000000  0.010737
 553.000000  0.007534
 554.000000  0.009267
 555.000000  0.009766
 556.000000  0.012443
 557.000000  0.011629
 558.000000  0.008374
 559.000000  0.009844
 560.000000  0.009766
 561.000000  0.009766
 562.000000  0.008558
 563.000000  0.009765
 564.000000  0.008794
 565.000000  0.012180
 566.000000  0.009766
 567.000000  0.009765
 568.000000  0.008033
 569.000000  0.009923
 570.000000  0.009766
 571.000000  0.009870
 572.000000  0.007587
 573.000000  0.009765
 574.000000  0.009188
 575.000000  0.010947
 576.000000  0.008085
 577.000000  0.009765
 578.000000  0.007587
 579.000000  0.009975
 580.000000  0.009556
 581.000000  0.007324
 582.000000  0.007508
 583.000000  0.009765
 584.000000  0.009109
 585.000000  0.009844
 586.000000  0.007455
 587.000000  0.009739
 588.000000  0.007613
 589.000000  0.007403
 590.000000  0.008164
 591.000000  0.009686
 592.000000  0.007482
 593.000000  0.007298
 594.000000  0.008558
 595.000000  0.009791
 596.000000  0.007613
 597.000000  0.009765
 598.000000  0.007639
 599.000000  0.009818
 600.000000  0.007455
 601.000000  0.009739
 602.000000  0.007429
 603.000000  0.009739
 604.000000  0.007902
 605.000000  0.009686
 606.000000  0.007403
 607.000000  0.009634
 608.000000  0.007823
 609.000000  0.009686
 610.000000  0.007560
 611.000000  0.009555
 612.000000  0.009870
 613.000000  0.009791
 614.000000  0.009975
 615.000000  0.009713
 616.000000  0.007482
 617.000000  0.007324
 618.000000  0.007587
 619.000000  0.009608
 620.000000  0.007429
 621.000000  0.009581
 622.000000  0.007613
 623.000000  0.009660
 624.000000  0.009923
 625.000000  0.009529
 626.000000  0.007298
 627.000000  0.009634
 628.000000  0.007324
 629.000000  0.009608
 630.000000  0.007377
 631.000000  0.009581
 632.000000  0.007350
 633.000000  0.009739
 634.000000  0.007377
 635.000000  0.009503
 636.000000  0.007324
 637.000000  0.007193
 638.000000  0.007324
 639.000000  0.009581
 640.000000  0.007350
 641.000000  0.009634
 642.000000  0.007429
 643.000000  0.007219
 644.000000  0.009765
 645.000000  0.009424
 646.000000  0.009765
 647.000000  0.009713
 648.000000  0.007324
 649.000000  0.007088
 650.000000  0.007298
 651.000000  0.007062
 652.000000  0.007324
 653.000000  0.007114
 654.000000  0.007324
 655.000000  0.009608
 656.000000  0.007324
 657.000000  0.009581
 658.000000  0.007324
 659.000000  0.007009
 660.000000  0.007298
 661.000000  0.009450
 662.000000  0.007324
 663.000000  0.009424
 664.000000  0.009739
 665.000000  0.009319
 666.000000  0.009765
 667.000000  0.009424
 668.000000  0.007298
 669.000000  0.006668
 670.000000  0.007324
 671.000000  0.006773
 672.000000  0.007324
 673.000000  0.009293
 674.000000  0.009765
 675.000000  0.009214
 676.000000  0.007324
 677.000000  0.009030
 678.000000  0.007324
 679.000000  0.008978
 680.000000  0.007324
 681.000000  0.006694
 682.000000  0.007324
 683.000000  0.009004
 684.000000  0.007324
 685.000000  0.009476
 686.000000  0.007324
 687.000000  0.006773
 688.000000  0.009765
 689.000000  0.006563
 690.000000  0.009765
 691.000000  0.008899
 692.000000  0.007324
 693.000000  0.008846
 694.000000  0.007324
 695.000000  0.009056
 696.000000  0.009686
 697.000000  0.008951
 698.000000  0.007298
 699.000000  0.008873
 700.000000  0.007324
 701.000000  0.006589
 702.000000  0.007324
 703.000000  0.006300
 704.000000  0.009765
 705.000000  0.008610
 706.000000  0.007298
 707.000000  0.006720
 708.000000  0.007324
 709.000000  0.008899
 710.000000  0.007298
 711.000000  0.009083
 712.000000  0.007324
 713.000000  0.008846
 714.000000  0.007298
 715.000000  0.008768
 716.000000  0.007298
 717.000000  0.008794
 718.000000  0.007324
 719.000000  0.008689
 720.000000  0.007324
 721.000000  0.008899
 722.000000  0.007298
 723.000000  0.008741
 724.000000  0.007324
 725.000000  0.008663
 726.000000  0.007324
 727.000000  0.008505
 728.000000  0.007245
 729.000000  0.006195
 730.000000  0.007324
 731.000000  0.008768
 732.000000  0.007298
 733.000000  0.008636
 734.000000  0.009660
 735.000000  0.008531
 736.000000  0.007298
 737.000000  0.008794
 738.000000  0.007298
 739.000000  0.008636
 740.000000  0.007324
 741.000000  0.008374
 742.000000  0.007272
 743.000000  0.005959
 744.000000  0.007035
 745.000000  0.008400
 746.000000  0.007062
 747.000000  0.006090
 748.000000  0.007193
 749.000000  0.008295
 750.000000  0.007009
 751.000000  0.008400
 752.000000  0.009608
 753.000000  0.008610
 754.000000  0.007193
 755.000000  0.008243
 756.000000  0.007114
 757.000000  0.008033
 758.000000  0.007088
 759.000000  0.005959
 760.000000  0.007140
 761.000000  0.008269
 762.000000  0.007140
 763.000000  0.008138
 764.000000  0.006983
 765.000000  0.008111
 766.000000  0.007193
 767.000000  0.005854
 768.000000  0.007062
 769.000000  0.008164
 770.000000  0.007009
 771.000000  0.008085
 772.000000  0.006904
 773.000000  0.008243
 774.000000  0.009476
 775.000000  0.008216
 776.000000  0.009476
 777.000000  0.008033
 778.000000  0.006878
 779.000000  0.005565
 780.000000  0.006852
 781.000000  0.005697
 782.000000  0.009476
 783.000000  0.008164
 784.000000  0.007009
 785.000000  0.008138
 786.000000  0.007140
 787.000000  0.008059
 788.000000  0.009424
 789.000000  0.008164
 790.000000  0.006957
 791.000000  0.007875
 792.000000  0.007062
 793.000000  0.007849
 794.000000  0.007140
 795.000000  0.007744
 796.000000  0.007035
 797.000000  0.007901
 798.000000  0.006904
 799.000000  0.008006
 800.000000  0.007193
 801.000000  0.007823
 802.000000  0.009581
 803.000000  0.007928
 804.000000  0.006983
 805.000000  0.008006
 806.000000  0.007140
 807.000000  0.008059
 808.000000  0.009503
 809.000000  0.005250
 810.000000  0.007114
 811.000000  0.005513
 812.000000  0.007009
 813.000000  0.005224
 814.000000  0.007062
 815.000000  0.007928
 816.000000  0.007062
 817.000000  0.007770
 818.000000  0.007088
 819.000000  0.008006
 820.000000  0.007035
 821.000000  0.007770
 822.000000  0.007035
 823.000000  0.007875
 824.000000  0.009345
 825.000000  0.007744
 826.000000  0.007114
 827.000000  0.007796
 828.000000  0.007114
 829.000000  0.007770
 830.000000  0.007035
 831.000000  0.008085
 832.000000  0.007167
 833.000000  0.008006
 834.000000  0.006983
 835.000000  0.007954
 836.000000  0.009608
 837.000000  0.007639
 838.000000  0.007140
 839.000000  0.007718
 840.000000  0.007167
 841.000000  0.007586
 842.000000  0.009529
 843.000000  0.007823
 844.000000  0.006957
 845.000000  0.005329
 846.000000  0.009608
 847.000000  0.007849
 848.000000  0.006957
 849.000000  0.007770
 850.000000  0.007140
 851.000000  0.007849
 852.000000  0.007140
 853.000000  0.005408
 854.000000  0.009608
 855.000000  0.007796
 856.000000  0.007114
 857.000000  0.005277
 858.000000  0.007088
 859.000000  0.005198
 860.000000  0.009608
 861.000000  0.007691
 862.000000  0.007035
 863.000000  0.005198
 864.000000  0.006852
 865.000000  0.007744
 866.000000  0.009450
 867.000000  0.005303
 868.000000  0.007114
 869.000000  0.007586
 870.000000  0.007219
 871.000000  0.007954
 872.000000  0.007245
 873.000000  0.007665
 874.000000  0.007035
 875.000000  0.007613
 876.000000  0.006983
 877.000000  0.005434
 878.000000  0.007167
 879.000000  0.005277
 880.000000  0.007140
 881.000000  0.007770
 882.000000  0.007167
 883.000000  0.007823
 884.000000  0.007140
 885.000000  0.007796
 886.000000  0.007245
 887.000000  0.005250
 888.000000  0.007167
 889.000000  0.007691
 890.000000  0.007272
 891.000000  0.007718
 892.000000  0.007167
 893.000000  0.008216
 894.000000  0.007114
 895.000000  0.007665
 896.000000  0.007062
 897.000000  0.008164
 898.000000  0.007114
 899.000000  0.007823
 900.000000  0.006930
 901.000000  0.007954
 902.000000  0.009450
 903.000000  0.007901
 904.000000  0.007062
 905.000000  0.007980
 906.000000  0.009398
 907.000000  0.007796
 908.000000  0.009293
 909.000000  0.007980
 910.000000  0.006852
 911.000000  0.007980
 912.000000  0.006957
 913.000000  0.007954
 914.000000  0.006773
 915.000000  0.007954
 916.000000  0.006930
 917.000000  0.007980
 918.000000  0.009503
 919.000000  0.008006
 920.000000  0.009503
 921.000000  0.007849
 922.000000  0.006957
 923.000000  0.007691
 924.000000  0.006747
 925.000000  0.008033
 926.000000  0.006720
 927.000000  0.008059
 928.000000  0.006904
 929.000000  0.008190
 930.000000  0.006825
 931.000000  0.007980
 932.000000  0.006799
 933.000000  0.008216
 934.000000  0.006957
 935.000000  0.008216
 936.000000  0.007140
 937.000000  0.007823
 938.000000  0.006957
 939.000000  0.007901
 940.000000  0.007140
 941.000000  0.008216
 942.000000  0.007114
 943.000000  0.007875
 944.000000  0.006957
 945.000000  0.005749
 946.000000  0.009398
 947.000000  0.008033
 948.000000  0.007114
 949.000000  0.008138
 950.000000  0.009398
 951.000000  0.007770
 952.000000  0.006930
 953.000000  0.007875
 954.000000  0.007114
 955.000000  0.007901
 956.000000  0.007140
 957.000000  0.007613
 958.000000  0.007009
 959.000000  0.005408
 960.000000  0.007062
 961.000000  0.005355
 962.000000  0.009266
 963.000000  0.005303
 964.000000  0.006773
 965.000000  0.007901
 966.000000  0.007009
 967.000000  0.008085
 968.000000  0.007035
 969.000000  0.007744
 970.000000  0.009450
 971.000000  0.007744
 972.000000  0.007167
 973.000000  0.007613
 974.000000  0.007088
 975.000000  0.008006
 976.000000  0.006930
 977.000000  0.007901
 978.000000  0.007035
 979.000000  0.007770
 980.000000  0.007009
 981.000000  0.007770
 982.000000  0.006720
 983.000000  0.005329
 984.000000  0.006904
 985.000000  0.007823
 986.000000  0.006878
 987.000000  0.007534
 988.000000  0.009503
 989.000000  0.007560
 990.000000  0.007062
 991.000000  0.007613
 992.000000  0.006983
 993.000000  0.007796
 994.000000  0.006799
 995.000000  0.007770
 996.000000  0.006668
 997.000000  0.007718
 998.000000  0.009398
 999.000000  0.007770
 1000.000000  0.009450
 1001.000000  0.007586
 1002.000000  0.007062
 1003.000000  0.007560
 1004.000000  0.006983
 1005.000000  0.007639
 1006.000000  0.006930
 1007.000000  0.007796
 1008.000000  0.007062
 1009.000000  0.007508
 1010.000000  0.007035
 1011.000000  0.007560
 1012.000000  0.006694
 1013.000000  0.007560
 1014.000000  0.006747
 1015.000000  0.007613
 1016.000000  0.006747
 1017.000000  0.007718
 1018.000000  0.006799
 1019.000000  0.007665
 1020.000000  0.006878
 1021.000000  0.007508
 1022.000000  0.007035
 1023.000000  0.007770
