 0.000000  0.007349
 1.000000  0.007275
 2.000000  0.007324
 3.000000  0.007324
 4.000000  0.007324
 5.000000  0.007324
 6.000000  0.007373
 7.000000  0.007324
 8.000000  0.007349
 9.000000  0.007300
 10.000000  0.007324
 11.000000  0.007324
 12.000000  0.007349
 13.000000  0.007300
 14.000000  0.007324
 15.000000  0.007251
 16.000000  0.007349
 17.000000  0.007300
 18.000000  0.007324
 19.000000  0.007300
 20.000000  0.007251
 21.000000  0.007349
 22.000000  0.007397
 23.000000  0.007300
 24.000000  0.007422
 25.000000  0.007251
 26.000000  0.007373
 27.000000  0.009643
 28.000000  0.007324
 29.000000  0.007227
 30.000000  0.007373
 31.000000  0.007275
 32.000000  0.007349
 33.000000  0.007300
 34.000000  0.007422
 35.000000  0.007251
 36.000000  0.007349
 37.000000  0.007202
 38.000000  0.007422
 39.000000  0.009668
 40.000000  0.007397
 41.000000  0.007178
 42.000000  0.007397
 43.000000  0.007202
 44.000000  0.007446
 45.000000  0.007227
 46.000000  0.007373
 47.000000  0.007202
 48.000000  0.007349
 49.000000  0.007275
 50.000000  0.007349
 51.000000  0.007275
 52.000000  0.007422
 53.000000  0.007227
 54.000000  0.007397
 55.000000  0.007202
 56.000000  0.007446
 57.000000  0.007178
 58.000000  0.007446
 59.000000  0.009619
 60.000000  0.007446
 61.000000  0.009643
 62.000000  0.007324
 63.000000  0.007202
 64.000000  0.007446
 65.000000  0.007129
 66.000000  0.007471
 67.000000  0.009594
 68.000000  0.007446
 69.000000  0.007202
 70.000000  0.007422
 71.000000  0.007056
 72.000000  0.007397
 73.000000  0.007129
 74.000000  0.007397
 75.000000  0.007178
 76.000000  0.007495
 77.000000  0.007202
 78.000000  0.007397
 79.000000  0.007178
 80.000000  0.007397
 81.000000  0.007300
 82.000000  0.007324
 83.000000  0.007129
 84.000000  0.007349
 85.000000  0.007202
 86.000000  0.007324
 87.000000  0.007251
 88.000000  0.007349
 89.000000  0.007275
 90.000000  0.007373
 91.000000  0.007251
 92.000000  0.007349
 93.000000  0.007300
 94.000000  0.007349
 95.000000  0.007202
 96.000000  0.007373
 97.000000  0.007227
 98.000000  0.007349
 99.000000  0.007227
 100.000000  0.007349
 101.000000  0.009741
 102.000000  0.007300
 103.000000  0.009716
 104.000000  0.007324
 105.000000  0.007275
 106.000000  0.007324
 107.000000  0.007251
 108.000000  0.007324
 109.000000  0.009692
 110.000000  0.007324
 111.000000  0.007324
 112.000000  0.007324
 113.000000  0.007300
 114.000000  0.007324
 115.000000  0.007275
 116.000000  0.007324
 117.000000  0.007251
 118.000000  0.007324
 119.000000  0.007178
 120.000000  0.007324
 121.000000  0.007275
 122.000000  0.007324
 123.000000  0.007275
 124.000000  0.007324
 125.000000  0.007300
 126.000000  0.007373
 127.000000  0.009668
 128.000000  0.007324
 129.000000  0.007202
 130.000000  0.007324
 131.000000  0.009692
 132.000000  0.007324
 133.000000  0.007202
 134.000000  0.007324
 135.000000  0.009692
 136.000000  0.007324
 137.000000  0.007251
 138.000000  0.007324
 139.000000  0.007227
 140.000000  0.007349
 141.000000  0.007227
 142.000000  0.007324
 143.000000  0.007324
 144.000000  0.007324
 145.000000  0.009692
 146.000000  0.007324
 147.000000  0.007251
 148.000000  0.007349
 149.000000  0.009643
 150.000000  0.007324
 151.000000  0.007227
 152.000000  0.007324
 153.000000  0.007300
 154.000000  0.007324
 155.000000  0.007178
 156.000000  0.007324
 157.000000  0.009741
 158.000000  0.007324
 159.000000  0.007227
 160.000000  0.007349
 161.000000  0.007275
 162.000000  0.007324
 163.000000  0.007251
 164.000000  0.007324
 165.000000  0.007202
 166.000000  0.007324
 167.000000  0.007178
 168.000000  0.007349
 169.000000  0.009619
 170.000000  0.007324
 171.000000  0.007129
 172.000000  0.007324
 173.000000  0.007202
 174.000000  0.007349
 175.000000  0.007153
 176.000000  0.007373
 177.000000  0.007104
 178.000000  0.007275
 179.000000  0.009423
 180.000000  0.007397
 181.000000  0.007153
 182.000000  0.007349
 183.000000  0.007153
 184.000000  0.007373
 185.000000  0.007275
 186.000000  0.007373
 187.000000  0.007080
 188.000000  0.007324
 189.000000  0.007080
 190.000000  0.007349
 191.000000  0.006738
 192.000000  0.007349
 193.000000  0.007129
 194.000000  0.007373
 195.000000  0.007007
 196.000000  0.009790
 197.000000  0.007056
 198.000000  0.007349
 199.000000  0.009375
 200.000000  0.007324
 201.000000  0.009399
 202.000000  0.007397
 203.000000  0.006909
 204.000000  0.007300
 205.000000  0.006958
 206.000000  0.007373
 207.000000  0.006958
 208.000000  0.007300
 209.000000  0.009399
 210.000000  0.007373
 211.000000  0.006860
 212.000000  0.007300
 213.000000  0.009375
 214.000000  0.007324
 215.000000  0.007007
 216.000000  0.007324
 217.000000  0.006958
 218.000000  0.007373
 219.000000  0.009350
 220.000000  0.007300
 221.000000  0.006958
 222.000000  0.007373
 223.000000  0.006958
 224.000000  0.007324
 225.000000  0.006909
 226.000000  0.007324
 227.000000  0.009228
 228.000000  0.007495
 229.000000  0.009326
 230.000000  0.007349
 231.000000  0.006885
 232.000000  0.007349
 233.000000  0.009399
 234.000000  0.007349
 235.000000  0.006909
 236.000000  0.007373
 237.000000  0.007007
 238.000000  0.007349
 239.000000  0.009375
 240.000000  0.007349
 241.000000  0.007080
 242.000000  0.007349
 243.000000  0.009423
 244.000000  0.007324
 245.000000  0.006982
 246.000000  0.007349
 247.000000  0.007153
 248.000000  0.007300
 249.000000  0.006958
 250.000000  0.007349
 251.000000  0.007031
 252.000000  0.007324
 253.000000  0.007056
 254.000000  0.007349
 255.000000  0.009716
 256.000000  0.007324
 257.000000  0.007031
 258.000000  0.007349
 259.000000  0.007129
 260.000000  0.007324
 261.000000  0.007178
 262.000000  0.007324
 263.000000  0.009448
 264.000000  0.007324
 265.000000  0.009472
 266.000000  0.007324
 267.000000  0.009521
 268.000000  0.007324
 269.000000  0.009545
 270.000000  0.007324
 271.000000  0.007031
 272.000000  0.007324
 273.000000  0.006982
 274.000000  0.007324
 275.000000  0.009594
 276.000000  0.007324
 277.000000  0.009594
 278.000000  0.007324
 279.000000  0.007104
 280.000000  0.007324
 281.000000  0.009375
 282.000000  0.007324
 283.000000  0.009497
 284.000000  0.007324
 285.000000  0.007129
 286.000000  0.007300
 287.000000  0.007202
 288.000000  0.007324
 289.000000  0.009594
 290.000000  0.007324
 291.000000  0.007056
 292.000000  0.007324
 293.000000  0.007031
 294.000000  0.007324
 295.000000  0.009497
 296.000000  0.007324
 297.000000  0.009692
 298.000000  0.007324
 299.000000  0.009545
 300.000000  0.007324
 301.000000  0.007251
 302.000000  0.007324
 303.000000  0.009594
 304.000000  0.007324
 305.000000  0.007251
 306.000000  0.007324
 307.000000  0.009423
 308.000000  0.007324
 309.000000  0.009497
 310.000000  0.007324
 311.000000  0.007129
 312.000000  0.007324
 313.000000  0.007275
 314.000000  0.007324
 315.000000  0.009594
 316.000000  0.007324
 317.000000  0.007227
 318.000000  0.007324
 319.000000  0.007178
 320.000000  0.007324
 321.000000  0.009594
 322.000000  0.007324
 323.000000  0.009521
 324.000000  0.007324
 325.000000  0.007227
 326.000000  0.007324
 327.000000  0.006982
 328.000000  0.007300
 329.000000  0.009472
 330.000000  0.007349
 331.000000  0.009545
 332.000000  0.007300
 333.000000  0.009692
 334.000000  0.007373
 335.000000  0.009668
 336.000000  0.007324
 337.000000  0.006934
 338.000000  0.007300
 339.000000  0.007056
 340.000000  0.007300
 341.000000  0.009692
 342.000000  0.009790
 343.000000  0.009423
 344.000000  0.007300
 345.000000  0.009545
 346.000000  0.007373
 347.000000  0.007153
 348.000000  0.007324
 349.000000  0.009619
 350.000000  0.007251
 351.000000  0.009472
 352.000000  0.007349
 353.000000  0.009545
 354.000000  0.007349
 355.000000  0.007080
 356.000000  0.007349
 357.000000  0.007129
 358.000000  0.007349
 359.000000  0.009497
 360.000000  0.007349
 361.000000  0.007080
 362.000000  0.007324
 363.000000  0.009497
 364.000000  0.007251
 365.000000  0.007031
 366.000000  0.007349
 367.000000  0.007031
 368.000000  0.007300
 369.000000  0.007104
 370.000000  0.007300
 371.000000  0.009448
 372.000000  0.007324
 373.000000  0.009472
 374.000000  0.007397
 375.000000  0.009448
 376.000000  0.007397
 377.000000  0.007007
 378.000000  0.007373
 379.000000  0.007153
 380.000000  0.007349
 381.000000  0.009448
 382.000000  0.007373
 383.000000  0.007056
 384.000000  0.007300
 385.000000  0.007080
 386.000000  0.007349
 387.000000  0.009521
 388.000000  0.007349
 389.000000  0.009375
 390.000000  0.007422
 391.000000  0.009545
 392.000000  0.007373
 393.000000  0.007031
 394.000000  0.007324
 395.000000  0.007056
 396.000000  0.007349
 397.000000  0.007080
 398.000000  0.007373
 399.000000  0.007153
 400.000000  0.007324
 401.000000  0.009668
 402.000000  0.007349
 403.000000  0.007251
 404.000000  0.007324
 405.000000  0.007153
 406.000000  0.007300
 407.000000  0.007153
 408.000000  0.007324
 409.000000  0.009570
 410.000000  0.007324
 411.000000  0.009619
 412.000000  0.007349
 413.000000  0.007178
 414.000000  0.007324
 415.000000  0.009643
 416.000000  0.007324
 417.000000  0.007227
 418.000000  0.007324
 419.000000  0.007275
 420.000000  0.007324
 421.000000  0.007153
 422.000000  0.007324
 423.000000  0.007251
 424.000000  0.007324
 425.000000  0.009741
 426.000000  0.007324
 427.000000  0.009716
 428.000000  0.007324
 429.000000  0.009692
 430.000000  0.007324
 431.000000  0.009619
 432.000000  0.007324
 433.000000  0.007227
 434.000000  0.007324
 435.000000  0.009741
 436.000000  0.007349
 437.000000  0.009643
 438.000000  0.007324
 439.000000  0.009716
 440.000000  0.007324
 441.000000  0.009594
 442.000000  0.007324
 443.000000  0.009668
 444.000000  0.007324
 445.000000  0.009692
 446.000000  0.007324
 447.000000  0.007227
 448.000000  0.007324
 449.000000  0.009692
 450.000000  0.007349
 451.000000  0.009741
 452.000000  0.007324
 453.000000  0.009716
 454.000000  0.007324
 455.000000  0.009692
 456.000000  0.007324
 457.000000  0.009765
 458.000000  0.007324
 459.000000  0.009716
 460.000000  0.007324
 461.000000  0.009716
 462.000000  0.007349
 463.000000  0.009692
 464.000000  0.007324
 465.000000  0.009741
 466.000000  0.007324
 467.000000  0.007275
 468.000000  0.007324
 469.000000  0.007275
 470.000000  0.007324
 471.000000  0.009716
 472.000000  0.007324
 473.000000  0.007300
 474.000000  0.007349
 475.000000  0.009716
 476.000000  0.007373
 477.000000  0.007251
 478.000000  0.007349
 479.000000  0.009741
 480.000000  0.007373
 481.000000  0.009716
 482.000000  0.007349
 483.000000  0.007300
 484.000000  0.007349
 485.000000  0.009765
 486.000000  0.007397
 487.000000  0.007300
 488.000000  0.007422
 489.000000  0.007300
 490.000000  0.007349
 491.000000  0.009741
 492.000000  0.007397
 493.000000  0.009716
 494.000000  0.007495
 495.000000  0.009643
 496.000000  0.007471
 497.000000  0.007251
 498.000000  0.007519
 499.000000  0.009741
 500.000000  0.007373
 501.000000  0.009716
 502.000000  0.007446
 503.000000  0.009790
 504.000000  0.007397
 505.000000  0.009643
 506.000000  0.007519
 507.000000  0.007324
 508.000000  0.007446
 509.000000  0.007300
 510.000000  0.007593
 511.000000  0.009741
 512.000000  0.007519
 513.000000  0.007300
 514.000000  0.007495
 515.000000  0.007251
 516.000000  0.007544
 517.000000  0.007373
 518.000000  0.007739
 519.000000  0.007275
 520.000000  0.007690
 521.000000  0.007397
 522.000000  0.008008
 523.000000  0.009863
 524.000000  0.007593
 525.000000  0.009741
 526.000000  0.008154
 527.000000  0.009814
 528.000000  0.007544
 529.000000  0.009692
 530.000000  0.007666
 531.000000  0.010009
 532.000000  0.007983
 533.000000  0.007324
 534.000000  0.007617
 535.000000  0.007471
 536.000000  0.009106
 537.000000  0.009838
 538.000000  0.007764
 539.000000  0.009741
 540.000000  0.008984
 541.000000  0.007959
 542.000000  0.007837
 543.000000  0.007324
 544.000000  0.008252
 545.000000  0.008227
 546.000000  0.009155
 547.000000  0.009814
 548.000000  0.007959
 549.000000  0.010058
 550.000000  0.009766
 551.000000  0.009936
 552.000000  0.007861
 553.000000  0.007397
 554.000000  0.009644
 555.000000  0.009424
 556.000000  0.008472
 557.000000  0.009765
 558.000000  0.008984
 559.000000  0.012158
 560.000000  0.009766
 561.000000  0.007324
 562.000000  0.008447
 563.000000  0.011084
 564.000000  0.009912
 565.000000  0.010864
 566.000000  0.008496
 567.000000  0.009863
 568.000000  0.009741
 569.000000  0.012255
 570.000000  0.009570
 571.000000  0.009814
 572.000000  0.009277
 573.000000  0.012207
 574.000000  0.010059
 575.000000  0.010180
 576.000000  0.008960
 577.000000  0.010839
 578.000000  0.011865
 579.000000  0.012231
 580.000000  0.009253
 581.000000  0.007593
 582.000000  0.009766
 583.000000  0.014453
 584.000000  0.009912
 585.000000  0.010205
 586.000000  0.009644
 587.000000  0.012255
 588.000000  0.012207
 589.000000  0.009766
 590.000000  0.009570
 591.000000  0.011157
 592.000000  0.012085
 593.000000  0.012085
 594.000000  0.009766
 595.000000  0.010864
 596.000000  0.009766
 597.000000  0.014672
 598.000000  0.010937
 599.000000  0.011303
 600.000000  0.009766
 601.000000  0.012207
 602.000000  0.012280
 603.000000  0.012475
 604.000000  0.009766
 605.000000  0.012011
 606.000000  0.012207
 607.000000  0.017114
 608.000000  0.011792
 609.000000  0.012158
 610.000000  0.009839
 611.000000  0.016626
 612.000000  0.019531
 613.000000  0.012207
 614.000000  0.012207
 615.000000  0.012988
 616.000000  0.020923
 617.000000  0.018042
 618.000000  0.009936
 619.000000  0.012133
 620.000000  0.012231
 621.000000  0.020996
 622.000000  0.014648
 623.000000  0.012207
 624.000000  0.013061
 625.000000  0.020996
 626.000000  0.036426
 627.000000  0.018920
 628.000000  0.010962
 629.000000  0.012939
 630.000000  0.022266
 631.000000  0.036621
 632.000000  0.013696
 633.000000  0.012207
 634.000000  0.012183
 635.000000  0.027929
 636.000000  0.030151
 637.000000  0.011206
 638.000000  0.009961
 639.000000  0.014648
 640.000000  0.030078
 641.000000  0.027929
 642.000000  0.011499
 643.000000  0.009766
 644.000000  0.014624
 645.000000  0.026098
 646.000000  0.019604
 647.000000  0.012182
 648.000000  0.009741
 649.000000  0.009985
 650.000000  0.017041
 651.000000  0.011572
 652.000000  0.009741
 653.000000  0.009131
 654.000000  0.011768
 655.000000  0.017065
 656.000000  0.010205
 657.000000  0.011084
 658.000000  0.009717
 659.000000  0.010010
 660.000000  0.012500
 661.000000  0.011938
 662.000000  0.009351
 663.000000  0.011010
 664.000000  0.012646
 665.000000  0.012524
 666.000000  0.011914
 667.000000  0.010083
 668.000000  0.009375
 669.000000  0.009766
 670.000000  0.009790
 671.000000  0.007593
 672.000000  0.009009
 673.000000  0.010278
 674.000000  0.012255
 675.000000  0.011059
 676.000000  0.008862
 677.000000  0.010009
 678.000000  0.009155
 679.000000  0.011792
 680.000000  0.008887
 681.000000  0.007397
 682.000000  0.008740
 683.000000  0.010131
 684.000000  0.009644
 685.000000  0.009985
 686.000000  0.008252
 687.000000  0.007324
 688.000000  0.011279
 689.000000  0.007837
 690.000000  0.010815
 691.000000  0.009716
 692.000000  0.008130
 693.000000  0.010058
 694.000000  0.008667
 695.000000  0.009790
 696.000000  0.009985
 697.000000  0.009790
 698.000000  0.008252
 699.000000  0.009912
 700.000000  0.007690
 701.000000  0.007349
 702.000000  0.007666
 703.000000  0.007349
 704.000000  0.010156
 705.000000  0.009790
 706.000000  0.007495
 707.000000  0.007324
 708.000000  0.007910
 709.000000  0.009790
 710.000000  0.007397
 711.000000  0.009765
 712.000000  0.007544
 713.000000  0.009765
 714.000000  0.007397
 715.000000  0.009741
 716.000000  0.007373
 717.000000  0.009790
 718.000000  0.007471
 719.000000  0.009765
 720.000000  0.007397
 721.000000  0.009716
 722.000000  0.007397
 723.000000  0.009765
 724.000000  0.007349
 725.000000  0.009692
 726.000000  0.007324
 727.000000  0.009790
 728.000000  0.007349
 729.000000  0.007227
 730.000000  0.007324
 731.000000  0.009765
 732.000000  0.007349
 733.000000  0.009741
 734.000000  0.009765
 735.000000  0.009643
 736.000000  0.007324
 737.000000  0.009716
 738.000000  0.007324
 739.000000  0.009594
 740.000000  0.007324
 741.000000  0.009643
 742.000000  0.007324
 743.000000  0.007202
 744.000000  0.007324
 745.000000  0.009765
 746.000000  0.007324
 747.000000  0.007153
 748.000000  0.007324
 749.000000  0.009497
 750.000000  0.007324
 751.000000  0.009545
 752.000000  0.009765
 753.000000  0.009643
 754.000000  0.007324
 755.000000  0.009375
 756.000000  0.007324
 757.000000  0.009545
 758.000000  0.007324
 759.000000  0.007080
 760.000000  0.007324
 761.000000  0.009399
 762.000000  0.007324
 763.000000  0.009277
 764.000000  0.007324
 765.000000  0.009326
 766.000000  0.007324
 767.000000  0.007007
 768.000000  0.007300
 769.000000  0.009204
 770.000000  0.007324
 771.000000  0.009155
 772.000000  0.007300
 773.000000  0.009155
 774.000000  0.009765
 775.000000  0.008911
 776.000000  0.009765
 777.000000  0.009106
 778.000000  0.007275
 779.000000  0.006641
 780.000000  0.007324
 781.000000  0.006445
 782.000000  0.009765
 783.000000  0.008618
 784.000000  0.007300
 785.000000  0.008715
 786.000000  0.007324
 787.000000  0.008764
 788.000000  0.009741
 789.000000  0.009008
 790.000000  0.007324
 791.000000  0.008642
 792.000000  0.007300
 793.000000  0.008789
 794.000000  0.007275
 795.000000  0.008862
 796.000000  0.007349
 797.000000  0.008862
 798.000000  0.007227
 799.000000  0.008789
 800.000000  0.007324
 801.000000  0.008593
 802.000000  0.009716
 803.000000  0.008520
 804.000000  0.007227
 805.000000  0.008813
 806.000000  0.007153
 807.000000  0.008471
 808.000000  0.009716
 809.000000  0.006103
 810.000000  0.007153
 811.000000  0.006006
 812.000000  0.007202
 813.000000  0.006055
 814.000000  0.007202
 815.000000  0.008569
 816.000000  0.007251
 817.000000  0.008374
 818.000000  0.007153
 819.000000  0.008325
 820.000000  0.007178
 821.000000  0.008422
 822.000000  0.007153
 823.000000  0.008520
 824.000000  0.009570
 825.000000  0.008374
 826.000000  0.007129
 827.000000  0.008569
 828.000000  0.007178
 829.000000  0.008422
 830.000000  0.007080
 831.000000  0.008496
 832.000000  0.007251
 833.000000  0.008520
 834.000000  0.007104
 835.000000  0.008813
 836.000000  0.009668
 837.000000  0.008374
 838.000000  0.007153
 839.000000  0.008129
 840.000000  0.007080
 841.000000  0.008496
 842.000000  0.009692
 843.000000  0.008349
 844.000000  0.007104
 845.000000  0.006177
 846.000000  0.009423
 847.000000  0.008667
 848.000000  0.007080
 849.000000  0.008520
 850.000000  0.007056
 851.000000  0.008422
 852.000000  0.007080
 853.000000  0.006030
 854.000000  0.009570
 855.000000  0.008203
 856.000000  0.007056
 857.000000  0.005884
 858.000000  0.007129
 859.000000  0.006006
 860.000000  0.009643
 861.000000  0.008374
 862.000000  0.007202
 863.000000  0.005884
 864.000000  0.007202
 865.000000  0.008544
 866.000000  0.009594
 867.000000  0.006006
 868.000000  0.007300
 869.000000  0.008252
 870.000000  0.007275
 871.000000  0.008081
 872.000000  0.007251
 873.000000  0.008300
 874.000000  0.007202
 875.000000  0.008496
 876.000000  0.007324
 877.000000  0.005859
 878.000000  0.007202
 879.000000  0.005957
 880.000000  0.007178
 881.000000  0.008520
 882.000000  0.007129
 883.000000  0.008349
 884.000000  0.007227
 885.000000  0.008398
 886.000000  0.007275
 887.000000  0.005811
 888.000000  0.007251
 889.000000  0.007983
 890.000000  0.007300
 891.000000  0.008349
 892.000000  0.007153
 893.000000  0.008569
 894.000000  0.007275
 895.000000  0.008374
 896.000000  0.007153
 897.000000  0.008398
 898.000000  0.007178
 899.000000  0.008203
 900.000000  0.007251
 901.000000  0.008178
 902.000000  0.009668
 903.000000  0.008300
 904.000000  0.007251
 905.000000  0.008081
 906.000000  0.009570
 907.000000  0.007959
 908.000000  0.009716
 909.000000  0.008227
 910.000000  0.007202
 911.000000  0.008129
 912.000000  0.007275
 913.000000  0.008032
 914.000000  0.007178
 915.000000  0.008129
 916.000000  0.007153
 917.000000  0.008178
 918.000000  0.009716
 919.000000  0.007934
 920.000000  0.009741
 921.000000  0.008081
 922.000000  0.007227
 923.000000  0.007836
 924.000000  0.007178
 925.000000  0.008081
 926.000000  0.007202
 927.000000  0.008178
 928.000000  0.007300
 929.000000  0.008203
 930.000000  0.007275
 931.000000  0.008007
 932.000000  0.007178
 933.000000  0.008520
 934.000000  0.007275
 935.000000  0.008276
 936.000000  0.007300
 937.000000  0.008325
 938.000000  0.007300
 939.000000  0.008032
 940.000000  0.007275
 941.000000  0.008398
 942.000000  0.007275
 943.000000  0.007861
 944.000000  0.007275
 945.000000  0.005664
 946.000000  0.009594
 947.000000  0.008325
 948.000000  0.007251
 949.000000  0.008203
 950.000000  0.009668
 951.000000  0.008447
 952.000000  0.007104
 953.000000  0.008496
 954.000000  0.007178
 955.000000  0.008227
 956.000000  0.007275
 957.000000  0.008300
 958.000000  0.007153
 959.000000  0.006055
 960.000000  0.007202
 961.000000  0.005713
 962.000000  0.009521
 963.000000  0.005786
 964.000000  0.007202
 965.000000  0.008471
 966.000000  0.007129
 967.000000  0.008447
 968.000000  0.007007
 969.000000  0.008276
 970.000000  0.009668
 971.000000  0.008544
 972.000000  0.007202
 973.000000  0.008325
 974.000000  0.007227
 975.000000  0.008349
 976.000000  0.007178
 977.000000  0.008276
 978.000000  0.007007
 979.000000  0.008252
 980.000000  0.007129
 981.000000  0.008496
 982.000000  0.007080
 983.000000  0.005933
 984.000000  0.007056
 985.000000  0.008520
 986.000000  0.007104
 987.000000  0.008203
 988.000000  0.009594
 989.000000  0.008154
 990.000000  0.007153
 991.000000  0.008252
 992.000000  0.007129
 993.000000  0.008349
 994.000000  0.007104
 995.000000  0.008398
 996.000000  0.006982
 997.000000  0.008178
 998.000000  0.009472
 999.000000  0.008300
 1000.000000  0.009521
 1001.000000  0.008203
 1002.000000  0.007056
 1003.000000  0.008325
 1004.000000  0.006958
 1005.000000  0.008203
 1006.000000  0.007056
 1007.000000  0.008252
 1008.000000  0.007007
 1009.000000  0.008276
 1010.000000  0.007104
 1011.000000  0.008276
 1012.000000  0.007104
 1013.000000  0.008227
 1014.000000  0.006836
 1015.000000  0.008105
 1016.000000  0.007056
 1017.000000  0.008422
 1018.000000  0.006982
 1019.000000  0.008129
 1020.000000  0.007056
 1021.000000  0.007885
 1022.000000  0.007056
 1023.000000  0.008300
