 0.000000  0.007642
 1.000000  0.007300
 2.000000  0.007324
 3.000000  0.007300
 4.000000  0.007446
 5.000000  0.007275
 6.000000  0.007471
 7.000000  0.007275
 8.000000  0.007349
 9.000000  0.007275
 10.000000  0.007422
 11.000000  0.007300
 12.000000  0.007519
 13.000000  0.007275
 14.000000  0.007422
 15.000000  0.007227
 16.000000  0.007471
 17.000000  0.007275
 18.000000  0.007446
 19.000000  0.007300
 20.000000  0.007349
 21.000000  0.007300
 22.000000  0.007397
 23.000000  0.007324
 24.000000  0.007422
 25.000000  0.007275
 26.000000  0.007568
 27.000000  0.009716
 28.000000  0.007397
 29.000000  0.007300
 30.000000  0.007397
 31.000000  0.007275
 32.000000  0.007422
 33.000000  0.007275
 34.000000  0.007373
 35.000000  0.007275
 36.000000  0.007373
 37.000000  0.007227
 38.000000  0.007495
 39.000000  0.009716
 40.000000  0.007397
 41.000000  0.007275
 42.000000  0.007373
 43.000000  0.007324
 44.000000  0.007397
 45.000000  0.007251
 46.000000  0.007446
 47.000000  0.007324
 48.000000  0.007397
 49.000000  0.007324
 50.000000  0.007397
 51.000000  0.007324
 52.000000  0.007397
 53.000000  0.007251
 54.000000  0.007495
 55.000000  0.007300
 56.000000  0.007324
 57.000000  0.007227
 58.000000  0.007471
 59.000000  0.009741
 60.000000  0.007397
 61.000000  0.009692
 62.000000  0.007397
 63.000000  0.007275
 64.000000  0.007397
 65.000000  0.007275
 66.000000  0.007397
 67.000000  0.009741
 68.000000  0.007349
 69.000000  0.007300
 70.000000  0.007324
 71.000000  0.007300
 72.000000  0.007324
 73.000000  0.007324
 74.000000  0.007373
 75.000000  0.007300
 76.000000  0.007349
 77.000000  0.007300
 78.000000  0.007349
 79.000000  0.007300
 80.000000  0.007349
 81.000000  0.007275
 82.000000  0.007324
 83.000000  0.007324
 84.000000  0.007373
 85.000000  0.007324
 86.000000  0.007422
 87.000000  0.007324
 88.000000  0.007446
 89.000000  0.007300
 90.000000  0.007324
 91.000000  0.007300
 92.000000  0.007373
 93.000000  0.007324
 94.000000  0.007324
 95.000000  0.007300
 96.000000  0.007324
 97.000000  0.007324
 98.000000  0.007324
 99.000000  0.007300
 100.000000  0.007349
 101.000000  0.009765
 102.000000  0.007373
 103.000000  0.009716
 104.000000  0.007373
 105.000000  0.007251
 106.000000  0.007422
 107.000000  0.007275
 108.000000  0.007349
 109.000000  0.009692
 110.000000  0.007397
 111.000000  0.007275
 112.000000  0.007349
 113.000000  0.007300
 114.000000  0.007397
 115.000000  0.007300
 116.000000  0.007397
 117.000000  0.007227
 118.000000  0.007349
 119.000000  0.007251
 120.000000  0.007397
 121.000000  0.007227
 122.000000  0.007446
 123.000000  0.007227
 124.000000  0.007373
 125.000000  0.007251
 126.000000  0.007373
 127.000000  0.009692
 128.000000  0.007324
 129.000000  0.007202
 130.000000  0.007373
 131.000000  0.009765
 132.000000  0.007349
 133.000000  0.007275
 134.000000  0.007349
 135.000000  0.009668
 136.000000  0.007349
 137.000000  0.007227
 138.000000  0.007373
 139.000000  0.007202
 140.000000  0.007397
 141.000000  0.007275
 142.000000  0.007422
 143.000000  0.007227
 144.000000  0.007397
 145.000000  0.009668
 146.000000  0.007446
 147.000000  0.007275
 148.000000  0.007397
 149.000000  0.009668
 150.000000  0.007471
 151.000000  0.007275
 152.000000  0.007373
 153.000000  0.007202
 154.000000  0.007397
 155.000000  0.007300
 156.000000  0.007422
 157.000000  0.009741
 158.000000  0.007349
 159.000000  0.007300
 160.000000  0.007373
 161.000000  0.007251
 162.000000  0.007422
 163.000000  0.007275
 164.000000  0.007349
 165.000000  0.007300
 166.000000  0.007349
 167.000000  0.007275
 168.000000  0.007373
 169.000000  0.009741
 170.000000  0.007397
 171.000000  0.007324
 172.000000  0.007422
 173.000000  0.007251
 174.000000  0.007324
 175.000000  0.007178
 176.000000  0.007373
 177.000000  0.007251
 178.000000  0.007324
 179.000000  0.009668
 180.000000  0.007373
 181.000000  0.007251
 182.000000  0.007373
 183.000000  0.007275
 184.000000  0.007397
 185.000000  0.007227
 186.000000  0.007373
 187.000000  0.007275
 188.000000  0.007349
 189.000000  0.007202
 190.000000  0.007422
 191.000000  0.007227
 192.000000  0.007397
 193.000000  0.007251
 194.000000  0.007349
 195.000000  0.007300
 196.000000  0.009765
 197.000000  0.007178
 198.000000  0.007397
 199.000000  0.009570
 200.000000  0.007373
 201.000000  0.009668
 202.000000  0.007397
 203.000000  0.007178
 204.000000  0.007397
 205.000000  0.007251
 206.000000  0.007397
 207.000000  0.007251
 208.000000  0.007397
 209.000000  0.009692
 210.000000  0.007422
 211.000000  0.007227
 212.000000  0.007373
 213.000000  0.009741
 214.000000  0.007373
 215.000000  0.007251
 216.000000  0.007373
 217.000000  0.007202
 218.000000  0.007397
 219.000000  0.009741
 220.000000  0.007349
 221.000000  0.007275
 222.000000  0.007324
 223.000000  0.007324
 224.000000  0.007324
 225.000000  0.007275
 226.000000  0.007373
 227.000000  0.009643
 228.000000  0.007324
 229.000000  0.009692
 230.000000  0.007349
 231.000000  0.007324
 232.000000  0.007324
 233.000000  0.009741
 234.000000  0.007324
 235.000000  0.007275
 236.000000  0.007324
 237.000000  0.007275
 238.000000  0.007324
 239.000000  0.009716
 240.000000  0.007373
 241.000000  0.007324
 242.000000  0.007324
 243.000000  0.009643
 244.000000  0.007324
 245.000000  0.007324
 246.000000  0.007324
 247.000000  0.007275
 248.000000  0.007324
 249.000000  0.007324
 250.000000  0.007349
 251.000000  0.007275
 252.000000  0.007324
 253.000000  0.007324
 254.000000  0.007324
 255.000000  0.009716
 256.000000  0.007349
 257.000000  0.007300
 258.000000  0.007349
 259.000000  0.007300
 260.000000  0.007324
 261.000000  0.007300
 262.000000  0.007349
 263.000000  0.009716
 264.000000  0.007349
 265.000000  0.009741
 266.000000  0.007324
 267.000000  0.009716
 268.000000  0.007324
 269.000000  0.009716
 270.000000  0.007349
 271.000000  0.007153
 272.000000  0.007373
 273.000000  0.007202
 274.000000  0.007373
 275.000000  0.009716
 276.000000  0.007397
 277.000000  0.009716
 278.000000  0.007373
 279.000000  0.007275
 280.000000  0.007422
 281.000000  0.009716
 282.000000  0.007373
 283.000000  0.009741
 284.000000  0.007397
 285.000000  0.007227
 286.000000  0.007349
 287.000000  0.007275
 288.000000  0.007373
 289.000000  0.009692
 290.000000  0.007446
 291.000000  0.007227
 292.000000  0.007373
 293.000000  0.007275
 294.000000  0.007446
 295.000000  0.009716
 296.000000  0.007397
 297.000000  0.009716
 298.000000  0.007422
 299.000000  0.009716
 300.000000  0.007349
 301.000000  0.007275
 302.000000  0.007373
 303.000000  0.009692
 304.000000  0.007349
 305.000000  0.007324
 306.000000  0.007422
 307.000000  0.009765
 308.000000  0.007471
 309.000000  0.009716
 310.000000  0.007397
 311.000000  0.007275
 312.000000  0.007422
 313.000000  0.007324
 314.000000  0.007544
 315.000000  0.009765
 316.000000  0.007422
 317.000000  0.007275
 318.000000  0.007495
 319.000000  0.007275
 320.000000  0.007471
 321.000000  0.009741
 322.000000  0.007422
 323.000000  0.009741
 324.000000  0.007373
 325.000000  0.007373
 326.000000  0.007397
 327.000000  0.007324
 328.000000  0.007397
 329.000000  0.009790
 330.000000  0.007519
 331.000000  0.009741
 332.000000  0.007471
 333.000000  0.009790
 334.000000  0.007446
 335.000000  0.009765
 336.000000  0.007519
 337.000000  0.007349
 338.000000  0.007471
 339.000000  0.007300
 340.000000  0.007617
 341.000000  0.009765
 342.000000  0.009961
 343.000000  0.009741
 344.000000  0.007593
 345.000000  0.009765
 346.000000  0.007642
 347.000000  0.007324
 348.000000  0.007446
 349.000000  0.009765
 350.000000  0.007544
 351.000000  0.009814
 352.000000  0.007495
 353.000000  0.009765
 354.000000  0.007593
 355.000000  0.007324
 356.000000  0.007544
 357.000000  0.007324
 358.000000  0.007666
 359.000000  0.009765
 360.000000  0.007617
 361.000000  0.007324
 362.000000  0.007544
 363.000000  0.009741
 364.000000  0.007519
 365.000000  0.007324
 366.000000  0.007568
 367.000000  0.007324
 368.000000  0.007617
 369.000000  0.007324
 370.000000  0.007568
 371.000000  0.009790
 372.000000  0.007690
 373.000000  0.009814
 374.000000  0.007617
 375.000000  0.009765
 376.000000  0.007642
 377.000000  0.007324
 378.000000  0.007739
 379.000000  0.007349
 380.000000  0.007764
 381.000000  0.009765
 382.000000  0.007593
 383.000000  0.007324
 384.000000  0.007935
 385.000000  0.007324
 386.000000  0.007788
 387.000000  0.009765
 388.000000  0.007764
 389.000000  0.009765
 390.000000  0.007788
 391.000000  0.009765
 392.000000  0.007715
 393.000000  0.007373
 394.000000  0.007739
 395.000000  0.007324
 396.000000  0.007642
 397.000000  0.007349
 398.000000  0.007983
 399.000000  0.007324
 400.000000  0.007666
 401.000000  0.009765
 402.000000  0.007666
 403.000000  0.007324
 404.000000  0.007739
 405.000000  0.007324
 406.000000  0.007788
 407.000000  0.007324
 408.000000  0.007910
 409.000000  0.009765
 410.000000  0.007861
 411.000000  0.009790
 412.000000  0.008227
 413.000000  0.007324
 414.000000  0.008276
 415.000000  0.009814
 416.000000  0.008179
 417.000000  0.007324
 418.000000  0.008203
 419.000000  0.007300
 420.000000  0.008301
 421.000000  0.007349
 422.000000  0.008057
 423.000000  0.007349
 424.000000  0.008008
 425.000000  0.009814
 426.000000  0.008472
 427.000000  0.009838
 428.000000  0.008423
 429.000000  0.009863
 430.000000  0.008594
 431.000000  0.009838
 432.000000  0.008667
 433.000000  0.007349
 434.000000  0.008765
 435.000000  0.009863
 436.000000  0.008472
 437.000000  0.009863
 438.000000  0.008545
 439.000000  0.009790
 440.000000  0.008936
 441.000000  0.009961
 442.000000  0.008984
 443.000000  0.009912
 444.000000  0.009180
 445.000000  0.009936
 446.000000  0.009399
 447.000000  0.007544
 448.000000  0.008911
 449.000000  0.010058
 450.000000  0.008960
 451.000000  0.010083
 452.000000  0.009106
 453.000000  0.010253
 454.000000  0.009546
 455.000000  0.010351
 456.000000  0.009497
 457.000000  0.010156
 458.000000  0.009473
 459.000000  0.010302
 460.000000  0.009619
 461.000000  0.010620
 462.000000  0.009619
 463.000000  0.010400
 464.000000  0.009619
 465.000000  0.010839
 466.000000  0.009692
 467.000000  0.008252
 468.000000  0.009717
 469.000000  0.008643
 470.000000  0.009717
 471.000000  0.011254
 472.000000  0.009741
 473.000000  0.008398
 474.000000  0.009717
 475.000000  0.011328
 476.000000  0.009766
 477.000000  0.009033
 478.000000  0.009741
 479.000000  0.011425
 480.000000  0.009741
 481.000000  0.011572
 482.000000  0.009644
 483.000000  0.009546
 484.000000  0.009766
 485.000000  0.011865
 486.000000  0.009717
 487.000000  0.009399
 488.000000  0.009790
 489.000000  0.009497
 490.000000  0.009741
 491.000000  0.011962
 492.000000  0.009766
 493.000000  0.012109
 494.000000  0.009766
 495.000000  0.012109
 496.000000  0.009790
 497.000000  0.009692
 498.000000  0.009912
 499.000000  0.012085
 500.000000  0.009814
 501.000000  0.012133
 502.000000  0.009961
 503.000000  0.012231
 504.000000  0.010034
 505.000000  0.012231
 506.000000  0.009936
 507.000000  0.009814
 508.000000  0.010181
 509.000000  0.009790
 510.000000  0.010010
 511.000000  0.012207
 512.000000  0.010229
 513.000000  0.009863
 514.000000  0.010327
 515.000000  0.009839
 516.000000  0.010181
 517.000000  0.009888
 518.000000  0.010815
 519.000000  0.009936
 520.000000  0.010840
 521.000000  0.010083
 522.000000  0.011401
 523.000000  0.012744
 524.000000  0.011255
 525.000000  0.012866
 526.000000  0.012061
 527.000000  0.013330
 528.000000  0.011963
 529.000000  0.013183
 530.000000  0.011890
 531.000000  0.013891
 532.000000  0.012158
 533.000000  0.011377
 534.000000  0.012134
 535.000000  0.012036
 536.000000  0.012207
 537.000000  0.014502
 538.000000  0.012207
 539.000000  0.014624
 540.000000  0.012353
 541.000000  0.012207
 542.000000  0.012231
 543.000000  0.012207
 544.000000  0.012720
 545.000000  0.012231
 546.000000  0.013550
 547.000000  0.014672
 548.000000  0.013159
 549.000000  0.015356
 550.000000  0.014453
 551.000000  0.015502
 552.000000  0.014160
 553.000000  0.013330
 554.000000  0.014673
 555.000000  0.014575
 556.000000  0.014648
 557.000000  0.016113
 558.000000  0.014648
 559.000000  0.017089
 560.000000  0.014648
 561.000000  0.014526
 562.000000  0.014648
 563.000000  0.017089
 564.000000  0.014893
 565.000000  0.017089
 566.000000  0.014795
 567.000000  0.017089
 568.000000  0.016577
 569.000000  0.017578
 570.000000  0.016992
 571.000000  0.017382
 572.000000  0.017017
 573.000000  0.018652
 574.000000  0.017041
 575.000000  0.017627
 576.000000  0.017065
 577.000000  0.019335
 578.000000  0.017139
 579.000000  0.019043
 580.000000  0.017090
 581.000000  0.017041
 582.000000  0.018701
 583.000000  0.020239
 584.000000  0.019287
 585.000000  0.019702
 586.000000  0.018799
 587.000000  0.021337
 588.000000  0.019434
 589.000000  0.017505
 590.000000  0.019336
 591.000000  0.021923
 592.000000  0.020190
 593.000000  0.019531
 594.000000  0.019531
 595.000000  0.021972
 596.000000  0.021948
 597.000000  0.023535
 598.000000  0.021240
 599.000000  0.021997
 600.000000  0.021387
 601.000000  0.023730
 602.000000  0.021997
 603.000000  0.024414
 604.000000  0.021924
 605.000000  0.024267
 606.000000  0.023901
 607.000000  0.025097
 608.000000  0.022900
 609.000000  0.024340
 610.000000  0.024365
 611.000000  0.026977
 612.000000  0.027124
 613.000000  0.025708
 614.000000  0.026806
 615.000000  0.026879
 616.000000  0.026636
 617.000000  0.024976
 618.000000  0.024365
 619.000000  0.027319
 620.000000  0.026855
 621.000000  0.029321
 622.000000  0.026929
 623.000000  0.026928
 624.000000  0.029199
 625.000000  0.029687
 626.000000  0.031445
 627.000000  0.029296
 628.000000  0.026880
 629.000000  0.029687
 630.000000  0.031934
 631.000000  0.037207
 632.000000  0.029199
 633.000000  0.030297
 634.000000  0.033228
 635.000000  0.047680
 636.000000  0.054468
 637.000000  0.034180
 638.000000  0.035254
 639.000000  0.049609
 640.000000  0.125220
 641.000000  0.120434
 642.000000  0.051147
 643.000000  0.056836
 644.000000  0.209985
 645.000000  1.121802
 646.000000  0.629565
 647.000000  0.069702
 648.000000  0.046655
 649.000000  0.087305
 650.000000  0.255469
 651.000000  0.101782
 652.000000  0.035864
 653.000000  0.032861
 654.000000  0.038672
 655.000000  0.051367
 656.000000  0.033667
 657.000000  0.031274
 658.000000  0.029590
 659.000000  0.030811
 660.000000  0.033813
 661.000000  0.029321
 662.000000  0.026782
 663.000000  0.029321
 664.000000  0.031762
 665.000000  0.031567
 666.000000  0.028930
 667.000000  0.027197
 668.000000  0.026196
 669.000000  0.026074
 670.000000  0.024853
 671.000000  0.023462
 672.000000  0.024414
 673.000000  0.026831
 674.000000  0.027905
 675.000000  0.025341
 676.000000  0.023877
 677.000000  0.024462
 678.000000  0.022778
 679.000000  0.024682
 680.000000  0.022095
 681.000000  0.021411
 682.000000  0.022241
 683.000000  0.024438
 684.000000  0.022021
 685.000000  0.022216
 686.000000  0.021167
 687.000000  0.019580
 688.000000  0.022680
 689.000000  0.019482
 690.000000  0.021972
 691.000000  0.020727
 692.000000  0.019531
 693.000000  0.019921
 694.000000  0.019385
 695.000000  0.019653
 696.000000  0.021069
 697.000000  0.020459
 698.000000  0.018286
 699.000000  0.019531
 700.000000  0.017090
 701.000000  0.016943
 702.000000  0.017090
 703.000000  0.016675
 704.000000  0.019531
 705.000000  0.018554
 706.000000  0.017065
 707.000000  0.016870
 708.000000  0.017090
 709.000000  0.018286
 710.000000  0.016797
 711.000000  0.017163
 712.000000  0.016895
 713.000000  0.017187
 714.000000  0.015259
 715.000000  0.017089
 716.000000  0.015259
 717.000000  0.017089
 718.000000  0.014648
 719.000000  0.016894
 720.000000  0.014673
 721.000000  0.017065
 722.000000  0.014722
 723.000000  0.017041
 724.000000  0.014648
 725.000000  0.015966
 726.000000  0.014648
 727.000000  0.015478
 728.000000  0.014282
 729.000000  0.012744
 730.000000  0.014258
 731.000000  0.014917
 732.000000  0.013477
 733.000000  0.014770
 734.000000  0.015454
 735.000000  0.014697
 736.000000  0.012646
 737.000000  0.014672
 738.000000  0.012524
 739.000000  0.014648
 740.000000  0.012280
 741.000000  0.014648
 742.000000  0.012256
 743.000000  0.012036
 744.000000  0.012109
 745.000000  0.013745
 746.000000  0.012012
 747.000000  0.011255
 748.000000  0.011938
 749.000000  0.013085
 750.000000  0.011499
 751.000000  0.012768
 752.000000  0.013818
 753.000000  0.012841
 754.000000  0.011230
 755.000000  0.012475
 756.000000  0.011182
 757.000000  0.012353
 758.000000  0.010498
 759.000000  0.009912
 760.000000  0.010425
 761.000000  0.012255
 762.000000  0.010034
 763.000000  0.012207
 764.000000  0.009814
 765.000000  0.012231
 766.000000  0.009888
 767.000000  0.009741
 768.000000  0.009839
 769.000000  0.012109
 770.000000  0.009766
 771.000000  0.012109
 772.000000  0.009766
 773.000000  0.011816
 774.000000  0.012207
 775.000000  0.011962
 776.000000  0.012231
 777.000000  0.011865
 778.000000  0.009766
 779.000000  0.009570
 780.000000  0.009766
 781.000000  0.009326
 782.000000  0.012207
 783.000000  0.011401
 784.000000  0.009766
 785.000000  0.011572
 786.000000  0.009717
 787.000000  0.011206
 788.000000  0.012085
 789.000000  0.010571
 790.000000  0.009570
 791.000000  0.010498
 792.000000  0.009644
 793.000000  0.010571
 794.000000  0.009424
 795.000000  0.010620
 796.000000  0.009692
 797.000000  0.010546
 798.000000  0.009424
 799.000000  0.010351
 800.000000  0.009497
 801.000000  0.010253
 802.000000  0.011669
 803.000000  0.010058
 804.000000  0.009106
 805.000000  0.010107
 806.000000  0.009204
 807.000000  0.010229
 808.000000  0.011547
 809.000000  0.007568
 810.000000  0.008936
 811.000000  0.007471
 812.000000  0.008618
 813.000000  0.007397
 814.000000  0.008643
 815.000000  0.009887
 816.000000  0.008765
 817.000000  0.009912
 818.000000  0.008716
 819.000000  0.009936
 820.000000  0.008447
 821.000000  0.009814
 822.000000  0.007861
 823.000000  0.009814
 824.000000  0.010669
 825.000000  0.009936
 826.000000  0.008447
 827.000000  0.009790
 828.000000  0.007935
 829.000000  0.009814
 830.000000  0.008008
 831.000000  0.009790
 832.000000  0.007764
 833.000000  0.009814
 834.000000  0.007788
 835.000000  0.009790
 836.000000  0.010229
 837.000000  0.009790
 838.000000  0.007837
 839.000000  0.009790
 840.000000  0.007959
 841.000000  0.009765
 842.000000  0.010351
 843.000000  0.009765
 844.000000  0.007739
 845.000000  0.007349
 846.000000  0.009936
 847.000000  0.009765
 848.000000  0.007471
 849.000000  0.009790
 850.000000  0.007373
 851.000000  0.009765
 852.000000  0.007446
 853.000000  0.007300
 854.000000  0.009887
 855.000000  0.009741
 856.000000  0.007422
 857.000000  0.007324
 858.000000  0.007349
 859.000000  0.007324
 860.000000  0.009814
 861.000000  0.009765
 862.000000  0.007324
 863.000000  0.007324
 864.000000  0.007324
 865.000000  0.009765
 866.000000  0.009765
 867.000000  0.007324
 868.000000  0.007324
 869.000000  0.009765
 870.000000  0.007422
 871.000000  0.009741
 872.000000  0.007324
 873.000000  0.009765
 874.000000  0.007349
 875.000000  0.009765
 876.000000  0.007349
 877.000000  0.007324
 878.000000  0.007324
 879.000000  0.007300
 880.000000  0.007324
 881.000000  0.009741
 882.000000  0.007349
 883.000000  0.009741
 884.000000  0.007300
 885.000000  0.009692
 886.000000  0.007397
 887.000000  0.007275
 888.000000  0.007324
 889.000000  0.009765
 890.000000  0.007373
 891.000000  0.009716
 892.000000  0.007300
 893.000000  0.009692
 894.000000  0.007397
 895.000000  0.009716
 896.000000  0.007349
 897.000000  0.009692
 898.000000  0.007397
 899.000000  0.009692
 900.000000  0.007373
 901.000000  0.009692
 902.000000  0.009765
 903.000000  0.009741
 904.000000  0.007300
 905.000000  0.009692
 906.000000  0.009790
 907.000000  0.009594
 908.000000  0.009790
 909.000000  0.009692
 910.000000  0.007300
 911.000000  0.009668
 912.000000  0.007324
 913.000000  0.009594
 914.000000  0.007324
 915.000000  0.009521
 916.000000  0.007349
 917.000000  0.009692
 918.000000  0.009814
 919.000000  0.009570
 920.000000  0.009765
 921.000000  0.009448
 922.000000  0.007324
 923.000000  0.009472
 924.000000  0.007324
 925.000000  0.009643
 926.000000  0.007349
 927.000000  0.009619
 928.000000  0.007300
 929.000000  0.009594
 930.000000  0.007349
 931.000000  0.009643
 932.000000  0.007324
 933.000000  0.009619
 934.000000  0.007324
 935.000000  0.009545
 936.000000  0.007324
 937.000000  0.009497
 938.000000  0.007373
 939.000000  0.009326
 940.000000  0.007349
 941.000000  0.009399
 942.000000  0.007300
 943.000000  0.009326
 944.000000  0.007324
 945.000000  0.007104
 946.000000  0.009716
 947.000000  0.009472
 948.000000  0.007324
 949.000000  0.009448
 950.000000  0.009716
 951.000000  0.009521
 952.000000  0.007300
 953.000000  0.009423
 954.000000  0.007349
 955.000000  0.009497
 956.000000  0.007349
 957.000000  0.009521
 958.000000  0.007300
 959.000000  0.007031
 960.000000  0.007275
 961.000000  0.007007
 962.000000  0.009716
 963.000000  0.006934
 964.000000  0.007300
 965.000000  0.009619
 966.000000  0.007275
 967.000000  0.009521
 968.000000  0.007275
 969.000000  0.009326
 970.000000  0.009765
 971.000000  0.009570
 972.000000  0.007275
 973.000000  0.009252
 974.000000  0.007300
 975.000000  0.009472
 976.000000  0.007251
 977.000000  0.009277
 978.000000  0.007275
 979.000000  0.009277
 980.000000  0.007373
 981.000000  0.009521
 982.000000  0.007300
 983.000000  0.006934
 984.000000  0.007324
 985.000000  0.009350
 986.000000  0.007324
 987.000000  0.009252
 988.000000  0.009741
 989.000000  0.009252
 990.000000  0.007324
 991.000000  0.009179
 992.000000  0.007324
 993.000000  0.009350
 994.000000  0.007275
 995.000000  0.009204
 996.000000  0.007275
 997.000000  0.009399
 998.000000  0.009790
 999.000000  0.009082
 1000.000000  0.009765
 1001.000000  0.009155
 1002.000000  0.007300
 1003.000000  0.009179
 1004.000000  0.007275
 1005.000000  0.009057
 1006.000000  0.007300
 1007.000000  0.009155
 1008.000000  0.007324
 1009.000000  0.009130
 1010.000000  0.007324
 1011.000000  0.009179
 1012.000000  0.007324
 1013.000000  0.009106
 1014.000000  0.007275
 1015.000000  0.009057
 1016.000000  0.007275
 1017.000000  0.009228
 1018.000000  0.007300
 1019.000000  0.009033
 1020.000000  0.007275
 1021.000000  0.008837
 1022.000000  0.007324
 1023.000000  0.009179
