 0.000000  0.007397
 1.000000  0.007324
 2.000000  0.007324
 3.000000  0.007324
 4.000000  0.007324
 5.000000  0.007300
 6.000000  0.007373
 7.000000  0.007324
 8.000000  0.007349
 9.000000  0.007324
 10.000000  0.007349
 11.000000  0.007300
 12.000000  0.007373
 13.000000  0.007324
 14.000000  0.007324
 15.000000  0.007324
 16.000000  0.007422
 17.000000  0.007349
 18.000000  0.007349
 19.000000  0.007251
 20.000000  0.007324
 21.000000  0.007324
 22.000000  0.007349
 23.000000  0.007324
 24.000000  0.007422
 25.000000  0.007251
 26.000000  0.007446
 27.000000  0.009741
 28.000000  0.007373
 29.000000  0.007202
 30.000000  0.007373
 31.000000  0.007300
 32.000000  0.007422
 33.000000  0.007251
 34.000000  0.007519
 35.000000  0.007251
 36.000000  0.007495
 37.000000  0.007324
 38.000000  0.007446
 39.000000  0.009716
 40.000000  0.007519
 41.000000  0.007275
 42.000000  0.007495
 43.000000  0.007349
 44.000000  0.007446
 45.000000  0.007300
 46.000000  0.007422
 47.000000  0.007324
 48.000000  0.007422
 49.000000  0.007300
 50.000000  0.007373
 51.000000  0.007300
 52.000000  0.007422
 53.000000  0.007373
 54.000000  0.007422
 55.000000  0.007275
 56.000000  0.007495
 57.000000  0.007251
 58.000000  0.007495
 59.000000  0.009643
 60.000000  0.007373
 61.000000  0.009716
 62.000000  0.007324
 63.000000  0.007300
 64.000000  0.007373
 65.000000  0.007251
 66.000000  0.007422
 67.000000  0.009716
 68.000000  0.007349
 69.000000  0.007324
 70.000000  0.007349
 71.000000  0.007275
 72.000000  0.007397
 73.000000  0.007275
 74.000000  0.007397
 75.000000  0.007275
 76.000000  0.007471
 77.000000  0.007324
 78.000000  0.007471
 79.000000  0.007275
 80.000000  0.007422
 81.000000  0.007300
 82.000000  0.007324
 83.000000  0.007349
 84.000000  0.007373
 85.000000  0.007275
 86.000000  0.007397
 87.000000  0.007275
 88.000000  0.007519
 89.000000  0.007275
 90.000000  0.007373
 91.000000  0.007251
 92.000000  0.007422
 93.000000  0.007227
 94.000000  0.007446
 95.000000  0.007202
 96.000000  0.007373
 97.000000  0.007251
 98.000000  0.007446
 99.000000  0.007300
 100.000000  0.007446
 101.000000  0.009716
 102.000000  0.007324
 103.000000  0.009692
 104.000000  0.007397
 105.000000  0.007275
 106.000000  0.007446
 107.000000  0.007300
 108.000000  0.007495
 109.000000  0.009716
 110.000000  0.007519
 111.000000  0.007300
 112.000000  0.007422
 113.000000  0.007300
 114.000000  0.007373
 115.000000  0.007300
 116.000000  0.007471
 117.000000  0.007275
 118.000000  0.007446
 119.000000  0.007300
 120.000000  0.007446
 121.000000  0.007300
 122.000000  0.007349
 123.000000  0.007300
 124.000000  0.007324
 125.000000  0.007300
 126.000000  0.007373
 127.000000  0.009765
 128.000000  0.007446
 129.000000  0.007300
 130.000000  0.007397
 131.000000  0.009765
 132.000000  0.007349
 133.000000  0.007324
 134.000000  0.007446
 135.000000  0.009741
 136.000000  0.007422
 137.000000  0.007300
 138.000000  0.007397
 139.000000  0.007251
 140.000000  0.007397
 141.000000  0.007324
 142.000000  0.007373
 143.000000  0.007324
 144.000000  0.007349
 145.000000  0.009765
 146.000000  0.007349
 147.000000  0.007324
 148.000000  0.007397
 149.000000  0.009741
 150.000000  0.007373
 151.000000  0.007300
 152.000000  0.007349
 153.000000  0.007324
 154.000000  0.007397
 155.000000  0.007300
 156.000000  0.007349
 157.000000  0.009765
 158.000000  0.007349
 159.000000  0.007324
 160.000000  0.007349
 161.000000  0.007324
 162.000000  0.007397
 163.000000  0.007324
 164.000000  0.007324
 165.000000  0.007324
 166.000000  0.007324
 167.000000  0.007324
 168.000000  0.007349
 169.000000  0.009741
 170.000000  0.007373
 171.000000  0.007324
 172.000000  0.007349
 173.000000  0.007324
 174.000000  0.007373
 175.000000  0.007324
 176.000000  0.007397
 177.000000  0.007300
 178.000000  0.007373
 179.000000  0.009741
 180.000000  0.007300
 181.000000  0.007275
 182.000000  0.007519
 183.000000  0.007324
 184.000000  0.007373
 185.000000  0.007275
 186.000000  0.007446
 187.000000  0.007324
 188.000000  0.007471
 189.000000  0.007300
 190.000000  0.007349
 191.000000  0.007227
 192.000000  0.007495
 193.000000  0.007300
 194.000000  0.007349
 195.000000  0.007324
 196.000000  0.009814
 197.000000  0.007324
 198.000000  0.007397
 199.000000  0.009765
 200.000000  0.007397
 201.000000  0.009716
 202.000000  0.007397
 203.000000  0.007300
 204.000000  0.007422
 205.000000  0.007251
 206.000000  0.007373
 207.000000  0.007275
 208.000000  0.007397
 209.000000  0.009741
 210.000000  0.007422
 211.000000  0.007300
 212.000000  0.007422
 213.000000  0.009692
 214.000000  0.007446
 215.000000  0.007324
 216.000000  0.007446
 217.000000  0.007300
 218.000000  0.007373
 219.000000  0.009692
 220.000000  0.007422
 221.000000  0.007251
 222.000000  0.007373
 223.000000  0.007324
 224.000000  0.007446
 225.000000  0.007300
 226.000000  0.007397
 227.000000  0.009765
 228.000000  0.007471
 229.000000  0.009741
 230.000000  0.007422
 231.000000  0.007227
 232.000000  0.007422
 233.000000  0.009765
 234.000000  0.007373
 235.000000  0.007300
 236.000000  0.007471
 237.000000  0.007300
 238.000000  0.007422
 239.000000  0.009765
 240.000000  0.007446
 241.000000  0.007275
 242.000000  0.007446
 243.000000  0.009716
 244.000000  0.007373
 245.000000  0.007324
 246.000000  0.007446
 247.000000  0.007275
 248.000000  0.007397
 249.000000  0.007275
 250.000000  0.007495
 251.000000  0.007324
 252.000000  0.007471
 253.000000  0.007324
 254.000000  0.007446
 255.000000  0.009741
 256.000000  0.007422
 257.000000  0.007251
 258.000000  0.007349
 259.000000  0.007324
 260.000000  0.007471
 261.000000  0.007275
 262.000000  0.007373
 263.000000  0.009692
 264.000000  0.007397
 265.000000  0.009716
 266.000000  0.007349
 267.000000  0.009716
 268.000000  0.007373
 269.000000  0.009765
 270.000000  0.007446
 271.000000  0.007275
 272.000000  0.007422
 273.000000  0.007275
 274.000000  0.007568
 275.000000  0.009741
 276.000000  0.007422
 277.000000  0.009741
 278.000000  0.007568
 279.000000  0.007349
 280.000000  0.007471
 281.000000  0.009716
 282.000000  0.007397
 283.000000  0.009741
 284.000000  0.007373
 285.000000  0.007324
 286.000000  0.007373
 287.000000  0.007324
 288.000000  0.007471
 289.000000  0.009765
 290.000000  0.007422
 291.000000  0.007300
 292.000000  0.007422
 293.000000  0.007324
 294.000000  0.007471
 295.000000  0.009765
 296.000000  0.007471
 297.000000  0.009765
 298.000000  0.007446
 299.000000  0.009765
 300.000000  0.007544
 301.000000  0.007324
 302.000000  0.007495
 303.000000  0.009765
 304.000000  0.007666
 305.000000  0.007324
 306.000000  0.007422
 307.000000  0.009765
 308.000000  0.007544
 309.000000  0.009765
 310.000000  0.007593
 311.000000  0.007324
 312.000000  0.007715
 313.000000  0.007324
 314.000000  0.007715
 315.000000  0.009765
 316.000000  0.007642
 317.000000  0.007300
 318.000000  0.007593
 319.000000  0.007300
 320.000000  0.007544
 321.000000  0.009765
 322.000000  0.007642
 323.000000  0.009765
 324.000000  0.007544
 325.000000  0.007324
 326.000000  0.007642
 327.000000  0.007324
 328.000000  0.007739
 329.000000  0.009765
 330.000000  0.007935
 331.000000  0.009765
 332.000000  0.007886
 333.000000  0.009790
 334.000000  0.007935
 335.000000  0.009765
 336.000000  0.007715
 337.000000  0.007349
 338.000000  0.007983
 339.000000  0.007349
 340.000000  0.008057
 341.000000  0.009863
 342.000000  0.010205
 343.000000  0.009790
 344.000000  0.007935
 345.000000  0.009741
 346.000000  0.008374
 347.000000  0.007349
 348.000000  0.007837
 349.000000  0.009765
 350.000000  0.007910
 351.000000  0.009790
 352.000000  0.008350
 353.000000  0.009765
 354.000000  0.008301
 355.000000  0.007349
 356.000000  0.008008
 357.000000  0.007397
 358.000000  0.008545
 359.000000  0.009790
 360.000000  0.008496
 361.000000  0.007373
 362.000000  0.008301
 363.000000  0.009814
 364.000000  0.008325
 365.000000  0.007422
 366.000000  0.008545
 367.000000  0.007397
 368.000000  0.008545
 369.000000  0.007422
 370.000000  0.008423
 371.000000  0.009838
 372.000000  0.008301
 373.000000  0.009887
 374.000000  0.008472
 375.000000  0.009912
 376.000000  0.008862
 377.000000  0.007471
 378.000000  0.009155
 379.000000  0.007495
 380.000000  0.008911
 381.000000  0.009936
 382.000000  0.008667
 383.000000  0.007666
 384.000000  0.008618
 385.000000  0.007519
 386.000000  0.008911
 387.000000  0.009936
 388.000000  0.008740
 389.000000  0.010034
 390.000000  0.009228
 391.000000  0.009985
 392.000000  0.008862
 393.000000  0.007593
 394.000000  0.009106
 395.000000  0.007568
 396.000000  0.009253
 397.000000  0.007666
 398.000000  0.009082
 399.000000  0.007617
 400.000000  0.009302
 401.000000  0.010278
 402.000000  0.009326
 403.000000  0.007812
 404.000000  0.009277
 405.000000  0.007690
 406.000000  0.009180
 407.000000  0.007764
 408.000000  0.009302
 409.000000  0.010107
 410.000000  0.009448
 411.000000  0.010278
 412.000000  0.009521
 413.000000  0.007935
 414.000000  0.009570
 415.000000  0.010302
 416.000000  0.009570
 417.000000  0.008252
 418.000000  0.009619
 419.000000  0.008154
 420.000000  0.009570
 421.000000  0.007861
 422.000000  0.009473
 423.000000  0.008398
 424.000000  0.009668
 425.000000  0.010595
 426.000000  0.009595
 427.000000  0.011084
 428.000000  0.009668
 429.000000  0.011035
 430.000000  0.009717
 431.000000  0.011059
 432.000000  0.009668
 433.000000  0.008691
 434.000000  0.009717
 435.000000  0.011303
 436.000000  0.009692
 437.000000  0.011450
 438.000000  0.009741
 439.000000  0.011914
 440.000000  0.009741
 441.000000  0.011474
 442.000000  0.009766
 443.000000  0.011767
 444.000000  0.009766
 445.000000  0.011914
 446.000000  0.009766
 447.000000  0.009619
 448.000000  0.009766
 449.000000  0.012060
 450.000000  0.009766
 451.000000  0.012158
 452.000000  0.009766
 453.000000  0.012109
 454.000000  0.009766
 455.000000  0.012133
 456.000000  0.009766
 457.000000  0.012207
 458.000000  0.009766
 459.000000  0.012109
 460.000000  0.009790
 461.000000  0.012207
 462.000000  0.009839
 463.000000  0.012207
 464.000000  0.009839
 465.000000  0.012207
 466.000000  0.009985
 467.000000  0.009766
 468.000000  0.009936
 469.000000  0.009766
 470.000000  0.010059
 471.000000  0.012207
 472.000000  0.010425
 473.000000  0.009839
 474.000000  0.010718
 475.000000  0.012353
 476.000000  0.011182
 477.000000  0.010059
 478.000000  0.011475
 479.000000  0.012573
 480.000000  0.011475
 481.000000  0.013183
 482.000000  0.011963
 483.000000  0.011352
 484.000000  0.012061
 485.000000  0.014184
 486.000000  0.012183
 487.000000  0.011865
 488.000000  0.012158
 489.000000  0.011572
 490.000000  0.012183
 491.000000  0.014624
 492.000000  0.012207
 493.000000  0.014502
 494.000000  0.012231
 495.000000  0.014477
 496.000000  0.012256
 497.000000  0.012085
 498.000000  0.012207
 499.000000  0.014599
 500.000000  0.012329
 501.000000  0.014599
 502.000000  0.012598
 503.000000  0.014624
 504.000000  0.012549
 505.000000  0.014697
 506.000000  0.013306
 507.000000  0.012329
 508.000000  0.013306
 509.000000  0.012329
 510.000000  0.013672
 511.000000  0.014794
 512.000000  0.013916
 513.000000  0.012329
 514.000000  0.014038
 515.000000  0.013061
 516.000000  0.014453
 517.000000  0.013452
 518.000000  0.014575
 519.000000  0.013794
 520.000000  0.014600
 521.000000  0.014062
 522.000000  0.014551
 523.000000  0.016699
 524.000000  0.014648
 525.000000  0.016992
 526.000000  0.014697
 527.000000  0.016894
 528.000000  0.014697
 529.000000  0.017089
 530.000000  0.014941
 531.000000  0.017089
 532.000000  0.015186
 533.000000  0.014746
 534.000000  0.016040
 535.000000  0.015112
 536.000000  0.016260
 537.000000  0.017822
 538.000000  0.016943
 539.000000  0.018408
 540.000000  0.017017
 541.000000  0.015723
 542.000000  0.017065
 543.000000  0.016455
 544.000000  0.017041
 545.000000  0.016504
 546.000000  0.017163
 547.000000  0.019433
 548.000000  0.017407
 549.000000  0.019555
 550.000000  0.017236
 551.000000  0.019604
 552.000000  0.018530
 553.000000  0.017749
 554.000000  0.018994
 555.000000  0.017725
 556.000000  0.019263
 557.000000  0.021728
 558.000000  0.019653
 559.000000  0.021704
 560.000000  0.019580
 561.000000  0.019531
 562.000000  0.020654
 563.000000  0.021997
 564.000000  0.019922
 565.000000  0.022338
 566.000000  0.021484
 567.000000  0.022851
 568.000000  0.021899
 569.000000  0.023803
 570.000000  0.022046
 571.000000  0.024414
 572.000000  0.022192
 573.000000  0.024243
 574.000000  0.022803
 575.000000  0.025830
 576.000000  0.024438
 577.000000  0.026831
 578.000000  0.024463
 579.000000  0.025781
 580.000000  0.024951
 581.000000  0.024316
 582.000000  0.025342
 583.000000  0.027050
 584.000000  0.026367
 585.000000  0.029101
 586.000000  0.026880
 587.000000  0.029199
 588.000000  0.026514
 589.000000  0.026953
 590.000000  0.029053
 591.000000  0.030810
 592.000000  0.027612
 593.000000  0.027002
 594.000000  0.029614
 595.000000  0.031738
 596.000000  0.030273
 597.000000  0.030346
 598.000000  0.028735
 599.000000  0.032104
 600.000000  0.029639
 601.000000  0.031811
 602.000000  0.029321
 603.000000  0.033398
 604.000000  0.034204
 605.000000  0.035620
 606.000000  0.031812
 607.000000  0.032617
 608.000000  0.034375
 609.000000  0.038452
 610.000000  0.037256
 611.000000  0.036474
 612.000000  0.036523
 613.000000  0.043286
 614.000000  0.044604
 615.000000  0.046337
 616.000000  0.036597
 617.000000  0.036255
 618.000000  0.048022
 619.000000  0.069409
 620.000000  0.071436
 621.000000  0.040869
 622.000000  0.042090
 623.000000  0.057983
 624.000000  0.087524
 625.000000  0.073999
 626.000000  0.041943
 627.000000  0.051196
 628.000000  0.082031
 629.000000  0.182055
 630.000000  0.098755
 631.000000  0.053906
 632.000000  0.081079
 633.000000  0.319971
 634.000000  0.755737
 635.000000  0.206348
 636.000000  0.079395
 637.000000  0.174341
 638.000000  0.917847
 639.000000  1.361011
 640.000000  0.254517
 641.000000  0.087963
 642.000000  0.129272
 643.000000  0.124121
 644.000000  0.117480
 645.000000  0.047607
 646.000000  0.046435
 647.000000  0.051318
 648.000000  0.046045
 649.000000  0.042139
 650.000000  0.036572
 651.000000  0.036670
 652.000000  0.038110
 653.000000  0.036646
 654.000000  0.034399
 655.000000  0.034033
 656.000000  0.034253
 657.000000  0.036181
 658.000000  0.033325
 659.000000  0.030225
 660.000000  0.031226
 661.000000  0.034204
 662.000000  0.031787
 663.000000  0.032714
 664.000000  0.031933
 665.000000  0.031176
 666.000000  0.032739
 667.000000  0.030810
 668.000000  0.028296
 669.000000  0.026880
 670.000000  0.027075
 671.000000  0.027075
 672.000000  0.026978
 673.000000  0.027905
 674.000000  0.028271
 675.000000  0.029028
 676.000000  0.026807
 677.000000  0.027294
 678.000000  0.026270
 679.000000  0.026806
 680.000000  0.024561
 681.000000  0.024585
 682.000000  0.025269
 683.000000  0.025610
 684.000000  0.023730
 685.000000  0.026635
 686.000000  0.024292
 687.000000  0.022266
 688.000000  0.024755
 689.000000  0.021997
 690.000000  0.024926
 691.000000  0.024194
 692.000000  0.021973
 693.000000  0.022216
 694.000000  0.021802
 695.000000  0.022460
 696.000000  0.023974
 697.000000  0.022192
 698.000000  0.020020
 699.000000  0.021948
 700.000000  0.019653
 701.000000  0.019360
 702.000000  0.019531
 703.000000  0.018799
 704.000000  0.021875
 705.000000  0.020336
 706.000000  0.019043
 707.000000  0.017627
 708.000000  0.018652
 709.000000  0.019775
 710.000000  0.018433
 711.000000  0.019653
 712.000000  0.017578
 713.000000  0.019531
 714.000000  0.017920
 715.000000  0.019604
 716.000000  0.017480
 717.000000  0.019458
 718.000000  0.017065
 719.000000  0.018896
 720.000000  0.017065
 721.000000  0.018188
 722.000000  0.016895
 723.000000  0.017260
 724.000000  0.016553
 725.000000  0.017187
 726.000000  0.015625
 727.000000  0.017163
 728.000000  0.014893
 729.000000  0.014673
 730.000000  0.014795
 731.000000  0.017065
 732.000000  0.014624
 733.000000  0.016967
 734.000000  0.017114
 735.000000  0.016992
 736.000000  0.014648
 737.000000  0.016821
 738.000000  0.014600
 739.000000  0.016650
 740.000000  0.014624
 741.000000  0.016113
 742.000000  0.014624
 743.000000  0.014233
 744.000000  0.014575
 745.000000  0.015918
 746.000000  0.014111
 747.000000  0.012402
 748.000000  0.014136
 749.000000  0.014794
 750.000000  0.013159
 751.000000  0.014672
 752.000000  0.014770
 753.000000  0.014648
 754.000000  0.012378
 755.000000  0.014648
 756.000000  0.012231
 757.000000  0.014624
 758.000000  0.012231
 759.000000  0.012183
 760.000000  0.012231
 761.000000  0.014477
 762.000000  0.012207
 763.000000  0.014086
 764.000000  0.012158
 765.000000  0.013916
 766.000000  0.012158
 767.000000  0.011548
 768.000000  0.011963
 769.000000  0.013647
 770.000000  0.012012
 771.000000  0.013134
 772.000000  0.011206
 773.000000  0.012548
 774.000000  0.013232
 775.000000  0.012280
 776.000000  0.012817
 777.000000  0.012231
 778.000000  0.010229
 779.000000  0.009839
 780.000000  0.009888
 781.000000  0.009766
 782.000000  0.012377
 783.000000  0.012207
 784.000000  0.009790
 785.000000  0.012207
 786.000000  0.009766
 787.000000  0.012207
 788.000000  0.012207
 789.000000  0.012207
 790.000000  0.009766
 791.000000  0.012158
 792.000000  0.009766
 793.000000  0.012182
 794.000000  0.009766
 795.000000  0.012133
 796.000000  0.009766
 797.000000  0.012036
 798.000000  0.009766
 799.000000  0.012109
 800.000000  0.009766
 801.000000  0.011914
 802.000000  0.012182
 803.000000  0.011792
 804.000000  0.009766
 805.000000  0.011743
 806.000000  0.009741
 807.000000  0.011352
 808.000000  0.012133
 809.000000  0.008594
 810.000000  0.009741
 811.000000  0.008569
 812.000000  0.009717
 813.000000  0.008301
 814.000000  0.009644
 815.000000  0.011206
 816.000000  0.009619
 817.000000  0.010669
 818.000000  0.009717
 819.000000  0.010620
 820.000000  0.009595
 821.000000  0.010546
 822.000000  0.009619
 823.000000  0.010669
 824.000000  0.011962
 825.000000  0.010302
 826.000000  0.009619
 827.000000  0.010595
 828.000000  0.009473
 829.000000  0.010351
 830.000000  0.009473
 831.000000  0.010180
 832.000000  0.009302
 833.000000  0.010107
 834.000000  0.009277
 835.000000  0.010131
 836.000000  0.011792
 837.000000  0.010083
 838.000000  0.009082
 839.000000  0.009936
 840.000000  0.009180
 841.000000  0.009887
 842.000000  0.011132
 843.000000  0.009912
 844.000000  0.008813
 845.000000  0.007519
 846.000000  0.010766
 847.000000  0.009887
 848.000000  0.008179
 849.000000  0.009863
 850.000000  0.008179
 851.000000  0.009814
 852.000000  0.008276
 853.000000  0.007349
 854.000000  0.011035
 855.000000  0.009814
 856.000000  0.007886
 857.000000  0.007397
 858.000000  0.008081
 859.000000  0.007349
 860.000000  0.010400
 861.000000  0.009814
 862.000000  0.007837
 863.000000  0.007324
 864.000000  0.007568
 865.000000  0.009814
 866.000000  0.010131
 867.000000  0.007349
 868.000000  0.008081
 869.000000  0.009814
 870.000000  0.007812
 871.000000  0.009838
 872.000000  0.007617
 873.000000  0.009790
 874.000000  0.007715
 875.000000  0.009741
 876.000000  0.007617
 877.000000  0.007324
 878.000000  0.007739
 879.000000  0.007397
 880.000000  0.007495
 881.000000  0.009814
 882.000000  0.007544
 883.000000  0.009765
 884.000000  0.007422
 885.000000  0.009790
 886.000000  0.007495
 887.000000  0.007300
 888.000000  0.007568
 889.000000  0.009765
 890.000000  0.007471
 891.000000  0.009765
 892.000000  0.007593
 893.000000  0.009765
 894.000000  0.007471
 895.000000  0.009741
 896.000000  0.007422
 897.000000  0.009716
 898.000000  0.007422
 899.000000  0.009716
 900.000000  0.007349
 901.000000  0.009790
 902.000000  0.009814
 903.000000  0.009668
 904.000000  0.007397
 905.000000  0.009765
 906.000000  0.009814
 907.000000  0.009716
 908.000000  0.009765
 909.000000  0.009765
 910.000000  0.007373
 911.000000  0.009765
 912.000000  0.007373
 913.000000  0.009741
 914.000000  0.007324
 915.000000  0.009741
 916.000000  0.007324
 917.000000  0.009765
 918.000000  0.009765
 919.000000  0.009741
 920.000000  0.009838
 921.000000  0.009692
 922.000000  0.007349
 923.000000  0.009741
 924.000000  0.007373
 925.000000  0.009716
 926.000000  0.007324
 927.000000  0.009741
 928.000000  0.007324
 929.000000  0.009716
 930.000000  0.007349
 931.000000  0.009741
 932.000000  0.007324
 933.000000  0.009765
 934.000000  0.007349
 935.000000  0.009716
 936.000000  0.007349
 937.000000  0.009741
 938.000000  0.007349
 939.000000  0.009692
 940.000000  0.007324
 941.000000  0.009765
 942.000000  0.007324
 943.000000  0.009619
 944.000000  0.007324
 945.000000  0.007300
 946.000000  0.009765
 947.000000  0.009716
 948.000000  0.007324
 949.000000  0.009741
 950.000000  0.009765
 951.000000  0.009741
 952.000000  0.007324
 953.000000  0.009692
 954.000000  0.007349
 955.000000  0.009668
 956.000000  0.007324
 957.000000  0.009716
 958.000000  0.007373
 959.000000  0.007202
 960.000000  0.007349
 961.000000  0.007056
 962.000000  0.009716
 963.000000  0.007178
 964.000000  0.007349
 965.000000  0.009619
 966.000000  0.007324
 967.000000  0.009619
 968.000000  0.007373
 969.000000  0.009668
 970.000000  0.009790
 971.000000  0.009594
 972.000000  0.007373
 973.000000  0.009594
 974.000000  0.007324
 975.000000  0.009521
 976.000000  0.007300
 977.000000  0.009570
 978.000000  0.007349
 979.000000  0.009399
 980.000000  0.007349
 981.000000  0.009594
 982.000000  0.007300
 983.000000  0.007129
 984.000000  0.007300
 985.000000  0.009619
 986.000000  0.007300
 987.000000  0.009423
 988.000000  0.009741
 989.000000  0.009448
 990.000000  0.007300
 991.000000  0.009423
 992.000000  0.007300
 993.000000  0.009423
 994.000000  0.007275
 995.000000  0.009472
 996.000000  0.007300
 997.000000  0.009545
 998.000000  0.009741
 999.000000  0.009472
 1000.000000  0.009765
 1001.000000  0.009350
 1002.000000  0.007324
 1003.000000  0.009472
 1004.000000  0.007300
 1005.000000  0.009301
 1006.000000  0.007324
 1007.000000  0.009399
 1008.000000  0.007300
 1009.000000  0.009448
 1010.000000  0.007300
 1011.000000  0.009399
 1012.000000  0.007300
 1013.000000  0.009448
 1014.000000  0.007300
 1015.000000  0.009472
 1016.000000  0.007324
 1017.000000  0.009423
 1018.000000  0.007300
 1019.000000  0.009375
 1020.000000  0.007349
 1021.000000  0.009033
 1022.000000  0.007324
 1023.000000  0.009448
