 0.000000  0.007422
 1.000000  0.007324
 2.000000  0.007422
 3.000000  0.007324
 4.000000  0.007397
 5.000000  0.007324
 6.000000  0.007349
 7.000000  0.007324
 8.000000  0.007373
 9.000000  0.007324
 10.000000  0.007422
 11.000000  0.007324
 12.000000  0.007519
 13.000000  0.007324
 14.000000  0.007446
 15.000000  0.007324
 16.000000  0.007446
 17.000000  0.007300
 18.000000  0.007373
 19.000000  0.007324
 20.000000  0.007349
 21.000000  0.007324
 22.000000  0.007349
 23.000000  0.007324
 24.000000  0.007422
 25.000000  0.007324
 26.000000  0.007446
 27.000000  0.009765
 28.000000  0.007373
 29.000000  0.007324
 30.000000  0.007373
 31.000000  0.007324
 32.000000  0.007349
 33.000000  0.007324
 34.000000  0.007373
 35.000000  0.007324
 36.000000  0.007397
 37.000000  0.007324
 38.000000  0.007324
 39.000000  0.009765
 40.000000  0.007373
 41.000000  0.007324
 42.000000  0.007373
 43.000000  0.007300
 44.000000  0.007373
 45.000000  0.007300
 46.000000  0.007397
 47.000000  0.007324
 48.000000  0.007397
 49.000000  0.007324
 50.000000  0.007349
 51.000000  0.007324
 52.000000  0.007324
 53.000000  0.007324
 54.000000  0.007324
 55.000000  0.007324
 56.000000  0.007373
 57.000000  0.007324
 58.000000  0.007397
 59.000000  0.009765
 60.000000  0.007373
 61.000000  0.009765
 62.000000  0.007324
 63.000000  0.007300
 64.000000  0.007373
 65.000000  0.007300
 66.000000  0.007397
 67.000000  0.009765
 68.000000  0.007324
 69.000000  0.007324
 70.000000  0.007324
 71.000000  0.007300
 72.000000  0.007373
 73.000000  0.007300
 74.000000  0.007373
 75.000000  0.007324
 76.000000  0.007446
 77.000000  0.007300
 78.000000  0.007324
 79.000000  0.007324
 80.000000  0.007446
 81.000000  0.007275
 82.000000  0.007324
 83.000000  0.007275
 84.000000  0.007373
 85.000000  0.007300
 86.000000  0.007397
 87.000000  0.007300
 88.000000  0.007446
 89.000000  0.007275
 90.000000  0.007495
 91.000000  0.007251
 92.000000  0.007495
 93.000000  0.007275
 94.000000  0.007373
 95.000000  0.007251
 96.000000  0.007422
 97.000000  0.007275
 98.000000  0.007471
 99.000000  0.007251
 100.000000  0.007471
 101.000000  0.009741
 102.000000  0.007446
 103.000000  0.009741
 104.000000  0.007471
 105.000000  0.007275
 106.000000  0.007495
 107.000000  0.007251
 108.000000  0.007495
 109.000000  0.009643
 110.000000  0.007544
 111.000000  0.007300
 112.000000  0.007544
 113.000000  0.007251
 114.000000  0.007471
 115.000000  0.007300
 116.000000  0.007495
 117.000000  0.007275
 118.000000  0.007544
 119.000000  0.007251
 120.000000  0.007617
 121.000000  0.007349
 122.000000  0.007495
 123.000000  0.007251
 124.000000  0.007471
 125.000000  0.007324
 126.000000  0.007495
 127.000000  0.009741
 128.000000  0.007446
 129.000000  0.007227
 130.000000  0.007593
 131.000000  0.009765
 132.000000  0.007519
 133.000000  0.007300
 134.000000  0.007495
 135.000000  0.009692
 136.000000  0.007568
 137.000000  0.007227
 138.000000  0.007471
 139.000000  0.007275
 140.000000  0.007519
 141.000000  0.007275
 142.000000  0.007593
 143.000000  0.007300
 144.000000  0.007593
 145.000000  0.009692
 146.000000  0.007471
 147.000000  0.007324
 148.000000  0.007568
 149.000000  0.009741
 150.000000  0.007593
 151.000000  0.007300
 152.000000  0.007568
 153.000000  0.007275
 154.000000  0.007519
 155.000000  0.007324
 156.000000  0.007495
 157.000000  0.009741
 158.000000  0.007471
 159.000000  0.007324
 160.000000  0.007422
 161.000000  0.007324
 162.000000  0.007422
 163.000000  0.007324
 164.000000  0.007471
 165.000000  0.007324
 166.000000  0.007471
 167.000000  0.007324
 168.000000  0.007422
 169.000000  0.009790
 170.000000  0.007397
 171.000000  0.007300
 172.000000  0.007324
 173.000000  0.007324
 174.000000  0.007422
 175.000000  0.007324
 176.000000  0.007422
 177.000000  0.007324
 178.000000  0.007471
 179.000000  0.009741
 180.000000  0.007422
 181.000000  0.007324
 182.000000  0.007349
 183.000000  0.007324
 184.000000  0.007446
 185.000000  0.007324
 186.000000  0.007422
 187.000000  0.007324
 188.000000  0.007373
 189.000000  0.007324
 190.000000  0.007397
 191.000000  0.007324
 192.000000  0.007397
 193.000000  0.007324
 194.000000  0.007373
 195.000000  0.007324
 196.000000  0.009961
 197.000000  0.007324
 198.000000  0.007397
 199.000000  0.009765
 200.000000  0.007373
 201.000000  0.009765
 202.000000  0.007422
 203.000000  0.007324
 204.000000  0.007349
 205.000000  0.007324
 206.000000  0.007349
 207.000000  0.007300
 208.000000  0.007397
 209.000000  0.009765
 210.000000  0.007471
 211.000000  0.007324
 212.000000  0.007397
 213.000000  0.009765
 214.000000  0.007446
 215.000000  0.007324
 216.000000  0.007422
 217.000000  0.007300
 218.000000  0.007373
 219.000000  0.009741
 220.000000  0.007373
 221.000000  0.007324
 222.000000  0.007349
 223.000000  0.007324
 224.000000  0.007446
 225.000000  0.007324
 226.000000  0.007373
 227.000000  0.009741
 228.000000  0.007422
 229.000000  0.009765
 230.000000  0.007617
 231.000000  0.007324
 232.000000  0.007422
 233.000000  0.009765
 234.000000  0.007422
 235.000000  0.007300
 236.000000  0.007471
 237.000000  0.007300
 238.000000  0.007495
 239.000000  0.009741
 240.000000  0.007471
 241.000000  0.007227
 242.000000  0.007422
 243.000000  0.009741
 244.000000  0.007422
 245.000000  0.007324
 246.000000  0.007446
 247.000000  0.007324
 248.000000  0.007544
 249.000000  0.007349
 250.000000  0.007446
 251.000000  0.007300
 252.000000  0.007446
 253.000000  0.007324
 254.000000  0.007446
 255.000000  0.009790
 256.000000  0.007446
 257.000000  0.007300
 258.000000  0.007495
 259.000000  0.007251
 260.000000  0.007617
 261.000000  0.007227
 262.000000  0.007397
 263.000000  0.009741
 264.000000  0.007446
 265.000000  0.009814
 266.000000  0.007495
 267.000000  0.009741
 268.000000  0.007568
 269.000000  0.009765
 270.000000  0.007642
 271.000000  0.007275
 272.000000  0.007642
 273.000000  0.007275
 274.000000  0.007690
 275.000000  0.009814
 276.000000  0.007617
 277.000000  0.009765
 278.000000  0.007764
 279.000000  0.007324
 280.000000  0.007812
 281.000000  0.009790
 282.000000  0.007666
 283.000000  0.009765
 284.000000  0.007519
 285.000000  0.007300
 286.000000  0.007690
 287.000000  0.007349
 288.000000  0.007690
 289.000000  0.009790
 290.000000  0.007690
 291.000000  0.007349
 292.000000  0.007593
 293.000000  0.007300
 294.000000  0.007764
 295.000000  0.009741
 296.000000  0.007812
 297.000000  0.009838
 298.000000  0.007935
 299.000000  0.009790
 300.000000  0.007837
 301.000000  0.007397
 302.000000  0.007861
 303.000000  0.009814
 304.000000  0.007910
 305.000000  0.007397
 306.000000  0.007788
 307.000000  0.009814
 308.000000  0.008252
 309.000000  0.009814
 310.000000  0.008008
 311.000000  0.007349
 312.000000  0.008008
 313.000000  0.007373
 314.000000  0.008350
 315.000000  0.009765
 316.000000  0.008105
 317.000000  0.007324
 318.000000  0.007715
 319.000000  0.007324
 320.000000  0.008032
 321.000000  0.009790
 322.000000  0.008252
 323.000000  0.009741
 324.000000  0.007983
 325.000000  0.007373
 326.000000  0.008203
 327.000000  0.007349
 328.000000  0.008130
 329.000000  0.009790
 330.000000  0.008618
 331.000000  0.009765
 332.000000  0.008350
 333.000000  0.009790
 334.000000  0.008301
 335.000000  0.009863
 336.000000  0.008130
 337.000000  0.007324
 338.000000  0.008789
 339.000000  0.007422
 340.000000  0.008838
 341.000000  0.009863
 342.000000  0.011084
 343.000000  0.009838
 344.000000  0.008643
 345.000000  0.009790
 346.000000  0.009033
 347.000000  0.007422
 348.000000  0.008838
 349.000000  0.009814
 350.000000  0.009082
 351.000000  0.009838
 352.000000  0.008813
 353.000000  0.009887
 354.000000  0.008740
 355.000000  0.007349
 356.000000  0.008936
 357.000000  0.007373
 358.000000  0.009058
 359.000000  0.009790
 360.000000  0.009058
 361.000000  0.007373
 362.000000  0.009131
 363.000000  0.009863
 364.000000  0.008838
 365.000000  0.007446
 366.000000  0.009131
 367.000000  0.007397
 368.000000  0.009375
 369.000000  0.007471
 370.000000  0.009131
 371.000000  0.009863
 372.000000  0.009228
 373.000000  0.010131
 374.000000  0.009277
 375.000000  0.009961
 376.000000  0.009375
 377.000000  0.007568
 378.000000  0.009595
 379.000000  0.007519
 380.000000  0.009644
 381.000000  0.010351
 382.000000  0.009521
 383.000000  0.007788
 384.000000  0.009595
 385.000000  0.007861
 386.000000  0.009717
 387.000000  0.010327
 388.000000  0.009546
 389.000000  0.010400
 390.000000  0.009717
 391.000000  0.010449
 392.000000  0.009644
 393.000000  0.007910
 394.000000  0.009668
 395.000000  0.008081
 396.000000  0.009668
 397.000000  0.008227
 398.000000  0.009619
 399.000000  0.007983
 400.000000  0.009717
 401.000000  0.010791
 402.000000  0.009668
 403.000000  0.008960
 404.000000  0.009619
 405.000000  0.008691
 406.000000  0.009619
 407.000000  0.008740
 408.000000  0.009692
 409.000000  0.011303
 410.000000  0.009717
 411.000000  0.011425
 412.000000  0.009741
 413.000000  0.008984
 414.000000  0.009717
 415.000000  0.011669
 416.000000  0.009766
 417.000000  0.009253
 418.000000  0.009741
 419.000000  0.009253
 420.000000  0.009839
 421.000000  0.009228
 422.000000  0.009717
 423.000000  0.009180
 424.000000  0.009814
 425.000000  0.011743
 426.000000  0.009790
 427.000000  0.011840
 428.000000  0.009766
 429.000000  0.011865
 430.000000  0.009790
 431.000000  0.011962
 432.000000  0.009790
 433.000000  0.009302
 434.000000  0.009814
 435.000000  0.012060
 436.000000  0.009766
 437.000000  0.012085
 438.000000  0.009814
 439.000000  0.012085
 440.000000  0.009790
 441.000000  0.012133
 442.000000  0.009790
 443.000000  0.012182
 444.000000  0.009936
 445.000000  0.012231
 446.000000  0.009961
 447.000000  0.009717
 448.000000  0.009912
 449.000000  0.012231
 450.000000  0.009888
 451.000000  0.012207
 452.000000  0.010034
 453.000000  0.012231
 454.000000  0.009985
 455.000000  0.012304
 456.000000  0.010352
 457.000000  0.012304
 458.000000  0.010474
 459.000000  0.012304
 460.000000  0.010913
 461.000000  0.012524
 462.000000  0.010889
 463.000000  0.012426
 464.000000  0.011352
 465.000000  0.012719
 466.000000  0.011597
 467.000000  0.010522
 468.000000  0.011768
 469.000000  0.010864
 470.000000  0.011938
 471.000000  0.013452
 472.000000  0.012134
 473.000000  0.011597
 474.000000  0.012207
 475.000000  0.014257
 476.000000  0.012207
 477.000000  0.011890
 478.000000  0.012256
 479.000000  0.014526
 480.000000  0.012256
 481.000000  0.014550
 482.000000  0.012280
 483.000000  0.012207
 484.000000  0.012305
 485.000000  0.014648
 486.000000  0.012353
 487.000000  0.012231
 488.000000  0.012720
 489.000000  0.012207
 490.000000  0.012720
 491.000000  0.014697
 492.000000  0.013232
 493.000000  0.014721
 494.000000  0.013745
 495.000000  0.014868
 496.000000  0.014136
 497.000000  0.012476
 498.000000  0.014185
 499.000000  0.015210
 500.000000  0.014355
 501.000000  0.016040
 502.000000  0.014502
 503.000000  0.016333
 504.000000  0.014624
 505.000000  0.016870
 506.000000  0.014673
 507.000000  0.014551
 508.000000  0.014648
 509.000000  0.014551
 510.000000  0.014697
 511.000000  0.017089
 512.000000  0.014746
 513.000000  0.014648
 514.000000  0.014697
 515.000000  0.014648
 516.000000  0.014795
 517.000000  0.014648
 518.000000  0.015649
 519.000000  0.014648
 520.000000  0.016235
 521.000000  0.014722
 522.000000  0.016602
 523.000000  0.017309
 524.000000  0.016528
 525.000000  0.017529
 526.000000  0.017065
 527.000000  0.017749
 528.000000  0.017065
 529.000000  0.019140
 530.000000  0.017065
 531.000000  0.019409
 532.000000  0.017163
 533.000000  0.016992
 534.000000  0.017407
 535.000000  0.017187
 536.000000  0.017798
 537.000000  0.019824
 538.000000  0.018652
 539.000000  0.020068
 540.000000  0.019116
 541.000000  0.017895
 542.000000  0.019214
 543.000000  0.018726
 544.000000  0.019458
 545.000000  0.019141
 546.000000  0.019531
 547.000000  0.021875
 548.000000  0.019775
 549.000000  0.021972
 550.000000  0.019824
 551.000000  0.021972
 552.000000  0.021191
 553.000000  0.019897
 554.000000  0.021606
 555.000000  0.020654
 556.000000  0.021704
 557.000000  0.023901
 558.000000  0.021948
 559.000000  0.024194
 560.000000  0.022656
 561.000000  0.021973
 562.000000  0.023242
 563.000000  0.024877
 564.000000  0.023535
 565.000000  0.024975
 566.000000  0.024121
 567.000000  0.026513
 568.000000  0.024707
 569.000000  0.026367
 570.000000  0.024853
 571.000000  0.027075
 572.000000  0.025806
 573.000000  0.027368
 574.000000  0.025854
 575.000000  0.028027
 576.000000  0.027124
 577.000000  0.028857
 578.000000  0.027612
 579.000000  0.028930
 580.000000  0.027905
 581.000000  0.027051
 582.000000  0.028149
 583.000000  0.030053
 584.000000  0.028418
 585.000000  0.031884
 586.000000  0.030176
 587.000000  0.032104
 588.000000  0.029419
 589.000000  0.029248
 590.000000  0.031250
 591.000000  0.033007
 592.000000  0.031958
 593.000000  0.030249
 594.000000  0.032349
 595.000000  0.035131
 596.000000  0.033936
 597.000000  0.034423
 598.000000  0.032104
 599.000000  0.035595
 600.000000  0.034131
 601.000000  0.035376
 602.000000  0.034155
 603.000000  0.036010
 604.000000  0.037085
 605.000000  0.038867
 606.000000  0.037842
 607.000000  0.037084
 608.000000  0.036694
 609.000000  0.041210
 610.000000  0.040112
 611.000000  0.042651
 612.000000  0.040161
 613.000000  0.041528
 614.000000  0.046533
 615.000000  0.049267
 616.000000  0.047339
 617.000000  0.040283
 618.000000  0.046021
 619.000000  0.056494
 620.000000  0.076294
 621.000000  0.061547
 622.000000  0.045361
 623.000000  0.056738
 624.000000  0.090796
 625.000000  0.158276
 626.000000  0.077319
 627.000000  0.057690
 628.000000  0.085156
 629.000000  0.273926
 630.000000  0.481006
 631.000000  0.123559
 632.000000  0.092285
 633.000000  0.237671
 634.000000  1.044336
 635.000000  1.228345
 636.000000  0.178003
 637.000000  0.200562
 638.000000  0.341602
 639.000000  0.658667
 640.000000  0.528516
 641.000000  0.097729
 642.000000  0.118311
 643.000000  0.142187
 644.000000  0.117871
 645.000000  0.076489
 646.000000  0.049389
 647.000000  0.054077
 648.000000  0.050439
 649.000000  0.048389
 650.000000  0.041626
 651.000000  0.039282
 652.000000  0.043018
 653.000000  0.040039
 654.000000  0.039819
 655.000000  0.037695
 656.000000  0.036572
 657.000000  0.039233
 658.000000  0.036621
 659.000000  0.034399
 660.000000  0.034155
 661.000000  0.036499
 662.000000  0.035327
 663.000000  0.036328
 664.000000  0.035913
 665.000000  0.034179
 666.000000  0.035595
 667.000000  0.034204
 668.000000  0.031470
 669.000000  0.029346
 670.000000  0.029980
 671.000000  0.030176
 672.000000  0.029980
 673.000000  0.031689
 674.000000  0.031738
 675.000000  0.030444
 676.000000  0.029297
 677.000000  0.029980
 678.000000  0.027563
 679.000000  0.029296
 680.000000  0.026953
 681.000000  0.026855
 682.000000  0.026782
 683.000000  0.028930
 684.000000  0.025757
 685.000000  0.026953
 686.000000  0.026831
 687.000000  0.024609
 688.000000  0.027661
 689.000000  0.024316
 690.000000  0.027221
 691.000000  0.026855
 692.000000  0.024487
 693.000000  0.026001
 694.000000  0.024121
 695.000000  0.024829
 696.000000  0.026391
 697.000000  0.024877
 698.000000  0.022754
 699.000000  0.024365
 700.000000  0.021973
 701.000000  0.021728
 702.000000  0.021973
 703.000000  0.020508
 704.000000  0.024267
 705.000000  0.022241
 706.000000  0.021094
 707.000000  0.019604
 708.000000  0.020142
 709.000000  0.021948
 710.000000  0.020117
 711.000000  0.021997
 712.000000  0.019702
 713.000000  0.021948
 714.000000  0.019580
 715.000000  0.021508
 716.000000  0.019434
 717.000000  0.020556
 718.000000  0.019214
 719.000000  0.019897
 720.000000  0.018066
 721.000000  0.019604
 722.000000  0.017627
 723.000000  0.019580
 724.000000  0.017358
 725.000000  0.019433
 726.000000  0.017114
 727.000000  0.018994
 728.000000  0.017041
 729.000000  0.016431
 730.000000  0.016919
 731.000000  0.017773
 732.000000  0.016724
 733.000000  0.017553
 734.000000  0.019067
 735.000000  0.017285
 736.000000  0.015845
 737.000000  0.017382
 738.000000  0.015503
 739.000000  0.017187
 740.000000  0.015234
 741.000000  0.017089
 742.000000  0.014844
 743.000000  0.014551
 744.000000  0.014770
 745.000000  0.017016
 746.000000  0.014600
 747.000000  0.014404
 748.000000  0.014673
 749.000000  0.016650
 750.000000  0.014575
 751.000000  0.016381
 752.000000  0.016870
 753.000000  0.015942
 754.000000  0.014429
 755.000000  0.015454
 756.000000  0.014233
 757.000000  0.014868
 758.000000  0.013647
 759.000000  0.012353
 760.000000  0.013159
 761.000000  0.014697
 762.000000  0.012622
 763.000000  0.014624
 764.000000  0.012476
 765.000000  0.014599
 766.000000  0.012427
 767.000000  0.012085
 768.000000  0.012305
 769.000000  0.014526
 770.000000  0.012207
 771.000000  0.014404
 772.000000  0.012231
 773.000000  0.014257
 774.000000  0.014624
 775.000000  0.014038
 776.000000  0.014526
 777.000000  0.013574
 778.000000  0.011890
 779.000000  0.010815
 780.000000  0.011841
 781.000000  0.010547
 782.000000  0.013842
 783.000000  0.012597
 784.000000  0.011035
 785.000000  0.012402
 786.000000  0.010986
 787.000000  0.012353
 788.000000  0.013134
 789.000000  0.012255
 790.000000  0.010254
 791.000000  0.012207
 792.000000  0.010010
 793.000000  0.012207
 794.000000  0.010034
 795.000000  0.012207
 796.000000  0.009839
 797.000000  0.012207
 798.000000  0.009766
 799.000000  0.012158
 800.000000  0.009863
 801.000000  0.012231
 802.000000  0.012231
 803.000000  0.012133
 804.000000  0.009814
 805.000000  0.012133
 806.000000  0.009766
 807.000000  0.012158
 808.000000  0.012207
 809.000000  0.009668
 810.000000  0.009766
 811.000000  0.009692
 812.000000  0.009766
 813.000000  0.009570
 814.000000  0.009766
 815.000000  0.011962
 816.000000  0.009766
 817.000000  0.011767
 818.000000  0.009766
 819.000000  0.011840
 820.000000  0.009766
 821.000000  0.011792
 822.000000  0.009766
 823.000000  0.011743
 824.000000  0.012182
 825.000000  0.011377
 826.000000  0.009766
 827.000000  0.011181
 828.000000  0.009692
 829.000000  0.011328
 830.000000  0.009766
 831.000000  0.011059
 832.000000  0.009692
 833.000000  0.010888
 834.000000  0.009717
 835.000000  0.010546
 836.000000  0.012182
 837.000000  0.010717
 838.000000  0.009570
 839.000000  0.010205
 840.000000  0.009741
 841.000000  0.010083
 842.000000  0.012036
 843.000000  0.010253
 844.000000  0.009521
 845.000000  0.007690
 846.000000  0.011645
 847.000000  0.010253
 848.000000  0.009106
 849.000000  0.009936
 850.000000  0.009009
 851.000000  0.009936
 852.000000  0.009180
 853.000000  0.007471
 854.000000  0.011914
 855.000000  0.009887
 856.000000  0.008789
 857.000000  0.007373
 858.000000  0.008691
 859.000000  0.007397
 860.000000  0.011132
 861.000000  0.009863
 862.000000  0.008081
 863.000000  0.007373
 864.000000  0.007959
 865.000000  0.009814
 866.000000  0.010766
 867.000000  0.007446
 868.000000  0.008398
 869.000000  0.009838
 870.000000  0.008227
 871.000000  0.009936
 872.000000  0.008203
 873.000000  0.009814
 874.000000  0.007886
 875.000000  0.009887
 876.000000  0.008032
 877.000000  0.007373
 878.000000  0.008057
 879.000000  0.007373
 880.000000  0.007739
 881.000000  0.009838
 882.000000  0.007788
 883.000000  0.009814
 884.000000  0.007739
 885.000000  0.009814
 886.000000  0.008008
 887.000000  0.007349
 888.000000  0.007812
 889.000000  0.009790
 890.000000  0.007739
 891.000000  0.009790
 892.000000  0.007617
 893.000000  0.009741
 894.000000  0.007764
 895.000000  0.009790
 896.000000  0.007788
 897.000000  0.009716
 898.000000  0.007666
 899.000000  0.009765
 900.000000  0.007739
 901.000000  0.009765
 902.000000  0.009887
 903.000000  0.009765
 904.000000  0.007568
 905.000000  0.009668
 906.000000  0.009936
 907.000000  0.009765
 908.000000  0.010009
 909.000000  0.009741
 910.000000  0.007593
 911.000000  0.009716
 912.000000  0.007446
 913.000000  0.009741
 914.000000  0.007568
 915.000000  0.009741
 916.000000  0.007373
 917.000000  0.009790
 918.000000  0.009985
 919.000000  0.009790
 920.000000  0.009936
 921.000000  0.009765
 922.000000  0.007422
 923.000000  0.009692
 924.000000  0.007519
 925.000000  0.009765
 926.000000  0.007446
 927.000000  0.009692
 928.000000  0.007446
 929.000000  0.009668
 930.000000  0.007349
 931.000000  0.009716
 932.000000  0.007422
 933.000000  0.009741
 934.000000  0.007568
 935.000000  0.009790
 936.000000  0.007422
 937.000000  0.009765
 938.000000  0.007446
 939.000000  0.009716
 940.000000  0.007349
 941.000000  0.009741
 942.000000  0.007397
 943.000000  0.009716
 944.000000  0.007397
 945.000000  0.007300
 946.000000  0.009765
 947.000000  0.009765
 948.000000  0.007373
 949.000000  0.009716
 950.000000  0.009790
 951.000000  0.009716
 952.000000  0.007324
 953.000000  0.009741
 954.000000  0.007349
 955.000000  0.009765
 956.000000  0.007397
 957.000000  0.009692
 958.000000  0.007324
 959.000000  0.007324
 960.000000  0.007324
 961.000000  0.007324
 962.000000  0.009790
 963.000000  0.007300
 964.000000  0.007324
 965.000000  0.009741
 966.000000  0.007324
 967.000000  0.009716
 968.000000  0.007324
 969.000000  0.009765
 970.000000  0.009765
 971.000000  0.009741
 972.000000  0.007324
 973.000000  0.009741
 974.000000  0.007324
 975.000000  0.009741
 976.000000  0.007324
 977.000000  0.009692
 978.000000  0.007324
 979.000000  0.009668
 980.000000  0.007324
 981.000000  0.009741
 982.000000  0.007349
 983.000000  0.007324
 984.000000  0.007324
 985.000000  0.009716
 986.000000  0.007324
 987.000000  0.009643
 988.000000  0.009765
 989.000000  0.009692
 990.000000  0.007324
 991.000000  0.009619
 992.000000  0.007349
 993.000000  0.009765
 994.000000  0.007324
 995.000000  0.009668
 996.000000  0.007324
 997.000000  0.009619
 998.000000  0.009765
 999.000000  0.009716
 1000.000000  0.009765
 1001.000000  0.009716
 1002.000000  0.007324
 1003.000000  0.009692
 1004.000000  0.007324
 1005.000000  0.009692
 1006.000000  0.007324
 1007.000000  0.009668
 1008.000000  0.007324
 1009.000000  0.009741
 1010.000000  0.007324
 1011.000000  0.009643
 1012.000000  0.007324
 1013.000000  0.009643
 1014.000000  0.007324
 1015.000000  0.009619
 1016.000000  0.007324
 1017.000000  0.009643
 1018.000000  0.007300
 1019.000000  0.009594
 1020.000000  0.007324
 1021.000000  0.009545
 1022.000000  0.007324
 1023.000000  0.009594
