 0.000000  0.014819
 1.000000  0.014526
 2.000000  0.014697
 3.000000  0.014551
 4.000000  0.014770
 5.000000  0.014477
 6.000000  0.014795
 7.000000  0.014600
 8.000000  0.014722
 9.000000  0.014526
 10.000000  0.014697
 11.000000  0.014551
 12.000000  0.014697
 13.000000  0.014526
 14.000000  0.014770
 15.000000  0.014526
 16.000000  0.014722
 17.000000  0.014575
 18.000000  0.014697
 19.000000  0.014600
 20.000000  0.014648
 21.000000  0.014551
 22.000000  0.014722
 23.000000  0.014477
 24.000000  0.014868
 25.000000  0.014575
 26.000000  0.015063
 27.000000  0.019359
 28.000000  0.014795
 29.000000  0.014526
 30.000000  0.014795
 31.000000  0.014526
 32.000000  0.014819
 33.000000  0.014502
 34.000000  0.014868
 35.000000  0.014526
 36.000000  0.014770
 37.000000  0.014551
 38.000000  0.014893
 39.000000  0.019408
 40.000000  0.014917
 41.000000  0.014526
 42.000000  0.014819
 43.000000  0.014551
 44.000000  0.014966
 45.000000  0.014575
 46.000000  0.015039
 47.000000  0.014502
 48.000000  0.014697
 49.000000  0.014526
 50.000000  0.014624
 51.000000  0.014551
 52.000000  0.014795
 53.000000  0.014575
 54.000000  0.014673
 55.000000  0.014502
 56.000000  0.014819
 57.000000  0.014453
 58.000000  0.014844
 59.000000  0.019335
 60.000000  0.014746
 61.000000  0.019262
 62.000000  0.014746
 63.000000  0.014477
 64.000000  0.014746
 65.000000  0.014453
 66.000000  0.014917
 67.000000  0.019457
 68.000000  0.014722
 69.000000  0.014502
 70.000000  0.014844
 71.000000  0.014453
 72.000000  0.014673
 73.000000  0.014477
 74.000000  0.014697
 75.000000  0.014453
 76.000000  0.014868
 77.000000  0.014526
 78.000000  0.014795
 79.000000  0.014502
 80.000000  0.014844
 81.000000  0.014551
 82.000000  0.014648
 83.000000  0.014526
 84.000000  0.014624
 85.000000  0.014551
 86.000000  0.014746
 87.000000  0.014502
 88.000000  0.014770
 89.000000  0.014526
 90.000000  0.014770
 91.000000  0.014551
 92.000000  0.014746
 93.000000  0.014502
 94.000000  0.014624
 95.000000  0.014477
 96.000000  0.014648
 97.000000  0.014551
 98.000000  0.014746
 99.000000  0.014551
 100.000000  0.014673
 101.000000  0.019384
 102.000000  0.014697
 103.000000  0.019408
 104.000000  0.014575
 105.000000  0.014526
 106.000000  0.014893
 107.000000  0.014526
 108.000000  0.014819
 109.000000  0.019384
 110.000000  0.014722
 111.000000  0.014575
 112.000000  0.014648
 113.000000  0.014551
 114.000000  0.014648
 115.000000  0.014551
 116.000000  0.014722
 117.000000  0.014575
 118.000000  0.014722
 119.000000  0.014526
 120.000000  0.014795
 121.000000  0.014551
 122.000000  0.014844
 123.000000  0.014551
 124.000000  0.014697
 125.000000  0.014551
 126.000000  0.014697
 127.000000  0.019384
 128.000000  0.014722
 129.000000  0.014551
 130.000000  0.014673
 131.000000  0.019335
 132.000000  0.014673
 133.000000  0.014575
 134.000000  0.014746
 135.000000  0.019384
 136.000000  0.014697
 137.000000  0.014526
 138.000000  0.014746
 139.000000  0.014551
 140.000000  0.014673
 141.000000  0.014526
 142.000000  0.014795
 143.000000  0.014575
 144.000000  0.014648
 145.000000  0.019359
 146.000000  0.014648
 147.000000  0.014575
 148.000000  0.014844
 149.000000  0.019457
 150.000000  0.014722
 151.000000  0.014477
 152.000000  0.014722
 153.000000  0.014526
 154.000000  0.014844
 155.000000  0.014502
 156.000000  0.014746
 157.000000  0.019408
 158.000000  0.014722
 159.000000  0.014502
 160.000000  0.014844
 161.000000  0.014526
 162.000000  0.014868
 163.000000  0.014477
 164.000000  0.014673
 165.000000  0.014551
 166.000000  0.014673
 167.000000  0.014526
 168.000000  0.014844
 169.000000  0.019335
 170.000000  0.014746
 171.000000  0.014526
 172.000000  0.014648
 173.000000  0.014526
 174.000000  0.014673
 175.000000  0.014477
 176.000000  0.014770
 177.000000  0.014453
 178.000000  0.014624
 179.000000  0.019311
 180.000000  0.014722
 181.000000  0.014502
 182.000000  0.014673
 183.000000  0.014453
 184.000000  0.014697
 185.000000  0.014575
 186.000000  0.014868
 187.000000  0.014477
 188.000000  0.014673
 189.000000  0.014551
 190.000000  0.014673
 191.000000  0.014429
 192.000000  0.014868
 193.000000  0.014526
 194.000000  0.014722
 195.000000  0.014526
 196.000000  0.019530
 197.000000  0.014453
 198.000000  0.014722
 199.000000  0.019359
 200.000000  0.014770
 201.000000  0.019311
 202.000000  0.014697
 203.000000  0.014477
 204.000000  0.014819
 205.000000  0.014526
 206.000000  0.014844
 207.000000  0.014429
 208.000000  0.014746
 209.000000  0.019286
 210.000000  0.014844
 211.000000  0.014453
 212.000000  0.014722
 213.000000  0.019408
 214.000000  0.014770
 215.000000  0.014551
 216.000000  0.015063
 217.000000  0.014502
 218.000000  0.014770
 219.000000  0.019311
 220.000000  0.014746
 221.000000  0.014575
 222.000000  0.014917
 223.000000  0.014453
 224.000000  0.014746
 225.000000  0.014575
 226.000000  0.014770
 227.000000  0.019359
 228.000000  0.014819
 229.000000  0.019262
 230.000000  0.015112
 231.000000  0.014477
 232.000000  0.014770
 233.000000  0.019359
 234.000000  0.014697
 235.000000  0.014551
 236.000000  0.014746
 237.000000  0.014477
 238.000000  0.014722
 239.000000  0.019359
 240.000000  0.014868
 241.000000  0.014526
 242.000000  0.014770
 243.000000  0.019359
 244.000000  0.014648
 245.000000  0.014551
 246.000000  0.014868
 247.000000  0.014551
 248.000000  0.014770
 249.000000  0.014477
 250.000000  0.014868
 251.000000  0.014551
 252.000000  0.014746
 253.000000  0.014526
 254.000000  0.014722
 255.000000  0.019384
 256.000000  0.014795
 257.000000  0.014575
 258.000000  0.014648
 259.000000  0.014551
 260.000000  0.014819
 261.000000  0.014526
 262.000000  0.014673
 263.000000  0.019359
 264.000000  0.014697
 265.000000  0.019359
 266.000000  0.014746
 267.000000  0.019384
 268.000000  0.014722
 269.000000  0.019408
 270.000000  0.014770
 271.000000  0.014526
 272.000000  0.014648
 273.000000  0.014502
 274.000000  0.014746
 275.000000  0.019433
 276.000000  0.014795
 277.000000  0.019408
 278.000000  0.014966
 279.000000  0.014600
 280.000000  0.014868
 281.000000  0.019433
 282.000000  0.014844
 283.000000  0.019408
 284.000000  0.014844
 285.000000  0.014551
 286.000000  0.014648
 287.000000  0.014575
 288.000000  0.014746
 289.000000  0.019408
 290.000000  0.014941
 291.000000  0.014551
 292.000000  0.015015
 293.000000  0.014502
 294.000000  0.014868
 295.000000  0.019457
 296.000000  0.014770
 297.000000  0.019408
 298.000000  0.014893
 299.000000  0.019457
 300.000000  0.014819
 301.000000  0.014624
 302.000000  0.015063
 303.000000  0.019506
 304.000000  0.014966
 305.000000  0.014575
 306.000000  0.014917
 307.000000  0.019433
 308.000000  0.015015
 309.000000  0.019384
 310.000000  0.015210
 311.000000  0.014575
 312.000000  0.015210
 313.000000  0.014624
 314.000000  0.015308
 315.000000  0.019457
 316.000000  0.015088
 317.000000  0.014526
 318.000000  0.015210
 319.000000  0.014600
 320.000000  0.015137
 321.000000  0.019433
 322.000000  0.015137
 323.000000  0.019457
 324.000000  0.015137
 325.000000  0.014575
 326.000000  0.015185
 327.000000  0.014600
 328.000000  0.015137
 329.000000  0.019433
 330.000000  0.015698
 331.000000  0.019433
 332.000000  0.015503
 333.000000  0.019457
 334.000000  0.015332
 335.000000  0.019457
 336.000000  0.015820
 337.000000  0.014600
 338.000000  0.015893
 339.000000  0.014600
 340.000000  0.015601
 341.000000  0.019457
 342.000000  0.020678
 343.000000  0.019433
 344.000000  0.015796
 345.000000  0.019482
 346.000000  0.016309
 347.000000  0.014575
 348.000000  0.015698
 349.000000  0.019482
 350.000000  0.016089
 351.000000  0.019457
 352.000000  0.016382
 353.000000  0.019530
 354.000000  0.015991
 355.000000  0.014648
 356.000000  0.015918
 357.000000  0.014624
 358.000000  0.016309
 359.000000  0.019457
 360.000000  0.016626
 361.000000  0.014624
 362.000000  0.015991
 363.000000  0.019506
 364.000000  0.016016
 365.000000  0.014722
 366.000000  0.016553
 367.000000  0.014746
 368.000000  0.016553
 369.000000  0.014624
 370.000000  0.016553
 371.000000  0.019604
 372.000000  0.016650
 373.000000  0.019555
 374.000000  0.017017
 375.000000  0.019677
 376.000000  0.016894
 377.000000  0.014770
 378.000000  0.017187
 379.000000  0.015015
 380.000000  0.017285
 381.000000  0.019652
 382.000000  0.016724
 383.000000  0.014770
 384.000000  0.017505
 385.000000  0.014917
 386.000000  0.017163
 387.000000  0.019652
 388.000000  0.016724
 389.000000  0.019628
 390.000000  0.017725
 391.000000  0.019604
 392.000000  0.017432
 393.000000  0.014819
 394.000000  0.017334
 395.000000  0.014844
 396.000000  0.017895
 397.000000  0.014893
 398.000000  0.017676
 399.000000  0.014819
 400.000000  0.017749
 401.000000  0.019774
 402.000000  0.017627
 403.000000  0.015112
 404.000000  0.017798
 405.000000  0.015210
 406.000000  0.017700
 407.000000  0.014941
 408.000000  0.017700
 409.000000  0.019970
 410.000000  0.018091
 411.000000  0.019848
 412.000000  0.018262
 413.000000  0.015015
 414.000000  0.018823
 415.000000  0.020092
 416.000000  0.018262
 417.000000  0.015430
 418.000000  0.018677
 419.000000  0.015381
 420.000000  0.018848
 421.000000  0.014966
 422.000000  0.018774
 423.000000  0.015625
 424.000000  0.018945
 425.000000  0.020165
 426.000000  0.018652
 427.000000  0.020434
 428.000000  0.019116
 429.000000  0.020653
 430.000000  0.019043
 431.000000  0.020482
 432.000000  0.019165
 433.000000  0.015869
 434.000000  0.019165
 435.000000  0.021020
 436.000000  0.019189
 437.000000  0.021361
 438.000000  0.019165
 439.000000  0.021557
 440.000000  0.019165
 441.000000  0.021630
 442.000000  0.019360
 443.000000  0.021923
 444.000000  0.019336
 445.000000  0.021703
 446.000000  0.019409
 447.000000  0.017602
 448.000000  0.019385
 449.000000  0.022802
 450.000000  0.019409
 451.000000  0.023168
 452.000000  0.019409
 453.000000  0.023266
 454.000000  0.019458
 455.000000  0.023241
 456.000000  0.019507
 457.000000  0.023534
 458.000000  0.019458
 459.000000  0.023534
 460.000000  0.019409
 461.000000  0.023900
 462.000000  0.019458
 463.000000  0.024096
 464.000000  0.019531
 465.000000  0.024120
 466.000000  0.019531
 467.000000  0.019214
 468.000000  0.019531
 469.000000  0.019263
 470.000000  0.019629
 471.000000  0.024145
 472.000000  0.019775
 473.000000  0.019360
 474.000000  0.019751
 475.000000  0.024242
 476.000000  0.019946
 477.000000  0.019482
 478.000000  0.020044
 479.000000  0.024291
 480.000000  0.020239
 481.000000  0.024438
 482.000000  0.020557
 483.000000  0.019531
 484.000000  0.020483
 485.000000  0.024584
 486.000000  0.020947
 487.000000  0.019800
 488.000000  0.021338
 489.000000  0.019971
 490.000000  0.021728
 491.000000  0.025072
 492.000000  0.022192
 493.000000  0.025585
 494.000000  0.022607
 495.000000  0.026147
 496.000000  0.022803
 497.000000  0.021411
 498.000000  0.023169
 499.000000  0.026855
 500.000000  0.023657
 501.000000  0.027514
 502.000000  0.023804
 503.000000  0.027611
 504.000000  0.023877
 505.000000  0.028100
 506.000000  0.024023
 507.000000  0.022656
 508.000000  0.023926
 509.000000  0.023022
 510.000000  0.024268
 511.000000  0.028393
 512.000000  0.024268
 513.000000  0.023730
 514.000000  0.024390
 515.000000  0.023828
 516.000000  0.024438
 517.000000  0.023926
 518.000000  0.024731
 519.000000  0.024170
 520.000000  0.025488
 521.000000  0.024365
 522.000000  0.026074
 523.000000  0.029589
 524.000000  0.026465
 525.000000  0.029638
 526.000000  0.026611
 527.000000  0.029516
 528.000000  0.027344
 529.000000  0.030517
 530.000000  0.027515
 531.000000  0.030907
 532.000000  0.027612
 533.000000  0.026978
 534.000000  0.028345
 535.000000  0.027100
 536.000000  0.028662
 537.000000  0.032201
 538.000000  0.029053
 539.000000  0.032616
 540.000000  0.029175
 541.000000  0.028271
 542.000000  0.029907
 543.000000  0.028662
 544.000000  0.029761
 545.000000  0.029175
 546.000000  0.031372
 547.000000  0.034398
 548.000000  0.031665
 549.000000  0.034960
 550.000000  0.031763
 551.000000  0.035522
 552.000000  0.032153
 553.000000  0.030786
 554.000000  0.032275
 555.000000  0.031201
 556.000000  0.033594
 557.000000  0.036571
 558.000000  0.033716
 559.000000  0.036596
 560.000000  0.034326
 561.000000  0.032739
 562.000000  0.035352
 563.000000  0.038085
 564.000000  0.034790
 565.000000  0.039086
 566.000000  0.036157
 567.000000  0.039745
 568.000000  0.036035
 569.000000  0.040429
 570.000000  0.036938
 571.000000  0.041186
 572.000000  0.036816
 573.000000  0.041186
 574.000000  0.038867
 575.000000  0.042895
 576.000000  0.040112
 577.000000  0.041723
 578.000000  0.040723
 579.000000  0.044506
 580.000000  0.041309
 581.000000  0.040625
 582.000000  0.041235
 583.000000  0.045824
 584.000000  0.044067
 585.000000  0.046239
 586.000000  0.042139
 587.000000  0.046190
 588.000000  0.044727
 589.000000  0.044141
 590.000000  0.046069
 591.000000  0.050585
 592.000000  0.046289
 593.000000  0.046362
 594.000000  0.049341
 595.000000  0.051659
 596.000000  0.049316
 597.000000  0.051293
 598.000000  0.050854
 599.000000  0.053808
 600.000000  0.050830
 601.000000  0.052782
 602.000000  0.051050
 603.000000  0.056127
 604.000000  0.054810
 605.000000  0.056908
 606.000000  0.053979
 607.000000  0.059081
 608.000000  0.058594
 609.000000  0.060717
 610.000000  0.057178
 611.000000  0.059521
 612.000000  0.063280
 613.000000  0.065038
 614.000000  0.065624
 615.000000  0.062499
 616.000000  0.059766
 617.000000  0.063501
 618.000000  0.065430
 619.000000  0.068212
 620.000000  0.062720
 621.000000  0.066234
 622.000000  0.067725
 623.000000  0.075048
 624.000000  0.076000
 625.000000  0.068554
 626.000000  0.068970
 627.000000  0.078710
 628.000000  0.078735
 629.000000  0.081029
 630.000000  0.070850
 631.000000  0.079589
 632.000000  0.088550
 633.000000  0.114135
 634.000000  0.100977
 635.000000  0.080932
 636.000000  0.090649
 637.000000  0.139819
 638.000000  0.237598
 639.000000  0.158081
 640.000000  0.093555
 641.000000  0.125903
 642.000000  0.312842
 643.000000  0.553052
 644.000000  0.258886
 645.000000  0.129931
 646.000000  0.282861
 647.000000  1.159668
 648.000000  1.444311
 649.000000  0.383252
 650.000000  0.158765
 651.000000  0.399097
 652.000000  1.440820
 653.000000  1.341919
 654.000000  0.254370
 655.000000  0.129931
 656.000000  0.181470
 657.000000  0.275708
 658.000000  0.212988
 659.000000  0.089282
 660.000000  0.088232
 661.000000  0.097240
 662.000000  0.088818
 663.000000  0.082274
 664.000000  0.077196
 665.000000  0.080321
 666.000000  0.082079
 667.000000  0.077148
 668.000000  0.068994
 669.000000  0.065503
 670.000000  0.071777
 671.000000  0.068433
 672.000000  0.067212
 673.000000  0.066894
 674.000000  0.067650
 675.000000  0.069726
 676.000000  0.063647
 677.000000  0.064135
 678.000000  0.058960
 679.000000  0.062963
 680.000000  0.061035
 681.000000  0.056689
 682.000000  0.057300
 683.000000  0.058886
 684.000000  0.056519
 685.000000  0.060692
 686.000000  0.055884
 687.000000  0.053174
 688.000000  0.058251
 689.000000  0.051465
 690.000000  0.058813
 691.000000  0.055785
 692.000000  0.051074
 693.000000  0.053051
 694.000000  0.051050
 695.000000  0.053222
 696.000000  0.053881
 697.000000  0.051171
 698.000000  0.046875
 699.000000  0.050561
 700.000000  0.046167
 701.000000  0.044116
 702.000000  0.045483
 703.000000  0.042895
 704.000000  0.050365
 705.000000  0.046435
 706.000000  0.042700
 707.000000  0.041333
 708.000000  0.042603
 709.000000  0.046068
 710.000000  0.041284
 711.000000  0.045287
 712.000000  0.041357
 713.000000  0.044091
 714.000000  0.040869
 715.000000  0.042138
 716.000000  0.038940
 717.000000  0.041454
 718.000000  0.037476
 719.000000  0.041210
 720.000000  0.036719
 721.000000  0.040819
 722.000000  0.036279
 723.000000  0.040209
 724.000000  0.036279
 725.000000  0.038231
 726.000000  0.035132
 727.000000  0.037719
 728.000000  0.034302
 729.000000  0.032178
 730.000000  0.033643
 731.000000  0.036645
 732.000000  0.032422
 733.000000  0.035961
 734.000000  0.037353
 735.000000  0.035351
 736.000000  0.031567
 737.000000  0.034667
 738.000000  0.030981
 739.000000  0.034301
 740.000000  0.031006
 741.000000  0.033935
 742.000000  0.030347
 743.000000  0.029102
 744.000000  0.029980
 745.000000  0.032763
 746.000000  0.028979
 747.000000  0.027148
 748.000000  0.028931
 749.000000  0.031664
 750.000000  0.028394
 751.000000  0.031298
 752.000000  0.032714
 753.000000  0.030834
 754.000000  0.027612
 755.000000  0.030053
 756.000000  0.026880
 757.000000  0.029540
 758.000000  0.026514
 759.000000  0.024634
 760.000000  0.025781
 761.000000  0.029540
 762.000000  0.025586
 763.000000  0.029174
 764.000000  0.024878
 765.000000  0.028954
 766.000000  0.024756
 767.000000  0.024097
 768.000000  0.024561
 769.000000  0.028393
 770.000000  0.024219
 771.000000  0.027831
 772.000000  0.023950
 773.000000  0.026928
 774.000000  0.028271
 775.000000  0.026488
 776.000000  0.027929
 777.000000  0.026269
 778.000000  0.022510
 779.000000  0.021143
 780.000000  0.022168
 781.000000  0.020337
 782.000000  0.026391
 783.000000  0.024584
 784.000000  0.020996
 785.000000  0.024608
 786.000000  0.020923
 787.000000  0.024340
 788.000000  0.025439
 789.000000  0.024389
 790.000000  0.020142
 791.000000  0.024242
 792.000000  0.020239
 793.000000  0.024267
 794.000000  0.019897
 795.000000  0.024242
 796.000000  0.019580
 797.000000  0.024193
 798.000000  0.019531
 799.000000  0.024169
 800.000000  0.019531
 801.000000  0.023998
 802.000000  0.024438
 803.000000  0.024120
 804.000000  0.019482
 805.000000  0.023803
 806.000000  0.019409
 807.000000  0.023949
 808.000000  0.024267
 809.000000  0.018652
 810.000000  0.019385
 811.000000  0.018555
 812.000000  0.019360
 813.000000  0.018335
 814.000000  0.019311
 815.000000  0.023046
 816.000000  0.019214
 817.000000  0.022314
 818.000000  0.019385
 819.000000  0.022802
 820.000000  0.019141
 821.000000  0.022216
 822.000000  0.019214
 823.000000  0.022289
 824.000000  0.023925
 825.000000  0.021923
 826.000000  0.019043
 827.000000  0.021581
 828.000000  0.019043
 829.000000  0.021239
 830.000000  0.018799
 831.000000  0.020922
 832.000000  0.018750
 833.000000  0.021044
 834.000000  0.018530
 835.000000  0.020751
 836.000000  0.023510
 837.000000  0.020556
 838.000000  0.018579
 839.000000  0.020165
 840.000000  0.018506
 841.000000  0.019872
 842.000000  0.023461
 843.000000  0.020214
 844.000000  0.018091
 845.000000  0.015625
 846.000000  0.022533
 847.000000  0.020238
 848.000000  0.017578
 849.000000  0.019872
 850.000000  0.017407
 851.000000  0.019921
 852.000000  0.017358
 853.000000  0.014868
 854.000000  0.022777
 855.000000  0.019628
 856.000000  0.017334
 857.000000  0.014697
 858.000000  0.016943
 859.000000  0.014770
 860.000000  0.021728
 861.000000  0.019555
 862.000000  0.016260
 863.000000  0.014722
 864.000000  0.015942
 865.000000  0.019604
 866.000000  0.021166
 867.000000  0.014746
 868.000000  0.016650
 869.000000  0.019482
 870.000000  0.016260
 871.000000  0.019457
 872.000000  0.016113
 873.000000  0.019530
 874.000000  0.015601
 875.000000  0.019530
 876.000000  0.015405
 877.000000  0.014624
 878.000000  0.015649
 879.000000  0.014575
 880.000000  0.015234
 881.000000  0.019482
 882.000000  0.015332
 883.000000  0.019457
 884.000000  0.015405
 885.000000  0.019482
 886.000000  0.015210
 887.000000  0.014575
 888.000000  0.015381
 889.000000  0.019408
 890.000000  0.015308
 891.000000  0.019506
 892.000000  0.015039
 893.000000  0.019457
 894.000000  0.014990
 895.000000  0.019408
 896.000000  0.014819
 897.000000  0.019482
 898.000000  0.014893
 899.000000  0.019408
 900.000000  0.014868
 901.000000  0.019433
 902.000000  0.019628
 903.000000  0.019433
 904.000000  0.014770
 905.000000  0.019408
 906.000000  0.019530
 907.000000  0.019457
 908.000000  0.019579
 909.000000  0.019433
 910.000000  0.014819
 911.000000  0.019408
 912.000000  0.014795
 913.000000  0.019335
 914.000000  0.014624
 915.000000  0.019433
 916.000000  0.014722
 917.000000  0.019384
 918.000000  0.019604
 919.000000  0.019433
 920.000000  0.019579
 921.000000  0.019408
 922.000000  0.014746
 923.000000  0.019335
 924.000000  0.014673
 925.000000  0.019408
 926.000000  0.014697
 927.000000  0.019408
 928.000000  0.014697
 929.000000  0.019384
 930.000000  0.014648
 931.000000  0.019408
 932.000000  0.014697
 933.000000  0.019384
 934.000000  0.014600
 935.000000  0.019335
 936.000000  0.014770
 937.000000  0.019359
 938.000000  0.014722
 939.000000  0.019262
 940.000000  0.014697
 941.000000  0.019359
 942.000000  0.014624
 943.000000  0.019359
 944.000000  0.014624
 945.000000  0.014380
 946.000000  0.019530
 947.000000  0.019408
 948.000000  0.014624
 949.000000  0.019286
 950.000000  0.019482
 951.000000  0.019262
 952.000000  0.014600
 953.000000  0.019408
 954.000000  0.014648
 955.000000  0.019213
 956.000000  0.014624
 957.000000  0.019189
 958.000000  0.014575
 959.000000  0.014355
 960.000000  0.014551
 961.000000  0.014404
 962.000000  0.019482
 963.000000  0.014307
 964.000000  0.014526
 965.000000  0.019262
 966.000000  0.014600
 967.000000  0.019311
 968.000000  0.014600
 969.000000  0.019262
 970.000000  0.019482
 971.000000  0.019091
 972.000000  0.014648
 973.000000  0.019140
 974.000000  0.014575
 975.000000  0.019018
 976.000000  0.014526
 977.000000  0.019066
 978.000000  0.014526
 979.000000  0.019164
 980.000000  0.014600
 981.000000  0.019237
 982.000000  0.014575
 983.000000  0.014282
 984.000000  0.014624
 985.000000  0.019164
 986.000000  0.014575
 987.000000  0.019213
 988.000000  0.019433
 989.000000  0.018944
 990.000000  0.014624
 991.000000  0.018871
 992.000000  0.014624
 993.000000  0.019091
 994.000000  0.014551
 995.000000  0.019042
 996.000000  0.014526
 997.000000  0.019164
 998.000000  0.019457
 999.000000  0.018822
 1000.000000  0.019384
 1001.000000  0.018700
 1002.000000  0.014575
 1003.000000  0.018774
 1004.000000  0.014551
 1005.000000  0.018969
 1006.000000  0.014600
 1007.000000  0.018627
 1008.000000  0.014526
 1009.000000  0.019018
 1010.000000  0.014575
 1011.000000  0.019018
 1012.000000  0.014575
 1013.000000  0.019018
 1014.000000  0.014575
 1015.000000  0.018871
 1016.000000  0.014526
 1017.000000  0.018944
 1018.000000  0.014600
 1019.000000  0.018774
 1020.000000  0.014526
 1021.000000  0.018407
 1022.000000  0.014551
 1023.000000  0.018847
