 0.000000  0.007349
 1.000000  0.007324
 2.000000  0.007373
 3.000000  0.007324
 4.000000  0.007349
 5.000000  0.007300
 6.000000  0.007373
 7.000000  0.007324
 8.000000  0.007422
 9.000000  0.007324
 10.000000  0.007324
 11.000000  0.007324
 12.000000  0.007373
 13.000000  0.007324
 14.000000  0.007324
 15.000000  0.007324
 16.000000  0.007349
 17.000000  0.007324
 18.000000  0.007324
 19.000000  0.007324
 20.000000  0.007349
 21.000000  0.007300
 22.000000  0.007349
 23.000000  0.007324
 24.000000  0.007349
 25.000000  0.007324
 26.000000  0.007349
 27.000000  0.009765
 28.000000  0.007349
 29.000000  0.007324
 30.000000  0.007349
 31.000000  0.007324
 32.000000  0.007349
 33.000000  0.007324
 34.000000  0.007373
 35.000000  0.007324
 36.000000  0.007373
 37.000000  0.007324
 38.000000  0.007324
 39.000000  0.009765
 40.000000  0.007349
 41.000000  0.007324
 42.000000  0.007373
 43.000000  0.007300
 44.000000  0.007373
 45.000000  0.007300
 46.000000  0.007373
 47.000000  0.007300
 48.000000  0.007324
 49.000000  0.007324
 50.000000  0.007324
 51.000000  0.007324
 52.000000  0.007373
 53.000000  0.007324
 54.000000  0.007324
 55.000000  0.007324
 56.000000  0.007324
 57.000000  0.007324
 58.000000  0.007397
 59.000000  0.009741
 60.000000  0.007373
 61.000000  0.009741
 62.000000  0.007324
 63.000000  0.007324
 64.000000  0.007422
 65.000000  0.007324
 66.000000  0.007324
 67.000000  0.009765
 68.000000  0.007373
 69.000000  0.007324
 70.000000  0.007349
 71.000000  0.007324
 72.000000  0.007349
 73.000000  0.007275
 74.000000  0.007324
 75.000000  0.007275
 76.000000  0.007422
 77.000000  0.007275
 78.000000  0.007471
 79.000000  0.007251
 80.000000  0.007568
 81.000000  0.007129
 82.000000  0.007495
 83.000000  0.007275
 84.000000  0.007471
 85.000000  0.007349
 86.000000  0.007568
 87.000000  0.007275
 88.000000  0.007593
 89.000000  0.007300
 90.000000  0.007495
 91.000000  0.007227
 92.000000  0.007617
 93.000000  0.007227
 94.000000  0.007593
 95.000000  0.007275
 96.000000  0.007593
 97.000000  0.007202
 98.000000  0.007666
 99.000000  0.007324
 100.000000  0.007544
 101.000000  0.009497
 102.000000  0.007446
 103.000000  0.009668
 104.000000  0.007666
 105.000000  0.007324
 106.000000  0.007935
 107.000000  0.007324
 108.000000  0.007568
 109.000000  0.009741
 110.000000  0.007471
 111.000000  0.007324
 112.000000  0.007519
 113.000000  0.007300
 114.000000  0.007495
 115.000000  0.007275
 116.000000  0.007446
 117.000000  0.007324
 118.000000  0.007471
 119.000000  0.007324
 120.000000  0.007568
 121.000000  0.007275
 122.000000  0.007495
 123.000000  0.007300
 124.000000  0.007349
 125.000000  0.007275
 126.000000  0.007617
 127.000000  0.009765
 128.000000  0.007495
 129.000000  0.007324
 130.000000  0.007495
 131.000000  0.009765
 132.000000  0.007446
 133.000000  0.007300
 134.000000  0.007422
 135.000000  0.009741
 136.000000  0.007373
 137.000000  0.007324
 138.000000  0.007397
 139.000000  0.007324
 140.000000  0.007544
 141.000000  0.007300
 142.000000  0.007373
 143.000000  0.007275
 144.000000  0.007397
 145.000000  0.009765
 146.000000  0.007349
 147.000000  0.007324
 148.000000  0.007471
 149.000000  0.009765
 150.000000  0.007397
 151.000000  0.007300
 152.000000  0.007349
 153.000000  0.007324
 154.000000  0.007422
 155.000000  0.007300
 156.000000  0.007422
 157.000000  0.009765
 158.000000  0.007422
 159.000000  0.007300
 160.000000  0.007617
 161.000000  0.007324
 162.000000  0.007397
 163.000000  0.007324
 164.000000  0.007349
 165.000000  0.007300
 166.000000  0.007349
 167.000000  0.007324
 168.000000  0.007446
 169.000000  0.009765
 170.000000  0.007446
 171.000000  0.007324
 172.000000  0.007422
 173.000000  0.007324
 174.000000  0.007397
 175.000000  0.007324
 176.000000  0.007349
 177.000000  0.007300
 178.000000  0.007324
 179.000000  0.009765
 180.000000  0.007373
 181.000000  0.007324
 182.000000  0.007397
 183.000000  0.007324
 184.000000  0.007446
 185.000000  0.007324
 186.000000  0.007446
 187.000000  0.007324
 188.000000  0.007349
 189.000000  0.007324
 190.000000  0.007349
 191.000000  0.007324
 192.000000  0.007373
 193.000000  0.007324
 194.000000  0.007446
 195.000000  0.007324
 196.000000  0.009765
 197.000000  0.007324
 198.000000  0.007397
 199.000000  0.009741
 200.000000  0.007373
 201.000000  0.009765
 202.000000  0.007422
 203.000000  0.007324
 204.000000  0.007324
 205.000000  0.007300
 206.000000  0.007349
 207.000000  0.007324
 208.000000  0.007349
 209.000000  0.009741
 210.000000  0.007495
 211.000000  0.007300
 212.000000  0.007349
 213.000000  0.009765
 214.000000  0.007349
 215.000000  0.007324
 216.000000  0.007446
 217.000000  0.007324
 218.000000  0.007373
 219.000000  0.009765
 220.000000  0.007446
 221.000000  0.007275
 222.000000  0.007324
 223.000000  0.007300
 224.000000  0.007446
 225.000000  0.007324
 226.000000  0.007397
 227.000000  0.009765
 228.000000  0.007397
 229.000000  0.009765
 230.000000  0.007519
 231.000000  0.007300
 232.000000  0.007519
 233.000000  0.009716
 234.000000  0.007471
 235.000000  0.007324
 236.000000  0.007568
 237.000000  0.007275
 238.000000  0.007568
 239.000000  0.009716
 240.000000  0.007568
 241.000000  0.007324
 242.000000  0.007666
 243.000000  0.009716
 244.000000  0.007568
 245.000000  0.007300
 246.000000  0.007593
 247.000000  0.007202
 248.000000  0.007861
 249.000000  0.007422
 250.000000  0.007593
 251.000000  0.007251
 252.000000  0.007642
 253.000000  0.007227
 254.000000  0.007544
 255.000000  0.009765
 256.000000  0.007764
 257.000000  0.007422
 258.000000  0.007788
 259.000000  0.007251
 260.000000  0.007690
 261.000000  0.007104
 262.000000  0.007593
 263.000000  0.009668
 264.000000  0.007788
 265.000000  0.009790
 266.000000  0.007593
 267.000000  0.009790
 268.000000  0.007471
 269.000000  0.009814
 270.000000  0.007593
 271.000000  0.007324
 272.000000  0.007617
 273.000000  0.007349
 274.000000  0.007593
 275.000000  0.009765
 276.000000  0.007495
 277.000000  0.009765
 278.000000  0.007715
 279.000000  0.007373
 280.000000  0.007959
 281.000000  0.009765
 282.000000  0.007715
 283.000000  0.009790
 284.000000  0.007642
 285.000000  0.007349
 286.000000  0.007593
 287.000000  0.007349
 288.000000  0.007642
 289.000000  0.009790
 290.000000  0.007690
 291.000000  0.007324
 292.000000  0.007812
 293.000000  0.007324
 294.000000  0.007739
 295.000000  0.009765
 296.000000  0.007788
 297.000000  0.009765
 298.000000  0.008032
 299.000000  0.009765
 300.000000  0.007739
 301.000000  0.007349
 302.000000  0.007812
 303.000000  0.009790
 304.000000  0.008154
 305.000000  0.007324
 306.000000  0.007886
 307.000000  0.009765
 308.000000  0.008008
 309.000000  0.009765
 310.000000  0.008057
 311.000000  0.007324
 312.000000  0.008203
 313.000000  0.007349
 314.000000  0.008325
 315.000000  0.009765
 316.000000  0.008227
 317.000000  0.007324
 318.000000  0.008105
 319.000000  0.007324
 320.000000  0.008227
 321.000000  0.009790
 322.000000  0.008350
 323.000000  0.009765
 324.000000  0.008545
 325.000000  0.007349
 326.000000  0.008301
 327.000000  0.007324
 328.000000  0.008130
 329.000000  0.009765
 330.000000  0.008618
 331.000000  0.009765
 332.000000  0.008618
 333.000000  0.009765
 334.000000  0.008496
 335.000000  0.009790
 336.000000  0.008594
 337.000000  0.007324
 338.000000  0.008765
 339.000000  0.007349
 340.000000  0.008911
 341.000000  0.009936
 342.000000  0.010839
 343.000000  0.009790
 344.000000  0.008887
 345.000000  0.009765
 346.000000  0.009155
 347.000000  0.007349
 348.000000  0.009033
 349.000000  0.009814
 350.000000  0.008887
 351.000000  0.009838
 352.000000  0.009131
 353.000000  0.009814
 354.000000  0.008936
 355.000000  0.007446
 356.000000  0.009009
 357.000000  0.007422
 358.000000  0.009180
 359.000000  0.009887
 360.000000  0.009326
 361.000000  0.007373
 362.000000  0.009180
 363.000000  0.009912
 364.000000  0.009058
 365.000000  0.007495
 366.000000  0.009521
 367.000000  0.007446
 368.000000  0.009473
 369.000000  0.007715
 370.000000  0.009448
 371.000000  0.010131
 372.000000  0.009570
 373.000000  0.010034
 374.000000  0.009570
 375.000000  0.010229
 376.000000  0.009497
 377.000000  0.007739
 378.000000  0.009644
 379.000000  0.007837
 380.000000  0.009668
 381.000000  0.010473
 382.000000  0.009473
 383.000000  0.008130
 384.000000  0.009644
 385.000000  0.008154
 386.000000  0.009570
 387.000000  0.010620
 388.000000  0.009497
 389.000000  0.010620
 390.000000  0.009717
 391.000000  0.010644
 392.000000  0.009668
 393.000000  0.008472
 394.000000  0.009595
 395.000000  0.008569
 396.000000  0.009619
 397.000000  0.008569
 398.000000  0.009570
 399.000000  0.008423
 400.000000  0.009644
 401.000000  0.011279
 402.000000  0.009692
 403.000000  0.008911
 404.000000  0.009668
 405.000000  0.009058
 406.000000  0.009644
 407.000000  0.009180
 408.000000  0.009692
 409.000000  0.011352
 410.000000  0.009766
 411.000000  0.011377
 412.000000  0.009644
 413.000000  0.009106
 414.000000  0.009790
 415.000000  0.011889
 416.000000  0.009839
 417.000000  0.009521
 418.000000  0.009888
 419.000000  0.009521
 420.000000  0.009814
 421.000000  0.009326
 422.000000  0.009766
 423.000000  0.009497
 424.000000  0.009766
 425.000000  0.012060
 426.000000  0.009790
 427.000000  0.012036
 428.000000  0.009814
 429.000000  0.012133
 430.000000  0.009766
 431.000000  0.012133
 432.000000  0.009790
 433.000000  0.009741
 434.000000  0.009839
 435.000000  0.012207
 436.000000  0.009766
 437.000000  0.012207
 438.000000  0.009790
 439.000000  0.012182
 440.000000  0.009936
 441.000000  0.012207
 442.000000  0.010059
 443.000000  0.012207
 444.000000  0.010010
 445.000000  0.012207
 446.000000  0.010254
 447.000000  0.009790
 448.000000  0.010352
 449.000000  0.012255
 450.000000  0.010278
 451.000000  0.012231
 452.000000  0.010644
 453.000000  0.012255
 454.000000  0.010791
 455.000000  0.012475
 456.000000  0.011279
 457.000000  0.012597
 458.000000  0.011694
 459.000000  0.012890
 460.000000  0.012085
 461.000000  0.013574
 462.000000  0.012036
 463.000000  0.013696
 464.000000  0.012207
 465.000000  0.014306
 466.000000  0.012207
 467.000000  0.011963
 468.000000  0.012207
 469.000000  0.012183
 470.000000  0.012207
 471.000000  0.014648
 472.000000  0.012207
 473.000000  0.012183
 474.000000  0.012280
 475.000000  0.014624
 476.000000  0.012256
 477.000000  0.012207
 478.000000  0.012280
 479.000000  0.014648
 480.000000  0.012622
 481.000000  0.014648
 482.000000  0.013086
 483.000000  0.012280
 484.000000  0.013379
 485.000000  0.014697
 486.000000  0.013672
 487.000000  0.012646
 488.000000  0.014502
 489.000000  0.012939
 490.000000  0.014380
 491.000000  0.015405
 492.000000  0.014648
 493.000000  0.016113
 494.000000  0.014648
 495.000000  0.016406
 496.000000  0.014648
 497.000000  0.014404
 498.000000  0.014648
 499.000000  0.017065
 500.000000  0.014697
 501.000000  0.017089
 502.000000  0.014673
 503.000000  0.017089
 504.000000  0.014795
 505.000000  0.017089
 506.000000  0.015332
 507.000000  0.014648
 508.000000  0.015625
 509.000000  0.014648
 510.000000  0.016162
 511.000000  0.017114
 512.000000  0.016724
 513.000000  0.014746
 514.000000  0.017017
 515.000000  0.015625
 516.000000  0.017090
 517.000000  0.016406
 518.000000  0.017090
 519.000000  0.016846
 520.000000  0.017090
 521.000000  0.017090
 522.000000  0.017114
 523.000000  0.019531
 524.000000  0.017187
 525.000000  0.019531
 526.000000  0.017212
 527.000000  0.019531
 528.000000  0.017822
 529.000000  0.019555
 530.000000  0.019116
 531.000000  0.020312
 532.000000  0.019214
 533.000000  0.018677
 534.000000  0.019531
 535.000000  0.019336
 536.000000  0.019531
 537.000000  0.021801
 538.000000  0.019727
 539.000000  0.021972
 540.000000  0.020044
 541.000000  0.019531
 542.000000  0.020215
 543.000000  0.020410
 544.000000  0.021313
 545.000000  0.020068
 546.000000  0.021558
 547.000000  0.023388
 548.000000  0.021973
 549.000000  0.023388
 550.000000  0.021924
 551.000000  0.024145
 552.000000  0.022095
 553.000000  0.022021
 554.000000  0.022949
 555.000000  0.022095
 556.000000  0.022681
 557.000000  0.025317
 558.000000  0.024268
 559.000000  0.026293
 560.000000  0.024390
 561.000000  0.024292
 562.000000  0.025171
 563.000000  0.026953
 564.000000  0.024853
 565.000000  0.026684
 566.000000  0.025610
 567.000000  0.028686
 568.000000  0.026636
 569.000000  0.028662
 570.000000  0.026904
 571.000000  0.029443
 572.000000  0.027417
 573.000000  0.029418
 574.000000  0.027539
 575.000000  0.029589
 576.000000  0.029321
 577.000000  0.030835
 578.000000  0.029443
 579.000000  0.030932
 580.000000  0.029590
 581.000000  0.029346
 582.000000  0.030737
 583.000000  0.032055
 584.000000  0.029370
 585.000000  0.033935
 586.000000  0.032642
 587.000000  0.034228
 588.000000  0.031787
 589.000000  0.031348
 590.000000  0.035327
 591.000000  0.038598
 592.000000  0.036841
 593.000000  0.033765
 594.000000  0.034985
 595.000000  0.041503
 596.000000  0.039087
 597.000000  0.041552
 598.000000  0.034888
 599.000000  0.039526
 600.000000  0.040063
 601.000000  0.041015
 602.000000  0.041528
 603.000000  0.041918
 604.000000  0.060156
 605.000000  0.073803
 606.000000  0.091138
 607.000000  0.071313
 608.000000  0.049414
 609.000000  0.082006
 610.000000  0.148486
 611.000000  0.323974
 612.000000  0.125415
 613.000000  0.070947
 614.000000  0.133008
 615.000000  0.491821
 616.000000  0.920410
 617.000000  0.166528
 618.000000  0.109448
 619.000000  0.224560
 620.000000  0.559082
 621.000000  0.613599
 622.000000  0.105200
 623.000000  0.122583
 624.000000  0.207690
 625.000000  0.405078
 626.000000  0.265063
 627.000000  0.059057
 628.000000  0.063281
 629.000000  0.063720
 630.000000  0.060327
 631.000000  0.046948
 632.000000  0.039136
 633.000000  0.044360
 634.000000  0.040918
 635.000000  0.041503
 636.000000  0.036157
 637.000000  0.034180
 638.000000  0.037476
 639.000000  0.036694
 640.000000  0.034424
 641.000000  0.034204
 642.000000  0.034009
 643.000000  0.034473
 644.000000  0.036376
 645.000000  0.034130
 646.000000  0.033032
 647.000000  0.033520
 648.000000  0.031714
 649.000000  0.029687
 650.000000  0.030518
 651.000000  0.029272
 652.000000  0.029468
 653.000000  0.029297
 654.000000  0.029419
 655.000000  0.031127
 656.000000  0.029199
 657.000000  0.031591
 658.000000  0.028101
 659.000000  0.026880
 660.000000  0.026855
 661.000000  0.029174
 662.000000  0.026855
 663.000000  0.028930
 664.000000  0.029174
 665.000000  0.026953
 666.000000  0.028735
 667.000000  0.027221
 668.000000  0.025586
 669.000000  0.024414
 670.000000  0.024414
 671.000000  0.024145
 672.000000  0.024438
 673.000000  0.025634
 674.000000  0.026757
 675.000000  0.024633
 676.000000  0.024365
 677.000000  0.025146
 678.000000  0.023242
 679.000000  0.024414
 680.000000  0.021997
 681.000000  0.021826
 682.000000  0.021973
 683.000000  0.022338
 684.000000  0.021777
 685.000000  0.022192
 686.000000  0.020752
 687.000000  0.019580
 688.000000  0.022338
 689.000000  0.019531
 690.000000  0.022070
 691.000000  0.021972
 692.000000  0.019653
 693.000000  0.021875
 694.000000  0.019531
 695.000000  0.021850
 696.000000  0.021972
 697.000000  0.020825
 698.000000  0.019287
 699.000000  0.019775
 700.000000  0.017993
 701.000000  0.017090
 702.000000  0.017578
 703.000000  0.017090
 704.000000  0.019628
 705.000000  0.019433
 706.000000  0.017187
 707.000000  0.016724
 708.000000  0.017041
 709.000000  0.019018
 710.000000  0.016992
 711.000000  0.018286
 712.000000  0.017065
 713.000000  0.018115
 714.000000  0.016821
 715.000000  0.017456
 716.000000  0.015918
 717.000000  0.017260
 718.000000  0.015503
 719.000000  0.017065
 720.000000  0.015405
 721.000000  0.017163
 722.000000  0.015039
 723.000000  0.017089
 724.000000  0.014893
 725.000000  0.016918
 726.000000  0.014746
 727.000000  0.016845
 728.000000  0.014600
 729.000000  0.014014
 730.000000  0.014600
 731.000000  0.016381
 732.000000  0.014282
 733.000000  0.015771
 734.000000  0.016748
 735.000000  0.015527
 736.000000  0.013721
 737.000000  0.014917
 738.000000  0.013452
 739.000000  0.014819
 740.000000  0.013013
 741.000000  0.014746
 742.000000  0.012915
 743.000000  0.012231
 744.000000  0.012622
 745.000000  0.014648
 746.000000  0.012476
 747.000000  0.012158
 748.000000  0.012256
 749.000000  0.014575
 750.000000  0.012231
 751.000000  0.014379
 752.000000  0.014648
 753.000000  0.014526
 754.000000  0.012207
 755.000000  0.014379
 756.000000  0.012207
 757.000000  0.013964
 758.000000  0.012085
 759.000000  0.011182
 760.000000  0.012061
 761.000000  0.013305
 762.000000  0.011841
 763.000000  0.012841
 764.000000  0.011475
 765.000000  0.012451
 766.000000  0.010937
 767.000000  0.010083
 768.000000  0.010864
 769.000000  0.012304
 770.000000  0.010522
 771.000000  0.012207
 772.000000  0.009985
 773.000000  0.012207
 774.000000  0.012524
 775.000000  0.012207
 776.000000  0.012353
 777.000000  0.012207
 778.000000  0.009814
 779.000000  0.009766
 780.000000  0.009790
 781.000000  0.009741
 782.000000  0.012207
 783.000000  0.012182
 784.000000  0.009766
 785.000000  0.012109
 786.000000  0.009766
 787.000000  0.012060
 788.000000  0.012207
 789.000000  0.011987
 790.000000  0.009766
 791.000000  0.011938
 792.000000  0.009766
 793.000000  0.011840
 794.000000  0.009766
 795.000000  0.011914
 796.000000  0.009766
 797.000000  0.011914
 798.000000  0.009766
 799.000000  0.011743
 800.000000  0.009766
 801.000000  0.011523
 802.000000  0.012207
 803.000000  0.011547
 804.000000  0.009741
 805.000000  0.011523
 806.000000  0.009766
 807.000000  0.011279
 808.000000  0.012207
 809.000000  0.008569
 810.000000  0.009766
 811.000000  0.008252
 812.000000  0.009692
 813.000000  0.008203
 814.000000  0.009619
 815.000000  0.010473
 816.000000  0.009717
 817.000000  0.010424
 818.000000  0.009644
 819.000000  0.010595
 820.000000  0.009644
 821.000000  0.010156
 822.000000  0.009521
 823.000000  0.010058
 824.000000  0.011767
 825.000000  0.009912
 826.000000  0.009326
 827.000000  0.009985
 828.000000  0.009228
 829.000000  0.009936
 830.000000  0.009082
 831.000000  0.009912
 832.000000  0.008911
 833.000000  0.009838
 834.000000  0.008618
 835.000000  0.009863
 836.000000  0.011303
 837.000000  0.009814
 838.000000  0.008520
 839.000000  0.009765
 840.000000  0.008765
 841.000000  0.009814
 842.000000  0.010571
 843.000000  0.009765
 844.000000  0.008130
 845.000000  0.007349
 846.000000  0.010717
 847.000000  0.009790
 848.000000  0.008008
 849.000000  0.009790
 850.000000  0.008032
 851.000000  0.009790
 852.000000  0.007959
 853.000000  0.007349
 854.000000  0.010766
 855.000000  0.009838
 856.000000  0.007837
 857.000000  0.007373
 858.000000  0.008008
 859.000000  0.007324
 860.000000  0.010278
 861.000000  0.009716
 862.000000  0.007764
 863.000000  0.007349
 864.000000  0.007690
 865.000000  0.009838
 866.000000  0.009936
 867.000000  0.007324
 868.000000  0.007788
 869.000000  0.009741
 870.000000  0.007739
 871.000000  0.009741
 872.000000  0.007642
 873.000000  0.009790
 874.000000  0.007617
 875.000000  0.009741
 876.000000  0.007593
 877.000000  0.007275
 878.000000  0.007642
 879.000000  0.007373
 880.000000  0.007715
 881.000000  0.009692
 882.000000  0.007837
 883.000000  0.009765
 884.000000  0.007617
 885.000000  0.009716
 886.000000  0.007544
 887.000000  0.007031
 888.000000  0.007666
 889.000000  0.009716
 890.000000  0.007690
 891.000000  0.009790
 892.000000  0.007471
 893.000000  0.009741
 894.000000  0.007446
 895.000000  0.009765
 896.000000  0.007446
 897.000000  0.009765
 898.000000  0.007495
 899.000000  0.009716
 900.000000  0.007349
 901.000000  0.009765
 902.000000  0.009790
 903.000000  0.009716
 904.000000  0.007471
 905.000000  0.009741
 906.000000  0.009814
 907.000000  0.009716
 908.000000  0.009814
 909.000000  0.009741
 910.000000  0.007324
 911.000000  0.009668
 912.000000  0.007397
 913.000000  0.009692
 914.000000  0.007324
 915.000000  0.009716
 916.000000  0.007373
 917.000000  0.009716
 918.000000  0.009814
 919.000000  0.009668
 920.000000  0.009790
 921.000000  0.009668
 922.000000  0.007349
 923.000000  0.009643
 924.000000  0.007324
 925.000000  0.009741
 926.000000  0.007324
 927.000000  0.009692
 928.000000  0.007324
 929.000000  0.009716
 930.000000  0.007324
 931.000000  0.009692
 932.000000  0.007324
 933.000000  0.009765
 934.000000  0.007324
 935.000000  0.009741
 936.000000  0.007324
 937.000000  0.009643
 938.000000  0.007349
 939.000000  0.009668
 940.000000  0.007349
 941.000000  0.009741
 942.000000  0.007324
 943.000000  0.009741
 944.000000  0.007349
 945.000000  0.007227
 946.000000  0.009765
 947.000000  0.009741
 948.000000  0.007324
 949.000000  0.009741
 950.000000  0.009765
 951.000000  0.009765
 952.000000  0.007324
 953.000000  0.009716
 954.000000  0.007324
 955.000000  0.009716
 956.000000  0.007324
 957.000000  0.009765
 958.000000  0.007324
 959.000000  0.007251
 960.000000  0.007324
 961.000000  0.007251
 962.000000  0.009765
 963.000000  0.007251
 964.000000  0.007324
 965.000000  0.009716
 966.000000  0.007324
 967.000000  0.009716
 968.000000  0.007324
 969.000000  0.009741
 970.000000  0.009765
 971.000000  0.009643
 972.000000  0.007324
 973.000000  0.009668
 974.000000  0.007324
 975.000000  0.009668
 976.000000  0.007324
 977.000000  0.009643
 978.000000  0.007324
 979.000000  0.009594
 980.000000  0.007324
 981.000000  0.009765
 982.000000  0.007324
 983.000000  0.007227
 984.000000  0.007324
 985.000000  0.009716
 986.000000  0.007300
 987.000000  0.009594
 988.000000  0.009765
 989.000000  0.009497
 990.000000  0.007324
 991.000000  0.009545
 992.000000  0.007324
 993.000000  0.009619
 994.000000  0.007324
 995.000000  0.009692
 996.000000  0.007324
 997.000000  0.009594
 998.000000  0.009765
 999.000000  0.009570
 1000.000000  0.009765
 1001.000000  0.009521
 1002.000000  0.007324
 1003.000000  0.009301
 1004.000000  0.007324
 1005.000000  0.009594
 1006.000000  0.007324
 1007.000000  0.009497
 1008.000000  0.007324
 1009.000000  0.009619
 1010.000000  0.007324
 1011.000000  0.009448
 1012.000000  0.007275
 1013.000000  0.009326
 1014.000000  0.007202
 1015.000000  0.009472
 1016.000000  0.007300
 1017.000000  0.009448
 1018.000000  0.007349
 1019.000000  0.009301
 1020.000000  0.007251
 1021.000000  0.009228
 1022.000000  0.007227
 1023.000000  0.009399
