 0.000000  0.007373
 1.000000  0.007324
 2.000000  0.007373
 3.000000  0.007275
 4.000000  0.007349
 5.000000  0.007300
 6.000000  0.007397
 7.000000  0.007300
 8.000000  0.007397
 9.000000  0.007300
 10.000000  0.007446
 11.000000  0.007300
 12.000000  0.007495
 13.000000  0.007324
 14.000000  0.007397
 15.000000  0.007300
 16.000000  0.007446
 17.000000  0.007300
 18.000000  0.007397
 19.000000  0.007300
 20.000000  0.007397
 21.000000  0.007324
 22.000000  0.007397
 23.000000  0.007324
 24.000000  0.007397
 25.000000  0.007300
 26.000000  0.007471
 27.000000  0.009716
 28.000000  0.007397
 29.000000  0.007227
 30.000000  0.007495
 31.000000  0.007349
 32.000000  0.007471
 33.000000  0.007324
 34.000000  0.007519
 35.000000  0.007275
 36.000000  0.007519
 37.000000  0.007300
 38.000000  0.007495
 39.000000  0.009692
 40.000000  0.007422
 41.000000  0.007251
 42.000000  0.007471
 43.000000  0.007251
 44.000000  0.007519
 45.000000  0.007202
 46.000000  0.007422
 47.000000  0.007251
 48.000000  0.007422
 49.000000  0.007251
 50.000000  0.007422
 51.000000  0.007227
 52.000000  0.007373
 53.000000  0.007300
 54.000000  0.007397
 55.000000  0.007227
 56.000000  0.007397
 57.000000  0.007300
 58.000000  0.007519
 59.000000  0.009619
 60.000000  0.007446
 61.000000  0.009692
 62.000000  0.007324
 63.000000  0.007300
 64.000000  0.007373
 65.000000  0.007251
 66.000000  0.007422
 67.000000  0.009570
 68.000000  0.007373
 69.000000  0.007227
 70.000000  0.007446
 71.000000  0.007227
 72.000000  0.007422
 73.000000  0.007227
 74.000000  0.007422
 75.000000  0.007300
 76.000000  0.007446
 77.000000  0.007251
 78.000000  0.007446
 79.000000  0.007275
 80.000000  0.007422
 81.000000  0.007300
 82.000000  0.007471
 83.000000  0.007227
 84.000000  0.007422
 85.000000  0.007275
 86.000000  0.007373
 87.000000  0.007275
 88.000000  0.007397
 89.000000  0.007275
 90.000000  0.007519
 91.000000  0.007300
 92.000000  0.007422
 93.000000  0.007251
 94.000000  0.007373
 95.000000  0.007275
 96.000000  0.007495
 97.000000  0.007300
 98.000000  0.007397
 99.000000  0.007300
 100.000000  0.007373
 101.000000  0.009765
 102.000000  0.007349
 103.000000  0.009741
 104.000000  0.007349
 105.000000  0.007324
 106.000000  0.007422
 107.000000  0.007324
 108.000000  0.007397
 109.000000  0.009716
 110.000000  0.007422
 111.000000  0.007300
 112.000000  0.007324
 113.000000  0.007324
 114.000000  0.007349
 115.000000  0.007324
 116.000000  0.007349
 117.000000  0.007324
 118.000000  0.007373
 119.000000  0.007300
 120.000000  0.007373
 121.000000  0.007324
 122.000000  0.007324
 123.000000  0.007300
 124.000000  0.007349
 125.000000  0.007300
 126.000000  0.007349
 127.000000  0.009716
 128.000000  0.007324
 129.000000  0.007300
 130.000000  0.007324
 131.000000  0.009741
 132.000000  0.007324
 133.000000  0.007300
 134.000000  0.007349
 135.000000  0.009765
 136.000000  0.007373
 137.000000  0.007324
 138.000000  0.007324
 139.000000  0.007300
 140.000000  0.007324
 141.000000  0.007324
 142.000000  0.007397
 143.000000  0.007324
 144.000000  0.007324
 145.000000  0.009741
 146.000000  0.007324
 147.000000  0.007324
 148.000000  0.007373
 149.000000  0.009765
 150.000000  0.007373
 151.000000  0.007300
 152.000000  0.007349
 153.000000  0.007300
 154.000000  0.007349
 155.000000  0.007324
 156.000000  0.007373
 157.000000  0.009741
 158.000000  0.007349
 159.000000  0.007300
 160.000000  0.007373
 161.000000  0.007300
 162.000000  0.007349
 163.000000  0.007227
 164.000000  0.007324
 165.000000  0.007227
 166.000000  0.007349
 167.000000  0.007324
 168.000000  0.007471
 169.000000  0.009692
 170.000000  0.007373
 171.000000  0.007324
 172.000000  0.007397
 173.000000  0.007300
 174.000000  0.007397
 175.000000  0.007275
 176.000000  0.007422
 177.000000  0.007227
 178.000000  0.007397
 179.000000  0.009692
 180.000000  0.007373
 181.000000  0.007275
 182.000000  0.007373
 183.000000  0.007275
 184.000000  0.007446
 185.000000  0.007275
 186.000000  0.007471
 187.000000  0.007300
 188.000000  0.007422
 189.000000  0.007251
 190.000000  0.007397
 191.000000  0.007275
 192.000000  0.007544
 193.000000  0.007251
 194.000000  0.007422
 195.000000  0.007324
 196.000000  0.009887
 197.000000  0.007251
 198.000000  0.007397
 199.000000  0.009741
 200.000000  0.007422
 201.000000  0.009668
 202.000000  0.007373
 203.000000  0.007227
 204.000000  0.007373
 205.000000  0.007251
 206.000000  0.007446
 207.000000  0.007275
 208.000000  0.007397
 209.000000  0.009741
 210.000000  0.007446
 211.000000  0.007227
 212.000000  0.007373
 213.000000  0.009668
 214.000000  0.007422
 215.000000  0.007202
 216.000000  0.007373
 217.000000  0.007251
 218.000000  0.007397
 219.000000  0.009716
 220.000000  0.007471
 221.000000  0.007324
 222.000000  0.007349
 223.000000  0.007251
 224.000000  0.007495
 225.000000  0.007251
 226.000000  0.007349
 227.000000  0.009692
 228.000000  0.007422
 229.000000  0.009716
 230.000000  0.007519
 231.000000  0.007202
 232.000000  0.007446
 233.000000  0.009741
 234.000000  0.007471
 235.000000  0.007300
 236.000000  0.007397
 237.000000  0.007300
 238.000000  0.007373
 239.000000  0.009692
 240.000000  0.007422
 241.000000  0.007227
 242.000000  0.007471
 243.000000  0.009790
 244.000000  0.007397
 245.000000  0.007300
 246.000000  0.007373
 247.000000  0.007275
 248.000000  0.007373
 249.000000  0.007349
 250.000000  0.007349
 251.000000  0.007300
 252.000000  0.007373
 253.000000  0.007300
 254.000000  0.007324
 255.000000  0.009716
 256.000000  0.007373
 257.000000  0.007324
 258.000000  0.007349
 259.000000  0.007251
 260.000000  0.007349
 261.000000  0.007300
 262.000000  0.007324
 263.000000  0.009741
 264.000000  0.007324
 265.000000  0.009716
 266.000000  0.007324
 267.000000  0.009765
 268.000000  0.007324
 269.000000  0.009716
 270.000000  0.007349
 271.000000  0.007275
 272.000000  0.007349
 273.000000  0.007324
 274.000000  0.007397
 275.000000  0.009741
 276.000000  0.007349
 277.000000  0.009741
 278.000000  0.007397
 279.000000  0.007324
 280.000000  0.007349
 281.000000  0.009765
 282.000000  0.007324
 283.000000  0.009741
 284.000000  0.007349
 285.000000  0.007300
 286.000000  0.007324
 287.000000  0.007300
 288.000000  0.007349
 289.000000  0.009741
 290.000000  0.007324
 291.000000  0.007300
 292.000000  0.007349
 293.000000  0.007300
 294.000000  0.007397
 295.000000  0.009765
 296.000000  0.007349
 297.000000  0.009765
 298.000000  0.007373
 299.000000  0.009765
 300.000000  0.007349
 301.000000  0.007324
 302.000000  0.007397
 303.000000  0.009765
 304.000000  0.007373
 305.000000  0.007324
 306.000000  0.007471
 307.000000  0.009790
 308.000000  0.007446
 309.000000  0.009765
 310.000000  0.007446
 311.000000  0.007300
 312.000000  0.007446
 313.000000  0.007300
 314.000000  0.007495
 315.000000  0.009741
 316.000000  0.007471
 317.000000  0.007324
 318.000000  0.007446
 319.000000  0.007324
 320.000000  0.007471
 321.000000  0.009765
 322.000000  0.007593
 323.000000  0.009741
 324.000000  0.007495
 325.000000  0.007275
 326.000000  0.007446
 327.000000  0.007349
 328.000000  0.007471
 329.000000  0.009814
 330.000000  0.007471
 331.000000  0.009765
 332.000000  0.007568
 333.000000  0.009790
 334.000000  0.007568
 335.000000  0.009765
 336.000000  0.007471
 337.000000  0.007300
 338.000000  0.007593
 339.000000  0.007324
 340.000000  0.007617
 341.000000  0.009790
 342.000000  0.009887
 343.000000  0.009765
 344.000000  0.007739
 345.000000  0.009765
 346.000000  0.007764
 347.000000  0.007349
 348.000000  0.007544
 349.000000  0.009790
 350.000000  0.007837
 351.000000  0.009741
 352.000000  0.007715
 353.000000  0.009716
 354.000000  0.007690
 355.000000  0.007300
 356.000000  0.007690
 357.000000  0.007349
 358.000000  0.007593
 359.000000  0.009765
 360.000000  0.007910
 361.000000  0.007324
 362.000000  0.007764
 363.000000  0.009765
 364.000000  0.007593
 365.000000  0.007324
 366.000000  0.007764
 367.000000  0.007349
 368.000000  0.007690
 369.000000  0.007349
 370.000000  0.007812
 371.000000  0.009790
 372.000000  0.007788
 373.000000  0.009765
 374.000000  0.008008
 375.000000  0.009765
 376.000000  0.007861
 377.000000  0.007373
 378.000000  0.007886
 379.000000  0.007422
 380.000000  0.007861
 381.000000  0.009814
 382.000000  0.007886
 383.000000  0.007373
 384.000000  0.008179
 385.000000  0.007300
 386.000000  0.008032
 387.000000  0.009716
 388.000000  0.007788
 389.000000  0.009790
 390.000000  0.007983
 391.000000  0.009765
 392.000000  0.008008
 393.000000  0.007373
 394.000000  0.008154
 395.000000  0.007397
 396.000000  0.008008
 397.000000  0.007446
 398.000000  0.008227
 399.000000  0.007373
 400.000000  0.008301
 401.000000  0.009814
 402.000000  0.008301
 403.000000  0.007422
 404.000000  0.008154
 405.000000  0.007397
 406.000000  0.008130
 407.000000  0.007349
 408.000000  0.008325
 409.000000  0.009838
 410.000000  0.008813
 411.000000  0.009790
 412.000000  0.008667
 413.000000  0.007373
 414.000000  0.008716
 415.000000  0.009814
 416.000000  0.008691
 417.000000  0.007471
 418.000000  0.008691
 419.000000  0.007397
 420.000000  0.008887
 421.000000  0.007373
 422.000000  0.009009
 423.000000  0.007349
 424.000000  0.008691
 425.000000  0.009814
 426.000000  0.008936
 427.000000  0.009838
 428.000000  0.008960
 429.000000  0.009912
 430.000000  0.009106
 431.000000  0.009838
 432.000000  0.009058
 433.000000  0.007593
 434.000000  0.009302
 435.000000  0.009936
 436.000000  0.009228
 437.000000  0.010034
 438.000000  0.009204
 439.000000  0.010034
 440.000000  0.009521
 441.000000  0.009887
 442.000000  0.009448
 443.000000  0.009985
 444.000000  0.009595
 445.000000  0.010083
 446.000000  0.009570
 447.000000  0.007617
 448.000000  0.009448
 449.000000  0.010302
 450.000000  0.009644
 451.000000  0.010498
 452.000000  0.009644
 453.000000  0.010327
 454.000000  0.009741
 455.000000  0.010839
 456.000000  0.009692
 457.000000  0.010815
 458.000000  0.009717
 459.000000  0.010620
 460.000000  0.009766
 461.000000  0.011181
 462.000000  0.009717
 463.000000  0.011132
 464.000000  0.009766
 465.000000  0.011596
 466.000000  0.009741
 467.000000  0.009155
 468.000000  0.009766
 469.000000  0.009497
 470.000000  0.009741
 471.000000  0.011938
 472.000000  0.009741
 473.000000  0.009351
 474.000000  0.009766
 475.000000  0.011938
 476.000000  0.009741
 477.000000  0.009570
 478.000000  0.009766
 479.000000  0.012060
 480.000000  0.009790
 481.000000  0.012158
 482.000000  0.009790
 483.000000  0.009717
 484.000000  0.009741
 485.000000  0.012182
 486.000000  0.009790
 487.000000  0.009741
 488.000000  0.009839
 489.000000  0.009741
 490.000000  0.009912
 491.000000  0.012255
 492.000000  0.009839
 493.000000  0.012207
 494.000000  0.010059
 495.000000  0.012182
 496.000000  0.009936
 497.000000  0.009717
 498.000000  0.009961
 499.000000  0.012231
 500.000000  0.010303
 501.000000  0.012329
 502.000000  0.010254
 503.000000  0.012304
 504.000000  0.010718
 505.000000  0.012353
 506.000000  0.010474
 507.000000  0.009936
 508.000000  0.010913
 509.000000  0.009961
 510.000000  0.011377
 511.000000  0.012548
 512.000000  0.011450
 513.000000  0.010889
 514.000000  0.011768
 515.000000  0.011133
 516.000000  0.011963
 517.000000  0.011108
 518.000000  0.012085
 519.000000  0.011352
 520.000000  0.012134
 521.000000  0.011743
 522.000000  0.012158
 523.000000  0.014453
 524.000000  0.012256
 525.000000  0.014428
 526.000000  0.012280
 527.000000  0.014428
 528.000000  0.012256
 529.000000  0.014599
 530.000000  0.012280
 531.000000  0.014648
 532.000000  0.012427
 533.000000  0.012183
 534.000000  0.012476
 535.000000  0.012207
 536.000000  0.012671
 537.000000  0.014697
 538.000000  0.012598
 539.000000  0.014721
 540.000000  0.014014
 541.000000  0.013061
 542.000000  0.014355
 543.000000  0.012720
 544.000000  0.014160
 545.000000  0.013721
 546.000000  0.014575
 547.000000  0.016626
 548.000000  0.014551
 549.000000  0.016601
 550.000000  0.014648
 551.000000  0.017016
 552.000000  0.014673
 553.000000  0.014502
 554.000000  0.014819
 555.000000  0.014673
 556.000000  0.014722
 557.000000  0.017041
 558.000000  0.014770
 559.000000  0.017089
 560.000000  0.015991
 561.000000  0.014673
 562.000000  0.015771
 563.000000  0.017309
 564.000000  0.016772
 565.000000  0.017797
 566.000000  0.016846
 567.000000  0.017675
 568.000000  0.017041
 569.000000  0.019287
 570.000000  0.017090
 571.000000  0.018676
 572.000000  0.017065
 573.000000  0.019531
 574.000000  0.017334
 575.000000  0.019531
 576.000000  0.017187
 577.000000  0.019555
 578.000000  0.018530
 579.000000  0.019628
 580.000000  0.018091
 581.000000  0.017139
 582.000000  0.019409
 583.000000  0.021923
 584.000000  0.019653
 585.000000  0.021948
 586.000000  0.019531
 587.000000  0.021997
 588.000000  0.019995
 589.000000  0.019531
 590.000000  0.019800
 591.000000  0.021972
 592.000000  0.021973
 593.000000  0.021338
 594.000000  0.021973
 595.000000  0.022363
 596.000000  0.021973
 597.000000  0.024414
 598.000000  0.022095
 599.000000  0.024340
 600.000000  0.021973
 601.000000  0.024414
 602.000000  0.024219
 603.000000  0.025366
 604.000000  0.024390
 605.000000  0.025268
 606.000000  0.024463
 607.000000  0.027441
 608.000000  0.026611
 609.000000  0.026831
 610.000000  0.024414
 611.000000  0.028515
 612.000000  0.029272
 613.000000  0.027368
 614.000000  0.026953
 615.000000  0.026928
 616.000000  0.026929
 617.000000  0.027881
 618.000000  0.029175
 619.000000  0.029296
 620.000000  0.027026
 621.000000  0.030981
 622.000000  0.031226
 623.000000  0.031665
 624.000000  0.030346
 625.000000  0.031689
 626.000000  0.032031
 627.000000  0.036474
 628.000000  0.031665
 629.000000  0.031738
 630.000000  0.031787
 631.000000  0.039013
 632.000000  0.042627
 633.000000  0.034497
 634.000000  0.031909
 635.000000  0.040698
 636.000000  0.072729
 637.000000  0.088965
 638.000000  0.040771
 639.000000  0.041650
 640.000000  0.064526
 641.000000  0.201733
 642.000000  0.194238
 643.000000  0.053760
 644.000000  0.061157
 645.000000  0.194165
 646.000000  0.903296
 647.000000  0.507275
 648.000000  0.072217
 649.000000  0.058130
 650.000000  0.164917
 651.000000  0.571387
 652.000000  0.187353
 653.000000  0.043750
 654.000000  0.039526
 655.000000  0.052514
 656.000000  0.076123
 657.000000  0.041967
 658.000000  0.033862
 659.000000  0.033716
 660.000000  0.036157
 661.000000  0.039990
 662.000000  0.030908
 663.000000  0.031591
 664.000000  0.033764
 665.000000  0.033764
 666.000000  0.034228
 667.000000  0.030810
 668.000000  0.029126
 669.000000  0.028760
 670.000000  0.029297
 671.000000  0.027246
 672.000000  0.026807
 673.000000  0.029394
 674.000000  0.030395
 675.000000  0.029394
 676.000000  0.026880
 677.000000  0.026879
 678.000000  0.025244
 679.000000  0.028027
 680.000000  0.025757
 681.000000  0.024390
 682.000000  0.024463
 683.000000  0.026879
 684.000000  0.024707
 685.000000  0.026318
 686.000000  0.022778
 687.000000  0.021997
 688.000000  0.025732
 689.000000  0.022046
 690.000000  0.024707
 691.000000  0.024023
 692.000000  0.021924
 693.000000  0.022680
 694.000000  0.020923
 695.000000  0.022143
 696.000000  0.022363
 697.000000  0.022045
 698.000000  0.020264
 699.000000  0.021948
 700.000000  0.019604
 701.000000  0.018945
 702.000000  0.019580
 703.000000  0.019311
 704.000000  0.021997
 705.000000  0.019873
 706.000000  0.018213
 707.000000  0.017310
 708.000000  0.018970
 709.000000  0.019628
 710.000000  0.017944
 711.000000  0.019482
 712.000000  0.017310
 713.000000  0.019531
 714.000000  0.017212
 715.000000  0.019335
 716.000000  0.017065
 717.000000  0.018481
 718.000000  0.017041
 719.000000  0.017651
 720.000000  0.016406
 721.000000  0.017236
 722.000000  0.016528
 723.000000  0.017187
 724.000000  0.015430
 725.000000  0.017138
 726.000000  0.014990
 727.000000  0.017089
 728.000000  0.014868
 729.000000  0.014648
 730.000000  0.014746
 731.000000  0.017065
 732.000000  0.014673
 733.000000  0.016967
 734.000000  0.017089
 735.000000  0.016113
 736.000000  0.014551
 737.000000  0.016186
 738.000000  0.014380
 739.000000  0.014941
 740.000000  0.013794
 741.000000  0.014770
 742.000000  0.013818
 743.000000  0.012231
 744.000000  0.012915
 745.000000  0.014672
 746.000000  0.012329
 747.000000  0.012207
 748.000000  0.012476
 749.000000  0.014624
 750.000000  0.012207
 751.000000  0.014575
 752.000000  0.014648
 753.000000  0.014648
 754.000000  0.012207
 755.000000  0.014502
 756.000000  0.012207
 757.000000  0.014331
 758.000000  0.012183
 759.000000  0.011426
 760.000000  0.012158
 761.000000  0.013598
 762.000000  0.011914
 763.000000  0.012793
 764.000000  0.011352
 765.000000  0.012304
 766.000000  0.010742
 767.000000  0.009961
 768.000000  0.010620
 769.000000  0.012280
 770.000000  0.010449
 771.000000  0.012231
 772.000000  0.010181
 773.000000  0.012207
 774.000000  0.012426
 775.000000  0.012182
 776.000000  0.012255
 777.000000  0.012207
 778.000000  0.009790
 779.000000  0.009741
 780.000000  0.009814
 781.000000  0.009766
 782.000000  0.012231
 783.000000  0.012158
 784.000000  0.009790
 785.000000  0.012109
 786.000000  0.009814
 787.000000  0.011987
 788.000000  0.012207
 789.000000  0.011914
 790.000000  0.009766
 791.000000  0.011816
 792.000000  0.009766
 793.000000  0.011865
 794.000000  0.009741
 795.000000  0.011840
 796.000000  0.009766
 797.000000  0.011792
 798.000000  0.009717
 799.000000  0.011352
 800.000000  0.009741
 801.000000  0.011181
 802.000000  0.012133
 803.000000  0.010937
 804.000000  0.009619
 805.000000  0.011108
 806.000000  0.009741
 807.000000  0.011377
 808.000000  0.012085
 809.000000  0.008130
 810.000000  0.009521
 811.000000  0.008032
 812.000000  0.009570
 813.000000  0.007788
 814.000000  0.009351
 815.000000  0.010278
 816.000000  0.009521
 817.000000  0.010034
 818.000000  0.009326
 819.000000  0.010156
 820.000000  0.009204
 821.000000  0.009985
 822.000000  0.009033
 823.000000  0.009912
 824.000000  0.011303
 825.000000  0.009936
 826.000000  0.009082
 827.000000  0.009912
 828.000000  0.008691
 829.000000  0.009912
 830.000000  0.008862
 831.000000  0.009814
 832.000000  0.008496
 833.000000  0.010058
 834.000000  0.008325
 835.000000  0.009814
 836.000000  0.011108
 837.000000  0.009838
 838.000000  0.008081
 839.000000  0.009790
 840.000000  0.008520
 841.000000  0.009765
 842.000000  0.010742
 843.000000  0.009814
 844.000000  0.007959
 845.000000  0.007397
 846.000000  0.010302
 847.000000  0.009838
 848.000000  0.007812
 849.000000  0.009765
 850.000000  0.007886
 851.000000  0.009790
 852.000000  0.008008
 853.000000  0.007324
 854.000000  0.010302
 855.000000  0.009765
 856.000000  0.007642
 857.000000  0.007324
 858.000000  0.007739
 859.000000  0.007349
 860.000000  0.010131
 861.000000  0.009765
 862.000000  0.007471
 863.000000  0.007300
 864.000000  0.007422
 865.000000  0.009790
 866.000000  0.010058
 867.000000  0.007275
 868.000000  0.007593
 869.000000  0.009790
 870.000000  0.007471
 871.000000  0.009790
 872.000000  0.007642
 873.000000  0.009765
 874.000000  0.007471
 875.000000  0.009790
 876.000000  0.007397
 877.000000  0.007349
 878.000000  0.007471
 879.000000  0.007324
 880.000000  0.007397
 881.000000  0.009765
 882.000000  0.007446
 883.000000  0.009790
 884.000000  0.007397
 885.000000  0.009765
 886.000000  0.007446
 887.000000  0.007324
 888.000000  0.007422
 889.000000  0.009741
 890.000000  0.007422
 891.000000  0.009765
 892.000000  0.007373
 893.000000  0.009765
 894.000000  0.007349
 895.000000  0.009765
 896.000000  0.007373
 897.000000  0.009741
 898.000000  0.007373
 899.000000  0.009741
 900.000000  0.007324
 901.000000  0.009716
 902.000000  0.009790
 903.000000  0.009716
 904.000000  0.007324
 905.000000  0.009765
 906.000000  0.009765
 907.000000  0.009716
 908.000000  0.009765
 909.000000  0.009741
 910.000000  0.007324
 911.000000  0.009741
 912.000000  0.007324
 913.000000  0.009643
 914.000000  0.007324
 915.000000  0.009765
 916.000000  0.007324
 917.000000  0.009741
 918.000000  0.009765
 919.000000  0.009643
 920.000000  0.009765
 921.000000  0.009668
 922.000000  0.007349
 923.000000  0.009594
 924.000000  0.007324
 925.000000  0.009643
 926.000000  0.007324
 927.000000  0.009668
 928.000000  0.007324
 929.000000  0.009643
 930.000000  0.007349
 931.000000  0.009545
 932.000000  0.007349
 933.000000  0.009643
 934.000000  0.007373
 935.000000  0.009692
 936.000000  0.007324
 937.000000  0.009570
 938.000000  0.007349
 939.000000  0.009619
 940.000000  0.007300
 941.000000  0.009497
 942.000000  0.007324
 943.000000  0.009619
 944.000000  0.007300
 945.000000  0.007227
 946.000000  0.009741
 947.000000  0.009741
 948.000000  0.007300
 949.000000  0.009545
 950.000000  0.009741
 951.000000  0.009643
 952.000000  0.007324
 953.000000  0.009570
 954.000000  0.007324
 955.000000  0.009545
 956.000000  0.007324
 957.000000  0.009594
 958.000000  0.007324
 959.000000  0.007153
 960.000000  0.007324
 961.000000  0.007129
 962.000000  0.009741
 963.000000  0.007056
 964.000000  0.007251
 965.000000  0.009570
 966.000000  0.007275
 967.000000  0.009619
 968.000000  0.007373
 969.000000  0.009570
 970.000000  0.009765
 971.000000  0.009399
 972.000000  0.007324
 973.000000  0.009179
 974.000000  0.007324
 975.000000  0.009497
 976.000000  0.007300
 977.000000  0.009375
 978.000000  0.007324
 979.000000  0.009301
 980.000000  0.007275
 981.000000  0.009521
 982.000000  0.007324
 983.000000  0.007031
 984.000000  0.007324
 985.000000  0.009472
 986.000000  0.007300
 987.000000  0.009326
 988.000000  0.009765
 989.000000  0.009204
 990.000000  0.007300
 991.000000  0.009448
 992.000000  0.007349
 993.000000  0.009350
 994.000000  0.007324
 995.000000  0.009423
 996.000000  0.007251
 997.000000  0.009350
 998.000000  0.009741
 999.000000  0.009179
 1000.000000  0.009790
 1001.000000  0.009350
 1002.000000  0.007300
 1003.000000  0.009326
 1004.000000  0.007300
 1005.000000  0.009301
 1006.000000  0.007251
 1007.000000  0.009106
 1008.000000  0.007324
 1009.000000  0.009277
 1010.000000  0.007300
 1011.000000  0.009301
 1012.000000  0.007324
 1013.000000  0.009350
 1014.000000  0.007275
 1015.000000  0.009252
 1016.000000  0.007227
 1017.000000  0.009350
 1018.000000  0.007324
 1019.000000  0.009155
 1020.000000  0.007251
 1021.000000  0.008862
 1022.000000  0.007300
 1023.000000  0.009179
