 0.000000  0.007446
 1.000000  0.007300
 2.000000  0.007324
 3.000000  0.007300
 4.000000  0.007471
 5.000000  0.007227
 6.000000  0.007373
 7.000000  0.007300
 8.000000  0.007446
 9.000000  0.007300
 10.000000  0.007397
 11.000000  0.007227
 12.000000  0.007422
 13.000000  0.007227
 14.000000  0.007397
 15.000000  0.007251
 16.000000  0.007446
 17.000000  0.007202
 18.000000  0.007373
 19.000000  0.007300
 20.000000  0.007397
 21.000000  0.007324
 22.000000  0.007373
 23.000000  0.007251
 24.000000  0.007422
 25.000000  0.007227
 26.000000  0.007446
 27.000000  0.009692
 28.000000  0.007373
 29.000000  0.007300
 30.000000  0.007324
 31.000000  0.007300
 32.000000  0.007373
 33.000000  0.007227
 34.000000  0.007397
 35.000000  0.007251
 36.000000  0.007373
 37.000000  0.007227
 38.000000  0.007422
 39.000000  0.009716
 40.000000  0.007397
 41.000000  0.007300
 42.000000  0.007373
 43.000000  0.007227
 44.000000  0.007324
 45.000000  0.007202
 46.000000  0.007324
 47.000000  0.007251
 48.000000  0.007422
 49.000000  0.007324
 50.000000  0.007373
 51.000000  0.007324
 52.000000  0.007324
 53.000000  0.007324
 54.000000  0.007373
 55.000000  0.007300
 56.000000  0.007324
 57.000000  0.007324
 58.000000  0.007349
 59.000000  0.009692
 60.000000  0.007373
 61.000000  0.009643
 62.000000  0.007324
 63.000000  0.007275
 64.000000  0.007324
 65.000000  0.007251
 66.000000  0.007373
 67.000000  0.009716
 68.000000  0.007324
 69.000000  0.007300
 70.000000  0.007349
 71.000000  0.007227
 72.000000  0.007324
 73.000000  0.007275
 74.000000  0.007349
 75.000000  0.007324
 76.000000  0.007349
 77.000000  0.007324
 78.000000  0.007324
 79.000000  0.007324
 80.000000  0.007324
 81.000000  0.007300
 82.000000  0.007324
 83.000000  0.007324
 84.000000  0.007324
 85.000000  0.007324
 86.000000  0.007324
 87.000000  0.007324
 88.000000  0.007324
 89.000000  0.007300
 90.000000  0.007324
 91.000000  0.007300
 92.000000  0.007324
 93.000000  0.007300
 94.000000  0.007324
 95.000000  0.007324
 96.000000  0.007349
 97.000000  0.007275
 98.000000  0.007324
 99.000000  0.007324
 100.000000  0.007324
 101.000000  0.009765
 102.000000  0.007324
 103.000000  0.009716
 104.000000  0.007324
 105.000000  0.007324
 106.000000  0.007324
 107.000000  0.007300
 108.000000  0.007324
 109.000000  0.009741
 110.000000  0.007324
 111.000000  0.007324
 112.000000  0.007300
 113.000000  0.007300
 114.000000  0.007349
 115.000000  0.007251
 116.000000  0.007397
 117.000000  0.007300
 118.000000  0.007373
 119.000000  0.007202
 120.000000  0.007397
 121.000000  0.007275
 122.000000  0.007397
 123.000000  0.007202
 124.000000  0.007397
 125.000000  0.007153
 126.000000  0.007373
 127.000000  0.009619
 128.000000  0.007397
 129.000000  0.007031
 130.000000  0.007349
 131.000000  0.009619
 132.000000  0.007349
 133.000000  0.007153
 134.000000  0.007422
 135.000000  0.009716
 136.000000  0.007422
 137.000000  0.007202
 138.000000  0.007373
 139.000000  0.007104
 140.000000  0.007373
 141.000000  0.007129
 142.000000  0.007349
 143.000000  0.007251
 144.000000  0.007349
 145.000000  0.009643
 146.000000  0.007324
 147.000000  0.007178
 148.000000  0.007373
 149.000000  0.009716
 150.000000  0.007373
 151.000000  0.007007
 152.000000  0.007324
 153.000000  0.007227
 154.000000  0.007324
 155.000000  0.007202
 156.000000  0.007373
 157.000000  0.009619
 158.000000  0.007422
 159.000000  0.007227
 160.000000  0.007422
 161.000000  0.007251
 162.000000  0.007373
 163.000000  0.007080
 164.000000  0.007324
 165.000000  0.007227
 166.000000  0.007324
 167.000000  0.007178
 168.000000  0.007373
 169.000000  0.009594
 170.000000  0.007373
 171.000000  0.007153
 172.000000  0.007324
 173.000000  0.007202
 174.000000  0.007373
 175.000000  0.007153
 176.000000  0.007422
 177.000000  0.007202
 178.000000  0.007300
 179.000000  0.009643
 180.000000  0.007373
 181.000000  0.007227
 182.000000  0.007300
 183.000000  0.007153
 184.000000  0.007349
 185.000000  0.007251
 186.000000  0.007373
 187.000000  0.007202
 188.000000  0.007300
 189.000000  0.007178
 190.000000  0.007397
 191.000000  0.007056
 192.000000  0.007349
 193.000000  0.007251
 194.000000  0.007349
 195.000000  0.007080
 196.000000  0.009765
 197.000000  0.007153
 198.000000  0.007349
 199.000000  0.009692
 200.000000  0.007373
 201.000000  0.009521
 202.000000  0.007324
 203.000000  0.007202
 204.000000  0.007324
 205.000000  0.007178
 206.000000  0.007349
 207.000000  0.007227
 208.000000  0.007324
 209.000000  0.009570
 210.000000  0.007349
 211.000000  0.007007
 212.000000  0.007324
 213.000000  0.009594
 214.000000  0.007324
 215.000000  0.007300
 216.000000  0.007324
 217.000000  0.007275
 218.000000  0.007300
 219.000000  0.009668
 220.000000  0.007349
 221.000000  0.007153
 222.000000  0.007324
 223.000000  0.007251
 224.000000  0.007324
 225.000000  0.007153
 226.000000  0.007324
 227.000000  0.009497
 228.000000  0.007324
 229.000000  0.009570
 230.000000  0.007324
 231.000000  0.007251
 232.000000  0.007324
 233.000000  0.009643
 234.000000  0.007324
 235.000000  0.007227
 236.000000  0.007324
 237.000000  0.007251
 238.000000  0.007324
 239.000000  0.009643
 240.000000  0.007324
 241.000000  0.007251
 242.000000  0.007324
 243.000000  0.009716
 244.000000  0.007324
 245.000000  0.007153
 246.000000  0.007324
 247.000000  0.007080
 248.000000  0.007324
 249.000000  0.007251
 250.000000  0.007324
 251.000000  0.007178
 252.000000  0.007324
 253.000000  0.007202
 254.000000  0.007324
 255.000000  0.009716
 256.000000  0.007349
 257.000000  0.007129
 258.000000  0.007324
 259.000000  0.007129
 260.000000  0.007324
 261.000000  0.007178
 262.000000  0.007349
 263.000000  0.009472
 264.000000  0.007324
 265.000000  0.009668
 266.000000  0.007373
 267.000000  0.009643
 268.000000  0.007349
 269.000000  0.009521
 270.000000  0.007373
 271.000000  0.007031
 272.000000  0.007300
 273.000000  0.007178
 274.000000  0.007324
 275.000000  0.009521
 276.000000  0.007324
 277.000000  0.009570
 278.000000  0.007324
 279.000000  0.007104
 280.000000  0.007300
 281.000000  0.009497
 282.000000  0.007373
 283.000000  0.009399
 284.000000  0.007349
 285.000000  0.007056
 286.000000  0.007300
 287.000000  0.007153
 288.000000  0.007373
 289.000000  0.009643
 290.000000  0.007349
 291.000000  0.007153
 292.000000  0.007324
 293.000000  0.007031
 294.000000  0.007324
 295.000000  0.009545
 296.000000  0.007349
 297.000000  0.009619
 298.000000  0.007373
 299.000000  0.009570
 300.000000  0.007349
 301.000000  0.007104
 302.000000  0.007373
 303.000000  0.009692
 304.000000  0.007349
 305.000000  0.007275
 306.000000  0.007324
 307.000000  0.009448
 308.000000  0.007300
 309.000000  0.009594
 310.000000  0.007446
 311.000000  0.007129
 312.000000  0.007349
 313.000000  0.007178
 314.000000  0.007422
 315.000000  0.009545
 316.000000  0.007349
 317.000000  0.007153
 318.000000  0.007300
 319.000000  0.007178
 320.000000  0.007373
 321.000000  0.009692
 322.000000  0.007373
 323.000000  0.009545
 324.000000  0.007300
 325.000000  0.007056
 326.000000  0.007324
 327.000000  0.007031
 328.000000  0.007349
 329.000000  0.009692
 330.000000  0.007324
 331.000000  0.009545
 332.000000  0.007373
 333.000000  0.009521
 334.000000  0.007324
 335.000000  0.009570
 336.000000  0.007349
 337.000000  0.007007
 338.000000  0.007349
 339.000000  0.007104
 340.000000  0.007373
 341.000000  0.009643
 342.000000  0.009741
 343.000000  0.009594
 344.000000  0.007373
 345.000000  0.009545
 346.000000  0.007397
 347.000000  0.007178
 348.000000  0.007349
 349.000000  0.009619
 350.000000  0.007349
 351.000000  0.009716
 352.000000  0.007397
 353.000000  0.009668
 354.000000  0.007373
 355.000000  0.007153
 356.000000  0.007349
 357.000000  0.007153
 358.000000  0.007349
 359.000000  0.009692
 360.000000  0.007422
 361.000000  0.007227
 362.000000  0.007324
 363.000000  0.009668
 364.000000  0.007349
 365.000000  0.007227
 366.000000  0.007397
 367.000000  0.007300
 368.000000  0.007324
 369.000000  0.007202
 370.000000  0.007349
 371.000000  0.009692
 372.000000  0.007349
 373.000000  0.009716
 374.000000  0.007349
 375.000000  0.009741
 376.000000  0.007349
 377.000000  0.007275
 378.000000  0.007324
 379.000000  0.007300
 380.000000  0.007349
 381.000000  0.009741
 382.000000  0.007324
 383.000000  0.007300
 384.000000  0.007349
 385.000000  0.007300
 386.000000  0.007324
 387.000000  0.009692
 388.000000  0.007349
 389.000000  0.009643
 390.000000  0.007349
 391.000000  0.009741
 392.000000  0.007373
 393.000000  0.007275
 394.000000  0.007324
 395.000000  0.007300
 396.000000  0.007324
 397.000000  0.007275
 398.000000  0.007324
 399.000000  0.007300
 400.000000  0.007324
 401.000000  0.009741
 402.000000  0.007349
 403.000000  0.007324
 404.000000  0.007349
 405.000000  0.007324
 406.000000  0.007324
 407.000000  0.007300
 408.000000  0.007324
 409.000000  0.009765
 410.000000  0.007349
 411.000000  0.009765
 412.000000  0.007373
 413.000000  0.007324
 414.000000  0.007324
 415.000000  0.009741
 416.000000  0.007349
 417.000000  0.007324
 418.000000  0.007324
 419.000000  0.007324
 420.000000  0.007324
 421.000000  0.007324
 422.000000  0.007349
 423.000000  0.007275
 424.000000  0.007324
 425.000000  0.009741
 426.000000  0.007324
 427.000000  0.009765
 428.000000  0.007422
 429.000000  0.009716
 430.000000  0.007446
 431.000000  0.009741
 432.000000  0.007397
 433.000000  0.007275
 434.000000  0.007324
 435.000000  0.009814
 436.000000  0.007373
 437.000000  0.009716
 438.000000  0.007422
 439.000000  0.009716
 440.000000  0.007471
 441.000000  0.009716
 442.000000  0.007471
 443.000000  0.009765
 444.000000  0.007519
 445.000000  0.009668
 446.000000  0.007544
 447.000000  0.007275
 448.000000  0.007519
 449.000000  0.009765
 450.000000  0.007471
 451.000000  0.009790
 452.000000  0.007471
 453.000000  0.009692
 454.000000  0.007666
 455.000000  0.009741
 456.000000  0.007397
 457.000000  0.009765
 458.000000  0.007617
 459.000000  0.009741
 460.000000  0.007617
 461.000000  0.009790
 462.000000  0.007666
 463.000000  0.009790
 464.000000  0.007617
 465.000000  0.009790
 466.000000  0.007812
 467.000000  0.007300
 468.000000  0.007617
 469.000000  0.007324
 470.000000  0.007837
 471.000000  0.009741
 472.000000  0.007910
 473.000000  0.007324
 474.000000  0.007910
 475.000000  0.009814
 476.000000  0.008032
 477.000000  0.007324
 478.000000  0.007812
 479.000000  0.009790
 480.000000  0.007935
 481.000000  0.009741
 482.000000  0.008154
 483.000000  0.007373
 484.000000  0.007861
 485.000000  0.009790
 486.000000  0.008252
 487.000000  0.007349
 488.000000  0.007983
 489.000000  0.007373
 490.000000  0.008496
 491.000000  0.009863
 492.000000  0.008057
 493.000000  0.009814
 494.000000  0.008423
 495.000000  0.009838
 496.000000  0.008447
 497.000000  0.007422
 498.000000  0.008325
 499.000000  0.009863
 500.000000  0.008936
 501.000000  0.009863
 502.000000  0.008472
 503.000000  0.009961
 504.000000  0.009082
 505.000000  0.009936
 506.000000  0.008716
 507.000000  0.007324
 508.000000  0.008838
 509.000000  0.007446
 510.000000  0.009131
 511.000000  0.009961
 512.000000  0.008716
 513.000000  0.007642
 514.000000  0.009277
 515.000000  0.007593
 516.000000  0.008765
 517.000000  0.007495
 518.000000  0.009326
 519.000000  0.007593
 520.000000  0.009497
 521.000000  0.007617
 522.000000  0.009473
 523.000000  0.010351
 524.000000  0.009546
 525.000000  0.010058
 526.000000  0.009668
 527.000000  0.010449
 528.000000  0.009741
 529.000000  0.010620
 530.000000  0.009619
 531.000000  0.010644
 532.000000  0.009741
 533.000000  0.008887
 534.000000  0.009570
 535.000000  0.008423
 536.000000  0.009741
 537.000000  0.011865
 538.000000  0.009766
 539.000000  0.010839
 540.000000  0.009766
 541.000000  0.009521
 542.000000  0.009790
 543.000000  0.009473
 544.000000  0.009766
 545.000000  0.009424
 546.000000  0.009766
 547.000000  0.012207
 548.000000  0.009766
 549.000000  0.012109
 550.000000  0.009766
 551.000000  0.012207
 552.000000  0.009766
 553.000000  0.009595
 554.000000  0.009766
 555.000000  0.009741
 556.000000  0.010132
 557.000000  0.012207
 558.000000  0.009766
 559.000000  0.012207
 560.000000  0.010693
 561.000000  0.009790
 562.000000  0.009863
 563.000000  0.012207
 564.000000  0.009888
 565.000000  0.012402
 566.000000  0.011035
 567.000000  0.012231
 568.000000  0.010083
 569.000000  0.012377
 570.000000  0.012183
 571.000000  0.012963
 572.000000  0.011206
 573.000000  0.012866
 574.000000  0.012183
 575.000000  0.014624
 576.000000  0.012158
 577.000000  0.013501
 578.000000  0.012183
 579.000000  0.014648
 580.000000  0.012353
 581.000000  0.011890
 582.000000  0.012183
 583.000000  0.014624
 584.000000  0.014209
 585.000000  0.014697
 586.000000  0.012256
 587.000000  0.014648
 588.000000  0.013843
 589.000000  0.014282
 590.000000  0.014258
 591.000000  0.014794
 592.000000  0.014233
 593.000000  0.014600
 594.000000  0.016309
 595.000000  0.016918
 596.000000  0.014648
 597.000000  0.016821
 598.000000  0.015234
 599.000000  0.017114
 600.000000  0.014722
 601.000000  0.016967
 602.000000  0.014966
 603.000000  0.018481
 604.000000  0.016821
 605.000000  0.017041
 606.000000  0.014893
 607.000000  0.017529
 608.000000  0.017261
 609.000000  0.017187
 610.000000  0.014746
 611.000000  0.017041
 612.000000  0.019458
 613.000000  0.019726
 614.000000  0.017871
 615.000000  0.017065
 616.000000  0.015381
 617.000000  0.017749
 618.000000  0.020679
 619.000000  0.017187
 620.000000  0.016016
 621.000000  0.017504
 622.000000  0.019751
 623.000000  0.021972
 624.000000  0.019213
 625.000000  0.017627
 626.000000  0.019409
 627.000000  0.031079
 628.000000  0.024512
 629.000000  0.019360
 630.000000  0.017187
 631.000000  0.024755
 632.000000  0.040649
 633.000000  0.027246
 634.000000  0.019165
 635.000000  0.021997
 636.000000  0.038086
 637.000000  0.071533
 638.000000  0.031274
 639.000000  0.028735
 640.000000  0.047681
 641.000000  0.238843
 642.000000  0.465674
 643.000000  0.072314
 644.000000  0.026709
 645.000000  0.024462
 646.000000  0.046459
 647.000000  0.049731
 648.000000  0.019751
 649.000000  0.017065
 650.000000  0.017651
 651.000000  0.024976
 652.000000  0.022607
 653.000000  0.015308
 654.000000  0.016333
 655.000000  0.019335
 656.000000  0.021655
 657.000000  0.019580
 658.000000  0.014795
 659.000000  0.014600
 660.000000  0.016260
 661.000000  0.020263
 662.000000  0.014990
 663.000000  0.016186
 664.000000  0.016992
 665.000000  0.017065
 666.000000  0.019506
 667.000000  0.016015
 668.000000  0.014526
 669.000000  0.013550
 670.000000  0.014770
 671.000000  0.014697
 672.000000  0.014258
 673.000000  0.014819
 674.000000  0.016601
 675.000000  0.016845
 676.000000  0.014673
 677.000000  0.014672
 678.000000  0.012500
 679.000000  0.014697
 680.000000  0.014453
 681.000000  0.012646
 682.000000  0.012353
 683.000000  0.014648
 684.000000  0.012329
 685.000000  0.014648
 686.000000  0.012305
 687.000000  0.012183
 688.000000  0.014672
 689.000000  0.012134
 690.000000  0.014770
 691.000000  0.014013
 692.000000  0.012183
 693.000000  0.013598
 694.000000  0.012183
 695.000000  0.014160
 696.000000  0.014209
 697.000000  0.012841
 698.000000  0.010840
 699.000000  0.012500
 700.000000  0.011035
 701.000000  0.009790
 702.000000  0.010083
 703.000000  0.009790
 704.000000  0.012793
 705.000000  0.012207
 706.000000  0.009912
 707.000000  0.009766
 708.000000  0.009863
 709.000000  0.012207
 710.000000  0.009814
 711.000000  0.012207
 712.000000  0.009766
 713.000000  0.012207
 714.000000  0.009839
 715.000000  0.012207
 716.000000  0.009766
 717.000000  0.012085
 718.000000  0.009766
 719.000000  0.012133
 720.000000  0.009766
 721.000000  0.011865
 722.000000  0.009741
 723.000000  0.011962
 724.000000  0.009766
 725.000000  0.011914
 726.000000  0.009766
 727.000000  0.011108
 728.000000  0.009766
 729.000000  0.009082
 730.000000  0.009766
 731.000000  0.011499
 732.000000  0.009741
 733.000000  0.011377
 734.000000  0.012182
 735.000000  0.010669
 736.000000  0.009448
 737.000000  0.010205
 738.000000  0.009741
 739.000000  0.010449
 740.000000  0.009351
 741.000000  0.010131
 742.000000  0.009302
 743.000000  0.007617
 744.000000  0.009106
 745.000000  0.009912
 746.000000  0.008350
 747.000000  0.007519
 748.000000  0.008862
 749.000000  0.009838
 750.000000  0.008691
 751.000000  0.009838
 752.000000  0.010766
 753.000000  0.009961
 754.000000  0.008716
 755.000000  0.009961
 756.000000  0.008301
 757.000000  0.009790
 758.000000  0.008301
 759.000000  0.007446
 760.000000  0.008105
 761.000000  0.009863
 762.000000  0.007788
 763.000000  0.009765
 764.000000  0.007715
 765.000000  0.009741
 766.000000  0.007715
 767.000000  0.007300
 768.000000  0.007568
 769.000000  0.009790
 770.000000  0.007495
 771.000000  0.009790
 772.000000  0.007471
 773.000000  0.009741
 774.000000  0.009936
 775.000000  0.009741
 776.000000  0.009936
 777.000000  0.009765
 778.000000  0.007471
 779.000000  0.007300
 780.000000  0.007397
 781.000000  0.007275
 782.000000  0.009863
 783.000000  0.009692
 784.000000  0.007422
 785.000000  0.009692
 786.000000  0.007349
 787.000000  0.009668
 788.000000  0.009912
 789.000000  0.009643
 790.000000  0.007373
 791.000000  0.009619
 792.000000  0.007324
 793.000000  0.009692
 794.000000  0.007446
 795.000000  0.009716
 796.000000  0.007324
 797.000000  0.009692
 798.000000  0.007349
 799.000000  0.009619
 800.000000  0.007397
 801.000000  0.009716
 802.000000  0.009790
 803.000000  0.009619
 804.000000  0.007324
 805.000000  0.009521
 806.000000  0.007349
 807.000000  0.009716
 808.000000  0.009765
 809.000000  0.007129
 810.000000  0.007349
 811.000000  0.007153
 812.000000  0.007324
 813.000000  0.007104
 814.000000  0.007300
 815.000000  0.009521
 816.000000  0.007349
 817.000000  0.009521
 818.000000  0.007349
 819.000000  0.009521
 820.000000  0.007349
 821.000000  0.009570
 822.000000  0.007324
 823.000000  0.009594
 824.000000  0.009790
 825.000000  0.009326
 826.000000  0.007349
 827.000000  0.009277
 828.000000  0.007275
 829.000000  0.009570
 830.000000  0.007324
 831.000000  0.009423
 832.000000  0.007324
 833.000000  0.009448
 834.000000  0.007324
 835.000000  0.009350
 836.000000  0.009765
 837.000000  0.009350
 838.000000  0.007324
 839.000000  0.009423
 840.000000  0.007349
 841.000000  0.009228
 842.000000  0.009765
 843.000000  0.009350
 844.000000  0.007324
 845.000000  0.006885
 846.000000  0.009741
 847.000000  0.009521
 848.000000  0.007324
 849.000000  0.009375
 850.000000  0.007324
 851.000000  0.009423
 852.000000  0.007324
 853.000000  0.006982
 854.000000  0.009765
 855.000000  0.009228
 856.000000  0.007324
 857.000000  0.006836
 858.000000  0.007324
 859.000000  0.006519
 860.000000  0.009741
 861.000000  0.009204
 862.000000  0.007300
 863.000000  0.006787
 864.000000  0.007324
 865.000000  0.009204
 866.000000  0.009716
 867.000000  0.006787
 868.000000  0.007324
 869.000000  0.009033
 870.000000  0.007324
 871.000000  0.009033
 872.000000  0.007300
 873.000000  0.009204
 874.000000  0.007324
 875.000000  0.009082
 876.000000  0.007349
 877.000000  0.006201
 878.000000  0.007324
 879.000000  0.006567
 880.000000  0.007324
 881.000000  0.009008
 882.000000  0.007324
 883.000000  0.008935
 884.000000  0.007300
 885.000000  0.009179
 886.000000  0.007300
 887.000000  0.006323
 888.000000  0.007324
 889.000000  0.008691
 890.000000  0.007300
 891.000000  0.009033
 892.000000  0.007251
 893.000000  0.009057
 894.000000  0.007324
 895.000000  0.008960
 896.000000  0.007324
 897.000000  0.009057
 898.000000  0.007202
 899.000000  0.008667
 900.000000  0.007300
 901.000000  0.008960
 902.000000  0.009716
 903.000000  0.009008
 904.000000  0.007300
 905.000000  0.008764
 906.000000  0.009668
 907.000000  0.008642
 908.000000  0.009619
 909.000000  0.008911
 910.000000  0.007251
 911.000000  0.008691
 912.000000  0.007275
 913.000000  0.008691
 914.000000  0.007202
 915.000000  0.008569
 916.000000  0.007129
 917.000000  0.008911
 918.000000  0.009692
 919.000000  0.008569
 920.000000  0.009716
 921.000000  0.008544
 922.000000  0.007275
 923.000000  0.008520
 924.000000  0.007178
 925.000000  0.008642
 926.000000  0.007227
 927.000000  0.008593
 928.000000  0.007324
 929.000000  0.008447
 930.000000  0.007300
 931.000000  0.008642
 932.000000  0.007129
 933.000000  0.008740
 934.000000  0.007300
 935.000000  0.008667
 936.000000  0.007251
 937.000000  0.008618
 938.000000  0.007275
 939.000000  0.008447
 940.000000  0.007227
 941.000000  0.008593
 942.000000  0.007300
 943.000000  0.008471
 944.000000  0.007251
 945.000000  0.006299
 946.000000  0.009594
 947.000000  0.008520
 948.000000  0.007227
 949.000000  0.008691
 950.000000  0.009619
 951.000000  0.008691
 952.000000  0.007202
 953.000000  0.008398
 954.000000  0.007300
 955.000000  0.008471
 956.000000  0.007251
 957.000000  0.008691
 958.000000  0.007178
 959.000000  0.005981
 960.000000  0.007153
 961.000000  0.006152
 962.000000  0.009594
 963.000000  0.006226
 964.000000  0.007227
 965.000000  0.008984
 966.000000  0.007275
 967.000000  0.008667
 968.000000  0.007202
 969.000000  0.008642
 970.000000  0.009643
 971.000000  0.008691
 972.000000  0.007227
 973.000000  0.008496
 974.000000  0.007300
 975.000000  0.008618
 976.000000  0.007202
 977.000000  0.008447
 978.000000  0.007202
 979.000000  0.008276
 980.000000  0.007251
 981.000000  0.008911
 982.000000  0.007202
 983.000000  0.006128
 984.000000  0.007251
 985.000000  0.008593
 986.000000  0.007153
 987.000000  0.008447
 988.000000  0.009668
 989.000000  0.008178
 990.000000  0.007324
 991.000000  0.008422
 992.000000  0.007324
 993.000000  0.008471
 994.000000  0.007300
 995.000000  0.008496
 996.000000  0.007178
 997.000000  0.008471
 998.000000  0.009619
 999.000000  0.008520
 1000.000000  0.009619
 1001.000000  0.008276
 1002.000000  0.007251
 1003.000000  0.008252
 1004.000000  0.007300
 1005.000000  0.008178
 1006.000000  0.007178
 1007.000000  0.008007
 1008.000000  0.007275
 1009.000000  0.008422
 1010.000000  0.007227
 1011.000000  0.008667
 1012.000000  0.007202
 1013.000000  0.008227
 1014.000000  0.007129
 1015.000000  0.008447
 1016.000000  0.007129
 1017.000000  0.008422
 1018.000000  0.007153
 1019.000000  0.008105
 1020.000000  0.007300
 1021.000000  0.007763
 1022.000000  0.007178
 1023.000000  0.008422
