 0.000000  0.007349
 1.000000  0.007300
 2.000000  0.007324
 3.000000  0.007300
 4.000000  0.007349
 5.000000  0.007227
 6.000000  0.007349
 7.000000  0.007324
 8.000000  0.007324
 9.000000  0.007275
 10.000000  0.007349
 11.000000  0.007300
 12.000000  0.007324
 13.000000  0.007324
 14.000000  0.007324
 15.000000  0.007275
 16.000000  0.007324
 17.000000  0.007300
 18.000000  0.007324
 19.000000  0.007324
 20.000000  0.007349
 21.000000  0.007324
 22.000000  0.007349
 23.000000  0.007324
 24.000000  0.007349
 25.000000  0.007275
 26.000000  0.007324
 27.000000  0.009765
 28.000000  0.007324
 29.000000  0.007324
 30.000000  0.007349
 31.000000  0.007324
 32.000000  0.007324
 33.000000  0.007251
 34.000000  0.007349
 35.000000  0.007324
 36.000000  0.007324
 37.000000  0.007300
 38.000000  0.007349
 39.000000  0.009765
 40.000000  0.007349
 41.000000  0.007275
 42.000000  0.007324
 43.000000  0.007251
 44.000000  0.007373
 45.000000  0.007324
 46.000000  0.007349
 47.000000  0.007324
 48.000000  0.007324
 49.000000  0.007324
 50.000000  0.007324
 51.000000  0.007324
 52.000000  0.007324
 53.000000  0.007275
 54.000000  0.007349
 55.000000  0.007300
 56.000000  0.007349
 57.000000  0.007300
 58.000000  0.007349
 59.000000  0.009741
 60.000000  0.007324
 61.000000  0.009765
 62.000000  0.007324
 63.000000  0.007324
 64.000000  0.007349
 65.000000  0.007324
 66.000000  0.007324
 67.000000  0.009765
 68.000000  0.007324
 69.000000  0.007251
 70.000000  0.007324
 71.000000  0.007300
 72.000000  0.007300
 73.000000  0.007275
 74.000000  0.007422
 75.000000  0.007275
 76.000000  0.007373
 77.000000  0.007324
 78.000000  0.007397
 79.000000  0.007251
 80.000000  0.007373
 81.000000  0.007251
 82.000000  0.007373
 83.000000  0.007275
 84.000000  0.007422
 85.000000  0.007300
 86.000000  0.007446
 87.000000  0.007251
 88.000000  0.007446
 89.000000  0.007227
 90.000000  0.007349
 91.000000  0.007275
 92.000000  0.007373
 93.000000  0.007251
 94.000000  0.007446
 95.000000  0.007153
 96.000000  0.007397
 97.000000  0.007227
 98.000000  0.007422
 99.000000  0.007227
 100.000000  0.007519
 101.000000  0.009716
 102.000000  0.007397
 103.000000  0.009741
 104.000000  0.007397
 105.000000  0.007251
 106.000000  0.007495
 107.000000  0.007251
 108.000000  0.007422
 109.000000  0.009692
 110.000000  0.007397
 111.000000  0.007153
 112.000000  0.007397
 113.000000  0.007300
 114.000000  0.007422
 115.000000  0.007251
 116.000000  0.007446
 117.000000  0.007324
 118.000000  0.007397
 119.000000  0.007251
 120.000000  0.007495
 121.000000  0.007202
 122.000000  0.007397
 123.000000  0.007202
 124.000000  0.007349
 125.000000  0.007227
 126.000000  0.007495
 127.000000  0.009716
 128.000000  0.007446
 129.000000  0.007227
 130.000000  0.007373
 131.000000  0.009668
 132.000000  0.007373
 133.000000  0.007251
 134.000000  0.007422
 135.000000  0.009741
 136.000000  0.007349
 137.000000  0.007275
 138.000000  0.007422
 139.000000  0.007227
 140.000000  0.007349
 141.000000  0.007227
 142.000000  0.007349
 143.000000  0.007324
 144.000000  0.007349
 145.000000  0.009692
 146.000000  0.007349
 147.000000  0.007349
 148.000000  0.007324
 149.000000  0.009692
 150.000000  0.007349
 151.000000  0.007227
 152.000000  0.007324
 153.000000  0.007275
 154.000000  0.007373
 155.000000  0.007300
 156.000000  0.007324
 157.000000  0.009765
 158.000000  0.007324
 159.000000  0.007324
 160.000000  0.007324
 161.000000  0.007300
 162.000000  0.007324
 163.000000  0.007300
 164.000000  0.007373
 165.000000  0.007251
 166.000000  0.007373
 167.000000  0.007300
 168.000000  0.007324
 169.000000  0.009716
 170.000000  0.007324
 171.000000  0.007227
 172.000000  0.007324
 173.000000  0.007251
 174.000000  0.007324
 175.000000  0.007275
 176.000000  0.007324
 177.000000  0.007227
 178.000000  0.007324
 179.000000  0.009765
 180.000000  0.007324
 181.000000  0.007300
 182.000000  0.007324
 183.000000  0.007300
 184.000000  0.007324
 185.000000  0.007300
 186.000000  0.007324
 187.000000  0.007300
 188.000000  0.007324
 189.000000  0.007275
 190.000000  0.007324
 191.000000  0.007275
 192.000000  0.007324
 193.000000  0.007324
 194.000000  0.007373
 195.000000  0.007275
 196.000000  0.009765
 197.000000  0.007275
 198.000000  0.007324
 199.000000  0.009668
 200.000000  0.007349
 201.000000  0.009668
 202.000000  0.007324
 203.000000  0.007300
 204.000000  0.007324
 205.000000  0.007275
 206.000000  0.007324
 207.000000  0.007300
 208.000000  0.007324
 209.000000  0.009765
 210.000000  0.007324
 211.000000  0.007251
 212.000000  0.007324
 213.000000  0.009765
 214.000000  0.007324
 215.000000  0.007275
 216.000000  0.007349
 217.000000  0.007324
 218.000000  0.007324
 219.000000  0.009716
 220.000000  0.007324
 221.000000  0.007227
 222.000000  0.007324
 223.000000  0.007300
 224.000000  0.007349
 225.000000  0.007227
 226.000000  0.007349
 227.000000  0.009741
 228.000000  0.007397
 229.000000  0.009716
 230.000000  0.007422
 231.000000  0.007056
 232.000000  0.007397
 233.000000  0.009619
 234.000000  0.007349
 235.000000  0.007178
 236.000000  0.007373
 237.000000  0.007178
 238.000000  0.007324
 239.000000  0.009692
 240.000000  0.007373
 241.000000  0.007153
 242.000000  0.007349
 243.000000  0.009619
 244.000000  0.007471
 245.000000  0.007202
 246.000000  0.007495
 247.000000  0.007153
 248.000000  0.007422
 249.000000  0.007080
 250.000000  0.007324
 251.000000  0.007178
 252.000000  0.007397
 253.000000  0.007227
 254.000000  0.007349
 255.000000  0.009570
 256.000000  0.007324
 257.000000  0.007275
 258.000000  0.007373
 259.000000  0.007104
 260.000000  0.007397
 261.000000  0.007056
 262.000000  0.007349
 263.000000  0.009594
 264.000000  0.007373
 265.000000  0.009545
 266.000000  0.007397
 267.000000  0.009668
 268.000000  0.007373
 269.000000  0.009594
 270.000000  0.007446
 271.000000  0.007104
 272.000000  0.007397
 273.000000  0.007227
 274.000000  0.007495
 275.000000  0.009668
 276.000000  0.007446
 277.000000  0.009619
 278.000000  0.007495
 279.000000  0.007178
 280.000000  0.007397
 281.000000  0.009692
 282.000000  0.007471
 283.000000  0.009619
 284.000000  0.007349
 285.000000  0.007153
 286.000000  0.007349
 287.000000  0.007178
 288.000000  0.007397
 289.000000  0.009765
 290.000000  0.007471
 291.000000  0.007153
 292.000000  0.007324
 293.000000  0.007300
 294.000000  0.007349
 295.000000  0.009741
 296.000000  0.007397
 297.000000  0.009741
 298.000000  0.007422
 299.000000  0.009716
 300.000000  0.007349
 301.000000  0.007324
 302.000000  0.007373
 303.000000  0.009765
 304.000000  0.007373
 305.000000  0.007324
 306.000000  0.007349
 307.000000  0.009741
 308.000000  0.007373
 309.000000  0.009765
 310.000000  0.007373
 311.000000  0.007300
 312.000000  0.007349
 313.000000  0.007324
 314.000000  0.007349
 315.000000  0.009765
 316.000000  0.007349
 317.000000  0.007324
 318.000000  0.007349
 319.000000  0.007324
 320.000000  0.007324
 321.000000  0.009765
 322.000000  0.007422
 323.000000  0.009741
 324.000000  0.007324
 325.000000  0.007324
 326.000000  0.007324
 327.000000  0.007300
 328.000000  0.007373
 329.000000  0.009765
 330.000000  0.007349
 331.000000  0.009741
 332.000000  0.007349
 333.000000  0.009765
 334.000000  0.007324
 335.000000  0.009765
 336.000000  0.007349
 337.000000  0.007300
 338.000000  0.007397
 339.000000  0.007324
 340.000000  0.007373
 341.000000  0.009765
 342.000000  0.009814
 343.000000  0.009765
 344.000000  0.007446
 345.000000  0.009741
 346.000000  0.007446
 347.000000  0.007324
 348.000000  0.007373
 349.000000  0.009741
 350.000000  0.007373
 351.000000  0.009765
 352.000000  0.007397
 353.000000  0.009765
 354.000000  0.007422
 355.000000  0.007324
 356.000000  0.007397
 357.000000  0.007324
 358.000000  0.007471
 359.000000  0.009765
 360.000000  0.007568
 361.000000  0.007324
 362.000000  0.007397
 363.000000  0.009765
 364.000000  0.007373
 365.000000  0.007324
 366.000000  0.007471
 367.000000  0.007324
 368.000000  0.007446
 369.000000  0.007324
 370.000000  0.007471
 371.000000  0.009765
 372.000000  0.007642
 373.000000  0.009765
 374.000000  0.007593
 375.000000  0.009765
 376.000000  0.007593
 377.000000  0.007324
 378.000000  0.007739
 379.000000  0.007324
 380.000000  0.007739
 381.000000  0.009765
 382.000000  0.007788
 383.000000  0.007300
 384.000000  0.007910
 385.000000  0.007324
 386.000000  0.007910
 387.000000  0.009814
 388.000000  0.007715
 389.000000  0.009838
 390.000000  0.008105
 391.000000  0.009838
 392.000000  0.008081
 393.000000  0.007349
 394.000000  0.007959
 395.000000  0.007349
 396.000000  0.008252
 397.000000  0.007373
 398.000000  0.008032
 399.000000  0.007349
 400.000000  0.008227
 401.000000  0.009838
 402.000000  0.008057
 403.000000  0.007373
 404.000000  0.007886
 405.000000  0.007397
 406.000000  0.008252
 407.000000  0.007471
 408.000000  0.008496
 409.000000  0.009838
 410.000000  0.008423
 411.000000  0.009863
 412.000000  0.008569
 413.000000  0.007471
 414.000000  0.008813
 415.000000  0.009961
 416.000000  0.008618
 417.000000  0.007495
 418.000000  0.008740
 419.000000  0.007568
 420.000000  0.008911
 421.000000  0.007568
 422.000000  0.008691
 423.000000  0.007666
 424.000000  0.008765
 425.000000  0.009887
 426.000000  0.008765
 427.000000  0.010058
 428.000000  0.009033
 429.000000  0.009863
 430.000000  0.008887
 431.000000  0.009961
 432.000000  0.009180
 433.000000  0.007593
 434.000000  0.009180
 435.000000  0.010131
 436.000000  0.009228
 437.000000  0.010327
 438.000000  0.008960
 439.000000  0.010449
 440.000000  0.009326
 441.000000  0.010229
 442.000000  0.009595
 443.000000  0.010376
 444.000000  0.009570
 445.000000  0.010302
 446.000000  0.009619
 447.000000  0.008472
 448.000000  0.009546
 449.000000  0.010644
 450.000000  0.009668
 451.000000  0.011206
 452.000000  0.009619
 453.000000  0.010864
 454.000000  0.009692
 455.000000  0.011303
 456.000000  0.009766
 457.000000  0.011474
 458.000000  0.009766
 459.000000  0.011352
 460.000000  0.009741
 461.000000  0.011767
 462.000000  0.009741
 463.000000  0.011743
 464.000000  0.009766
 465.000000  0.012085
 466.000000  0.009766
 467.000000  0.009497
 468.000000  0.009766
 469.000000  0.009644
 470.000000  0.009766
 471.000000  0.012060
 472.000000  0.009766
 473.000000  0.009619
 474.000000  0.009766
 475.000000  0.012133
 476.000000  0.009766
 477.000000  0.009692
 478.000000  0.009766
 479.000000  0.012207
 480.000000  0.009766
 481.000000  0.012158
 482.000000  0.009790
 483.000000  0.009766
 484.000000  0.009766
 485.000000  0.012182
 486.000000  0.009790
 487.000000  0.009766
 488.000000  0.009912
 489.000000  0.009766
 490.000000  0.009863
 491.000000  0.012207
 492.000000  0.009961
 493.000000  0.012231
 494.000000  0.010498
 495.000000  0.012255
 496.000000  0.010278
 497.000000  0.009912
 498.000000  0.011426
 499.000000  0.012573
 500.000000  0.011255
 501.000000  0.012475
 502.000000  0.011694
 503.000000  0.013159
 504.000000  0.012109
 505.000000  0.014038
 506.000000  0.012158
 507.000000  0.011890
 508.000000  0.012207
 509.000000  0.011255
 510.000000  0.012207
 511.000000  0.014306
 512.000000  0.012207
 513.000000  0.012085
 514.000000  0.012207
 515.000000  0.012183
 516.000000  0.012305
 517.000000  0.012183
 518.000000  0.012231
 519.000000  0.012183
 520.000000  0.012256
 521.000000  0.012207
 522.000000  0.013013
 523.000000  0.014648
 524.000000  0.013330
 525.000000  0.014868
 526.000000  0.014160
 527.000000  0.014697
 528.000000  0.013647
 529.000000  0.014770
 530.000000  0.014404
 531.000000  0.015795
 532.000000  0.014038
 533.000000  0.012939
 534.000000  0.014648
 535.000000  0.014575
 536.000000  0.014600
 537.000000  0.015673
 538.000000  0.014600
 539.000000  0.017089
 540.000000  0.015039
 541.000000  0.014526
 542.000000  0.014648
 543.000000  0.014600
 544.000000  0.015478
 545.000000  0.014673
 546.000000  0.014770
 547.000000  0.017016
 548.000000  0.015088
 549.000000  0.017627
 550.000000  0.016211
 551.000000  0.017260
 552.000000  0.016553
 553.000000  0.016553
 554.000000  0.017261
 555.000000  0.015259
 556.000000  0.016406
 557.000000  0.017553
 558.000000  0.017187
 559.000000  0.019506
 560.000000  0.017041
 561.000000  0.015796
 562.000000  0.017358
 563.000000  0.020800
 564.000000  0.018286
 565.000000  0.019653
 566.000000  0.017334
 567.000000  0.021630
 568.000000  0.020215
 569.000000  0.020556
 570.000000  0.017651
 571.000000  0.019921
 572.000000  0.020654
 573.000000  0.022460
 574.000000  0.019458
 575.000000  0.019751
 576.000000  0.019507
 577.000000  0.024731
 578.000000  0.022095
 579.000000  0.021557
 580.000000  0.019580
 581.000000  0.021411
 582.000000  0.025732
 583.000000  0.024560
 584.000000  0.020557
 585.000000  0.022924
 586.000000  0.026855
 587.000000  0.031762
 588.000000  0.023755
 589.000000  0.019678
 590.000000  0.022217
 591.000000  0.032885
 592.000000  0.031787
 593.000000  0.024219
 594.000000  0.022070
 595.000000  0.029003
 596.000000  0.041577
 597.000000  0.034130
 598.000000  0.023950
 599.000000  0.025463
 600.000000  0.029443
 601.000000  0.044775
 602.000000  0.033789
 603.000000  0.027807
 604.000000  0.027075
 605.000000  0.036547
 606.000000  0.048926
 607.000000  0.049951
 608.000000  0.037842
 609.000000  0.049023
 610.000000  0.175146
 611.000000  0.989429
 612.000000  0.793140
 613.000000  0.068554
 614.000000  0.038378
 615.000000  0.047045
 616.000000  0.068335
 617.000000  0.040405
 618.000000  0.024487
 619.000000  0.026928
 620.000000  0.031592
 621.000000  0.036401
 622.000000  0.024683
 623.000000  0.023706
 624.000000  0.025512
 625.000000  0.029296
 626.000000  0.026953
 627.000000  0.022094
 628.000000  0.020117
 629.000000  0.024316
 630.000000  0.024463
 631.000000  0.024438
 632.000000  0.019702
 633.000000  0.021972
 634.000000  0.021973
 635.000000  0.024438
 636.000000  0.021216
 637.000000  0.019385
 638.000000  0.019531
 639.000000  0.021972
 640.000000  0.019556
 641.000000  0.020141
 642.000000  0.018066
 643.000000  0.017212
 644.000000  0.021972
 645.000000  0.021752
 646.000000  0.020043
 647.000000  0.019531
 648.000000  0.018164
 649.000000  0.017676
 650.000000  0.017773
 651.000000  0.017017
 652.000000  0.017090
 653.000000  0.016943
 654.000000  0.017114
 655.000000  0.019506
 656.000000  0.017065
 657.000000  0.018286
 658.000000  0.017090
 659.000000  0.016919
 660.000000  0.016992
 661.000000  0.017187
 662.000000  0.016772
 663.000000  0.017285
 664.000000  0.019238
 665.000000  0.017089
 666.000000  0.018432
 667.000000  0.017089
 668.000000  0.015918
 669.000000  0.014648
 670.000000  0.014868
 671.000000  0.014648
 672.000000  0.014648
 673.000000  0.017089
 674.000000  0.017138
 675.000000  0.017041
 676.000000  0.014648
 677.000000  0.016992
 678.000000  0.014648
 679.000000  0.017041
 680.000000  0.014648
 681.000000  0.013574
 682.000000  0.014648
 683.000000  0.015722
 684.000000  0.014502
 685.000000  0.014868
 686.000000  0.013013
 687.000000  0.012353
 688.000000  0.016088
 689.000000  0.012231
 690.000000  0.015576
 691.000000  0.014648
 692.000000  0.012598
 693.000000  0.014624
 694.000000  0.012256
 695.000000  0.014599
 696.000000  0.014599
 697.000000  0.014453
 698.000000  0.012207
 699.000000  0.013891
 700.000000  0.012085
 701.000000  0.011157
 702.000000  0.012061
 703.000000  0.011377
 704.000000  0.014453
 705.000000  0.012915
 706.000000  0.011670
 707.000000  0.010596
 708.000000  0.011816
 709.000000  0.012670
 710.000000  0.011304
 711.000000  0.012451
 712.000000  0.011011
 713.000000  0.012622
 714.000000  0.011108
 715.000000  0.012377
 716.000000  0.010327
 717.000000  0.012329
 718.000000  0.010303
 719.000000  0.012255
 720.000000  0.010034
 721.000000  0.012231
 722.000000  0.009912
 723.000000  0.012255
 724.000000  0.009936
 725.000000  0.012182
 726.000000  0.009839
 727.000000  0.012158
 728.000000  0.009839
 729.000000  0.009595
 730.000000  0.009814
 731.000000  0.012060
 732.000000  0.009766
 733.000000  0.012085
 734.000000  0.012231
 735.000000  0.011840
 736.000000  0.009692
 737.000000  0.011816
 738.000000  0.009741
 739.000000  0.011596
 740.000000  0.009717
 741.000000  0.011645
 742.000000  0.009692
 743.000000  0.008838
 744.000000  0.009766
 745.000000  0.011523
 746.000000  0.009619
 747.000000  0.008643
 748.000000  0.009644
 749.000000  0.010864
 750.000000  0.009668
 751.000000  0.011132
 752.000000  0.012060
 753.000000  0.011084
 754.000000  0.009546
 755.000000  0.010669
 756.000000  0.009473
 757.000000  0.010229
 758.000000  0.009424
 759.000000  0.007739
 760.000000  0.009399
 761.000000  0.010400
 762.000000  0.009277
 763.000000  0.009838
 764.000000  0.008789
 765.000000  0.009863
 766.000000  0.009106
 767.000000  0.007471
 768.000000  0.008765
 769.000000  0.009765
 770.000000  0.008740
 771.000000  0.009814
 772.000000  0.008398
 773.000000  0.009765
 774.000000  0.010620
 775.000000  0.009790
 776.000000  0.010327
 777.000000  0.009765
 778.000000  0.008008
 779.000000  0.007324
 780.000000  0.007666
 781.000000  0.007349
 782.000000  0.010131
 783.000000  0.009765
 784.000000  0.007519
 785.000000  0.009765
 786.000000  0.007764
 787.000000  0.009765
 788.000000  0.010034
 789.000000  0.009765
 790.000000  0.007471
 791.000000  0.009765
 792.000000  0.007446
 793.000000  0.009765
 794.000000  0.007373
 795.000000  0.009765
 796.000000  0.007422
 797.000000  0.009765
 798.000000  0.007373
 799.000000  0.009765
 800.000000  0.007422
 801.000000  0.009765
 802.000000  0.009765
 803.000000  0.009765
 804.000000  0.007349
 805.000000  0.009765
 806.000000  0.007397
 807.000000  0.009765
 808.000000  0.009814
 809.000000  0.007324
 810.000000  0.007422
 811.000000  0.007324
 812.000000  0.007324
 813.000000  0.007324
 814.000000  0.007324
 815.000000  0.009765
 816.000000  0.007349
 817.000000  0.009692
 818.000000  0.007324
 819.000000  0.009765
 820.000000  0.007324
 821.000000  0.009716
 822.000000  0.007324
 823.000000  0.009765
 824.000000  0.009765
 825.000000  0.009741
 826.000000  0.007324
 827.000000  0.009741
 828.000000  0.007324
 829.000000  0.009741
 830.000000  0.007349
 831.000000  0.009765
 832.000000  0.007349
 833.000000  0.009692
 834.000000  0.007324
 835.000000  0.009716
 836.000000  0.009765
 837.000000  0.009668
 838.000000  0.007324
 839.000000  0.009643
 840.000000  0.007324
 841.000000  0.009570
 842.000000  0.009765
 843.000000  0.009643
 844.000000  0.007324
 845.000000  0.007251
 846.000000  0.009765
 847.000000  0.009668
 848.000000  0.007324
 849.000000  0.009692
 850.000000  0.007349
 851.000000  0.009594
 852.000000  0.007349
 853.000000  0.007153
 854.000000  0.009765
 855.000000  0.009375
 856.000000  0.007349
 857.000000  0.007080
 858.000000  0.007275
 859.000000  0.006958
 860.000000  0.009790
 861.000000  0.009399
 862.000000  0.007300
 863.000000  0.006982
 864.000000  0.007349
 865.000000  0.009277
 866.000000  0.009716
 867.000000  0.006982
 868.000000  0.007324
 869.000000  0.009423
 870.000000  0.007324
 871.000000  0.009204
 872.000000  0.007300
 873.000000  0.009350
 874.000000  0.007397
 875.000000  0.009375
 876.000000  0.007349
 877.000000  0.006885
 878.000000  0.007227
 879.000000  0.006738
 880.000000  0.007324
 881.000000  0.009448
 882.000000  0.007324
 883.000000  0.009301
 884.000000  0.007300
 885.000000  0.009204
 886.000000  0.007324
 887.000000  0.006787
 888.000000  0.007300
 889.000000  0.008911
 890.000000  0.007349
 891.000000  0.009033
 892.000000  0.007397
 893.000000  0.009326
 894.000000  0.007349
 895.000000  0.009179
 896.000000  0.007349
 897.000000  0.009326
 898.000000  0.007178
 899.000000  0.009155
 900.000000  0.007275
 901.000000  0.009082
 902.000000  0.009692
 903.000000  0.009179
 904.000000  0.007275
 905.000000  0.009033
 906.000000  0.009716
 907.000000  0.009033
 908.000000  0.009668
 909.000000  0.009057
 910.000000  0.007275
 911.000000  0.009057
 912.000000  0.007349
 913.000000  0.009057
 914.000000  0.007300
 915.000000  0.008935
 916.000000  0.007324
 917.000000  0.008960
 918.000000  0.009765
 919.000000  0.008715
 920.000000  0.009765
 921.000000  0.008789
 922.000000  0.007324
 923.000000  0.008764
 924.000000  0.007275
 925.000000  0.008691
 926.000000  0.007300
 927.000000  0.008935
 928.000000  0.007324
 929.000000  0.009082
 930.000000  0.007275
 931.000000  0.008764
 932.000000  0.007300
 933.000000  0.009204
 934.000000  0.007324
 935.000000  0.009082
 936.000000  0.007300
 937.000000  0.008960
 938.000000  0.007324
 939.000000  0.008789
 940.000000  0.007324
 941.000000  0.009155
 942.000000  0.007324
 943.000000  0.008911
 944.000000  0.007324
 945.000000  0.006738
 946.000000  0.009741
 947.000000  0.009228
 948.000000  0.007324
 949.000000  0.008960
 950.000000  0.009716
 951.000000  0.008984
 952.000000  0.007300
 953.000000  0.009033
 954.000000  0.007275
 955.000000  0.008740
 956.000000  0.007275
 957.000000  0.008862
 958.000000  0.007300
 959.000000  0.006494
 960.000000  0.007300
 961.000000  0.006470
 962.000000  0.009765
 963.000000  0.006494
 964.000000  0.007324
 965.000000  0.009082
 966.000000  0.007300
 967.000000  0.009008
 968.000000  0.007300
 969.000000  0.009033
 970.000000  0.009765
 971.000000  0.008862
 972.000000  0.007300
 973.000000  0.008789
 974.000000  0.007324
 975.000000  0.009057
 976.000000  0.007300
 977.000000  0.008837
 978.000000  0.007324
 979.000000  0.008544
 980.000000  0.007324
 981.000000  0.009204
 982.000000  0.007300
 983.000000  0.006494
 984.000000  0.007300
 985.000000  0.009130
 986.000000  0.007324
 987.000000  0.008618
 988.000000  0.009741
 989.000000  0.008544
 990.000000  0.007324
 991.000000  0.008691
 992.000000  0.007275
 993.000000  0.008837
 994.000000  0.007300
 995.000000  0.008837
 996.000000  0.007275
 997.000000  0.008935
 998.000000  0.009692
 999.000000  0.009033
 1000.000000  0.009765
 1001.000000  0.008740
 1002.000000  0.007300
 1003.000000  0.008496
 1004.000000  0.007300
 1005.000000  0.008618
 1006.000000  0.007275
 1007.000000  0.008740
 1008.000000  0.007251
 1009.000000  0.008618
 1010.000000  0.007275
 1011.000000  0.008813
 1012.000000  0.007227
 1013.000000  0.008789
 1014.000000  0.007202
 1015.000000  0.008691
 1016.000000  0.007300
 1017.000000  0.008618
 1018.000000  0.007202
 1019.000000  0.008618
 1020.000000  0.007153
 1021.000000  0.008252
 1022.000000  0.007202
 1023.000000  0.008837
