 0.000000  0.007519
 1.000000  0.007300
 2.000000  0.007397
 3.000000  0.007178
 4.000000  0.007422
 5.000000  0.007227
 6.000000  0.007373
 7.000000  0.007202
 8.000000  0.007397
 9.000000  0.007227
 10.000000  0.007471
 11.000000  0.007275
 12.000000  0.007519
 13.000000  0.007324
 14.000000  0.007422
 15.000000  0.007202
 16.000000  0.007373
 17.000000  0.007251
 18.000000  0.007495
 19.000000  0.007324
 20.000000  0.007373
 21.000000  0.007324
 22.000000  0.007349
 23.000000  0.007324
 24.000000  0.007422
 25.000000  0.007251
 26.000000  0.007471
 27.000000  0.009765
 28.000000  0.007373
 29.000000  0.007324
 30.000000  0.007349
 31.000000  0.007275
 32.000000  0.007349
 33.000000  0.007275
 34.000000  0.007349
 35.000000  0.007300
 36.000000  0.007422
 37.000000  0.007202
 38.000000  0.007373
 39.000000  0.009741
 40.000000  0.007397
 41.000000  0.007275
 42.000000  0.007373
 43.000000  0.007324
 44.000000  0.007324
 45.000000  0.007275
 46.000000  0.007397
 47.000000  0.007275
 48.000000  0.007349
 49.000000  0.007324
 50.000000  0.007324
 51.000000  0.007324
 52.000000  0.007324
 53.000000  0.007300
 54.000000  0.007349
 55.000000  0.007275
 56.000000  0.007397
 57.000000  0.007324
 58.000000  0.007349
 59.000000  0.009741
 60.000000  0.007349
 61.000000  0.009765
 62.000000  0.007324
 63.000000  0.007251
 64.000000  0.007373
 65.000000  0.007275
 66.000000  0.007324
 67.000000  0.009765
 68.000000  0.007324
 69.000000  0.007324
 70.000000  0.007324
 71.000000  0.007251
 72.000000  0.007349
 73.000000  0.007324
 74.000000  0.007324
 75.000000  0.007324
 76.000000  0.007373
 77.000000  0.007324
 78.000000  0.007349
 79.000000  0.007324
 80.000000  0.007324
 81.000000  0.007324
 82.000000  0.007324
 83.000000  0.007300
 84.000000  0.007324
 85.000000  0.007324
 86.000000  0.007324
 87.000000  0.007324
 88.000000  0.007324
 89.000000  0.007324
 90.000000  0.007324
 91.000000  0.007324
 92.000000  0.007324
 93.000000  0.007300
 94.000000  0.007324
 95.000000  0.007324
 96.000000  0.007324
 97.000000  0.007300
 98.000000  0.007349
 99.000000  0.007324
 100.000000  0.007324
 101.000000  0.009765
 102.000000  0.007324
 103.000000  0.009765
 104.000000  0.007349
 105.000000  0.007324
 106.000000  0.007422
 107.000000  0.007275
 108.000000  0.007349
 109.000000  0.009765
 110.000000  0.007324
 111.000000  0.007300
 112.000000  0.007324
 113.000000  0.007324
 114.000000  0.007324
 115.000000  0.007324
 116.000000  0.007324
 117.000000  0.007324
 118.000000  0.007324
 119.000000  0.007275
 120.000000  0.007349
 121.000000  0.007324
 122.000000  0.007324
 123.000000  0.007300
 124.000000  0.007324
 125.000000  0.007324
 126.000000  0.007373
 127.000000  0.009716
 128.000000  0.007349
 129.000000  0.007275
 130.000000  0.007349
 131.000000  0.009765
 132.000000  0.007324
 133.000000  0.007275
 134.000000  0.007349
 135.000000  0.009741
 136.000000  0.007300
 137.000000  0.007227
 138.000000  0.007373
 139.000000  0.007202
 140.000000  0.007349
 141.000000  0.007202
 142.000000  0.007519
 143.000000  0.007300
 144.000000  0.007446
 145.000000  0.009619
 146.000000  0.007519
 147.000000  0.007153
 148.000000  0.007471
 149.000000  0.009448
 150.000000  0.007544
 151.000000  0.007129
 152.000000  0.007495
 153.000000  0.007178
 154.000000  0.007471
 155.000000  0.007153
 156.000000  0.007446
 157.000000  0.009472
 158.000000  0.007568
 159.000000  0.007031
 160.000000  0.007666
 161.000000  0.007153
 162.000000  0.007593
 163.000000  0.007178
 164.000000  0.007593
 165.000000  0.007129
 166.000000  0.007568
 167.000000  0.007251
 168.000000  0.007373
 169.000000  0.009619
 170.000000  0.007397
 171.000000  0.007227
 172.000000  0.007373
 173.000000  0.007202
 174.000000  0.007349
 175.000000  0.007251
 176.000000  0.007373
 177.000000  0.007300
 178.000000  0.007324
 179.000000  0.009741
 180.000000  0.007373
 181.000000  0.007324
 182.000000  0.007324
 183.000000  0.007300
 184.000000  0.007373
 185.000000  0.007300
 186.000000  0.007422
 187.000000  0.007251
 188.000000  0.007349
 189.000000  0.007227
 190.000000  0.007324
 191.000000  0.007227
 192.000000  0.007349
 193.000000  0.007275
 194.000000  0.007324
 195.000000  0.007275
 196.000000  0.009790
 197.000000  0.007251
 198.000000  0.007349
 199.000000  0.009716
 200.000000  0.007349
 201.000000  0.009643
 202.000000  0.007349
 203.000000  0.007275
 204.000000  0.007373
 205.000000  0.007324
 206.000000  0.007324
 207.000000  0.007300
 208.000000  0.007349
 209.000000  0.009692
 210.000000  0.007349
 211.000000  0.007300
 212.000000  0.007324
 213.000000  0.009741
 214.000000  0.007324
 215.000000  0.007324
 216.000000  0.007324
 217.000000  0.007275
 218.000000  0.007324
 219.000000  0.009716
 220.000000  0.007324
 221.000000  0.007251
 222.000000  0.007324
 223.000000  0.007300
 224.000000  0.007324
 225.000000  0.007275
 226.000000  0.007324
 227.000000  0.009741
 228.000000  0.007324
 229.000000  0.009765
 230.000000  0.007324
 231.000000  0.007324
 232.000000  0.007324
 233.000000  0.009741
 234.000000  0.007324
 235.000000  0.007324
 236.000000  0.007324
 237.000000  0.007300
 238.000000  0.007324
 239.000000  0.009765
 240.000000  0.007324
 241.000000  0.007275
 242.000000  0.007324
 243.000000  0.009716
 244.000000  0.007324
 245.000000  0.007300
 246.000000  0.007324
 247.000000  0.007227
 248.000000  0.007349
 249.000000  0.007300
 250.000000  0.007324
 251.000000  0.007300
 252.000000  0.007324
 253.000000  0.007300
 254.000000  0.007324
 255.000000  0.009765
 256.000000  0.007324
 257.000000  0.007275
 258.000000  0.007324
 259.000000  0.007324
 260.000000  0.007324
 261.000000  0.007324
 262.000000  0.007324
 263.000000  0.009741
 264.000000  0.007324
 265.000000  0.009741
 266.000000  0.007324
 267.000000  0.009716
 268.000000  0.007349
 269.000000  0.009716
 270.000000  0.007324
 271.000000  0.007300
 272.000000  0.007324
 273.000000  0.007251
 274.000000  0.007349
 275.000000  0.009692
 276.000000  0.007324
 277.000000  0.009741
 278.000000  0.007349
 279.000000  0.007275
 280.000000  0.007349
 281.000000  0.009741
 282.000000  0.007324
 283.000000  0.009716
 284.000000  0.007324
 285.000000  0.007300
 286.000000  0.007324
 287.000000  0.007300
 288.000000  0.007373
 289.000000  0.009692
 290.000000  0.007373
 291.000000  0.007251
 292.000000  0.007446
 293.000000  0.007275
 294.000000  0.007397
 295.000000  0.009692
 296.000000  0.007471
 297.000000  0.009741
 298.000000  0.007471
 299.000000  0.009619
 300.000000  0.007422
 301.000000  0.007227
 302.000000  0.007397
 303.000000  0.009594
 304.000000  0.007471
 305.000000  0.007275
 306.000000  0.007568
 307.000000  0.009643
 308.000000  0.007519
 309.000000  0.009643
 310.000000  0.007519
 311.000000  0.007202
 312.000000  0.007519
 313.000000  0.007300
 314.000000  0.007593
 315.000000  0.009668
 316.000000  0.007544
 317.000000  0.007275
 318.000000  0.007519
 319.000000  0.007056
 320.000000  0.007519
 321.000000  0.009692
 322.000000  0.007544
 323.000000  0.009668
 324.000000  0.007446
 325.000000  0.007251
 326.000000  0.007495
 327.000000  0.007300
 328.000000  0.007446
 329.000000  0.009790
 330.000000  0.007544
 331.000000  0.009765
 332.000000  0.007495
 333.000000  0.009765
 334.000000  0.007397
 335.000000  0.009765
 336.000000  0.007422
 337.000000  0.007324
 338.000000  0.007544
 339.000000  0.007324
 340.000000  0.007495
 341.000000  0.009765
 342.000000  0.009887
 343.000000  0.009692
 344.000000  0.007519
 345.000000  0.009765
 346.000000  0.007495
 347.000000  0.007324
 348.000000  0.007471
 349.000000  0.009765
 350.000000  0.007617
 351.000000  0.009765
 352.000000  0.007422
 353.000000  0.009765
 354.000000  0.007373
 355.000000  0.007324
 356.000000  0.007519
 357.000000  0.007324
 358.000000  0.007471
 359.000000  0.009790
 360.000000  0.007666
 361.000000  0.007324
 362.000000  0.007495
 363.000000  0.009765
 364.000000  0.007495
 365.000000  0.007324
 366.000000  0.007495
 367.000000  0.007324
 368.000000  0.007471
 369.000000  0.007324
 370.000000  0.007471
 371.000000  0.009765
 372.000000  0.007373
 373.000000  0.009765
 374.000000  0.007422
 375.000000  0.009765
 376.000000  0.007544
 377.000000  0.007324
 378.000000  0.007764
 379.000000  0.007324
 380.000000  0.007666
 381.000000  0.009765
 382.000000  0.007495
 383.000000  0.007324
 384.000000  0.007788
 385.000000  0.007324
 386.000000  0.007715
 387.000000  0.009765
 388.000000  0.007568
 389.000000  0.009765
 390.000000  0.007812
 391.000000  0.009765
 392.000000  0.007519
 393.000000  0.007324
 394.000000  0.007715
 395.000000  0.007324
 396.000000  0.007788
 397.000000  0.007324
 398.000000  0.007764
 399.000000  0.007324
 400.000000  0.007910
 401.000000  0.009765
 402.000000  0.007739
 403.000000  0.007324
 404.000000  0.007739
 405.000000  0.007324
 406.000000  0.007935
 407.000000  0.007324
 408.000000  0.007788
 409.000000  0.009765
 410.000000  0.008154
 411.000000  0.009790
 412.000000  0.008203
 413.000000  0.007349
 414.000000  0.008447
 415.000000  0.009765
 416.000000  0.008154
 417.000000  0.007349
 418.000000  0.008276
 419.000000  0.007349
 420.000000  0.008569
 421.000000  0.007349
 422.000000  0.008325
 423.000000  0.007373
 424.000000  0.008447
 425.000000  0.009765
 426.000000  0.008350
 427.000000  0.009765
 428.000000  0.008838
 429.000000  0.009790
 430.000000  0.009033
 431.000000  0.009814
 432.000000  0.008545
 433.000000  0.007349
 434.000000  0.008765
 435.000000  0.009814
 436.000000  0.008716
 437.000000  0.009838
 438.000000  0.008691
 439.000000  0.009887
 440.000000  0.009033
 441.000000  0.009887
 442.000000  0.009253
 443.000000  0.010009
 444.000000  0.009326
 445.000000  0.010009
 446.000000  0.009448
 447.000000  0.007593
 448.000000  0.009277
 449.000000  0.010107
 450.000000  0.009277
 451.000000  0.010351
 452.000000  0.009448
 453.000000  0.010229
 454.000000  0.009326
 455.000000  0.010253
 456.000000  0.009521
 457.000000  0.010571
 458.000000  0.009521
 459.000000  0.010669
 460.000000  0.009546
 461.000000  0.010937
 462.000000  0.009277
 463.000000  0.010766
 464.000000  0.009570
 465.000000  0.011206
 466.000000  0.009619
 467.000000  0.008520
 468.000000  0.009521
 469.000000  0.008691
 470.000000  0.009595
 471.000000  0.011279
 472.000000  0.009668
 473.000000  0.008887
 474.000000  0.009692
 475.000000  0.011889
 476.000000  0.009790
 477.000000  0.009180
 478.000000  0.009741
 479.000000  0.011816
 480.000000  0.009766
 481.000000  0.011718
 482.000000  0.009717
 483.000000  0.009619
 484.000000  0.009766
 485.000000  0.012036
 486.000000  0.009814
 487.000000  0.009741
 488.000000  0.009790
 489.000000  0.009741
 490.000000  0.009814
 491.000000  0.012158
 492.000000  0.009790
 493.000000  0.012207
 494.000000  0.009863
 495.000000  0.012158
 496.000000  0.009814
 497.000000  0.009766
 498.000000  0.009912
 499.000000  0.012231
 500.000000  0.009936
 501.000000  0.012207
 502.000000  0.010327
 503.000000  0.012255
 504.000000  0.010449
 505.000000  0.012255
 506.000000  0.010303
 507.000000  0.009888
 508.000000  0.010962
 509.000000  0.009936
 510.000000  0.011011
 511.000000  0.012475
 512.000000  0.011523
 513.000000  0.010229
 514.000000  0.011377
 515.000000  0.010303
 516.000000  0.011792
 517.000000  0.011133
 518.000000  0.011914
 519.000000  0.010644
 520.000000  0.012012
 521.000000  0.011841
 522.000000  0.012183
 523.000000  0.013989
 524.000000  0.012109
 525.000000  0.013891
 526.000000  0.012207
 527.000000  0.014135
 528.000000  0.012207
 529.000000  0.014550
 530.000000  0.012402
 531.000000  0.014648
 532.000000  0.012427
 533.000000  0.012207
 534.000000  0.012353
 535.000000  0.012280
 536.000000  0.013525
 537.000000  0.014672
 538.000000  0.012573
 539.000000  0.014648
 540.000000  0.014429
 541.000000  0.012476
 542.000000  0.013843
 543.000000  0.012256
 544.000000  0.014404
 545.000000  0.014307
 546.000000  0.014648
 547.000000  0.016162
 548.000000  0.014624
 549.000000  0.017016
 550.000000  0.014648
 551.000000  0.016918
 552.000000  0.014600
 553.000000  0.014575
 554.000000  0.014770
 555.000000  0.014648
 556.000000  0.014648
 557.000000  0.017089
 558.000000  0.016431
 559.000000  0.017382
 560.000000  0.016211
 561.000000  0.014648
 562.000000  0.015601
 563.000000  0.018505
 564.000000  0.017065
 565.000000  0.017846
 566.000000  0.016748
 567.000000  0.018603
 568.000000  0.017114
 569.000000  0.019531
 570.000000  0.017090
 571.000000  0.017919
 572.000000  0.017090
 573.000000  0.019531
 574.000000  0.017090
 575.000000  0.019433
 576.000000  0.017090
 577.000000  0.019531
 578.000000  0.019507
 579.000000  0.019751
 580.000000  0.017432
 581.000000  0.017187
 582.000000  0.019507
 583.000000  0.021972
 584.000000  0.019458
 585.000000  0.019653
 586.000000  0.019409
 587.000000  0.022290
 588.000000  0.021777
 589.000000  0.019482
 590.000000  0.019531
 591.000000  0.021997
 592.000000  0.021802
 593.000000  0.019678
 594.000000  0.019580
 595.000000  0.021972
 596.000000  0.022021
 597.000000  0.024829
 598.000000  0.021948
 599.000000  0.022241
 600.000000  0.020776
 601.000000  0.024438
 602.000000  0.024341
 603.000000  0.024414
 604.000000  0.022046
 605.000000  0.024560
 606.000000  0.026929
 607.000000  0.029345
 608.000000  0.024414
 609.000000  0.024462
 610.000000  0.025684
 611.000000  0.032592
 612.000000  0.034790
 613.000000  0.026928
 614.000000  0.028613
 615.000000  0.032251
 616.000000  0.055420
 617.000000  0.051465
 618.000000  0.026978
 619.000000  0.028710
 620.000000  0.034424
 621.000000  0.054248
 622.000000  0.039746
 623.000000  0.029809
 624.000000  0.034057
 625.000000  0.061669
 626.000000  0.121484
 627.000000  0.054541
 628.000000  0.032373
 629.000000  0.037646
 630.000000  0.065234
 631.000000  0.102588
 632.000000  0.047900
 633.000000  0.060864
 634.000000  0.161694
 635.000000  0.953369
 636.000000  1.343994
 637.000000  0.142651
 638.000000  0.044678
 639.000000  0.048754
 640.000000  0.086768
 641.000000  0.073706
 642.000000  0.032056
 643.000000  0.029395
 644.000000  0.033837
 645.000000  0.039038
 646.000000  0.034082
 647.000000  0.029296
 648.000000  0.026855
 649.000000  0.027905
 650.000000  0.031543
 651.000000  0.024683
 652.000000  0.024316
 653.000000  0.023022
 654.000000  0.024780
 655.000000  0.027661
 656.000000  0.022803
 657.000000  0.024169
 658.000000  0.022949
 659.000000  0.023291
 660.000000  0.024194
 661.000000  0.022216
 662.000000  0.021582
 663.000000  0.023535
 664.000000  0.024438
 665.000000  0.023730
 666.000000  0.022314
 667.000000  0.021972
 668.000000  0.020728
 669.000000  0.019531
 670.000000  0.019556
 671.000000  0.019092
 672.000000  0.019531
 673.000000  0.021337
 674.000000  0.021972
 675.000000  0.019653
 676.000000  0.018603
 677.000000  0.019604
 678.000000  0.018896
 679.000000  0.019946
 680.000000  0.017139
 681.000000  0.017090
 682.000000  0.018628
 683.000000  0.019531
 684.000000  0.018335
 685.000000  0.019531
 686.000000  0.017090
 687.000000  0.016919
 688.000000  0.019531
 689.000000  0.016406
 690.000000  0.019531
 691.000000  0.017089
 692.000000  0.016577
 693.000000  0.017407
 694.000000  0.017041
 695.000000  0.017089
 696.000000  0.017211
 697.000000  0.017089
 698.000000  0.015234
 699.000000  0.017089
 700.000000  0.014697
 701.000000  0.014624
 702.000000  0.014648
 703.000000  0.014648
 704.000000  0.017089
 705.000000  0.016992
 706.000000  0.014648
 707.000000  0.014600
 708.000000  0.014648
 709.000000  0.016552
 710.000000  0.014648
 711.000000  0.016040
 712.000000  0.014624
 713.000000  0.015722
 714.000000  0.014038
 715.000000  0.014794
 716.000000  0.013647
 717.000000  0.014672
 718.000000  0.012720
 719.000000  0.014648
 720.000000  0.012256
 721.000000  0.014648
 722.000000  0.012207
 723.000000  0.014648
 724.000000  0.012231
 725.000000  0.014648
 726.000000  0.012207
 727.000000  0.014428
 728.000000  0.012207
 729.000000  0.011768
 730.000000  0.012207
 731.000000  0.014209
 732.000000  0.012183
 733.000000  0.013110
 734.000000  0.014355
 735.000000  0.012670
 736.000000  0.011206
 737.000000  0.012695
 738.000000  0.011011
 739.000000  0.012280
 740.000000  0.010620
 741.000000  0.012304
 742.000000  0.010742
 743.000000  0.009790
 744.000000  0.010205
 745.000000  0.012207
 746.000000  0.009839
 747.000000  0.009766
 748.000000  0.009936
 749.000000  0.012207
 750.000000  0.009766
 751.000000  0.012207
 752.000000  0.012231
 753.000000  0.012207
 754.000000  0.009766
 755.000000  0.012207
 756.000000  0.009766
 757.000000  0.012109
 758.000000  0.009766
 759.000000  0.009741
 760.000000  0.009766
 761.000000  0.011987
 762.000000  0.009692
 763.000000  0.011743
 764.000000  0.009766
 765.000000  0.011694
 766.000000  0.009766
 767.000000  0.009326
 768.000000  0.009766
 769.000000  0.011425
 770.000000  0.009595
 771.000000  0.011132
 772.000000  0.009570
 773.000000  0.010815
 774.000000  0.011962
 775.000000  0.010815
 776.000000  0.011914
 777.000000  0.010986
 778.000000  0.009521
 779.000000  0.008105
 780.000000  0.009326
 781.000000  0.008032
 782.000000  0.011718
 783.000000  0.010400
 784.000000  0.009204
 785.000000  0.010351
 786.000000  0.009082
 787.000000  0.010327
 788.000000  0.011474
 789.000000  0.010253
 790.000000  0.008789
 791.000000  0.010278
 792.000000  0.009009
 793.000000  0.009985
 794.000000  0.008740
 795.000000  0.010009
 796.000000  0.008740
 797.000000  0.009936
 798.000000  0.008130
 799.000000  0.009887
 800.000000  0.008447
 801.000000  0.009887
 802.000000  0.011108
 803.000000  0.009790
 804.000000  0.008179
 805.000000  0.009814
 806.000000  0.007812
 807.000000  0.009765
 808.000000  0.010400
 809.000000  0.007349
 810.000000  0.007886
 811.000000  0.007324
 812.000000  0.007959
 813.000000  0.007324
 814.000000  0.007642
 815.000000  0.009765
 816.000000  0.007886
 817.000000  0.009765
 818.000000  0.007593
 819.000000  0.009765
 820.000000  0.007593
 821.000000  0.009765
 822.000000  0.007519
 823.000000  0.009765
 824.000000  0.009961
 825.000000  0.009765
 826.000000  0.007519
 827.000000  0.009765
 828.000000  0.007397
 829.000000  0.009765
 830.000000  0.007471
 831.000000  0.009765
 832.000000  0.007471
 833.000000  0.009765
 834.000000  0.007349
 835.000000  0.009765
 836.000000  0.009838
 837.000000  0.009765
 838.000000  0.007349
 839.000000  0.009765
 840.000000  0.007349
 841.000000  0.009765
 842.000000  0.009790
 843.000000  0.009765
 844.000000  0.007349
 845.000000  0.007324
 846.000000  0.009790
 847.000000  0.009765
 848.000000  0.007349
 849.000000  0.009765
 850.000000  0.007324
 851.000000  0.009765
 852.000000  0.007324
 853.000000  0.007275
 854.000000  0.009765
 855.000000  0.009741
 856.000000  0.007324
 857.000000  0.007324
 858.000000  0.007324
 859.000000  0.007300
 860.000000  0.009765
 861.000000  0.009741
 862.000000  0.007324
 863.000000  0.007251
 864.000000  0.007324
 865.000000  0.009765
 866.000000  0.009765
 867.000000  0.007275
 868.000000  0.007324
 869.000000  0.009765
 870.000000  0.007324
 871.000000  0.009765
 872.000000  0.007324
 873.000000  0.009643
 874.000000  0.007324
 875.000000  0.009741
 876.000000  0.007324
 877.000000  0.007300
 878.000000  0.007324
 879.000000  0.007251
 880.000000  0.007324
 881.000000  0.009716
 882.000000  0.007349
 883.000000  0.009668
 884.000000  0.007324
 885.000000  0.009668
 886.000000  0.007324
 887.000000  0.007202
 888.000000  0.007324
 889.000000  0.009692
 890.000000  0.007324
 891.000000  0.009668
 892.000000  0.007324
 893.000000  0.009692
 894.000000  0.007324
 895.000000  0.009692
 896.000000  0.007324
 897.000000  0.009521
 898.000000  0.007324
 899.000000  0.009619
 900.000000  0.007324
 901.000000  0.009448
 902.000000  0.009765
 903.000000  0.009545
 904.000000  0.007324
 905.000000  0.009594
 906.000000  0.009765
 907.000000  0.009252
 908.000000  0.009765
 909.000000  0.009375
 910.000000  0.007324
 911.000000  0.009252
 912.000000  0.007300
 913.000000  0.009252
 914.000000  0.007324
 915.000000  0.009350
 916.000000  0.007349
 917.000000  0.009448
 918.000000  0.009790
 919.000000  0.009106
 920.000000  0.009765
 921.000000  0.008911
 922.000000  0.007324
 923.000000  0.009130
 924.000000  0.007275
 925.000000  0.008813
 926.000000  0.007202
 927.000000  0.009130
 928.000000  0.007275
 929.000000  0.009155
 930.000000  0.007324
 931.000000  0.009033
 932.000000  0.007275
 933.000000  0.009399
 934.000000  0.007324
 935.000000  0.009057
 936.000000  0.007349
 937.000000  0.008837
 938.000000  0.007324
 939.000000  0.009204
 940.000000  0.007373
 941.000000  0.009179
 942.000000  0.007300
 943.000000  0.009130
 944.000000  0.007202
 945.000000  0.006445
 946.000000  0.009668
 947.000000  0.009130
 948.000000  0.007251
 949.000000  0.009252
 950.000000  0.009790
 951.000000  0.009252
 952.000000  0.007300
 953.000000  0.009155
 954.000000  0.007324
 955.000000  0.009155
 956.000000  0.007300
 957.000000  0.009155
 958.000000  0.007300
 959.000000  0.006836
 960.000000  0.007275
 961.000000  0.006519
 962.000000  0.009741
 963.000000  0.006738
 964.000000  0.007300
 965.000000  0.009228
 966.000000  0.007275
 967.000000  0.009228
 968.000000  0.007349
 969.000000  0.009057
 970.000000  0.009716
 971.000000  0.008984
 972.000000  0.007300
 973.000000  0.009057
 974.000000  0.007324
 975.000000  0.009155
 976.000000  0.007227
 977.000000  0.009228
 978.000000  0.007324
 979.000000  0.008789
 980.000000  0.007275
 981.000000  0.009423
 982.000000  0.007324
 983.000000  0.006738
 984.000000  0.007300
 985.000000  0.009155
 986.000000  0.007275
 987.000000  0.008960
 988.000000  0.009692
 989.000000  0.009008
 990.000000  0.007324
 991.000000  0.009008
 992.000000  0.007324
 993.000000  0.008960
 994.000000  0.007300
 995.000000  0.009301
 996.000000  0.007324
 997.000000  0.009033
 998.000000  0.009765
 999.000000  0.009033
 1000.000000  0.009765
 1001.000000  0.008911
 1002.000000  0.007300
 1003.000000  0.009033
 1004.000000  0.007324
 1005.000000  0.009082
 1006.000000  0.007324
 1007.000000  0.008984
 1008.000000  0.007324
 1009.000000  0.008984
 1010.000000  0.007324
 1011.000000  0.009204
 1012.000000  0.007324
 1013.000000  0.009057
 1014.000000  0.007300
 1015.000000  0.009204
 1016.000000  0.007300
 1017.000000  0.009033
 1018.000000  0.007300
 1019.000000  0.008935
 1020.000000  0.007324
 1021.000000  0.008496
 1022.000000  0.007300
 1023.000000  0.008911
