 0.000000  0.007397
 1.000000  0.007153
 2.000000  0.007397
 3.000000  0.007202
 4.000000  0.007373
 5.000000  0.007275
 6.000000  0.007519
 7.000000  0.007227
 8.000000  0.007422
 9.000000  0.007178
 10.000000  0.007593
 11.000000  0.007178
 12.000000  0.007495
 13.000000  0.007251
 14.000000  0.007471
 15.000000  0.007202
 16.000000  0.007471
 17.000000  0.007251
 18.000000  0.007373
 19.000000  0.007300
 20.000000  0.007422
 21.000000  0.007251
 22.000000  0.007422
 23.000000  0.007227
 24.000000  0.007593
 25.000000  0.007349
 26.000000  0.007617
 27.000000  0.009643
 28.000000  0.007471
 29.000000  0.007202
 30.000000  0.007446
 31.000000  0.007202
 32.000000  0.007519
 33.000000  0.007300
 34.000000  0.007519
 35.000000  0.007300
 36.000000  0.007373
 37.000000  0.007275
 38.000000  0.007373
 39.000000  0.009716
 40.000000  0.007446
 41.000000  0.007202
 42.000000  0.007349
 43.000000  0.007275
 44.000000  0.007373
 45.000000  0.007251
 46.000000  0.007373
 47.000000  0.007300
 48.000000  0.007422
 49.000000  0.007275
 50.000000  0.007373
 51.000000  0.007324
 52.000000  0.007324
 53.000000  0.007300
 54.000000  0.007324
 55.000000  0.007300
 56.000000  0.007397
 57.000000  0.007275
 58.000000  0.007397
 59.000000  0.009716
 60.000000  0.007397
 61.000000  0.009741
 62.000000  0.007324
 63.000000  0.007251
 64.000000  0.007324
 65.000000  0.007251
 66.000000  0.007397
 67.000000  0.009741
 68.000000  0.007324
 69.000000  0.007300
 70.000000  0.007349
 71.000000  0.007324
 72.000000  0.007324
 73.000000  0.007324
 74.000000  0.007349
 75.000000  0.007275
 76.000000  0.007373
 77.000000  0.007324
 78.000000  0.007373
 79.000000  0.007300
 80.000000  0.007324
 81.000000  0.007324
 82.000000  0.007324
 83.000000  0.007324
 84.000000  0.007349
 85.000000  0.007324
 86.000000  0.007324
 87.000000  0.007251
 88.000000  0.007373
 89.000000  0.007324
 90.000000  0.007324
 91.000000  0.007324
 92.000000  0.007324
 93.000000  0.007324
 94.000000  0.007349
 95.000000  0.007324
 96.000000  0.007349
 97.000000  0.007324
 98.000000  0.007324
 99.000000  0.007324
 100.000000  0.007324
 101.000000  0.009765
 102.000000  0.007324
 103.000000  0.009741
 104.000000  0.007324
 105.000000  0.007324
 106.000000  0.007397
 107.000000  0.007324
 108.000000  0.007349
 109.000000  0.009765
 110.000000  0.007373
 111.000000  0.007324
 112.000000  0.007324
 113.000000  0.007324
 114.000000  0.007349
 115.000000  0.007324
 116.000000  0.007373
 117.000000  0.007300
 118.000000  0.007349
 119.000000  0.007275
 120.000000  0.007373
 121.000000  0.007324
 122.000000  0.007324
 123.000000  0.007324
 124.000000  0.007373
 125.000000  0.007324
 126.000000  0.007397
 127.000000  0.009741
 128.000000  0.007349
 129.000000  0.007324
 130.000000  0.007349
 131.000000  0.009765
 132.000000  0.007324
 133.000000  0.007324
 134.000000  0.007373
 135.000000  0.009765
 136.000000  0.007324
 137.000000  0.007324
 138.000000  0.007373
 139.000000  0.007324
 140.000000  0.007349
 141.000000  0.007275
 142.000000  0.007300
 143.000000  0.007300
 144.000000  0.007373
 145.000000  0.009716
 146.000000  0.007422
 147.000000  0.007324
 148.000000  0.007422
 149.000000  0.009716
 150.000000  0.007397
 151.000000  0.007300
 152.000000  0.007422
 153.000000  0.007275
 154.000000  0.007495
 155.000000  0.007275
 156.000000  0.007397
 157.000000  0.009619
 158.000000  0.007519
 159.000000  0.007178
 160.000000  0.007568
 161.000000  0.007178
 162.000000  0.007422
 163.000000  0.007300
 164.000000  0.007495
 165.000000  0.007251
 166.000000  0.007471
 167.000000  0.007178
 168.000000  0.007471
 169.000000  0.009716
 170.000000  0.007446
 171.000000  0.007227
 172.000000  0.007397
 173.000000  0.007227
 174.000000  0.007519
 175.000000  0.007178
 176.000000  0.007446
 177.000000  0.007227
 178.000000  0.007471
 179.000000  0.009643
 180.000000  0.007446
 181.000000  0.007129
 182.000000  0.007446
 183.000000  0.007251
 184.000000  0.007495
 185.000000  0.007251
 186.000000  0.007446
 187.000000  0.007275
 188.000000  0.007446
 189.000000  0.007227
 190.000000  0.007397
 191.000000  0.007300
 192.000000  0.007373
 193.000000  0.007300
 194.000000  0.007446
 195.000000  0.007251
 196.000000  0.009838
 197.000000  0.007324
 198.000000  0.007471
 199.000000  0.009765
 200.000000  0.007397
 201.000000  0.009741
 202.000000  0.007349
 203.000000  0.007227
 204.000000  0.007397
 205.000000  0.007324
 206.000000  0.007349
 207.000000  0.007300
 208.000000  0.007349
 209.000000  0.009741
 210.000000  0.007397
 211.000000  0.007251
 212.000000  0.007373
 213.000000  0.009765
 214.000000  0.007349
 215.000000  0.007300
 216.000000  0.007324
 217.000000  0.007324
 218.000000  0.007373
 219.000000  0.009741
 220.000000  0.007373
 221.000000  0.007300
 222.000000  0.007349
 223.000000  0.007324
 224.000000  0.007349
 225.000000  0.007300
 226.000000  0.007324
 227.000000  0.009765
 228.000000  0.007324
 229.000000  0.009716
 230.000000  0.007397
 231.000000  0.007324
 232.000000  0.007324
 233.000000  0.009765
 234.000000  0.007349
 235.000000  0.007324
 236.000000  0.007349
 237.000000  0.007324
 238.000000  0.007324
 239.000000  0.009765
 240.000000  0.007422
 241.000000  0.007300
 242.000000  0.007349
 243.000000  0.009765
 244.000000  0.007373
 245.000000  0.007300
 246.000000  0.007324
 247.000000  0.007300
 248.000000  0.007349
 249.000000  0.007324
 250.000000  0.007349
 251.000000  0.007300
 252.000000  0.007324
 253.000000  0.007324
 254.000000  0.007349
 255.000000  0.009765
 256.000000  0.007324
 257.000000  0.007324
 258.000000  0.007324
 259.000000  0.007324
 260.000000  0.007349
 261.000000  0.007324
 262.000000  0.007324
 263.000000  0.009765
 264.000000  0.007324
 265.000000  0.009765
 266.000000  0.007324
 267.000000  0.009741
 268.000000  0.007324
 269.000000  0.009765
 270.000000  0.007349
 271.000000  0.007300
 272.000000  0.007349
 273.000000  0.007324
 274.000000  0.007422
 275.000000  0.009765
 276.000000  0.007349
 277.000000  0.009765
 278.000000  0.007373
 279.000000  0.007300
 280.000000  0.007373
 281.000000  0.009765
 282.000000  0.007373
 283.000000  0.009765
 284.000000  0.007373
 285.000000  0.007324
 286.000000  0.007349
 287.000000  0.007324
 288.000000  0.007397
 289.000000  0.009765
 290.000000  0.007373
 291.000000  0.007324
 292.000000  0.007373
 293.000000  0.007300
 294.000000  0.007593
 295.000000  0.009765
 296.000000  0.007446
 297.000000  0.009765
 298.000000  0.007568
 299.000000  0.009790
 300.000000  0.007471
 301.000000  0.007349
 302.000000  0.007568
 303.000000  0.009716
 304.000000  0.007568
 305.000000  0.007349
 306.000000  0.007568
 307.000000  0.009716
 308.000000  0.007666
 309.000000  0.009741
 310.000000  0.007739
 311.000000  0.007349
 312.000000  0.007715
 313.000000  0.007373
 314.000000  0.007788
 315.000000  0.009814
 316.000000  0.007812
 317.000000  0.007324
 318.000000  0.007617
 319.000000  0.007324
 320.000000  0.007861
 321.000000  0.009741
 322.000000  0.007617
 323.000000  0.009838
 324.000000  0.007861
 325.000000  0.007397
 326.000000  0.007715
 327.000000  0.007349
 328.000000  0.007935
 329.000000  0.009790
 330.000000  0.007812
 331.000000  0.009912
 332.000000  0.007935
 333.000000  0.009838
 334.000000  0.007837
 335.000000  0.009814
 336.000000  0.007739
 337.000000  0.007373
 338.000000  0.008008
 339.000000  0.007519
 340.000000  0.007935
 341.000000  0.009863
 342.000000  0.010302
 343.000000  0.009765
 344.000000  0.008032
 345.000000  0.009814
 346.000000  0.008154
 347.000000  0.007422
 348.000000  0.007715
 349.000000  0.009790
 350.000000  0.008081
 351.000000  0.009838
 352.000000  0.008032
 353.000000  0.009765
 354.000000  0.007837
 355.000000  0.007349
 356.000000  0.007959
 357.000000  0.007349
 358.000000  0.008130
 359.000000  0.009765
 360.000000  0.008325
 361.000000  0.007397
 362.000000  0.008179
 363.000000  0.009765
 364.000000  0.008081
 365.000000  0.007373
 366.000000  0.008276
 367.000000  0.007373
 368.000000  0.008423
 369.000000  0.007373
 370.000000  0.008545
 371.000000  0.009814
 372.000000  0.008569
 373.000000  0.009790
 374.000000  0.008325
 375.000000  0.009814
 376.000000  0.008667
 377.000000  0.007397
 378.000000  0.008862
 379.000000  0.007397
 380.000000  0.008813
 381.000000  0.009838
 382.000000  0.008936
 383.000000  0.007324
 384.000000  0.009033
 385.000000  0.007471
 386.000000  0.008838
 387.000000  0.009887
 388.000000  0.008667
 389.000000  0.009814
 390.000000  0.009204
 391.000000  0.009887
 392.000000  0.009131
 393.000000  0.007446
 394.000000  0.009180
 395.000000  0.007519
 396.000000  0.009375
 397.000000  0.007422
 398.000000  0.009277
 399.000000  0.007397
 400.000000  0.009644
 401.000000  0.009912
 402.000000  0.009448
 403.000000  0.007715
 404.000000  0.009448
 405.000000  0.007910
 406.000000  0.009546
 407.000000  0.007812
 408.000000  0.009595
 409.000000  0.010180
 410.000000  0.009644
 411.000000  0.010424
 412.000000  0.009619
 413.000000  0.008008
 414.000000  0.009717
 415.000000  0.010693
 416.000000  0.009717
 417.000000  0.008398
 418.000000  0.009717
 419.000000  0.008374
 420.000000  0.009766
 421.000000  0.008227
 422.000000  0.009766
 423.000000  0.008496
 424.000000  0.009717
 425.000000  0.011059
 426.000000  0.009741
 427.000000  0.011450
 428.000000  0.009766
 429.000000  0.011328
 430.000000  0.009766
 431.000000  0.011523
 432.000000  0.009766
 433.000000  0.009131
 434.000000  0.009766
 435.000000  0.011816
 436.000000  0.009766
 437.000000  0.011767
 438.000000  0.009766
 439.000000  0.011938
 440.000000  0.009766
 441.000000  0.012133
 442.000000  0.009766
 443.000000  0.012085
 444.000000  0.009766
 445.000000  0.012158
 446.000000  0.009766
 447.000000  0.009741
 448.000000  0.009766
 449.000000  0.012207
 450.000000  0.009766
 451.000000  0.012207
 452.000000  0.009766
 453.000000  0.012182
 454.000000  0.009741
 455.000000  0.012158
 456.000000  0.009814
 457.000000  0.012182
 458.000000  0.009814
 459.000000  0.012182
 460.000000  0.010034
 461.000000  0.012231
 462.000000  0.010083
 463.000000  0.012255
 464.000000  0.010352
 465.000000  0.012255
 466.000000  0.010474
 467.000000  0.009863
 468.000000  0.010376
 469.000000  0.009863
 470.000000  0.010644
 471.000000  0.012402
 472.000000  0.011084
 473.000000  0.010229
 474.000000  0.011304
 475.000000  0.012695
 476.000000  0.011743
 477.000000  0.010767
 478.000000  0.011914
 479.000000  0.013281
 480.000000  0.012109
 481.000000  0.013989
 482.000000  0.012036
 483.000000  0.011694
 484.000000  0.012109
 485.000000  0.014379
 486.000000  0.012256
 487.000000  0.011963
 488.000000  0.012280
 489.000000  0.012109
 490.000000  0.012378
 491.000000  0.014550
 492.000000  0.012402
 493.000000  0.014550
 494.000000  0.012671
 495.000000  0.014599
 496.000000  0.012915
 497.000000  0.012207
 498.000000  0.012793
 499.000000  0.014697
 500.000000  0.013574
 501.000000  0.014770
 502.000000  0.013403
 503.000000  0.014819
 504.000000  0.014160
 505.000000  0.015283
 506.000000  0.013965
 507.000000  0.012769
 508.000000  0.014136
 509.000000  0.013916
 510.000000  0.014648
 511.000000  0.016723
 512.000000  0.014648
 513.000000  0.014355
 514.000000  0.014648
 515.000000  0.014624
 516.000000  0.014697
 517.000000  0.014648
 518.000000  0.014697
 519.000000  0.014673
 520.000000  0.014941
 521.000000  0.014648
 522.000000  0.015454
 523.000000  0.017163
 524.000000  0.015503
 525.000000  0.017089
 526.000000  0.016211
 527.000000  0.017114
 528.000000  0.016675
 529.000000  0.017309
 530.000000  0.016919
 531.000000  0.017944
 532.000000  0.017065
 533.000000  0.016406
 534.000000  0.017041
 535.000000  0.015796
 536.000000  0.017090
 537.000000  0.019531
 538.000000  0.017139
 539.000000  0.019482
 540.000000  0.017163
 541.000000  0.017114
 542.000000  0.018579
 543.000000  0.017114
 544.000000  0.017285
 545.000000  0.017090
 546.000000  0.019507
 547.000000  0.020727
 548.000000  0.019238
 549.000000  0.020581
 550.000000  0.019507
 551.000000  0.021972
 552.000000  0.019531
 553.000000  0.019531
 554.000000  0.019531
 555.000000  0.019531
 556.000000  0.020996
 557.000000  0.021972
 558.000000  0.019604
 559.000000  0.021972
 560.000000  0.021948
 561.000000  0.020142
 562.000000  0.021680
 563.000000  0.021997
 564.000000  0.021851
 565.000000  0.024414
 566.000000  0.022827
 567.000000  0.024414
 568.000000  0.021997
 569.000000  0.024780
 570.000000  0.024414
 571.000000  0.024780
 572.000000  0.022388
 573.000000  0.024487
 574.000000  0.024438
 575.000000  0.026855
 576.000000  0.024414
 577.000000  0.024951
 578.000000  0.024414
 579.000000  0.029296
 580.000000  0.026855
 581.000000  0.025146
 582.000000  0.024927
 583.000000  0.029199
 584.000000  0.030078
 585.000000  0.030078
 586.000000  0.026855
 587.000000  0.028833
 588.000000  0.030688
 589.000000  0.034058
 590.000000  0.031714
 591.000000  0.029492
 592.000000  0.029199
 593.000000  0.034619
 594.000000  0.036646
 595.000000  0.035498
 596.000000  0.029321
 597.000000  0.036572
 598.000000  0.049390
 599.000000  0.039111
 600.000000  0.034106
 601.000000  0.034179
 602.000000  0.048975
 603.000000  0.091211
 604.000000  0.068579
 605.000000  0.051782
 606.000000  0.036743
 607.000000  0.052148
 608.000000  0.098364
 609.000000  0.204053
 610.000000  0.100903
 611.000000  0.052392
 612.000000  0.095361
 613.000000  0.453735
 614.000000  1.007764
 615.000000  0.204175
 616.000000  0.065332
 617.000000  0.134106
 618.000000  0.452124
 619.000000  0.507666
 620.000000  0.079370
 621.000000  0.047778
 622.000000  0.063232
 623.000000  0.155688
 624.000000  0.131421
 625.000000  0.040918
 626.000000  0.035596
 627.000000  0.040966
 628.000000  0.041211
 629.000000  0.036694
 630.000000  0.030103
 631.000000  0.034082
 632.000000  0.032983
 633.000000  0.034936
 634.000000  0.029272
 635.000000  0.029467
 636.000000  0.029565
 637.000000  0.029785
 638.000000  0.029810
 639.000000  0.029028
 640.000000  0.026953
 641.000000  0.029370
 642.000000  0.027100
 643.000000  0.025293
 644.000000  0.026977
 645.000000  0.026831
 646.000000  0.029077
 647.000000  0.026977
 648.000000  0.025024
 649.000000  0.022559
 650.000000  0.023682
 651.000000  0.024292
 652.000000  0.024268
 653.000000  0.022119
 654.000000  0.022168
 655.000000  0.024389
 656.000000  0.023584
 657.000000  0.024462
 658.000000  0.021997
 659.000000  0.020312
 660.000000  0.021948
 661.000000  0.024145
 662.000000  0.021924
 663.000000  0.022241
 664.000000  0.024194
 665.000000  0.022265
 666.000000  0.022900
 667.000000  0.022070
 668.000000  0.019556
 669.000000  0.019507
 670.000000  0.019995
 671.000000  0.019531
 672.000000  0.019531
 673.000000  0.020678
 674.000000  0.021752
 675.000000  0.021606
 676.000000  0.019531
 677.000000  0.020361
 678.000000  0.018530
 679.000000  0.019628
 680.000000  0.017700
 681.000000  0.017090
 682.000000  0.017505
 683.000000  0.019531
 684.000000  0.017139
 685.000000  0.019506
 686.000000  0.017114
 687.000000  0.017065
 688.000000  0.019555
 689.000000  0.016016
 690.000000  0.019531
 691.000000  0.017822
 692.000000  0.017017
 693.000000  0.017260
 694.000000  0.016406
 695.000000  0.017211
 696.000000  0.018505
 697.000000  0.017138
 698.000000  0.014868
 699.000000  0.017089
 700.000000  0.014770
 701.000000  0.014648
 702.000000  0.014673
 703.000000  0.014600
 704.000000  0.017089
 705.000000  0.016992
 706.000000  0.014648
 707.000000  0.014209
 708.000000  0.014648
 709.000000  0.016137
 710.000000  0.014600
 711.000000  0.015502
 712.000000  0.014551
 713.000000  0.015722
 714.000000  0.014282
 715.000000  0.015087
 716.000000  0.013769
 717.000000  0.014697
 718.000000  0.014038
 719.000000  0.014672
 720.000000  0.013232
 721.000000  0.014648
 722.000000  0.012378
 723.000000  0.014648
 724.000000  0.012280
 725.000000  0.014648
 726.000000  0.012207
 727.000000  0.014624
 728.000000  0.012207
 729.000000  0.012134
 730.000000  0.012207
 731.000000  0.014502
 732.000000  0.012207
 733.000000  0.014135
 734.000000  0.014624
 735.000000  0.013623
 736.000000  0.012012
 737.000000  0.013549
 738.000000  0.012109
 739.000000  0.013427
 740.000000  0.011768
 741.000000  0.012597
 742.000000  0.011328
 743.000000  0.009912
 744.000000  0.010669
 745.000000  0.012207
 746.000000  0.009912
 747.000000  0.009766
 748.000000  0.009912
 749.000000  0.012207
 750.000000  0.009790
 751.000000  0.012207
 752.000000  0.012255
 753.000000  0.012207
 754.000000  0.009839
 755.000000  0.012207
 756.000000  0.009814
 757.000000  0.012207
 758.000000  0.009790
 759.000000  0.009766
 760.000000  0.009766
 761.000000  0.012133
 762.000000  0.009766
 763.000000  0.012182
 764.000000  0.009766
 765.000000  0.012182
 766.000000  0.009741
 767.000000  0.009619
 768.000000  0.009741
 769.000000  0.012085
 770.000000  0.009717
 771.000000  0.011792
 772.000000  0.009790
 773.000000  0.011523
 774.000000  0.012109
 775.000000  0.011425
 776.000000  0.012182
 777.000000  0.011132
 778.000000  0.009619
 779.000000  0.008594
 780.000000  0.009644
 781.000000  0.008227
 782.000000  0.011987
 783.000000  0.010620
 784.000000  0.009473
 785.000000  0.010620
 786.000000  0.009424
 787.000000  0.010180
 788.000000  0.011865
 789.000000  0.010351
 790.000000  0.009204
 791.000000  0.010083
 792.000000  0.009204
 793.000000  0.010278
 794.000000  0.009277
 795.000000  0.010327
 796.000000  0.009131
 797.000000  0.010034
 798.000000  0.009033
 799.000000  0.010205
 800.000000  0.008984
 801.000000  0.010131
 802.000000  0.011303
 803.000000  0.009985
 804.000000  0.008618
 805.000000  0.010107
 806.000000  0.008740
 807.000000  0.010083
 808.000000  0.011181
 809.000000  0.007617
 810.000000  0.008716
 811.000000  0.007495
 812.000000  0.008545
 813.000000  0.007544
 814.000000  0.008301
 815.000000  0.009790
 816.000000  0.008447
 817.000000  0.009863
 818.000000  0.008154
 819.000000  0.009765
 820.000000  0.008105
 821.000000  0.009790
 822.000000  0.007788
 823.000000  0.009765
 824.000000  0.010229
 825.000000  0.009765
 826.000000  0.007910
 827.000000  0.009765
 828.000000  0.007764
 829.000000  0.009765
 830.000000  0.007568
 831.000000  0.009765
 832.000000  0.007739
 833.000000  0.009765
 834.000000  0.007422
 835.000000  0.009765
 836.000000  0.010058
 837.000000  0.009765
 838.000000  0.007495
 839.000000  0.009765
 840.000000  0.007568
 841.000000  0.009765
 842.000000  0.009912
 843.000000  0.009765
 844.000000  0.007422
 845.000000  0.007300
 846.000000  0.009814
 847.000000  0.009790
 848.000000  0.007373
 849.000000  0.009765
 850.000000  0.007373
 851.000000  0.009765
 852.000000  0.007324
 853.000000  0.007324
 854.000000  0.009790
 855.000000  0.009741
 856.000000  0.007349
 857.000000  0.007324
 858.000000  0.007349
 859.000000  0.007324
 860.000000  0.009765
 861.000000  0.009716
 862.000000  0.007324
 863.000000  0.007324
 864.000000  0.007324
 865.000000  0.009741
 866.000000  0.009765
 867.000000  0.007324
 868.000000  0.007349
 869.000000  0.009765
 870.000000  0.007324
 871.000000  0.009741
 872.000000  0.007324
 873.000000  0.009765
 874.000000  0.007324
 875.000000  0.009741
 876.000000  0.007324
 877.000000  0.007275
 878.000000  0.007324
 879.000000  0.007300
 880.000000  0.007349
 881.000000  0.009765
 882.000000  0.007324
 883.000000  0.009741
 884.000000  0.007324
 885.000000  0.009741
 886.000000  0.007349
 887.000000  0.007251
 888.000000  0.007349
 889.000000  0.009741
 890.000000  0.007324
 891.000000  0.009692
 892.000000  0.007324
 893.000000  0.009692
 894.000000  0.007324
 895.000000  0.009716
 896.000000  0.007349
 897.000000  0.009668
 898.000000  0.007324
 899.000000  0.009619
 900.000000  0.007324
 901.000000  0.009692
 902.000000  0.009765
 903.000000  0.009545
 904.000000  0.007324
 905.000000  0.009668
 906.000000  0.009790
 907.000000  0.009521
 908.000000  0.009765
 909.000000  0.009619
 910.000000  0.007324
 911.000000  0.009521
 912.000000  0.007324
 913.000000  0.009594
 914.000000  0.007324
 915.000000  0.009570
 916.000000  0.007324
 917.000000  0.009570
 918.000000  0.009741
 919.000000  0.009497
 920.000000  0.009765
 921.000000  0.009423
 922.000000  0.007349
 923.000000  0.009350
 924.000000  0.007349
 925.000000  0.009423
 926.000000  0.007349
 927.000000  0.009399
 928.000000  0.007324
 929.000000  0.009399
 930.000000  0.007324
 931.000000  0.009204
 932.000000  0.007300
 933.000000  0.009301
 934.000000  0.007349
 935.000000  0.009375
 936.000000  0.007324
 937.000000  0.009277
 938.000000  0.007373
 939.000000  0.009204
 940.000000  0.007324
 941.000000  0.009375
 942.000000  0.007300
 943.000000  0.009252
 944.000000  0.007300
 945.000000  0.006811
 946.000000  0.009716
 947.000000  0.009326
 948.000000  0.007275
 949.000000  0.009277
 950.000000  0.009790
 951.000000  0.009155
 952.000000  0.007275
 953.000000  0.009082
 954.000000  0.007300
 955.000000  0.009204
 956.000000  0.007324
 957.000000  0.009326
 958.000000  0.007251
 959.000000  0.006787
 960.000000  0.007202
 961.000000  0.006494
 962.000000  0.009716
 963.000000  0.006836
 964.000000  0.007300
 965.000000  0.009204
 966.000000  0.007227
 967.000000  0.009155
 968.000000  0.007275
 969.000000  0.009277
 970.000000  0.009790
 971.000000  0.009204
 972.000000  0.007300
 973.000000  0.009326
 974.000000  0.007324
 975.000000  0.009350
 976.000000  0.007324
 977.000000  0.009301
 978.000000  0.007300
 979.000000  0.009082
 980.000000  0.007324
 981.000000  0.009399
 982.000000  0.007300
 983.000000  0.006860
 984.000000  0.007324
 985.000000  0.009350
 986.000000  0.007324
 987.000000  0.009082
 988.000000  0.009765
 989.000000  0.009130
 990.000000  0.007324
 991.000000  0.009204
 992.000000  0.007300
 993.000000  0.009277
 994.000000  0.007324
 995.000000  0.009008
 996.000000  0.007300
 997.000000  0.009252
 998.000000  0.009765
 999.000000  0.009057
 1000.000000  0.009765
 1001.000000  0.009082
 1002.000000  0.007251
 1003.000000  0.009130
 1004.000000  0.007324
 1005.000000  0.009301
 1006.000000  0.007300
 1007.000000  0.009082
 1008.000000  0.007300
 1009.000000  0.009301
 1010.000000  0.007275
 1011.000000  0.009155
 1012.000000  0.007300
 1013.000000  0.008911
 1014.000000  0.007324
 1015.000000  0.009155
 1016.000000  0.007324
 1017.000000  0.009252
 1018.000000  0.007324
 1019.000000  0.009008
 1020.000000  0.007275
 1021.000000  0.008911
 1022.000000  0.007300
 1023.000000  0.009106
