 0.000000  0.007495
 1.000000  0.007300
 2.000000  0.007397
 3.000000  0.007300
 4.000000  0.007397
 5.000000  0.007251
 6.000000  0.007446
 7.000000  0.007324
 8.000000  0.007422
 9.000000  0.007324
 10.000000  0.007397
 11.000000  0.007324
 12.000000  0.007373
 13.000000  0.007324
 14.000000  0.007349
 15.000000  0.007300
 16.000000  0.007397
 17.000000  0.007324
 18.000000  0.007373
 19.000000  0.007300
 20.000000  0.007349
 21.000000  0.007324
 22.000000  0.007422
 23.000000  0.007324
 24.000000  0.007446
 25.000000  0.007324
 26.000000  0.007495
 27.000000  0.009765
 28.000000  0.007397
 29.000000  0.007324
 30.000000  0.007397
 31.000000  0.007324
 32.000000  0.007324
 33.000000  0.007300
 34.000000  0.007373
 35.000000  0.007324
 36.000000  0.007373
 37.000000  0.007300
 38.000000  0.007373
 39.000000  0.009741
 40.000000  0.007446
 41.000000  0.007324
 42.000000  0.007471
 43.000000  0.007324
 44.000000  0.007422
 45.000000  0.007300
 46.000000  0.007471
 47.000000  0.007300
 48.000000  0.007373
 49.000000  0.007324
 50.000000  0.007373
 51.000000  0.007324
 52.000000  0.007422
 53.000000  0.007300
 54.000000  0.007349
 55.000000  0.007275
 56.000000  0.007471
 57.000000  0.007275
 58.000000  0.007446
 59.000000  0.009692
 60.000000  0.007422
 61.000000  0.009692
 62.000000  0.007397
 63.000000  0.007300
 64.000000  0.007471
 65.000000  0.007275
 66.000000  0.007519
 67.000000  0.009765
 68.000000  0.007446
 69.000000  0.007300
 70.000000  0.007446
 71.000000  0.007275
 72.000000  0.007397
 73.000000  0.007275
 74.000000  0.007349
 75.000000  0.007275
 76.000000  0.007519
 77.000000  0.007324
 78.000000  0.007471
 79.000000  0.007251
 80.000000  0.007422
 81.000000  0.007300
 82.000000  0.007349
 83.000000  0.007300
 84.000000  0.007373
 85.000000  0.007300
 86.000000  0.007373
 87.000000  0.007251
 88.000000  0.007446
 89.000000  0.007300
 90.000000  0.007446
 91.000000  0.007300
 92.000000  0.007471
 93.000000  0.007251
 94.000000  0.007373
 95.000000  0.007251
 96.000000  0.007373
 97.000000  0.007324
 98.000000  0.007471
 99.000000  0.007300
 100.000000  0.007422
 101.000000  0.009741
 102.000000  0.007446
 103.000000  0.009741
 104.000000  0.007324
 105.000000  0.007275
 106.000000  0.007544
 107.000000  0.007275
 108.000000  0.007471
 109.000000  0.009716
 110.000000  0.007471
 111.000000  0.007324
 112.000000  0.007397
 113.000000  0.007300
 114.000000  0.007373
 115.000000  0.007300
 116.000000  0.007471
 117.000000  0.007324
 118.000000  0.007446
 119.000000  0.007275
 120.000000  0.007446
 121.000000  0.007300
 122.000000  0.007568
 123.000000  0.007300
 124.000000  0.007446
 125.000000  0.007300
 126.000000  0.007422
 127.000000  0.009741
 128.000000  0.007446
 129.000000  0.007300
 130.000000  0.007397
 131.000000  0.009668
 132.000000  0.007422
 133.000000  0.007324
 134.000000  0.007471
 135.000000  0.009716
 136.000000  0.007422
 137.000000  0.007275
 138.000000  0.007471
 139.000000  0.007300
 140.000000  0.007373
 141.000000  0.007300
 142.000000  0.007544
 143.000000  0.007324
 144.000000  0.007397
 145.000000  0.009716
 146.000000  0.007373
 147.000000  0.007324
 148.000000  0.007471
 149.000000  0.009790
 150.000000  0.007373
 151.000000  0.007251
 152.000000  0.007422
 153.000000  0.007300
 154.000000  0.007519
 155.000000  0.007300
 156.000000  0.007422
 157.000000  0.009716
 158.000000  0.007446
 159.000000  0.007324
 160.000000  0.007519
 161.000000  0.007324
 162.000000  0.007471
 163.000000  0.007275
 164.000000  0.007373
 165.000000  0.007324
 166.000000  0.007397
 167.000000  0.007300
 168.000000  0.007446
 169.000000  0.009765
 170.000000  0.007373
 171.000000  0.007324
 172.000000  0.007349
 173.000000  0.007324
 174.000000  0.007373
 175.000000  0.007300
 176.000000  0.007349
 177.000000  0.007324
 178.000000  0.007324
 179.000000  0.009741
 180.000000  0.007349
 181.000000  0.007324
 182.000000  0.007324
 183.000000  0.007324
 184.000000  0.007373
 185.000000  0.007324
 186.000000  0.007397
 187.000000  0.007300
 188.000000  0.007349
 189.000000  0.007324
 190.000000  0.007324
 191.000000  0.007324
 192.000000  0.007349
 193.000000  0.007324
 194.000000  0.007349
 195.000000  0.007300
 196.000000  0.009790
 197.000000  0.007300
 198.000000  0.007373
 199.000000  0.009741
 200.000000  0.007373
 201.000000  0.009741
 202.000000  0.007373
 203.000000  0.007300
 204.000000  0.007422
 205.000000  0.007300
 206.000000  0.007397
 207.000000  0.007300
 208.000000  0.007397
 209.000000  0.009716
 210.000000  0.007422
 211.000000  0.007300
 212.000000  0.007373
 213.000000  0.009790
 214.000000  0.007422
 215.000000  0.007349
 216.000000  0.007593
 217.000000  0.007349
 218.000000  0.007422
 219.000000  0.009716
 220.000000  0.007446
 221.000000  0.007324
 222.000000  0.007495
 223.000000  0.007300
 224.000000  0.007422
 225.000000  0.007324
 226.000000  0.007397
 227.000000  0.009741
 228.000000  0.007495
 229.000000  0.009692
 230.000000  0.007544
 231.000000  0.007275
 232.000000  0.007422
 233.000000  0.009741
 234.000000  0.007397
 235.000000  0.007324
 236.000000  0.007422
 237.000000  0.007324
 238.000000  0.007373
 239.000000  0.009716
 240.000000  0.007495
 241.000000  0.007275
 242.000000  0.007471
 243.000000  0.009716
 244.000000  0.007373
 245.000000  0.007324
 246.000000  0.007519
 247.000000  0.007300
 248.000000  0.007471
 249.000000  0.007275
 250.000000  0.007544
 251.000000  0.007324
 252.000000  0.007397
 253.000000  0.007300
 254.000000  0.007471
 255.000000  0.009716
 256.000000  0.007471
 257.000000  0.007349
 258.000000  0.007397
 259.000000  0.007324
 260.000000  0.007495
 261.000000  0.007275
 262.000000  0.007422
 263.000000  0.009716
 264.000000  0.007422
 265.000000  0.009692
 266.000000  0.007446
 267.000000  0.009741
 268.000000  0.007471
 269.000000  0.009765
 270.000000  0.007495
 271.000000  0.007300
 272.000000  0.007397
 273.000000  0.007251
 274.000000  0.007495
 275.000000  0.009765
 276.000000  0.007495
 277.000000  0.009765
 278.000000  0.007617
 279.000000  0.007349
 280.000000  0.007544
 281.000000  0.009765
 282.000000  0.007544
 283.000000  0.009765
 284.000000  0.007544
 285.000000  0.007300
 286.000000  0.007397
 287.000000  0.007324
 288.000000  0.007495
 289.000000  0.009741
 290.000000  0.007642
 291.000000  0.007300
 292.000000  0.007690
 293.000000  0.007251
 294.000000  0.007568
 295.000000  0.009790
 296.000000  0.007471
 297.000000  0.009741
 298.000000  0.007617
 299.000000  0.009790
 300.000000  0.007471
 301.000000  0.007373
 302.000000  0.007739
 303.000000  0.009838
 304.000000  0.007617
 305.000000  0.007324
 306.000000  0.007568
 307.000000  0.009765
 308.000000  0.007642
 309.000000  0.009716
 310.000000  0.007812
 311.000000  0.007324
 312.000000  0.007837
 313.000000  0.007349
 314.000000  0.007812
 315.000000  0.009790
 316.000000  0.007593
 317.000000  0.007275
 318.000000  0.007690
 319.000000  0.007349
 320.000000  0.007739
 321.000000  0.009765
 322.000000  0.007617
 323.000000  0.009790
 324.000000  0.007690
 325.000000  0.007324
 326.000000  0.007690
 327.000000  0.007324
 328.000000  0.007690
 329.000000  0.009765
 330.000000  0.008008
 331.000000  0.009765
 332.000000  0.007910
 333.000000  0.009765
 334.000000  0.007788
 335.000000  0.009790
 336.000000  0.007935
 337.000000  0.007324
 338.000000  0.008105
 339.000000  0.007324
 340.000000  0.007935
 341.000000  0.009765
 342.000000  0.010473
 343.000000  0.009765
 344.000000  0.007959
 345.000000  0.009790
 346.000000  0.008179
 347.000000  0.007324
 348.000000  0.007959
 349.000000  0.009790
 350.000000  0.008203
 351.000000  0.009765
 352.000000  0.008227
 353.000000  0.009790
 354.000000  0.008154
 355.000000  0.007373
 356.000000  0.008154
 357.000000  0.007349
 358.000000  0.008276
 359.000000  0.009790
 360.000000  0.008520
 361.000000  0.007349
 362.000000  0.008057
 363.000000  0.009814
 364.000000  0.008203
 365.000000  0.007422
 366.000000  0.008569
 367.000000  0.007397
 368.000000  0.008520
 369.000000  0.007349
 370.000000  0.008496
 371.000000  0.009790
 372.000000  0.008545
 373.000000  0.009838
 374.000000  0.008765
 375.000000  0.009936
 376.000000  0.008618
 377.000000  0.007446
 378.000000  0.008984
 379.000000  0.007471
 380.000000  0.008765
 381.000000  0.009936
 382.000000  0.008447
 383.000000  0.007446
 384.000000  0.008984
 385.000000  0.007544
 386.000000  0.008765
 387.000000  0.009887
 388.000000  0.008545
 389.000000  0.009912
 390.000000  0.009228
 391.000000  0.009887
 392.000000  0.008960
 393.000000  0.007471
 394.000000  0.008789
 395.000000  0.007519
 396.000000  0.009131
 397.000000  0.007593
 398.000000  0.008960
 399.000000  0.007495
 400.000000  0.008960
 401.000000  0.010058
 402.000000  0.009033
 403.000000  0.007739
 404.000000  0.009155
 405.000000  0.007666
 406.000000  0.009033
 407.000000  0.007642
 408.000000  0.009106
 409.000000  0.010156
 410.000000  0.009228
 411.000000  0.010058
 412.000000  0.009302
 413.000000  0.007690
 414.000000  0.009497
 415.000000  0.010278
 416.000000  0.009228
 417.000000  0.007935
 418.000000  0.009497
 419.000000  0.007837
 420.000000  0.009570
 421.000000  0.007666
 422.000000  0.009473
 423.000000  0.008105
 424.000000  0.009546
 425.000000  0.010253
 426.000000  0.009375
 427.000000  0.010376
 428.000000  0.009619
 429.000000  0.010620
 430.000000  0.009644
 431.000000  0.010400
 432.000000  0.009692
 433.000000  0.008227
 434.000000  0.009692
 435.000000  0.011010
 436.000000  0.009692
 437.000000  0.011206
 438.000000  0.009668
 439.000000  0.011401
 440.000000  0.009668
 441.000000  0.011450
 442.000000  0.009741
 443.000000  0.011499
 444.000000  0.009717
 445.000000  0.011377
 446.000000  0.009766
 447.000000  0.009302
 448.000000  0.009741
 449.000000  0.011840
 450.000000  0.009766
 451.000000  0.011840
 452.000000  0.009766
 453.000000  0.011914
 454.000000  0.009790
 455.000000  0.012085
 456.000000  0.009839
 457.000000  0.011938
 458.000000  0.009790
 459.000000  0.011987
 460.000000  0.009741
 461.000000  0.012231
 462.000000  0.009814
 463.000000  0.012182
 464.000000  0.009863
 465.000000  0.012182
 466.000000  0.009863
 467.000000  0.009741
 468.000000  0.009839
 469.000000  0.009766
 470.000000  0.009961
 471.000000  0.012255
 472.000000  0.010107
 473.000000  0.009839
 474.000000  0.010034
 475.000000  0.012231
 476.000000  0.010254
 477.000000  0.009790
 478.000000  0.010229
 479.000000  0.012231
 480.000000  0.010498
 481.000000  0.012329
 482.000000  0.010718
 483.000000  0.009839
 484.000000  0.010644
 485.000000  0.012475
 486.000000  0.010986
 487.000000  0.010132
 488.000000  0.011401
 489.000000  0.010278
 490.000000  0.011572
 491.000000  0.012988
 492.000000  0.011914
 493.000000  0.013305
 494.000000  0.012036
 495.000000  0.013964
 496.000000  0.012134
 497.000000  0.011572
 498.000000  0.012158
 499.000000  0.014257
 500.000000  0.012207
 501.000000  0.014550
 502.000000  0.012207
 503.000000  0.014599
 504.000000  0.012183
 505.000000  0.014624
 506.000000  0.012231
 507.000000  0.012109
 508.000000  0.012207
 509.000000  0.012207
 510.000000  0.012256
 511.000000  0.014648
 512.000000  0.012329
 513.000000  0.012158
 514.000000  0.012378
 515.000000  0.012231
 516.000000  0.012402
 517.000000  0.012256
 518.000000  0.012622
 519.000000  0.012207
 520.000000  0.013379
 521.000000  0.012378
 522.000000  0.013867
 523.000000  0.015185
 524.000000  0.014331
 525.000000  0.015185
 526.000000  0.014282
 527.000000  0.015039
 528.000000  0.014526
 529.000000  0.015991
 530.000000  0.014600
 531.000000  0.016284
 532.000000  0.014575
 533.000000  0.014429
 534.000000  0.014697
 535.000000  0.014478
 536.000000  0.014624
 537.000000  0.016943
 538.000000  0.014722
 539.000000  0.017114
 540.000000  0.014795
 541.000000  0.014722
 542.000000  0.015454
 543.000000  0.014673
 544.000000  0.015332
 545.000000  0.014697
 546.000000  0.016650
 547.000000  0.017504
 548.000000  0.016895
 549.000000  0.018115
 550.000000  0.016919
 551.000000  0.018432
 552.000000  0.016992
 553.000000  0.016284
 554.000000  0.017114
 555.000000  0.016626
 556.000000  0.017090
 557.000000  0.019360
 558.000000  0.017163
 559.000000  0.019458
 560.000000  0.017407
 561.000000  0.017114
 562.000000  0.018433
 563.000000  0.019653
 564.000000  0.017920
 565.000000  0.020019
 566.000000  0.019238
 567.000000  0.020849
 568.000000  0.019116
 569.000000  0.021142
 570.000000  0.019531
 571.000000  0.021850
 572.000000  0.019507
 573.000000  0.021826
 574.000000  0.019653
 575.000000  0.022216
 576.000000  0.021069
 577.000000  0.022094
 578.000000  0.021411
 579.000000  0.022753
 580.000000  0.021973
 581.000000  0.021338
 582.000000  0.021899
 583.000000  0.024047
 584.000000  0.022437
 585.000000  0.024414
 586.000000  0.022192
 587.000000  0.024438
 588.000000  0.023022
 589.000000  0.023169
 590.000000  0.024316
 591.000000  0.026806
 592.000000  0.024536
 593.000000  0.024585
 594.000000  0.026270
 595.000000  0.027294
 596.000000  0.026416
 597.000000  0.026953
 598.000000  0.026855
 599.000000  0.028710
 600.000000  0.026904
 601.000000  0.028100
 602.000000  0.026880
 603.000000  0.029541
 604.000000  0.028857
 605.000000  0.030346
 606.000000  0.028369
 607.000000  0.030175
 608.000000  0.030444
 609.000000  0.031713
 610.000000  0.030688
 611.000000  0.031152
 612.000000  0.032275
 613.000000  0.034057
 614.000000  0.034228
 615.000000  0.033300
 616.000000  0.030981
 617.000000  0.032300
 618.000000  0.034180
 619.000000  0.036792
 620.000000  0.033716
 621.000000  0.034790
 622.000000  0.036108
 623.000000  0.039160
 624.000000  0.041381
 625.000000  0.037158
 626.000000  0.035840
 627.000000  0.042456
 628.000000  0.042041
 629.000000  0.045751
 630.000000  0.037183
 631.000000  0.041015
 632.000000  0.046338
 633.000000  0.063061
 634.000000  0.064136
 635.000000  0.043627
 636.000000  0.046997
 637.000000  0.064087
 638.000000  0.138354
 639.000000  0.112036
 640.000000  0.050342
 641.000000  0.061425
 642.000000  0.117920
 643.000000  0.339844
 644.000000  0.198413
 645.000000  0.066308
 646.000000  0.097998
 647.000000  0.338843
 648.000000  0.938403
 649.000000  0.306006
 650.000000  0.088013
 651.000000  0.167554
 652.000000  0.557739
 653.000000  1.025122
 654.000000  0.197241
 655.000000  0.078857
 656.000000  0.111353
 657.000000  0.148022
 658.000000  0.160645
 659.000000  0.052002
 660.000000  0.048730
 661.000000  0.055371
 662.000000  0.047314
 663.000000  0.046118
 664.000000  0.040698
 665.000000  0.042846
 666.000000  0.044458
 667.000000  0.041113
 668.000000  0.037793
 669.000000  0.034253
 670.000000  0.037939
 671.000000  0.036646
 672.000000  0.035742
 673.000000  0.035473
 674.000000  0.034545
 675.000000  0.036328
 676.000000  0.033887
 677.000000  0.034252
 678.000000  0.031519
 679.000000  0.033129
 680.000000  0.032715
 681.000000  0.030005
 682.000000  0.030762
 683.000000  0.031445
 684.000000  0.029346
 685.000000  0.031787
 686.000000  0.029419
 687.000000  0.029077
 688.000000  0.031396
 689.000000  0.027295
 690.000000  0.031445
 691.000000  0.029321
 692.000000  0.026855
 693.000000  0.027685
 694.000000  0.026660
 695.000000  0.028418
 696.000000  0.028662
 697.000000  0.026928
 698.000000  0.024463
 699.000000  0.026342
 700.000000  0.024414
 701.000000  0.023389
 702.000000  0.024219
 703.000000  0.022583
 704.000000  0.026293
 705.000000  0.024511
 706.000000  0.022925
 707.000000  0.021997
 708.000000  0.022217
 709.000000  0.024316
 710.000000  0.021948
 711.000000  0.023632
 712.000000  0.021924
 713.000000  0.022485
 714.000000  0.021558
 715.000000  0.022265
 716.000000  0.020264
 717.000000  0.021997
 718.000000  0.019849
 719.000000  0.021875
 720.000000  0.019531
 721.000000  0.021484
 722.000000  0.019336
 723.000000  0.020947
 724.000000  0.019360
 725.000000  0.019799
 726.000000  0.018213
 727.000000  0.019604
 728.000000  0.017432
 729.000000  0.017065
 730.000000  0.017285
 731.000000  0.019555
 732.000000  0.017139
 733.000000  0.019043
 734.000000  0.019555
 735.000000  0.018432
 736.000000  0.017065
 737.000000  0.017773
 738.000000  0.016479
 739.000000  0.017382
 740.000000  0.016504
 741.000000  0.017285
 742.000000  0.015845
 743.000000  0.014722
 744.000000  0.015552
 745.000000  0.017065
 746.000000  0.014746
 747.000000  0.014648
 748.000000  0.014697
 749.000000  0.016943
 750.000000  0.014624
 751.000000  0.016601
 752.000000  0.017016
 753.000000  0.016308
 754.000000  0.014600
 755.000000  0.015527
 756.000000  0.014307
 757.000000  0.015039
 758.000000  0.014136
 759.000000  0.012549
 760.000000  0.013574
 761.000000  0.015039
 762.000000  0.013501
 763.000000  0.014697
 764.000000  0.012793
 765.000000  0.014599
 766.000000  0.012671
 767.000000  0.012207
 768.000000  0.012476
 769.000000  0.014624
 770.000000  0.012329
 771.000000  0.014550
 772.000000  0.012256
 773.000000  0.014355
 774.000000  0.014648
 775.000000  0.014184
 776.000000  0.014599
 777.000000  0.014062
 778.000000  0.012158
 779.000000  0.011401
 780.000000  0.012109
 781.000000  0.010644
 782.000000  0.013964
 783.000000  0.012524
 784.000000  0.011157
 785.000000  0.012573
 786.000000  0.011108
 787.000000  0.012304
 788.000000  0.013281
 789.000000  0.012304
 790.000000  0.010376
 791.000000  0.012231
 792.000000  0.010498
 793.000000  0.012207
 794.000000  0.010205
 795.000000  0.012207
 796.000000  0.009888
 797.000000  0.012207
 798.000000  0.009814
 799.000000  0.012207
 800.000000  0.009863
 801.000000  0.012182
 802.000000  0.012304
 803.000000  0.012207
 804.000000  0.009790
 805.000000  0.012207
 806.000000  0.009790
 807.000000  0.012207
 808.000000  0.012207
 809.000000  0.009741
 810.000000  0.009766
 811.000000  0.009644
 812.000000  0.009766
 813.000000  0.009668
 814.000000  0.009766
 815.000000  0.012060
 816.000000  0.009766
 817.000000  0.011792
 818.000000  0.009766
 819.000000  0.011914
 820.000000  0.009766
 821.000000  0.011669
 822.000000  0.009766
 823.000000  0.011694
 824.000000  0.012182
 825.000000  0.011450
 826.000000  0.009717
 827.000000  0.011254
 828.000000  0.009766
 829.000000  0.011010
 830.000000  0.009692
 831.000000  0.010791
 832.000000  0.009717
 833.000000  0.010791
 834.000000  0.009521
 835.000000  0.010644
 836.000000  0.012036
 837.000000  0.010571
 838.000000  0.009644
 839.000000  0.010302
 840.000000  0.009521
 841.000000  0.010083
 842.000000  0.011987
 843.000000  0.010400
 844.000000  0.009424
 845.000000  0.008179
 846.000000  0.011743
 847.000000  0.010327
 848.000000  0.009253
 849.000000  0.010058
 850.000000  0.009155
 851.000000  0.010131
 852.000000  0.009277
 853.000000  0.007471
 854.000000  0.011767
 855.000000  0.009936
 856.000000  0.009204
 857.000000  0.007373
 858.000000  0.008887
 859.000000  0.007446
 860.000000  0.011401
 861.000000  0.009838
 862.000000  0.008569
 863.000000  0.007422
 864.000000  0.008227
 865.000000  0.009912
 866.000000  0.011059
 867.000000  0.007495
 868.000000  0.008691
 869.000000  0.009814
 870.000000  0.008545
 871.000000  0.009790
 872.000000  0.008496
 873.000000  0.009863
 874.000000  0.008130
 875.000000  0.009863
 876.000000  0.007910
 877.000000  0.007373
 878.000000  0.008154
 879.000000  0.007349
 880.000000  0.007837
 881.000000  0.009814
 882.000000  0.007959
 883.000000  0.009790
 884.000000  0.008008
 885.000000  0.009814
 886.000000  0.007812
 887.000000  0.007324
 888.000000  0.007983
 889.000000  0.009765
 890.000000  0.007959
 891.000000  0.009838
 892.000000  0.007739
 893.000000  0.009790
 894.000000  0.007666
 895.000000  0.009765
 896.000000  0.007544
 897.000000  0.009814
 898.000000  0.007568
 899.000000  0.009741
 900.000000  0.007617
 901.000000  0.009765
 902.000000  0.009936
 903.000000  0.009765
 904.000000  0.007495
 905.000000  0.009741
 906.000000  0.009863
 907.000000  0.009790
 908.000000  0.009887
 909.000000  0.009765
 910.000000  0.007544
 911.000000  0.009741
 912.000000  0.007544
 913.000000  0.009668
 914.000000  0.007349
 915.000000  0.009765
 916.000000  0.007471
 917.000000  0.009741
 918.000000  0.009936
 919.000000  0.009790
 920.000000  0.009912
 921.000000  0.009765
 922.000000  0.007495
 923.000000  0.009716
 924.000000  0.007422
 925.000000  0.009741
 926.000000  0.007422
 927.000000  0.009741
 928.000000  0.007422
 929.000000  0.009716
 930.000000  0.007397
 931.000000  0.009741
 932.000000  0.007422
 933.000000  0.009741
 934.000000  0.007349
 935.000000  0.009741
 936.000000  0.007495
 937.000000  0.009741
 938.000000  0.007471
 939.000000  0.009668
 940.000000  0.007446
 941.000000  0.009716
 942.000000  0.007373
 943.000000  0.009765
 944.000000  0.007349
 945.000000  0.007227
 946.000000  0.009838
 947.000000  0.009741
 948.000000  0.007349
 949.000000  0.009716
 950.000000  0.009765
 951.000000  0.009692
 952.000000  0.007349
 953.000000  0.009741
 954.000000  0.007397
 955.000000  0.009692
 956.000000  0.007349
 957.000000  0.009716
 958.000000  0.007324
 959.000000  0.007251
 960.000000  0.007324
 961.000000  0.007275
 962.000000  0.009765
 963.000000  0.007227
 964.000000  0.007324
 965.000000  0.009765
 966.000000  0.007324
 967.000000  0.009765
 968.000000  0.007324
 969.000000  0.009716
 970.000000  0.009765
 971.000000  0.009716
 972.000000  0.007324
 973.000000  0.009716
 974.000000  0.007324
 975.000000  0.009619
 976.000000  0.007324
 977.000000  0.009594
 978.000000  0.007324
 979.000000  0.009668
 980.000000  0.007349
 981.000000  0.009765
 982.000000  0.007349
 983.000000  0.007275
 984.000000  0.007349
 985.000000  0.009692
 986.000000  0.007324
 987.000000  0.009692
 988.000000  0.009790
 989.000000  0.009668
 990.000000  0.007349
 991.000000  0.009545
 992.000000  0.007349
 993.000000  0.009619
 994.000000  0.007349
 995.000000  0.009570
 996.000000  0.007275
 997.000000  0.009716
 998.000000  0.009765
 999.000000  0.009570
 1000.000000  0.009765
 1001.000000  0.009497
 1002.000000  0.007324
 1003.000000  0.009423
 1004.000000  0.007300
 1005.000000  0.009643
 1006.000000  0.007349
 1007.000000  0.009399
 1008.000000  0.007324
 1009.000000  0.009619
 1010.000000  0.007324
 1011.000000  0.009668
 1012.000000  0.007324
 1013.000000  0.009619
 1014.000000  0.007373
 1015.000000  0.009472
 1016.000000  0.007275
 1017.000000  0.009448
 1018.000000  0.007324
 1019.000000  0.009497
 1020.000000  0.007324
 1021.000000  0.009155
 1022.000000  0.007324
 1023.000000  0.009472
