 0.000000  0.007446
 1.000000  0.007324
 2.000000  0.007324
 3.000000  0.007324
 4.000000  0.007324
 5.000000  0.007324
 6.000000  0.007397
 7.000000  0.007324
 8.000000  0.007324
 9.000000  0.007324
 10.000000  0.007324
 11.000000  0.007300
 12.000000  0.007349
 13.000000  0.007324
 14.000000  0.007324
 15.000000  0.007324
 16.000000  0.007373
 17.000000  0.007324
 18.000000  0.007349
 19.000000  0.007324
 20.000000  0.007349
 21.000000  0.007324
 22.000000  0.007324
 23.000000  0.007324
 24.000000  0.007324
 25.000000  0.007324
 26.000000  0.007422
 27.000000  0.009765
 28.000000  0.007324
 29.000000  0.007324
 30.000000  0.007324
 31.000000  0.007324
 32.000000  0.007324
 33.000000  0.007324
 34.000000  0.007324
 35.000000  0.007324
 36.000000  0.007373
 37.000000  0.007324
 38.000000  0.007349
 39.000000  0.009765
 40.000000  0.007349
 41.000000  0.007300
 42.000000  0.007349
 43.000000  0.007324
 44.000000  0.007324
 45.000000  0.007324
 46.000000  0.007397
 47.000000  0.007324
 48.000000  0.007324
 49.000000  0.007300
 50.000000  0.007324
 51.000000  0.007324
 52.000000  0.007349
 53.000000  0.007275
 54.000000  0.007349
 55.000000  0.007275
 56.000000  0.007446
 57.000000  0.007300
 58.000000  0.007397
 59.000000  0.009716
 60.000000  0.007397
 61.000000  0.009716
 62.000000  0.007349
 63.000000  0.007251
 64.000000  0.007422
 65.000000  0.007251
 66.000000  0.007471
 67.000000  0.009765
 68.000000  0.007373
 69.000000  0.007227
 70.000000  0.007373
 71.000000  0.007300
 72.000000  0.007349
 73.000000  0.007275
 74.000000  0.007446
 75.000000  0.007227
 76.000000  0.007471
 77.000000  0.007300
 78.000000  0.007446
 79.000000  0.007275
 80.000000  0.007422
 81.000000  0.007251
 82.000000  0.007397
 83.000000  0.007275
 84.000000  0.007324
 85.000000  0.007251
 86.000000  0.007446
 87.000000  0.007227
 88.000000  0.007422
 89.000000  0.007202
 90.000000  0.007471
 91.000000  0.007129
 92.000000  0.007446
 93.000000  0.007324
 94.000000  0.007519
 95.000000  0.007251
 96.000000  0.007446
 97.000000  0.007227
 98.000000  0.007544
 99.000000  0.007251
 100.000000  0.007446
 101.000000  0.009643
 102.000000  0.007446
 103.000000  0.009790
 104.000000  0.007422
 105.000000  0.007275
 106.000000  0.007568
 107.000000  0.007251
 108.000000  0.007519
 109.000000  0.009692
 110.000000  0.007397
 111.000000  0.007275
 112.000000  0.007349
 113.000000  0.007324
 114.000000  0.007471
 115.000000  0.007324
 116.000000  0.007373
 117.000000  0.007324
 118.000000  0.007373
 119.000000  0.007275
 120.000000  0.007446
 121.000000  0.007324
 122.000000  0.007397
 123.000000  0.007251
 124.000000  0.007373
 125.000000  0.007251
 126.000000  0.007422
 127.000000  0.009716
 128.000000  0.007373
 129.000000  0.007324
 130.000000  0.007349
 131.000000  0.009716
 132.000000  0.007324
 133.000000  0.007324
 134.000000  0.007422
 135.000000  0.009741
 136.000000  0.007422
 137.000000  0.007300
 138.000000  0.007397
 139.000000  0.007275
 140.000000  0.007373
 141.000000  0.007324
 142.000000  0.007397
 143.000000  0.007324
 144.000000  0.007324
 145.000000  0.009741
 146.000000  0.007349
 147.000000  0.007324
 148.000000  0.007397
 149.000000  0.009741
 150.000000  0.007349
 151.000000  0.007324
 152.000000  0.007397
 153.000000  0.007324
 154.000000  0.007373
 155.000000  0.007324
 156.000000  0.007373
 157.000000  0.009741
 158.000000  0.007324
 159.000000  0.007300
 160.000000  0.007349
 161.000000  0.007300
 162.000000  0.007324
 163.000000  0.007275
 164.000000  0.007324
 165.000000  0.007324
 166.000000  0.007324
 167.000000  0.007300
 168.000000  0.007349
 169.000000  0.009741
 170.000000  0.007349
 171.000000  0.007324
 172.000000  0.007324
 173.000000  0.007324
 174.000000  0.007324
 175.000000  0.007324
 176.000000  0.007324
 177.000000  0.007324
 178.000000  0.007397
 179.000000  0.009765
 180.000000  0.007324
 181.000000  0.007300
 182.000000  0.007324
 183.000000  0.007324
 184.000000  0.007324
 185.000000  0.007324
 186.000000  0.007373
 187.000000  0.007324
 188.000000  0.007373
 189.000000  0.007324
 190.000000  0.007324
 191.000000  0.007227
 192.000000  0.007349
 193.000000  0.007300
 194.000000  0.007373
 195.000000  0.007324
 196.000000  0.009838
 197.000000  0.007324
 198.000000  0.007422
 199.000000  0.009668
 200.000000  0.007349
 201.000000  0.009741
 202.000000  0.007324
 203.000000  0.007300
 204.000000  0.007373
 205.000000  0.007300
 206.000000  0.007397
 207.000000  0.007275
 208.000000  0.007373
 209.000000  0.009716
 210.000000  0.007373
 211.000000  0.007275
 212.000000  0.007373
 213.000000  0.009643
 214.000000  0.007422
 215.000000  0.007227
 216.000000  0.007373
 217.000000  0.007227
 218.000000  0.007349
 219.000000  0.009716
 220.000000  0.007397
 221.000000  0.007251
 222.000000  0.007446
 223.000000  0.007251
 224.000000  0.007446
 225.000000  0.007251
 226.000000  0.007397
 227.000000  0.009668
 228.000000  0.007568
 229.000000  0.009692
 230.000000  0.007446
 231.000000  0.007251
 232.000000  0.007544
 233.000000  0.009716
 234.000000  0.007397
 235.000000  0.007251
 236.000000  0.007397
 237.000000  0.007251
 238.000000  0.007422
 239.000000  0.009619
 240.000000  0.007373
 241.000000  0.007202
 242.000000  0.007519
 243.000000  0.009668
 244.000000  0.007422
 245.000000  0.007251
 246.000000  0.007422
 247.000000  0.007227
 248.000000  0.007544
 249.000000  0.007178
 250.000000  0.007471
 251.000000  0.007202
 252.000000  0.007519
 253.000000  0.007202
 254.000000  0.007471
 255.000000  0.009668
 256.000000  0.007544
 257.000000  0.007324
 258.000000  0.007349
 259.000000  0.007153
 260.000000  0.007373
 261.000000  0.007202
 262.000000  0.007397
 263.000000  0.009692
 264.000000  0.007373
 265.000000  0.009692
 266.000000  0.007373
 267.000000  0.009692
 268.000000  0.007397
 269.000000  0.009765
 270.000000  0.007495
 271.000000  0.007300
 272.000000  0.007422
 273.000000  0.007300
 274.000000  0.007349
 275.000000  0.009765
 276.000000  0.007422
 277.000000  0.009741
 278.000000  0.007471
 279.000000  0.007324
 280.000000  0.007397
 281.000000  0.009741
 282.000000  0.007519
 283.000000  0.009741
 284.000000  0.007397
 285.000000  0.007324
 286.000000  0.007373
 287.000000  0.007300
 288.000000  0.007373
 289.000000  0.009765
 290.000000  0.007373
 291.000000  0.007275
 292.000000  0.007471
 293.000000  0.007300
 294.000000  0.007373
 295.000000  0.009765
 296.000000  0.007422
 297.000000  0.009765
 298.000000  0.007373
 299.000000  0.009765
 300.000000  0.007349
 301.000000  0.007324
 302.000000  0.007397
 303.000000  0.009765
 304.000000  0.007495
 305.000000  0.007324
 306.000000  0.007471
 307.000000  0.009790
 308.000000  0.007422
 309.000000  0.009765
 310.000000  0.007519
 311.000000  0.007324
 312.000000  0.007495
 313.000000  0.007324
 314.000000  0.007446
 315.000000  0.009765
 316.000000  0.007446
 317.000000  0.007324
 318.000000  0.007422
 319.000000  0.007324
 320.000000  0.007593
 321.000000  0.009765
 322.000000  0.007397
 323.000000  0.009765
 324.000000  0.007373
 325.000000  0.007324
 326.000000  0.007471
 327.000000  0.007324
 328.000000  0.007397
 329.000000  0.009765
 330.000000  0.007471
 331.000000  0.009765
 332.000000  0.007593
 333.000000  0.009765
 334.000000  0.007544
 335.000000  0.009765
 336.000000  0.007544
 337.000000  0.007324
 338.000000  0.007788
 339.000000  0.007324
 340.000000  0.007568
 341.000000  0.009765
 342.000000  0.010009
 343.000000  0.009765
 344.000000  0.007715
 345.000000  0.009765
 346.000000  0.007690
 347.000000  0.007324
 348.000000  0.007617
 349.000000  0.009765
 350.000000  0.007739
 351.000000  0.009765
 352.000000  0.007715
 353.000000  0.009765
 354.000000  0.007959
 355.000000  0.007324
 356.000000  0.007690
 357.000000  0.007324
 358.000000  0.008081
 359.000000  0.009765
 360.000000  0.008179
 361.000000  0.007324
 362.000000  0.007788
 363.000000  0.009765
 364.000000  0.007788
 365.000000  0.007324
 366.000000  0.008179
 367.000000  0.007349
 368.000000  0.008154
 369.000000  0.007349
 370.000000  0.008008
 371.000000  0.009863
 372.000000  0.008252
 373.000000  0.009863
 374.000000  0.008350
 375.000000  0.009765
 376.000000  0.008496
 377.000000  0.007373
 378.000000  0.008496
 379.000000  0.007422
 380.000000  0.008374
 381.000000  0.009912
 382.000000  0.008325
 383.000000  0.007349
 384.000000  0.008740
 385.000000  0.007446
 386.000000  0.008765
 387.000000  0.009741
 388.000000  0.008447
 389.000000  0.009887
 390.000000  0.008569
 391.000000  0.010058
 392.000000  0.008691
 393.000000  0.007471
 394.000000  0.008472
 395.000000  0.007593
 396.000000  0.008887
 397.000000  0.007544
 398.000000  0.008765
 399.000000  0.007642
 400.000000  0.008960
 401.000000  0.009912
 402.000000  0.008838
 403.000000  0.007886
 404.000000  0.009009
 405.000000  0.007788
 406.000000  0.008936
 407.000000  0.007715
 408.000000  0.009009
 409.000000  0.010205
 410.000000  0.009180
 411.000000  0.010034
 412.000000  0.009082
 413.000000  0.007764
 414.000000  0.009448
 415.000000  0.010205
 416.000000  0.009033
 417.000000  0.007739
 418.000000  0.009375
 419.000000  0.007886
 420.000000  0.009131
 421.000000  0.007690
 422.000000  0.009351
 423.000000  0.007715
 424.000000  0.009497
 425.000000  0.010278
 426.000000  0.009497
 427.000000  0.010327
 428.000000  0.009570
 429.000000  0.010351
 430.000000  0.009546
 431.000000  0.010327
 432.000000  0.009692
 433.000000  0.007837
 434.000000  0.009668
 435.000000  0.010620
 436.000000  0.009497
 437.000000  0.010498
 438.000000  0.009668
 439.000000  0.010864
 440.000000  0.009692
 441.000000  0.010766
 442.000000  0.009717
 443.000000  0.010913
 444.000000  0.009741
 445.000000  0.011010
 446.000000  0.009741
 447.000000  0.008984
 448.000000  0.009741
 449.000000  0.011645
 450.000000  0.009766
 451.000000  0.011767
 452.000000  0.009741
 453.000000  0.011914
 454.000000  0.009766
 455.000000  0.011865
 456.000000  0.009766
 457.000000  0.011694
 458.000000  0.009766
 459.000000  0.011962
 460.000000  0.009766
 461.000000  0.012011
 462.000000  0.009766
 463.000000  0.012158
 464.000000  0.009766
 465.000000  0.012158
 466.000000  0.009790
 467.000000  0.009741
 468.000000  0.009814
 469.000000  0.009766
 470.000000  0.009790
 471.000000  0.012207
 472.000000  0.009814
 473.000000  0.009741
 474.000000  0.009839
 475.000000  0.012207
 476.000000  0.009961
 477.000000  0.009766
 478.000000  0.010205
 479.000000  0.012207
 480.000000  0.010352
 481.000000  0.012304
 482.000000  0.010718
 483.000000  0.009863
 484.000000  0.010620
 485.000000  0.012329
 486.000000  0.010986
 487.000000  0.009985
 488.000000  0.010889
 489.000000  0.010132
 490.000000  0.011792
 491.000000  0.013183
 492.000000  0.011743
 493.000000  0.012988
 494.000000  0.011694
 495.000000  0.013354
 496.000000  0.012134
 497.000000  0.011230
 498.000000  0.012158
 499.000000  0.014160
 500.000000  0.012207
 501.000000  0.014526
 502.000000  0.012207
 503.000000  0.014477
 504.000000  0.012207
 505.000000  0.014624
 506.000000  0.012231
 507.000000  0.012183
 508.000000  0.012329
 509.000000  0.012183
 510.000000  0.012646
 511.000000  0.014648
 512.000000  0.012500
 513.000000  0.012280
 514.000000  0.013672
 515.000000  0.012305
 516.000000  0.013135
 517.000000  0.012256
 518.000000  0.013379
 519.000000  0.012427
 520.000000  0.014453
 521.000000  0.012866
 522.000000  0.014380
 523.000000  0.015649
 524.000000  0.014575
 525.000000  0.016064
 526.000000  0.014575
 527.000000  0.015698
 528.000000  0.014526
 529.000000  0.016650
 530.000000  0.014575
 531.000000  0.016845
 532.000000  0.014648
 533.000000  0.014600
 534.000000  0.014648
 535.000000  0.014355
 536.000000  0.014673
 537.000000  0.016967
 538.000000  0.014844
 539.000000  0.017041
 540.000000  0.014819
 541.000000  0.014673
 542.000000  0.015894
 543.000000  0.014746
 544.000000  0.016406
 545.000000  0.014770
 546.000000  0.016943
 547.000000  0.018066
 548.000000  0.017041
 549.000000  0.017627
 550.000000  0.016870
 551.000000  0.019091
 552.000000  0.017090
 553.000000  0.016797
 554.000000  0.017090
 555.000000  0.017017
 556.000000  0.017310
 557.000000  0.019506
 558.000000  0.017163
 559.000000  0.019287
 560.000000  0.017847
 561.000000  0.017480
 562.000000  0.018872
 563.000000  0.020141
 564.000000  0.019360
 565.000000  0.021533
 566.000000  0.019385
 567.000000  0.021264
 568.000000  0.019409
 569.000000  0.021752
 570.000000  0.020459
 571.000000  0.022168
 572.000000  0.019995
 573.000000  0.022045
 574.000000  0.020972
 575.000000  0.023510
 576.000000  0.021924
 577.000000  0.024047
 578.000000  0.022021
 579.000000  0.024121
 580.000000  0.022095
 581.000000  0.021826
 582.000000  0.021948
 583.000000  0.024414
 584.000000  0.024292
 585.000000  0.025732
 586.000000  0.023730
 587.000000  0.024829
 588.000000  0.024145
 589.000000  0.024414
 590.000000  0.024585
 591.000000  0.026684
 592.000000  0.024902
 593.000000  0.026001
 594.000000  0.026880
 595.000000  0.029223
 596.000000  0.026660
 597.000000  0.026831
 598.000000  0.026904
 599.000000  0.029052
 600.000000  0.026855
 601.000000  0.027758
 602.000000  0.026855
 603.000000  0.031933
 604.000000  0.031689
 605.000000  0.031738
 606.000000  0.028247
 607.000000  0.031738
 608.000000  0.035986
 609.000000  0.036596
 610.000000  0.031641
 611.000000  0.030981
 612.000000  0.036840
 613.000000  0.041430
 614.000000  0.042553
 615.000000  0.034326
 616.000000  0.031738
 617.000000  0.039966
 618.000000  0.054712
 619.000000  0.065917
 620.000000  0.035791
 621.000000  0.036792
 622.000000  0.046948
 623.000000  0.062500
 624.000000  0.065942
 625.000000  0.037500
 626.000000  0.038989
 627.000000  0.053686
 628.000000  0.081348
 629.000000  0.068750
 630.000000  0.039258
 631.000000  0.047412
 632.000000  0.073535
 633.000000  0.155053
 634.000000  0.088892
 635.000000  0.069165
 636.000000  0.128833
 637.000000  0.919507
 638.000000  1.464355
 639.000000  0.482397
 640.000000  0.078906
 641.000000  0.070385
 642.000000  0.099756
 643.000000  0.132666
 644.000000  0.051855
 645.000000  0.039062
 646.000000  0.043994
 647.000000  0.044043
 648.000000  0.041504
 649.000000  0.032690
 650.000000  0.033081
 651.000000  0.034180
 652.000000  0.036230
 653.000000  0.033936
 654.000000  0.031738
 655.000000  0.031738
 656.000000  0.032202
 657.000000  0.034179
 658.000000  0.029761
 659.000000  0.027075
 660.000000  0.029224
 661.000000  0.031738
 662.000000  0.029272
 663.000000  0.029296
 664.000000  0.029296
 665.000000  0.029296
 666.000000  0.029345
 667.000000  0.028002
 668.000000  0.024487
 669.000000  0.024463
 670.000000  0.026831
 671.000000  0.024512
 672.000000  0.024463
 673.000000  0.025659
 674.000000  0.026586
 675.000000  0.026855
 676.000000  0.024414
 677.000000  0.025244
 678.000000  0.023730
 679.000000  0.024389
 680.000000  0.023584
 681.000000  0.021948
 682.000000  0.023755
 683.000000  0.024438
 684.000000  0.022217
 685.000000  0.024316
 686.000000  0.021948
 687.000000  0.021069
 688.000000  0.024292
 689.000000  0.019873
 690.000000  0.023901
 691.000000  0.021923
 692.000000  0.020386
 693.000000  0.021923
 694.000000  0.019531
 695.000000  0.021386
 696.000000  0.021997
 697.000000  0.021557
 698.000000  0.019019
 699.000000  0.020214
 700.000000  0.019214
 701.000000  0.017236
 702.000000  0.017554
 703.000000  0.017065
 704.000000  0.019970
 705.000000  0.019531
 706.000000  0.017163
 707.000000  0.016943
 708.000000  0.017090
 709.000000  0.019067
 710.000000  0.017065
 711.000000  0.018408
 712.000000  0.016821
 713.000000  0.017919
 714.000000  0.016772
 715.000000  0.017675
 716.000000  0.016650
 717.000000  0.017407
 718.000000  0.016577
 719.000000  0.017260
 720.000000  0.015820
 721.000000  0.017358
 722.000000  0.015210
 723.000000  0.017089
 724.000000  0.015015
 725.000000  0.016992
 726.000000  0.014746
 727.000000  0.016845
 728.000000  0.014697
 729.000000  0.014233
 730.000000  0.014502
 731.000000  0.016406
 732.000000  0.014526
 733.000000  0.016357
 734.000000  0.017016
 735.000000  0.015625
 736.000000  0.014355
 737.000000  0.015283
 738.000000  0.013159
 739.000000  0.014794
 740.000000  0.013232
 741.000000  0.014672
 742.000000  0.012769
 743.000000  0.012256
 744.000000  0.012671
 745.000000  0.014672
 746.000000  0.012256
 747.000000  0.012183
 748.000000  0.012231
 749.000000  0.014624
 750.000000  0.012207
 751.000000  0.014477
 752.000000  0.014648
 753.000000  0.014477
 754.000000  0.012207
 755.000000  0.013720
 756.000000  0.012085
 757.000000  0.013208
 758.000000  0.011816
 759.000000  0.010547
 760.000000  0.011523
 761.000000  0.013012
 762.000000  0.011792
 763.000000  0.012646
 764.000000  0.011230
 765.000000  0.012329
 766.000000  0.010644
 767.000000  0.009863
 768.000000  0.010132
 769.000000  0.012207
 770.000000  0.010107
 771.000000  0.012207
 772.000000  0.010034
 773.000000  0.012207
 774.000000  0.012304
 775.000000  0.012207
 776.000000  0.012304
 777.000000  0.012207
 778.000000  0.009790
 779.000000  0.009766
 780.000000  0.009766
 781.000000  0.009717
 782.000000  0.012207
 783.000000  0.012158
 784.000000  0.009766
 785.000000  0.012182
 786.000000  0.009766
 787.000000  0.012109
 788.000000  0.012231
 789.000000  0.011962
 790.000000  0.009766
 791.000000  0.011792
 792.000000  0.009766
 793.000000  0.011621
 794.000000  0.009766
 795.000000  0.011450
 796.000000  0.009766
 797.000000  0.011377
 798.000000  0.009717
 799.000000  0.011425
 800.000000  0.009766
 801.000000  0.011084
 802.000000  0.012207
 803.000000  0.010766
 804.000000  0.009595
 805.000000  0.010669
 806.000000  0.009595
 807.000000  0.010546
 808.000000  0.012085
 809.000000  0.007764
 810.000000  0.009424
 811.000000  0.007642
 812.000000  0.009692
 813.000000  0.007568
 814.000000  0.009424
 815.000000  0.010229
 816.000000  0.009497
 817.000000  0.009961
 818.000000  0.009351
 819.000000  0.010009
 820.000000  0.009058
 821.000000  0.009912
 822.000000  0.009009
 823.000000  0.010009
 824.000000  0.011523
 825.000000  0.009814
 826.000000  0.008862
 827.000000  0.009765
 828.000000  0.009009
 829.000000  0.009838
 830.000000  0.008520
 831.000000  0.009838
 832.000000  0.008130
 833.000000  0.009790
 834.000000  0.008325
 835.000000  0.009814
 836.000000  0.011010
 837.000000  0.009765
 838.000000  0.008423
 839.000000  0.009790
 840.000000  0.008350
 841.000000  0.009790
 842.000000  0.010644
 843.000000  0.009838
 844.000000  0.007935
 845.000000  0.007422
 846.000000  0.010351
 847.000000  0.009863
 848.000000  0.007812
 849.000000  0.009814
 850.000000  0.008008
 851.000000  0.009765
 852.000000  0.007861
 853.000000  0.007349
 854.000000  0.010449
 855.000000  0.009838
 856.000000  0.007812
 857.000000  0.007275
 858.000000  0.007812
 859.000000  0.007349
 860.000000  0.010034
 861.000000  0.009765
 862.000000  0.007593
 863.000000  0.007300
 864.000000  0.007495
 865.000000  0.009863
 866.000000  0.010034
 867.000000  0.007349
 868.000000  0.007690
 869.000000  0.009790
 870.000000  0.007642
 871.000000  0.009790
 872.000000  0.007788
 873.000000  0.009863
 874.000000  0.007471
 875.000000  0.009741
 876.000000  0.007519
 877.000000  0.007275
 878.000000  0.007544
 879.000000  0.007275
 880.000000  0.007568
 881.000000  0.009741
 882.000000  0.007568
 883.000000  0.009692
 884.000000  0.007446
 885.000000  0.009716
 886.000000  0.007397
 887.000000  0.007178
 888.000000  0.007471
 889.000000  0.009716
 890.000000  0.007544
 891.000000  0.009765
 892.000000  0.007495
 893.000000  0.009765
 894.000000  0.007349
 895.000000  0.009790
 896.000000  0.007422
 897.000000  0.009741
 898.000000  0.007373
 899.000000  0.009716
 900.000000  0.007349
 901.000000  0.009716
 902.000000  0.009790
 903.000000  0.009765
 904.000000  0.007349
 905.000000  0.009692
 906.000000  0.009765
 907.000000  0.009594
 908.000000  0.009765
 909.000000  0.009741
 910.000000  0.007324
 911.000000  0.009765
 912.000000  0.007373
 913.000000  0.009716
 914.000000  0.007324
 915.000000  0.009692
 916.000000  0.007349
 917.000000  0.009741
 918.000000  0.009790
 919.000000  0.009668
 920.000000  0.009765
 921.000000  0.009668
 922.000000  0.007324
 923.000000  0.009570
 924.000000  0.007324
 925.000000  0.009643
 926.000000  0.007324
 927.000000  0.009741
 928.000000  0.007324
 929.000000  0.009619
 930.000000  0.007324
 931.000000  0.009716
 932.000000  0.007324
 933.000000  0.009692
 934.000000  0.007324
 935.000000  0.009741
 936.000000  0.007349
 937.000000  0.009594
 938.000000  0.007324
 939.000000  0.009741
 940.000000  0.007324
 941.000000  0.009643
 942.000000  0.007324
 943.000000  0.009594
 944.000000  0.007324
 945.000000  0.007227
 946.000000  0.009765
 947.000000  0.009741
 948.000000  0.007324
 949.000000  0.009521
 950.000000  0.009765
 951.000000  0.009692
 952.000000  0.007324
 953.000000  0.009692
 954.000000  0.007300
 955.000000  0.009716
 956.000000  0.007324
 957.000000  0.009643
 958.000000  0.007324
 959.000000  0.007129
 960.000000  0.007324
 961.000000  0.007153
 962.000000  0.009765
 963.000000  0.007178
 964.000000  0.007324
 965.000000  0.009692
 966.000000  0.007324
 967.000000  0.009594
 968.000000  0.007324
 969.000000  0.009594
 970.000000  0.009765
 971.000000  0.009375
 972.000000  0.007324
 973.000000  0.009545
 974.000000  0.007324
 975.000000  0.009643
 976.000000  0.007324
 977.000000  0.009643
 978.000000  0.007324
 979.000000  0.009472
 980.000000  0.007324
 981.000000  0.009716
 982.000000  0.007324
 983.000000  0.007153
 984.000000  0.007324
 985.000000  0.009619
 986.000000  0.007324
 987.000000  0.009399
 988.000000  0.009765
 989.000000  0.009301
 990.000000  0.007300
 991.000000  0.009497
 992.000000  0.007300
 993.000000  0.009326
 994.000000  0.007275
 995.000000  0.009521
 996.000000  0.007324
 997.000000  0.009472
 998.000000  0.009716
 999.000000  0.009472
 1000.000000  0.009741
 1001.000000  0.009399
 1002.000000  0.007275
 1003.000000  0.009301
 1004.000000  0.007275
 1005.000000  0.009082
 1006.000000  0.007324
 1007.000000  0.009326
 1008.000000  0.007300
 1009.000000  0.009350
 1010.000000  0.007300
 1011.000000  0.009472
 1012.000000  0.007202
 1013.000000  0.009326
 1014.000000  0.007202
 1015.000000  0.009179
 1016.000000  0.007227
 1017.000000  0.009350
 1018.000000  0.007300
 1019.000000  0.009252
 1020.000000  0.007227
 1021.000000  0.008862
 1022.000000  0.007300
 1023.000000  0.009057
