 0.000000  0.007373
 1.000000  0.007324
 2.000000  0.007373
 3.000000  0.007324
 4.000000  0.007349
 5.000000  0.007300
 6.000000  0.007324
 7.000000  0.007324
 8.000000  0.007349
 9.000000  0.007324
 10.000000  0.007349
 11.000000  0.007324
 12.000000  0.007373
 13.000000  0.007324
 14.000000  0.007373
 15.000000  0.007324
 16.000000  0.007324
 17.000000  0.007324
 18.000000  0.007373
 19.000000  0.007324
 20.000000  0.007324
 21.000000  0.007324
 22.000000  0.007349
 23.000000  0.007324
 24.000000  0.007397
 25.000000  0.007324
 26.000000  0.007471
 27.000000  0.009765
 28.000000  0.007373
 29.000000  0.007324
 30.000000  0.007324
 31.000000  0.007324
 32.000000  0.007373
 33.000000  0.007324
 34.000000  0.007422
 35.000000  0.007324
 36.000000  0.007349
 37.000000  0.007300
 38.000000  0.007397
 39.000000  0.009765
 40.000000  0.007373
 41.000000  0.007324
 42.000000  0.007471
 43.000000  0.007324
 44.000000  0.007397
 45.000000  0.007251
 46.000000  0.007397
 47.000000  0.007300
 48.000000  0.007446
 49.000000  0.007129
 50.000000  0.007275
 51.000000  0.007178
 52.000000  0.007300
 53.000000  0.006909
 54.000000  0.008057
 55.000000  0.007275
 56.000000  0.008301
 57.000000  0.007300
 58.000000  0.008032
 59.000000  0.009252
 60.000000  0.007300
 61.000000  0.009668
 62.000000  0.007495
 63.000000  0.007275
 64.000000  0.007471
 65.000000  0.007324
 66.000000  0.007471
 67.000000  0.009741
 68.000000  0.007422
 69.000000  0.007251
 70.000000  0.007471
 71.000000  0.007324
 72.000000  0.007422
 73.000000  0.007324
 74.000000  0.007495
 75.000000  0.007324
 76.000000  0.007642
 77.000000  0.007324
 78.000000  0.007397
 79.000000  0.007275
 80.000000  0.007495
 81.000000  0.007324
 82.000000  0.007422
 83.000000  0.007324
 84.000000  0.007373
 85.000000  0.007300
 86.000000  0.007422
 87.000000  0.007324
 88.000000  0.007422
 89.000000  0.007324
 90.000000  0.007544
 91.000000  0.007324
 92.000000  0.007471
 93.000000  0.007324
 94.000000  0.007397
 95.000000  0.007324
 96.000000  0.007446
 97.000000  0.007300
 98.000000  0.007471
 99.000000  0.007324
 100.000000  0.007422
 101.000000  0.009741
 102.000000  0.007373
 103.000000  0.009765
 104.000000  0.007349
 105.000000  0.007324
 106.000000  0.007568
 107.000000  0.007324
 108.000000  0.007495
 109.000000  0.009765
 110.000000  0.007373
 111.000000  0.007324
 112.000000  0.007349
 113.000000  0.007324
 114.000000  0.007324
 115.000000  0.007324
 116.000000  0.007324
 117.000000  0.007324
 118.000000  0.007495
 119.000000  0.007324
 120.000000  0.007422
 121.000000  0.007324
 122.000000  0.007373
 123.000000  0.007324
 124.000000  0.007397
 125.000000  0.007324
 126.000000  0.007422
 127.000000  0.009765
 128.000000  0.007397
 129.000000  0.007324
 130.000000  0.007397
 131.000000  0.009765
 132.000000  0.007324
 133.000000  0.007324
 134.000000  0.007446
 135.000000  0.009765
 136.000000  0.007373
 137.000000  0.007324
 138.000000  0.007397
 139.000000  0.007324
 140.000000  0.007422
 141.000000  0.007300
 142.000000  0.007471
 143.000000  0.007324
 144.000000  0.007349
 145.000000  0.009765
 146.000000  0.007373
 147.000000  0.007324
 148.000000  0.007446
 149.000000  0.009765
 150.000000  0.007422
 151.000000  0.007324
 152.000000  0.007373
 153.000000  0.007324
 154.000000  0.007471
 155.000000  0.007324
 156.000000  0.007471
 157.000000  0.009765
 158.000000  0.007422
 159.000000  0.007324
 160.000000  0.007495
 161.000000  0.007324
 162.000000  0.007373
 163.000000  0.007324
 164.000000  0.007397
 165.000000  0.007324
 166.000000  0.007324
 167.000000  0.007324
 168.000000  0.007544
 169.000000  0.009765
 170.000000  0.007422
 171.000000  0.007324
 172.000000  0.007349
 173.000000  0.007324
 174.000000  0.007349
 175.000000  0.007324
 176.000000  0.007422
 177.000000  0.007300
 178.000000  0.007446
 179.000000  0.009765
 180.000000  0.007397
 181.000000  0.007324
 182.000000  0.007397
 183.000000  0.007324
 184.000000  0.007642
 185.000000  0.007324
 186.000000  0.007642
 187.000000  0.007324
 188.000000  0.007495
 189.000000  0.007324
 190.000000  0.007544
 191.000000  0.007324
 192.000000  0.007519
 193.000000  0.007324
 194.000000  0.007471
 195.000000  0.007349
 196.000000  0.009936
 197.000000  0.007275
 198.000000  0.007422
 199.000000  0.009765
 200.000000  0.007519
 201.000000  0.009741
 202.000000  0.007446
 203.000000  0.007300
 204.000000  0.007568
 205.000000  0.007471
 206.000000  0.007568
 207.000000  0.007324
 208.000000  0.007861
 209.000000  0.009961
 210.000000  0.007422
 211.000000  0.007153
 212.000000  0.007666
 213.000000  0.009033
 214.000000  0.007519
 215.000000  0.007324
 216.000000  0.008325
 217.000000  0.007324
 218.000000  0.007642
 219.000000  0.009741
 220.000000  0.007739
 221.000000  0.007324
 222.000000  0.007519
 223.000000  0.007324
 224.000000  0.007568
 225.000000  0.007300
 226.000000  0.007349
 227.000000  0.009741
 228.000000  0.007519
 229.000000  0.009765
 230.000000  0.007642
 231.000000  0.007300
 232.000000  0.007788
 233.000000  0.009716
 234.000000  0.007495
 235.000000  0.007324
 236.000000  0.007568
 237.000000  0.007324
 238.000000  0.007739
 239.000000  0.009765
 240.000000  0.007617
 241.000000  0.007324
 242.000000  0.007666
 243.000000  0.009741
 244.000000  0.007422
 245.000000  0.007300
 246.000000  0.007495
 247.000000  0.007324
 248.000000  0.007593
 249.000000  0.007300
 250.000000  0.007422
 251.000000  0.007324
 252.000000  0.007690
 253.000000  0.007300
 254.000000  0.007519
 255.000000  0.009814
 256.000000  0.007568
 257.000000  0.007324
 258.000000  0.007568
 259.000000  0.007324
 260.000000  0.007568
 261.000000  0.007324
 262.000000  0.007495
 263.000000  0.009765
 264.000000  0.007397
 265.000000  0.009765
 266.000000  0.007544
 267.000000  0.009765
 268.000000  0.007495
 269.000000  0.009765
 270.000000  0.007617
 271.000000  0.007324
 272.000000  0.007446
 273.000000  0.007324
 274.000000  0.007568
 275.000000  0.009765
 276.000000  0.007519
 277.000000  0.009765
 278.000000  0.007568
 279.000000  0.007324
 280.000000  0.007837
 281.000000  0.009765
 282.000000  0.007812
 283.000000  0.009765
 284.000000  0.007764
 285.000000  0.007324
 286.000000  0.007642
 287.000000  0.007324
 288.000000  0.007568
 289.000000  0.009765
 290.000000  0.007739
 291.000000  0.007324
 292.000000  0.007666
 293.000000  0.007324
 294.000000  0.008227
 295.000000  0.009765
 296.000000  0.008203
 297.000000  0.009765
 298.000000  0.008203
 299.000000  0.009790
 300.000000  0.008032
 301.000000  0.007324
 302.000000  0.008154
 303.000000  0.009765
 304.000000  0.008594
 305.000000  0.007324
 306.000000  0.008276
 307.000000  0.009765
 308.000000  0.008618
 309.000000  0.009765
 310.000000  0.008398
 311.000000  0.007349
 312.000000  0.008472
 313.000000  0.007324
 314.000000  0.008643
 315.000000  0.009790
 316.000000  0.008862
 317.000000  0.007349
 318.000000  0.008618
 319.000000  0.007349
 320.000000  0.008618
 321.000000  0.009790
 322.000000  0.008838
 323.000000  0.009814
 324.000000  0.008545
 325.000000  0.007349
 326.000000  0.008716
 327.000000  0.007373
 328.000000  0.008643
 329.000000  0.009863
 330.000000  0.009082
 331.000000  0.009765
 332.000000  0.008984
 333.000000  0.009838
 334.000000  0.008789
 335.000000  0.009961
 336.000000  0.009058
 337.000000  0.007373
 338.000000  0.009302
 339.000000  0.007397
 340.000000  0.009204
 341.000000  0.010180
 342.000000  0.011401
 343.000000  0.009838
 344.000000  0.009277
 345.000000  0.009912
 346.000000  0.009497
 347.000000  0.007422
 348.000000  0.009424
 349.000000  0.010058
 350.000000  0.009375
 351.000000  0.009961
 352.000000  0.009473
 353.000000  0.010107
 354.000000  0.009106
 355.000000  0.007666
 356.000000  0.009375
 357.000000  0.007617
 358.000000  0.009497
 359.000000  0.010400
 360.000000  0.009595
 361.000000  0.007642
 362.000000  0.009521
 363.000000  0.010205
 364.000000  0.009033
 365.000000  0.008276
 366.000000  0.009473
 367.000000  0.008716
 368.000000  0.009448
 369.000000  0.008960
 370.000000  0.009424
 371.000000  0.010620
 372.000000  0.008887
 373.000000  0.010522
 374.000000  0.009668
 375.000000  0.010742
 376.000000  0.009546
 377.000000  0.008179
 378.000000  0.009644
 379.000000  0.008496
 380.000000  0.009692
 381.000000  0.011352
 382.000000  0.009619
 383.000000  0.008862
 384.000000  0.009766
 385.000000  0.008813
 386.000000  0.009692
 387.000000  0.011035
 388.000000  0.009692
 389.000000  0.011303
 390.000000  0.009717
 391.000000  0.011377
 392.000000  0.009741
 393.000000  0.008960
 394.000000  0.009766
 395.000000  0.009058
 396.000000  0.009741
 397.000000  0.009131
 398.000000  0.009766
 399.000000  0.009009
 400.000000  0.009766
 401.000000  0.011816
 402.000000  0.009766
 403.000000  0.009570
 404.000000  0.009766
 405.000000  0.009668
 406.000000  0.009766
 407.000000  0.009570
 408.000000  0.009766
 409.000000  0.012085
 410.000000  0.009766
 411.000000  0.012133
 412.000000  0.009766
 413.000000  0.009692
 414.000000  0.009766
 415.000000  0.012182
 416.000000  0.009766
 417.000000  0.009741
 418.000000  0.009766
 419.000000  0.009766
 420.000000  0.009790
 421.000000  0.009766
 422.000000  0.009766
 423.000000  0.009766
 424.000000  0.009766
 425.000000  0.012207
 426.000000  0.009766
 427.000000  0.012207
 428.000000  0.009814
 429.000000  0.012182
 430.000000  0.010010
 431.000000  0.012207
 432.000000  0.009814
 433.000000  0.009766
 434.000000  0.010010
 435.000000  0.012207
 436.000000  0.009790
 437.000000  0.012207
 438.000000  0.009936
 439.000000  0.012207
 440.000000  0.010059
 441.000000  0.012207
 442.000000  0.010547
 443.000000  0.012207
 444.000000  0.010962
 445.000000  0.012304
 446.000000  0.011352
 447.000000  0.010278
 448.000000  0.011328
 449.000000  0.012646
 450.000000  0.011352
 451.000000  0.012817
 452.000000  0.011645
 453.000000  0.013305
 454.000000  0.012085
 455.000000  0.013671
 456.000000  0.012134
 457.000000  0.014184
 458.000000  0.012207
 459.000000  0.014355
 460.000000  0.012207
 461.000000  0.014599
 462.000000  0.012207
 463.000000  0.014624
 464.000000  0.012231
 465.000000  0.014624
 466.000000  0.012256
 467.000000  0.012207
 468.000000  0.012378
 469.000000  0.012207
 470.000000  0.012598
 471.000000  0.014672
 472.000000  0.012891
 473.000000  0.012256
 474.000000  0.013672
 475.000000  0.014721
 476.000000  0.014062
 477.000000  0.012329
 478.000000  0.014258
 479.000000  0.015112
 480.000000  0.014526
 481.000000  0.015966
 482.000000  0.014648
 483.000000  0.014307
 484.000000  0.014624
 485.000000  0.016723
 486.000000  0.014624
 487.000000  0.014575
 488.000000  0.014648
 489.000000  0.014575
 490.000000  0.014648
 491.000000  0.017041
 492.000000  0.014697
 493.000000  0.017089
 494.000000  0.014819
 495.000000  0.017089
 496.000000  0.015332
 497.000000  0.014697
 498.000000  0.015332
 499.000000  0.017089
 500.000000  0.015942
 501.000000  0.017309
 502.000000  0.016724
 503.000000  0.017285
 504.000000  0.016626
 505.000000  0.017968
 506.000000  0.017065
 507.000000  0.015820
 508.000000  0.016968
 509.000000  0.015576
 510.000000  0.017065
 511.000000  0.019091
 512.000000  0.017090
 513.000000  0.016675
 514.000000  0.017090
 515.000000  0.017017
 516.000000  0.017187
 517.000000  0.017212
 518.000000  0.017700
 519.000000  0.017285
 520.000000  0.018603
 521.000000  0.017969
 522.000000  0.018237
 523.000000  0.019751
 524.000000  0.018726
 525.000000  0.020288
 526.000000  0.018848
 527.000000  0.021093
 528.000000  0.020044
 529.000000  0.021972
 530.000000  0.019727
 531.000000  0.021948
 532.000000  0.019995
 533.000000  0.019678
 534.000000  0.020923
 535.000000  0.019702
 536.000000  0.021289
 537.000000  0.022119
 538.000000  0.021753
 539.000000  0.023584
 540.000000  0.021777
 541.000000  0.020630
 542.000000  0.021924
 543.000000  0.021875
 544.000000  0.022217
 545.000000  0.021973
 546.000000  0.022437
 547.000000  0.024462
 548.000000  0.023804
 549.000000  0.025634
 550.000000  0.024145
 551.000000  0.025244
 552.000000  0.024487
 553.000000  0.024487
 554.000000  0.025049
 555.000000  0.024390
 556.000000  0.024756
 557.000000  0.027197
 558.000000  0.026807
 559.000000  0.027368
 560.000000  0.026831
 561.000000  0.025000
 562.000000  0.026880
 563.000000  0.029248
 564.000000  0.026904
 565.000000  0.029223
 566.000000  0.027930
 567.000000  0.031274
 568.000000  0.029150
 569.000000  0.031225
 570.000000  0.029224
 571.000000  0.031347
 572.000000  0.029541
 573.000000  0.031787
 574.000000  0.031055
 575.000000  0.031787
 576.000000  0.031567
 577.000000  0.034106
 578.000000  0.032471
 579.000000  0.034106
 580.000000  0.031836
 581.000000  0.033032
 582.000000  0.033643
 583.000000  0.036425
 584.000000  0.034033
 585.000000  0.035937
 586.000000  0.036011
 587.000000  0.037890
 588.000000  0.036621
 589.000000  0.034180
 590.000000  0.035596
 591.000000  0.039477
 592.000000  0.038574
 593.000000  0.038940
 594.000000  0.036890
 595.000000  0.042431
 596.000000  0.042651
 597.000000  0.048144
 598.000000  0.041113
 599.000000  0.040405
 600.000000  0.040918
 601.000000  0.044848
 602.000000  0.047607
 603.000000  0.046997
 604.000000  0.047437
 605.000000  0.066650
 606.000000  0.089404
 607.000000  0.126782
 608.000000  0.061499
 609.000000  0.071777
 610.000000  0.114673
 611.000000  0.298315
 612.000000  0.336841
 613.000000  0.081713
 614.000000  0.097924
 615.000000  0.208374
 616.000000  0.722754
 617.000000  0.503589
 618.000000  0.100952
 619.000000  0.185840
 620.000000  0.356055
 621.000000  0.792261
 622.000000  0.401294
 623.000000  0.144702
 624.000000  0.315063
 625.000000  0.376587
 626.000000  0.602490
 627.000000  0.167163
 628.000000  0.079517
 629.000000  0.117065
 630.000000  0.075293
 631.000000  0.072045
 632.000000  0.045630
 633.000000  0.047778
 634.000000  0.048096
 635.000000  0.046313
 636.000000  0.042749
 637.000000  0.038306
 638.000000  0.041211
 639.000000  0.042382
 640.000000  0.039111
 641.000000  0.039355
 642.000000  0.036621
 643.000000  0.036621
 644.000000  0.039111
 645.000000  0.037011
 646.000000  0.036645
 647.000000  0.036181
 648.000000  0.034595
 649.000000  0.033276
 650.000000  0.034009
 651.000000  0.031763
 652.000000  0.031958
 653.000000  0.031860
 654.000000  0.031738
 655.000000  0.032910
 656.000000  0.030835
 657.000000  0.033032
 658.000000  0.031738
 659.000000  0.029907
 660.000000  0.030103
 661.000000  0.031738
 662.000000  0.029297
 663.000000  0.030883
 664.000000  0.031689
 665.000000  0.030078
 666.000000  0.030493
 667.000000  0.029663
 668.000000  0.027515
 669.000000  0.026831
 670.000000  0.026855
 671.000000  0.026440
 672.000000  0.026831
 673.000000  0.028198
 674.000000  0.028833
 675.000000  0.026977
 676.000000  0.025122
 677.000000  0.026635
 678.000000  0.025293
 679.000000  0.027026
 680.000000  0.024927
 681.000000  0.023755
 682.000000  0.024658
 683.000000  0.025610
 684.000000  0.023389
 685.000000  0.024707
 686.000000  0.022705
 687.000000  0.021973
 688.000000  0.024536
 689.000000  0.021362
 690.000000  0.024389
 691.000000  0.023706
 692.000000  0.021973
 693.000000  0.022631
 694.000000  0.021484
 695.000000  0.022192
 696.000000  0.023681
 697.000000  0.022143
 698.000000  0.019897
 699.000000  0.021997
 700.000000  0.019727
 701.000000  0.019458
 702.000000  0.019556
 703.000000  0.019385
 704.000000  0.021972
 705.000000  0.020288
 706.000000  0.018945
 707.000000  0.017725
 708.000000  0.019116
 709.000000  0.019751
 710.000000  0.018164
 711.000000  0.019653
 712.000000  0.017529
 713.000000  0.019531
 714.000000  0.017114
 715.000000  0.019506
 716.000000  0.017090
 717.000000  0.019287
 718.000000  0.017090
 719.000000  0.018554
 720.000000  0.017065
 721.000000  0.018164
 722.000000  0.016992
 723.000000  0.017529
 724.000000  0.016748
 725.000000  0.017260
 726.000000  0.016333
 727.000000  0.017089
 728.000000  0.015430
 729.000000  0.014648
 730.000000  0.015039
 731.000000  0.017114
 732.000000  0.014697
 733.000000  0.017089
 734.000000  0.017138
 735.000000  0.017016
 736.000000  0.014648
 737.000000  0.016943
 738.000000  0.014600
 739.000000  0.016626
 740.000000  0.014624
 741.000000  0.016186
 742.000000  0.014551
 743.000000  0.013379
 744.000000  0.014526
 745.000000  0.015356
 746.000000  0.013843
 747.000000  0.012280
 748.000000  0.013232
 749.000000  0.014672
 750.000000  0.013110
 751.000000  0.014648
 752.000000  0.014990
 753.000000  0.014648
 754.000000  0.012476
 755.000000  0.014648
 756.000000  0.012329
 757.000000  0.014648
 758.000000  0.012231
 759.000000  0.012183
 760.000000  0.012207
 761.000000  0.014624
 762.000000  0.012207
 763.000000  0.014502
 764.000000  0.012207
 765.000000  0.014379
 766.000000  0.012207
 767.000000  0.011548
 768.000000  0.012183
 769.000000  0.013720
 770.000000  0.012158
 771.000000  0.013354
 772.000000  0.011963
 773.000000  0.012768
 774.000000  0.013989
 775.000000  0.012573
 776.000000  0.013598
 777.000000  0.012280
 778.000000  0.010498
 779.000000  0.009814
 780.000000  0.010400
 781.000000  0.009814
 782.000000  0.012475
 783.000000  0.012207
 784.000000  0.009863
 785.000000  0.012207
 786.000000  0.009961
 787.000000  0.012207
 788.000000  0.012207
 789.000000  0.012207
 790.000000  0.009790
 791.000000  0.012207
 792.000000  0.009766
 793.000000  0.012207
 794.000000  0.009814
 795.000000  0.012207
 796.000000  0.009766
 797.000000  0.012182
 798.000000  0.009766
 799.000000  0.012085
 800.000000  0.009766
 801.000000  0.012109
 802.000000  0.012207
 803.000000  0.012109
 804.000000  0.009766
 805.000000  0.012085
 806.000000  0.009766
 807.000000  0.012060
 808.000000  0.012207
 809.000000  0.009473
 810.000000  0.009766
 811.000000  0.009448
 812.000000  0.009741
 813.000000  0.008960
 814.000000  0.009766
 815.000000  0.011669
 816.000000  0.009692
 817.000000  0.011206
 818.000000  0.009766
 819.000000  0.011157
 820.000000  0.009717
 821.000000  0.010839
 822.000000  0.009644
 823.000000  0.011181
 824.000000  0.012036
 825.000000  0.010644
 826.000000  0.009619
 827.000000  0.010546
 828.000000  0.009424
 829.000000  0.010424
 830.000000  0.009473
 831.000000  0.010351
 832.000000  0.009204
 833.000000  0.010522
 834.000000  0.008813
 835.000000  0.009985
 836.000000  0.010986
 837.000000  0.010253
 838.000000  0.008203
 839.000000  0.010131
 840.000000  0.009399
 841.000000  0.010644
 842.000000  0.011572
 843.000000  0.010107
 844.000000  0.009058
 845.000000  0.007812
 846.000000  0.011425
 847.000000  0.010205
 848.000000  0.008545
 849.000000  0.009985
 850.000000  0.008813
 851.000000  0.009961
 852.000000  0.008813
 853.000000  0.007446
 854.000000  0.011059
 855.000000  0.009838
 856.000000  0.008423
 857.000000  0.007446
 858.000000  0.008472
 859.000000  0.007373
 860.000000  0.010742
 861.000000  0.009814
 862.000000  0.008008
 863.000000  0.007373
 864.000000  0.007935
 865.000000  0.009790
 866.000000  0.010376
 867.000000  0.007349
 868.000000  0.008105
 869.000000  0.009790
 870.000000  0.007959
 871.000000  0.009790
 872.000000  0.007935
 873.000000  0.009765
 874.000000  0.007642
 875.000000  0.009790
 876.000000  0.007666
 877.000000  0.007324
 878.000000  0.007568
 879.000000  0.007324
 880.000000  0.007544
 881.000000  0.009765
 882.000000  0.007642
 883.000000  0.009765
 884.000000  0.007617
 885.000000  0.009765
 886.000000  0.007617
 887.000000  0.007324
 888.000000  0.007593
 889.000000  0.009765
 890.000000  0.007593
 891.000000  0.009765
 892.000000  0.007617
 893.000000  0.009765
 894.000000  0.007495
 895.000000  0.009765
 896.000000  0.007397
 897.000000  0.009765
 898.000000  0.007422
 899.000000  0.009765
 900.000000  0.007349
 901.000000  0.009765
 902.000000  0.009765
 903.000000  0.009765
 904.000000  0.007324
 905.000000  0.009765
 906.000000  0.009790
 907.000000  0.009765
 908.000000  0.009790
 909.000000  0.009765
 910.000000  0.007349
 911.000000  0.009765
 912.000000  0.007373
 913.000000  0.009741
 914.000000  0.007324
 915.000000  0.009765
 916.000000  0.007349
 917.000000  0.009765
 918.000000  0.009814
 919.000000  0.009765
 920.000000  0.009838
 921.000000  0.009765
 922.000000  0.007349
 923.000000  0.009765
 924.000000  0.007349
 925.000000  0.009765
 926.000000  0.007349
 927.000000  0.009765
 928.000000  0.007324
 929.000000  0.009765
 930.000000  0.007349
 931.000000  0.009741
 932.000000  0.007324
 933.000000  0.009716
 934.000000  0.007324
 935.000000  0.009765
 936.000000  0.007349
 937.000000  0.009765
 938.000000  0.007349
 939.000000  0.009765
 940.000000  0.007324
 941.000000  0.009765
 942.000000  0.007324
 943.000000  0.009765
 944.000000  0.007324
 945.000000  0.007300
 946.000000  0.009765
 947.000000  0.009765
 948.000000  0.007324
 949.000000  0.009765
 950.000000  0.009765
 951.000000  0.009741
 952.000000  0.007324
 953.000000  0.009741
 954.000000  0.007324
 955.000000  0.009741
 956.000000  0.007324
 957.000000  0.009741
 958.000000  0.007324
 959.000000  0.007275
 960.000000  0.007324
 961.000000  0.007300
 962.000000  0.009765
 963.000000  0.007324
 964.000000  0.007324
 965.000000  0.009741
 966.000000  0.007324
 967.000000  0.009765
 968.000000  0.007324
 969.000000  0.009741
 970.000000  0.009765
 971.000000  0.009741
 972.000000  0.007324
 973.000000  0.009741
 974.000000  0.007324
 975.000000  0.009692
 976.000000  0.007324
 977.000000  0.009741
 978.000000  0.007324
 979.000000  0.009668
 980.000000  0.007324
 981.000000  0.009741
 982.000000  0.007324
 983.000000  0.007202
 984.000000  0.007324
 985.000000  0.009594
 986.000000  0.007178
 987.000000  0.009497
 988.000000  0.009716
 989.000000  0.009277
 990.000000  0.007202
 991.000000  0.009570
 992.000000  0.007568
 993.000000  0.009521
 994.000000  0.007837
 995.000000  0.009472
 996.000000  0.007324
 997.000000  0.008984
 998.000000  0.009643
 999.000000  0.009521
 1000.000000  0.009790
 1001.000000  0.009375
 1002.000000  0.007275
 1003.000000  0.009423
 1004.000000  0.007349
 1005.000000  0.009643
 1006.000000  0.007324
 1007.000000  0.009521
 1008.000000  0.007324
 1009.000000  0.009692
 1010.000000  0.007324
 1011.000000  0.009692
 1012.000000  0.007373
 1013.000000  0.009497
 1014.000000  0.007324
 1015.000000  0.009594
 1016.000000  0.007300
 1017.000000  0.009594
 1018.000000  0.007324
 1019.000000  0.009497
 1020.000000  0.007324
 1021.000000  0.009106
 1022.000000  0.007300
 1023.000000  0.009619
