 0.000000  0.007422
 1.000000  0.007251
 2.000000  0.007349
 3.000000  0.007251
 4.000000  0.007349
 5.000000  0.007275
 6.000000  0.007446
 7.000000  0.007251
 8.000000  0.007324
 9.000000  0.007300
 10.000000  0.007397
 11.000000  0.007227
 12.000000  0.007373
 13.000000  0.007275
 14.000000  0.007324
 15.000000  0.007251
 16.000000  0.007324
 17.000000  0.007275
 18.000000  0.007349
 19.000000  0.007324
 20.000000  0.007324
 21.000000  0.007275
 22.000000  0.007349
 23.000000  0.007324
 24.000000  0.007349
 25.000000  0.007275
 26.000000  0.007397
 27.000000  0.009741
 28.000000  0.007349
 29.000000  0.007300
 30.000000  0.007324
 31.000000  0.007324
 32.000000  0.007324
 33.000000  0.007324
 34.000000  0.007349
 35.000000  0.007300
 36.000000  0.007373
 37.000000  0.007324
 38.000000  0.007349
 39.000000  0.009765
 40.000000  0.007373
 41.000000  0.007300
 42.000000  0.007324
 43.000000  0.007324
 44.000000  0.007324
 45.000000  0.007275
 46.000000  0.007349
 47.000000  0.007275
 48.000000  0.007324
 49.000000  0.007300
 50.000000  0.007324
 51.000000  0.007324
 52.000000  0.007324
 53.000000  0.007300
 54.000000  0.007324
 55.000000  0.007324
 56.000000  0.007324
 57.000000  0.007300
 58.000000  0.007324
 59.000000  0.009692
 60.000000  0.007324
 61.000000  0.009741
 62.000000  0.007324
 63.000000  0.007300
 64.000000  0.007324
 65.000000  0.007324
 66.000000  0.007324
 67.000000  0.009668
 68.000000  0.007324
 69.000000  0.007324
 70.000000  0.007349
 71.000000  0.007275
 72.000000  0.007324
 73.000000  0.007227
 74.000000  0.007324
 75.000000  0.007275
 76.000000  0.007324
 77.000000  0.007324
 78.000000  0.007349
 79.000000  0.007324
 80.000000  0.007324
 81.000000  0.007324
 82.000000  0.007324
 83.000000  0.007251
 84.000000  0.007324
 85.000000  0.007202
 86.000000  0.007324
 87.000000  0.007275
 88.000000  0.007324
 89.000000  0.007251
 90.000000  0.007349
 91.000000  0.007251
 92.000000  0.007324
 93.000000  0.007275
 94.000000  0.007324
 95.000000  0.007251
 96.000000  0.007324
 97.000000  0.007275
 98.000000  0.007349
 99.000000  0.007275
 100.000000  0.007349
 101.000000  0.009765
 102.000000  0.007324
 103.000000  0.009765
 104.000000  0.007349
 105.000000  0.007251
 106.000000  0.007373
 107.000000  0.007251
 108.000000  0.007349
 109.000000  0.009741
 110.000000  0.007324
 111.000000  0.007251
 112.000000  0.007349
 113.000000  0.007275
 114.000000  0.007349
 115.000000  0.007324
 116.000000  0.007373
 117.000000  0.007275
 118.000000  0.007373
 119.000000  0.007153
 120.000000  0.007397
 121.000000  0.007202
 122.000000  0.007446
 123.000000  0.007129
 124.000000  0.007373
 125.000000  0.007178
 126.000000  0.007446
 127.000000  0.009545
 128.000000  0.007397
 129.000000  0.007104
 130.000000  0.007446
 131.000000  0.009619
 132.000000  0.007446
 133.000000  0.007129
 134.000000  0.007471
 135.000000  0.009619
 136.000000  0.007349
 137.000000  0.007153
 138.000000  0.007422
 139.000000  0.007056
 140.000000  0.007471
 141.000000  0.007153
 142.000000  0.007422
 143.000000  0.007080
 144.000000  0.007349
 145.000000  0.009668
 146.000000  0.007349
 147.000000  0.007104
 148.000000  0.007397
 149.000000  0.009545
 150.000000  0.007446
 151.000000  0.007129
 152.000000  0.007349
 153.000000  0.007251
 154.000000  0.007349
 155.000000  0.007129
 156.000000  0.007324
 157.000000  0.009619
 158.000000  0.007324
 159.000000  0.007104
 160.000000  0.007446
 161.000000  0.007227
 162.000000  0.007373
 163.000000  0.007227
 164.000000  0.007349
 165.000000  0.007227
 166.000000  0.007349
 167.000000  0.007227
 168.000000  0.007324
 169.000000  0.009545
 170.000000  0.007349
 171.000000  0.007300
 172.000000  0.007373
 173.000000  0.007104
 174.000000  0.007349
 175.000000  0.007202
 176.000000  0.007324
 177.000000  0.007178
 178.000000  0.007324
 179.000000  0.009692
 180.000000  0.007324
 181.000000  0.007324
 182.000000  0.007324
 183.000000  0.007251
 184.000000  0.007349
 185.000000  0.007275
 186.000000  0.007324
 187.000000  0.007227
 188.000000  0.007324
 189.000000  0.007202
 190.000000  0.007324
 191.000000  0.007275
 192.000000  0.007324
 193.000000  0.007275
 194.000000  0.007324
 195.000000  0.007227
 196.000000  0.009765
 197.000000  0.007178
 198.000000  0.007324
 199.000000  0.009692
 200.000000  0.007324
 201.000000  0.009668
 202.000000  0.007324
 203.000000  0.007251
 204.000000  0.007324
 205.000000  0.007202
 206.000000  0.007324
 207.000000  0.007251
 208.000000  0.007324
 209.000000  0.009692
 210.000000  0.007324
 211.000000  0.007251
 212.000000  0.007324
 213.000000  0.009716
 214.000000  0.007324
 215.000000  0.007202
 216.000000  0.007324
 217.000000  0.007275
 218.000000  0.007324
 219.000000  0.009668
 220.000000  0.007324
 221.000000  0.007251
 222.000000  0.007324
 223.000000  0.007251
 224.000000  0.007324
 225.000000  0.007129
 226.000000  0.007324
 227.000000  0.009668
 228.000000  0.007324
 229.000000  0.009716
 230.000000  0.007324
 231.000000  0.007300
 232.000000  0.007324
 233.000000  0.009643
 234.000000  0.007324
 235.000000  0.007300
 236.000000  0.007324
 237.000000  0.007227
 238.000000  0.007324
 239.000000  0.009594
 240.000000  0.007324
 241.000000  0.007324
 242.000000  0.007324
 243.000000  0.009643
 244.000000  0.007324
 245.000000  0.007275
 246.000000  0.007324
 247.000000  0.007300
 248.000000  0.007324
 249.000000  0.007275
 250.000000  0.007324
 251.000000  0.007275
 252.000000  0.007324
 253.000000  0.007251
 254.000000  0.007324
 255.000000  0.009765
 256.000000  0.007324
 257.000000  0.007227
 258.000000  0.007349
 259.000000  0.007251
 260.000000  0.007324
 261.000000  0.007300
 262.000000  0.007324
 263.000000  0.009716
 264.000000  0.007324
 265.000000  0.009716
 266.000000  0.007324
 267.000000  0.009741
 268.000000  0.007324
 269.000000  0.009765
 270.000000  0.007324
 271.000000  0.007178
 272.000000  0.007324
 273.000000  0.007251
 274.000000  0.007300
 275.000000  0.009668
 276.000000  0.007422
 277.000000  0.009692
 278.000000  0.007397
 279.000000  0.007104
 280.000000  0.007446
 281.000000  0.009521
 282.000000  0.007422
 283.000000  0.009570
 284.000000  0.007446
 285.000000  0.007080
 286.000000  0.007349
 287.000000  0.007227
 288.000000  0.007373
 289.000000  0.009570
 290.000000  0.007422
 291.000000  0.007104
 292.000000  0.007422
 293.000000  0.007129
 294.000000  0.007397
 295.000000  0.009423
 296.000000  0.007544
 297.000000  0.009521
 298.000000  0.007397
 299.000000  0.009619
 300.000000  0.007373
 301.000000  0.007202
 302.000000  0.007422
 303.000000  0.009668
 304.000000  0.007519
 305.000000  0.007178
 306.000000  0.007446
 307.000000  0.009668
 308.000000  0.007471
 309.000000  0.009472
 310.000000  0.007422
 311.000000  0.007202
 312.000000  0.007495
 313.000000  0.007227
 314.000000  0.007495
 315.000000  0.009668
 316.000000  0.007349
 317.000000  0.007275
 318.000000  0.007324
 319.000000  0.007275
 320.000000  0.007373
 321.000000  0.009692
 322.000000  0.007349
 323.000000  0.009741
 324.000000  0.007324
 325.000000  0.007227
 326.000000  0.007349
 327.000000  0.007251
 328.000000  0.007373
 329.000000  0.009716
 330.000000  0.007422
 331.000000  0.009741
 332.000000  0.007324
 333.000000  0.009765
 334.000000  0.007324
 335.000000  0.009716
 336.000000  0.007373
 337.000000  0.007324
 338.000000  0.007422
 339.000000  0.007324
 340.000000  0.007349
 341.000000  0.009765
 342.000000  0.009790
 343.000000  0.009741
 344.000000  0.007324
 345.000000  0.009765
 346.000000  0.007373
 347.000000  0.007324
 348.000000  0.007324
 349.000000  0.009741
 350.000000  0.007373
 351.000000  0.009741
 352.000000  0.007349
 353.000000  0.009765
 354.000000  0.007373
 355.000000  0.007324
 356.000000  0.007324
 357.000000  0.007324
 358.000000  0.007324
 359.000000  0.009765
 360.000000  0.007349
 361.000000  0.007300
 362.000000  0.007349
 363.000000  0.009765
 364.000000  0.007349
 365.000000  0.007324
 366.000000  0.007349
 367.000000  0.007300
 368.000000  0.007373
 369.000000  0.007324
 370.000000  0.007324
 371.000000  0.009765
 372.000000  0.007397
 373.000000  0.009765
 374.000000  0.007349
 375.000000  0.009765
 376.000000  0.007373
 377.000000  0.007324
 378.000000  0.007397
 379.000000  0.007324
 380.000000  0.007349
 381.000000  0.009765
 382.000000  0.007373
 383.000000  0.007324
 384.000000  0.007324
 385.000000  0.007324
 386.000000  0.007471
 387.000000  0.009765
 388.000000  0.007349
 389.000000  0.009765
 390.000000  0.007397
 391.000000  0.009765
 392.000000  0.007397
 393.000000  0.007324
 394.000000  0.007397
 395.000000  0.007324
 396.000000  0.007495
 397.000000  0.007324
 398.000000  0.007471
 399.000000  0.007324
 400.000000  0.007739
 401.000000  0.009765
 402.000000  0.007471
 403.000000  0.007324
 404.000000  0.007593
 405.000000  0.007324
 406.000000  0.007471
 407.000000  0.007324
 408.000000  0.007519
 409.000000  0.009765
 410.000000  0.007666
 411.000000  0.009765
 412.000000  0.007690
 413.000000  0.007324
 414.000000  0.007739
 415.000000  0.009765
 416.000000  0.007666
 417.000000  0.007324
 418.000000  0.008032
 419.000000  0.007324
 420.000000  0.007837
 421.000000  0.007324
 422.000000  0.007788
 423.000000  0.007324
 424.000000  0.007886
 425.000000  0.009765
 426.000000  0.007739
 427.000000  0.009838
 428.000000  0.008032
 429.000000  0.009814
 430.000000  0.008032
 431.000000  0.009838
 432.000000  0.008179
 433.000000  0.007324
 434.000000  0.008057
 435.000000  0.009838
 436.000000  0.007910
 437.000000  0.009863
 438.000000  0.007910
 439.000000  0.009936
 440.000000  0.008545
 441.000000  0.010058
 442.000000  0.008765
 443.000000  0.010009
 444.000000  0.008569
 445.000000  0.009936
 446.000000  0.008813
 447.000000  0.007544
 448.000000  0.008276
 449.000000  0.009936
 450.000000  0.008691
 451.000000  0.009985
 452.000000  0.008496
 453.000000  0.010131
 454.000000  0.008936
 455.000000  0.010083
 456.000000  0.008887
 457.000000  0.010083
 458.000000  0.008862
 459.000000  0.010180
 460.000000  0.009253
 461.000000  0.010302
 462.000000  0.009204
 463.000000  0.010229
 464.000000  0.009375
 465.000000  0.010473
 466.000000  0.009448
 467.000000  0.007739
 468.000000  0.009253
 469.000000  0.007983
 470.000000  0.009570
 471.000000  0.010498
 472.000000  0.009497
 473.000000  0.008276
 474.000000  0.009741
 475.000000  0.010693
 476.000000  0.009717
 477.000000  0.008301
 478.000000  0.009692
 479.000000  0.010888
 480.000000  0.009741
 481.000000  0.011230
 482.000000  0.009692
 483.000000  0.009302
 484.000000  0.009717
 485.000000  0.011645
 486.000000  0.009766
 487.000000  0.009351
 488.000000  0.009766
 489.000000  0.009473
 490.000000  0.009766
 491.000000  0.012133
 492.000000  0.009766
 493.000000  0.012158
 494.000000  0.009766
 495.000000  0.012133
 496.000000  0.009766
 497.000000  0.009741
 498.000000  0.009766
 499.000000  0.012158
 500.000000  0.009766
 501.000000  0.012207
 502.000000  0.009766
 503.000000  0.012207
 504.000000  0.009790
 505.000000  0.012207
 506.000000  0.009936
 507.000000  0.009766
 508.000000  0.009839
 509.000000  0.009741
 510.000000  0.010229
 511.000000  0.012207
 512.000000  0.010059
 513.000000  0.009766
 514.000000  0.010156
 515.000000  0.009790
 516.000000  0.010498
 517.000000  0.009790
 518.000000  0.010547
 519.000000  0.010010
 520.000000  0.012134
 521.000000  0.011035
 522.000000  0.011352
 523.000000  0.012500
 524.000000  0.012036
 525.000000  0.014160
 526.000000  0.012207
 527.000000  0.012988
 528.000000  0.012158
 529.000000  0.014599
 530.000000  0.012207
 531.000000  0.014038
 532.000000  0.012207
 533.000000  0.012085
 534.000000  0.012280
 535.000000  0.012207
 536.000000  0.012207
 537.000000  0.014624
 538.000000  0.013013
 539.000000  0.014917
 540.000000  0.012353
 541.000000  0.012207
 542.000000  0.012842
 543.000000  0.013354
 544.000000  0.014648
 545.000000  0.012256
 546.000000  0.013354
 547.000000  0.014819
 548.000000  0.014648
 549.000000  0.015795
 550.000000  0.013379
 551.000000  0.015649
 552.000000  0.014648
 553.000000  0.014648
 554.000000  0.014648
 555.000000  0.013135
 556.000000  0.014624
 557.000000  0.017089
 558.000000  0.015576
 559.000000  0.016552
 560.000000  0.014648
 561.000000  0.014600
 562.000000  0.017017
 563.000000  0.017089
 564.000000  0.014648
 565.000000  0.017089
 566.000000  0.016553
 567.000000  0.019531
 568.000000  0.016650
 569.000000  0.017089
 570.000000  0.015796
 571.000000  0.019531
 572.000000  0.018555
 573.000000  0.017211
 574.000000  0.014673
 575.000000  0.017871
 576.000000  0.019531
 577.000000  0.021972
 578.000000  0.017090
 579.000000  0.017114
 580.000000  0.017212
 581.000000  0.020361
 582.000000  0.019482
 583.000000  0.017627
 584.000000  0.017041
 585.000000  0.022314
 586.000000  0.024756
 587.000000  0.021899
 588.000000  0.017065
 589.000000  0.017163
 590.000000  0.022437
 591.000000  0.027050
 592.000000  0.019409
 593.000000  0.017017
 594.000000  0.019507
 595.000000  0.029394
 596.000000  0.027100
 597.000000  0.020605
 598.000000  0.019189
 599.000000  0.023779
 600.000000  0.024731
 601.000000  0.026440
 602.000000  0.019971
 603.000000  0.022314
 604.000000  0.026685
 605.000000  0.041455
 606.000000  0.036279
 607.000000  0.029663
 608.000000  0.039062
 609.000000  0.170825
 610.000000  0.786206
 611.000000  0.450903
 612.000000  0.044360
 613.000000  0.027294
 614.000000  0.036547
 615.000000  0.052709
 616.000000  0.027100
 617.000000  0.018799
 618.000000  0.020898
 619.000000  0.029565
 620.000000  0.031714
 621.000000  0.021923
 622.000000  0.017773
 623.000000  0.020752
 624.000000  0.026806
 625.000000  0.026538
 626.000000  0.017798
 627.000000  0.018920
 628.000000  0.017603
 629.000000  0.022583
 630.000000  0.019482
 631.000000  0.018798
 632.000000  0.016919
 633.000000  0.019531
 634.000000  0.019604
 635.000000  0.019482
 636.000000  0.016162
 637.000000  0.014795
 638.000000  0.017114
 639.000000  0.019531
 640.000000  0.016016
 641.000000  0.017065
 642.000000  0.014917
 643.000000  0.016553
 644.000000  0.019335
 645.000000  0.016870
 646.000000  0.017114
 647.000000  0.017089
 648.000000  0.016724
 649.000000  0.014648
 650.000000  0.014648
 651.000000  0.013867
 652.000000  0.014648
 653.000000  0.014648
 654.000000  0.014673
 655.000000  0.015722
 656.000000  0.014429
 657.000000  0.016430
 658.000000  0.014648
 659.000000  0.012793
 660.000000  0.013745
 661.000000  0.014843
 662.000000  0.014209
 663.000000  0.015161
 664.000000  0.015063
 665.000000  0.014648
 666.000000  0.015039
 667.000000  0.014648
 668.000000  0.012695
 669.000000  0.012207
 670.000000  0.012231
 671.000000  0.012183
 672.000000  0.012231
 673.000000  0.014648
 674.000000  0.014672
 675.000000  0.014355
 676.000000  0.012207
 677.000000  0.014428
 678.000000  0.012207
 679.000000  0.013647
 680.000000  0.012085
 681.000000  0.011572
 682.000000  0.012207
 683.000000  0.013452
 684.000000  0.011670
 685.000000  0.012622
 686.000000  0.011157
 687.000000  0.010327
 688.000000  0.013305
 689.000000  0.009766
 690.000000  0.013061
 691.000000  0.012280
 692.000000  0.010693
 693.000000  0.012182
 694.000000  0.009936
 695.000000  0.012207
 696.000000  0.012231
 697.000000  0.012207
 698.000000  0.009814
 699.000000  0.012207
 700.000000  0.009766
 701.000000  0.009766
 702.000000  0.009790
 703.000000  0.009766
 704.000000  0.012207
 705.000000  0.012158
 706.000000  0.009766
 707.000000  0.009766
 708.000000  0.009766
 709.000000  0.011987
 710.000000  0.009766
 711.000000  0.012158
 712.000000  0.009766
 713.000000  0.012060
 714.000000  0.009766
 715.000000  0.011914
 716.000000  0.009766
 717.000000  0.011889
 718.000000  0.009766
 719.000000  0.011743
 720.000000  0.009766
 721.000000  0.011499
 722.000000  0.009741
 723.000000  0.011474
 724.000000  0.009741
 725.000000  0.010620
 726.000000  0.009717
 727.000000  0.010498
 728.000000  0.009717
 729.000000  0.008057
 730.000000  0.009595
 731.000000  0.010644
 732.000000  0.009521
 733.000000  0.010253
 734.000000  0.011840
 735.000000  0.010302
 736.000000  0.009424
 737.000000  0.010131
 738.000000  0.009302
 739.000000  0.009936
 740.000000  0.009375
 741.000000  0.010083
 742.000000  0.008936
 743.000000  0.007422
 744.000000  0.008569
 745.000000  0.009887
 746.000000  0.008325
 747.000000  0.007519
 748.000000  0.008496
 749.000000  0.009741
 750.000000  0.008227
 751.000000  0.009985
 752.000000  0.010620
 753.000000  0.009863
 754.000000  0.008301
 755.000000  0.009912
 756.000000  0.008301
 757.000000  0.009863
 758.000000  0.008130
 759.000000  0.007397
 760.000000  0.008032
 761.000000  0.009790
 762.000000  0.007666
 763.000000  0.009765
 764.000000  0.007837
 765.000000  0.009863
 766.000000  0.007812
 767.000000  0.007324
 768.000000  0.007666
 769.000000  0.009790
 770.000000  0.007935
 771.000000  0.009838
 772.000000  0.007471
 773.000000  0.009716
 774.000000  0.010058
 775.000000  0.009741
 776.000000  0.009985
 777.000000  0.009716
 778.000000  0.007568
 779.000000  0.007324
 780.000000  0.007422
 781.000000  0.007251
 782.000000  0.009887
 783.000000  0.009716
 784.000000  0.007422
 785.000000  0.009668
 786.000000  0.007422
 787.000000  0.009692
 788.000000  0.009814
 789.000000  0.009619
 790.000000  0.007373
 791.000000  0.009741
 792.000000  0.007349
 793.000000  0.009716
 794.000000  0.007349
 795.000000  0.009692
 796.000000  0.007349
 797.000000  0.009643
 798.000000  0.007324
 799.000000  0.009692
 800.000000  0.007324
 801.000000  0.009692
 802.000000  0.009765
 803.000000  0.009594
 804.000000  0.007324
 805.000000  0.009692
 806.000000  0.007349
 807.000000  0.009643
 808.000000  0.009765
 809.000000  0.007300
 810.000000  0.007324
 811.000000  0.007227
 812.000000  0.007373
 813.000000  0.007178
 814.000000  0.007324
 815.000000  0.009716
 816.000000  0.007324
 817.000000  0.009619
 818.000000  0.007324
 819.000000  0.009692
 820.000000  0.007324
 821.000000  0.009692
 822.000000  0.007324
 823.000000  0.009570
 824.000000  0.009765
 825.000000  0.009521
 826.000000  0.007324
 827.000000  0.009594
 828.000000  0.007324
 829.000000  0.009497
 830.000000  0.007324
 831.000000  0.009497
 832.000000  0.007324
 833.000000  0.009521
 834.000000  0.007324
 835.000000  0.009497
 836.000000  0.009765
 837.000000  0.009375
 838.000000  0.007324
 839.000000  0.009497
 840.000000  0.007324
 841.000000  0.009326
 842.000000  0.009765
 843.000000  0.009472
 844.000000  0.007324
 845.000000  0.007056
 846.000000  0.009765
 847.000000  0.009619
 848.000000  0.007324
 849.000000  0.009472
 850.000000  0.007324
 851.000000  0.009448
 852.000000  0.007324
 853.000000  0.006982
 854.000000  0.009765
 855.000000  0.009155
 856.000000  0.007324
 857.000000  0.007056
 858.000000  0.007324
 859.000000  0.006787
 860.000000  0.009765
 861.000000  0.009057
 862.000000  0.007324
 863.000000  0.006714
 864.000000  0.007324
 865.000000  0.009228
 866.000000  0.009765
 867.000000  0.006934
 868.000000  0.007324
 869.000000  0.009277
 870.000000  0.007324
 871.000000  0.009252
 872.000000  0.007324
 873.000000  0.009228
 874.000000  0.007324
 875.000000  0.009252
 876.000000  0.007300
 877.000000  0.006714
 878.000000  0.007324
 879.000000  0.006616
 880.000000  0.007324
 881.000000  0.009326
 882.000000  0.007324
 883.000000  0.008911
 884.000000  0.007300
 885.000000  0.009228
 886.000000  0.007324
 887.000000  0.006738
 888.000000  0.007324
 889.000000  0.009155
 890.000000  0.007324
 891.000000  0.008984
 892.000000  0.007324
 893.000000  0.009155
 894.000000  0.007324
 895.000000  0.009130
 896.000000  0.007251
 897.000000  0.009228
 898.000000  0.007275
 899.000000  0.008911
 900.000000  0.007251
 901.000000  0.009008
 902.000000  0.009790
 903.000000  0.008813
 904.000000  0.007080
 905.000000  0.008642
 906.000000  0.009668
 907.000000  0.008691
 908.000000  0.009545
 909.000000  0.008886
 910.000000  0.007227
 911.000000  0.008569
 912.000000  0.007129
 913.000000  0.008862
 914.000000  0.007178
 915.000000  0.008569
 916.000000  0.007129
 917.000000  0.008935
 918.000000  0.009692
 919.000000  0.008740
 920.000000  0.009643
 921.000000  0.008667
 922.000000  0.007153
 923.000000  0.008667
 924.000000  0.007202
 925.000000  0.008960
 926.000000  0.007178
 927.000000  0.008715
 928.000000  0.007178
 929.000000  0.008691
 930.000000  0.007153
 931.000000  0.008667
 932.000000  0.007227
 933.000000  0.008862
 934.000000  0.007275
 935.000000  0.008764
 936.000000  0.007300
 937.000000  0.008593
 938.000000  0.007227
 939.000000  0.008715
 940.000000  0.007275
 941.000000  0.008764
 942.000000  0.007202
 943.000000  0.008789
 944.000000  0.007251
 945.000000  0.006323
 946.000000  0.009765
 947.000000  0.008911
 948.000000  0.007300
 949.000000  0.008789
 950.000000  0.009643
 951.000000  0.008691
 952.000000  0.007251
 953.000000  0.008862
 954.000000  0.007300
 955.000000  0.008740
 956.000000  0.007324
 957.000000  0.008837
 958.000000  0.007275
 959.000000  0.006299
 960.000000  0.007300
 961.000000  0.006201
 962.000000  0.009716
 963.000000  0.006348
 964.000000  0.007275
 965.000000  0.008691
 966.000000  0.007324
 967.000000  0.008813
 968.000000  0.007324
 969.000000  0.008715
 970.000000  0.009741
 971.000000  0.008544
 972.000000  0.007324
 973.000000  0.008544
 974.000000  0.007227
 975.000000  0.008715
 976.000000  0.007202
 977.000000  0.008569
 978.000000  0.007251
 979.000000  0.008447
 980.000000  0.007324
 981.000000  0.008837
 982.000000  0.007275
 983.000000  0.006226
 984.000000  0.007275
 985.000000  0.008691
 986.000000  0.007227
 987.000000  0.008349
 988.000000  0.009765
 989.000000  0.008349
 990.000000  0.007324
 991.000000  0.008227
 992.000000  0.007275
 993.000000  0.008447
 994.000000  0.007275
 995.000000  0.008593
 996.000000  0.007227
 997.000000  0.008593
 998.000000  0.009716
 999.000000  0.008667
 1000.000000  0.009716
 1001.000000  0.008252
 1002.000000  0.007251
 1003.000000  0.008105
 1004.000000  0.007275
 1005.000000  0.008569
 1006.000000  0.007251
 1007.000000  0.008422
 1008.000000  0.007300
 1009.000000  0.008252
 1010.000000  0.007227
 1011.000000  0.008520
 1012.000000  0.007251
 1013.000000  0.008398
 1014.000000  0.007300
 1015.000000  0.008300
 1016.000000  0.007202
 1017.000000  0.008520
 1018.000000  0.007227
 1019.000000  0.008129
 1020.000000  0.007227
 1021.000000  0.008007
 1022.000000  0.007178
 1023.000000  0.008374
