 0.000000  0.007397
 1.000000  0.007300
 2.000000  0.007349
 3.000000  0.007300
 4.000000  0.007324
 5.000000  0.007275
 6.000000  0.007349
 7.000000  0.007324
 8.000000  0.007349
 9.000000  0.007324
 10.000000  0.007373
 11.000000  0.007324
 12.000000  0.007324
 13.000000  0.007324
 14.000000  0.007349
 15.000000  0.007324
 16.000000  0.007349
 17.000000  0.007300
 18.000000  0.007324
 19.000000  0.007324
 20.000000  0.007324
 21.000000  0.007324
 22.000000  0.007349
 23.000000  0.007324
 24.000000  0.007324
 25.000000  0.007300
 26.000000  0.007397
 27.000000  0.009765
 28.000000  0.007349
 29.000000  0.007300
 30.000000  0.007373
 31.000000  0.007275
 32.000000  0.007324
 33.000000  0.007300
 34.000000  0.007324
 35.000000  0.007324
 36.000000  0.007349
 37.000000  0.007324
 38.000000  0.007349
 39.000000  0.009741
 40.000000  0.007373
 41.000000  0.007251
 42.000000  0.007373
 43.000000  0.007324
 44.000000  0.007349
 45.000000  0.007275
 46.000000  0.007373
 47.000000  0.007300
 48.000000  0.007397
 49.000000  0.007300
 50.000000  0.007324
 51.000000  0.007300
 52.000000  0.007349
 53.000000  0.007251
 54.000000  0.007300
 55.000000  0.007227
 56.000000  0.007471
 57.000000  0.007275
 58.000000  0.007471
 59.000000  0.009619
 60.000000  0.007397
 61.000000  0.009668
 62.000000  0.007373
 63.000000  0.007227
 64.000000  0.007471
 65.000000  0.007324
 66.000000  0.007324
 67.000000  0.009692
 68.000000  0.007397
 69.000000  0.007275
 70.000000  0.007324
 71.000000  0.007251
 72.000000  0.007373
 73.000000  0.007202
 74.000000  0.007397
 75.000000  0.007202
 76.000000  0.007397
 77.000000  0.007227
 78.000000  0.007397
 79.000000  0.007251
 80.000000  0.007471
 81.000000  0.007300
 82.000000  0.007373
 83.000000  0.007202
 84.000000  0.007349
 85.000000  0.007275
 86.000000  0.007422
 87.000000  0.007251
 88.000000  0.007495
 89.000000  0.007275
 90.000000  0.007471
 91.000000  0.007251
 92.000000  0.007373
 93.000000  0.007202
 94.000000  0.007397
 95.000000  0.007227
 96.000000  0.007397
 97.000000  0.007178
 98.000000  0.007397
 99.000000  0.007202
 100.000000  0.007373
 101.000000  0.009692
 102.000000  0.007373
 103.000000  0.009668
 104.000000  0.007397
 105.000000  0.007227
 106.000000  0.007446
 107.000000  0.007251
 108.000000  0.007471
 109.000000  0.009716
 110.000000  0.007422
 111.000000  0.007251
 112.000000  0.007397
 113.000000  0.007227
 114.000000  0.007349
 115.000000  0.007275
 116.000000  0.007422
 117.000000  0.007202
 118.000000  0.007471
 119.000000  0.007300
 120.000000  0.007519
 121.000000  0.007251
 122.000000  0.007422
 123.000000  0.007227
 124.000000  0.007397
 125.000000  0.007300
 126.000000  0.007397
 127.000000  0.009668
 128.000000  0.007422
 129.000000  0.007300
 130.000000  0.007397
 131.000000  0.009741
 132.000000  0.007349
 133.000000  0.007300
 134.000000  0.007373
 135.000000  0.009741
 136.000000  0.007324
 137.000000  0.007275
 138.000000  0.007373
 139.000000  0.007300
 140.000000  0.007373
 141.000000  0.007251
 142.000000  0.007324
 143.000000  0.007300
 144.000000  0.007324
 145.000000  0.009716
 146.000000  0.007373
 147.000000  0.007251
 148.000000  0.007397
 149.000000  0.009716
 150.000000  0.007324
 151.000000  0.007324
 152.000000  0.007373
 153.000000  0.007300
 154.000000  0.007349
 155.000000  0.007275
 156.000000  0.007324
 157.000000  0.009741
 158.000000  0.007349
 159.000000  0.007300
 160.000000  0.007373
 161.000000  0.007300
 162.000000  0.007324
 163.000000  0.007300
 164.000000  0.007324
 165.000000  0.007324
 166.000000  0.007324
 167.000000  0.007324
 168.000000  0.007324
 169.000000  0.009668
 170.000000  0.007324
 171.000000  0.007324
 172.000000  0.007324
 173.000000  0.007324
 174.000000  0.007324
 175.000000  0.007324
 176.000000  0.007324
 177.000000  0.007324
 178.000000  0.007324
 179.000000  0.009765
 180.000000  0.007324
 181.000000  0.007324
 182.000000  0.007324
 183.000000  0.007324
 184.000000  0.007373
 185.000000  0.007324
 186.000000  0.007349
 187.000000  0.007300
 188.000000  0.007324
 189.000000  0.007275
 190.000000  0.007349
 191.000000  0.007300
 192.000000  0.007349
 193.000000  0.007300
 194.000000  0.007324
 195.000000  0.007324
 196.000000  0.009790
 197.000000  0.007324
 198.000000  0.007349
 199.000000  0.009741
 200.000000  0.007324
 201.000000  0.009692
 202.000000  0.007349
 203.000000  0.007275
 204.000000  0.007349
 205.000000  0.007251
 206.000000  0.007349
 207.000000  0.007324
 208.000000  0.007373
 209.000000  0.009692
 210.000000  0.007373
 211.000000  0.007251
 212.000000  0.007373
 213.000000  0.009692
 214.000000  0.007397
 215.000000  0.007251
 216.000000  0.007397
 217.000000  0.007251
 218.000000  0.007397
 219.000000  0.009643
 220.000000  0.007422
 221.000000  0.007324
 222.000000  0.007373
 223.000000  0.007251
 224.000000  0.007397
 225.000000  0.007178
 226.000000  0.007373
 227.000000  0.009619
 228.000000  0.007349
 229.000000  0.009668
 230.000000  0.007446
 231.000000  0.007227
 232.000000  0.007349
 233.000000  0.009716
 234.000000  0.007349
 235.000000  0.007251
 236.000000  0.007422
 237.000000  0.007251
 238.000000  0.007422
 239.000000  0.009668
 240.000000  0.007446
 241.000000  0.007251
 242.000000  0.007373
 243.000000  0.009668
 244.000000  0.007446
 245.000000  0.007251
 246.000000  0.007422
 247.000000  0.007251
 248.000000  0.007373
 249.000000  0.007275
 250.000000  0.007397
 251.000000  0.007202
 252.000000  0.007422
 253.000000  0.007227
 254.000000  0.007324
 255.000000  0.009692
 256.000000  0.007446
 257.000000  0.007275
 258.000000  0.007397
 259.000000  0.007227
 260.000000  0.007495
 261.000000  0.007251
 262.000000  0.007373
 263.000000  0.009643
 264.000000  0.007373
 265.000000  0.009765
 266.000000  0.007324
 267.000000  0.009692
 268.000000  0.007349
 269.000000  0.009619
 270.000000  0.007373
 271.000000  0.007178
 272.000000  0.007324
 273.000000  0.007300
 274.000000  0.007397
 275.000000  0.009716
 276.000000  0.007349
 277.000000  0.009643
 278.000000  0.007446
 279.000000  0.007275
 280.000000  0.007544
 281.000000  0.009741
 282.000000  0.007422
 283.000000  0.009741
 284.000000  0.007471
 285.000000  0.007300
 286.000000  0.007397
 287.000000  0.007324
 288.000000  0.007300
 289.000000  0.009716
 290.000000  0.007349
 291.000000  0.007275
 292.000000  0.007446
 293.000000  0.007324
 294.000000  0.007397
 295.000000  0.009741
 296.000000  0.007446
 297.000000  0.009765
 298.000000  0.007349
 299.000000  0.009765
 300.000000  0.007373
 301.000000  0.007324
 302.000000  0.007422
 303.000000  0.009790
 304.000000  0.007446
 305.000000  0.007324
 306.000000  0.007373
 307.000000  0.009741
 308.000000  0.007397
 309.000000  0.009741
 310.000000  0.007397
 311.000000  0.007324
 312.000000  0.007446
 313.000000  0.007324
 314.000000  0.007349
 315.000000  0.009765
 316.000000  0.007373
 317.000000  0.007324
 318.000000  0.007495
 319.000000  0.007324
 320.000000  0.007397
 321.000000  0.009765
 322.000000  0.007397
 323.000000  0.009765
 324.000000  0.007397
 325.000000  0.007324
 326.000000  0.007422
 327.000000  0.007324
 328.000000  0.007349
 329.000000  0.009765
 330.000000  0.007397
 331.000000  0.009765
 332.000000  0.007422
 333.000000  0.009790
 334.000000  0.007422
 335.000000  0.009765
 336.000000  0.007446
 337.000000  0.007324
 338.000000  0.007495
 339.000000  0.007324
 340.000000  0.007495
 341.000000  0.009765
 342.000000  0.009912
 343.000000  0.009765
 344.000000  0.007642
 345.000000  0.009765
 346.000000  0.007593
 347.000000  0.007324
 348.000000  0.007471
 349.000000  0.009765
 350.000000  0.007568
 351.000000  0.009765
 352.000000  0.007544
 353.000000  0.009790
 354.000000  0.007446
 355.000000  0.007324
 356.000000  0.007593
 357.000000  0.007324
 358.000000  0.007642
 359.000000  0.009790
 360.000000  0.007764
 361.000000  0.007349
 362.000000  0.007617
 363.000000  0.009790
 364.000000  0.007544
 365.000000  0.007300
 366.000000  0.007642
 367.000000  0.007373
 368.000000  0.007764
 369.000000  0.007349
 370.000000  0.007617
 371.000000  0.009790
 372.000000  0.007642
 373.000000  0.009741
 374.000000  0.007886
 375.000000  0.009838
 376.000000  0.007959
 377.000000  0.007300
 378.000000  0.007959
 379.000000  0.007397
 380.000000  0.007983
 381.000000  0.009790
 382.000000  0.008057
 383.000000  0.007373
 384.000000  0.008032
 385.000000  0.007397
 386.000000  0.008032
 387.000000  0.009741
 388.000000  0.007861
 389.000000  0.009863
 390.000000  0.008179
 391.000000  0.009887
 392.000000  0.008252
 393.000000  0.007422
 394.000000  0.008057
 395.000000  0.007471
 396.000000  0.008447
 397.000000  0.007397
 398.000000  0.008227
 399.000000  0.007422
 400.000000  0.008081
 401.000000  0.009887
 402.000000  0.008227
 403.000000  0.007446
 404.000000  0.008276
 405.000000  0.007471
 406.000000  0.008423
 407.000000  0.007446
 408.000000  0.008301
 409.000000  0.009838
 410.000000  0.008594
 411.000000  0.009912
 412.000000  0.008765
 413.000000  0.007471
 414.000000  0.008789
 415.000000  0.009936
 416.000000  0.008594
 417.000000  0.007666
 418.000000  0.008667
 419.000000  0.007495
 420.000000  0.008789
 421.000000  0.007495
 422.000000  0.008643
 423.000000  0.007446
 424.000000  0.008789
 425.000000  0.009985
 426.000000  0.008936
 427.000000  0.009936
 428.000000  0.009277
 429.000000  0.010009
 430.000000  0.009253
 431.000000  0.009936
 432.000000  0.008960
 433.000000  0.007519
 434.000000  0.009180
 435.000000  0.010253
 436.000000  0.009228
 437.000000  0.010205
 438.000000  0.009253
 439.000000  0.010302
 440.000000  0.009375
 441.000000  0.010205
 442.000000  0.009424
 443.000000  0.010424
 444.000000  0.009717
 445.000000  0.010400
 446.000000  0.009717
 447.000000  0.008032
 448.000000  0.009619
 449.000000  0.010961
 450.000000  0.009546
 451.000000  0.011010
 452.000000  0.009668
 453.000000  0.010986
 454.000000  0.009717
 455.000000  0.011157
 456.000000  0.009717
 457.000000  0.011303
 458.000000  0.009741
 459.000000  0.011230
 460.000000  0.009766
 461.000000  0.011596
 462.000000  0.009766
 463.000000  0.011596
 464.000000  0.009766
 465.000000  0.011962
 466.000000  0.009766
 467.000000  0.009521
 468.000000  0.009766
 469.000000  0.009668
 470.000000  0.009766
 471.000000  0.012158
 472.000000  0.009766
 473.000000  0.009717
 474.000000  0.009766
 475.000000  0.012207
 476.000000  0.009790
 477.000000  0.009692
 478.000000  0.009766
 479.000000  0.012158
 480.000000  0.009766
 481.000000  0.012207
 482.000000  0.009766
 483.000000  0.009766
 484.000000  0.009839
 485.000000  0.012207
 486.000000  0.009936
 487.000000  0.009766
 488.000000  0.009839
 489.000000  0.009766
 490.000000  0.010083
 491.000000  0.012207
 492.000000  0.010107
 493.000000  0.012207
 494.000000  0.010498
 495.000000  0.012304
 496.000000  0.010547
 497.000000  0.009839
 498.000000  0.010669
 499.000000  0.012451
 500.000000  0.011475
 501.000000  0.012670
 502.000000  0.011035
 503.000000  0.012695
 504.000000  0.011938
 505.000000  0.013427
 506.000000  0.012061
 507.000000  0.011108
 508.000000  0.012109
 509.000000  0.011768
 510.000000  0.012207
 511.000000  0.014233
 512.000000  0.012207
 513.000000  0.012134
 514.000000  0.012207
 515.000000  0.012158
 516.000000  0.012183
 517.000000  0.012134
 518.000000  0.012183
 519.000000  0.012183
 520.000000  0.012256
 521.000000  0.012183
 522.000000  0.012451
 523.000000  0.014624
 524.000000  0.012402
 525.000000  0.014624
 526.000000  0.012817
 527.000000  0.014697
 528.000000  0.013354
 529.000000  0.014697
 530.000000  0.013672
 531.000000  0.014990
 532.000000  0.014185
 533.000000  0.013306
 534.000000  0.013892
 535.000000  0.012793
 536.000000  0.014502
 537.000000  0.016284
 538.000000  0.014648
 539.000000  0.016040
 540.000000  0.014575
 541.000000  0.014453
 542.000000  0.014722
 543.000000  0.014551
 544.000000  0.014648
 545.000000  0.014600
 546.000000  0.015088
 547.000000  0.017089
 548.000000  0.014819
 549.000000  0.017089
 550.000000  0.015601
 551.000000  0.017236
 552.000000  0.015332
 553.000000  0.014673
 554.000000  0.016357
 555.000000  0.015356
 556.000000  0.017017
 557.000000  0.017553
 558.000000  0.016992
 559.000000  0.018676
 560.000000  0.017114
 561.000000  0.016602
 562.000000  0.017139
 563.000000  0.019433
 564.000000  0.017773
 565.000000  0.019555
 566.000000  0.017456
 567.000000  0.019482
 568.000000  0.017676
 569.000000  0.019775
 570.000000  0.018970
 571.000000  0.019824
 572.000000  0.018457
 573.000000  0.021069
 574.000000  0.019824
 575.000000  0.021972
 576.000000  0.019604
 577.000000  0.021777
 578.000000  0.020190
 579.000000  0.022094
 580.000000  0.019946
 581.000000  0.019531
 582.000000  0.020190
 583.000000  0.024145
 584.000000  0.022021
 585.000000  0.023071
 586.000000  0.021265
 587.000000  0.024316
 588.000000  0.023853
 589.000000  0.022217
 590.000000  0.021997
 591.000000  0.023754
 592.000000  0.024145
 593.000000  0.024438
 594.000000  0.024438
 595.000000  0.024487
 596.000000  0.022925
 597.000000  0.026977
 598.000000  0.026514
 599.000000  0.026855
 600.000000  0.023462
 601.000000  0.025634
 602.000000  0.026758
 603.000000  0.030249
 604.000000  0.026831
 605.000000  0.026342
 606.000000  0.026489
 607.000000  0.031787
 608.000000  0.031763
 609.000000  0.029296
 610.000000  0.026416
 611.000000  0.030273
 612.000000  0.038818
 613.000000  0.041528
 614.000000  0.032055
 615.000000  0.031201
 616.000000  0.036353
 617.000000  0.067700
 618.000000  0.084766
 619.000000  0.035961
 620.000000  0.032715
 621.000000  0.045703
 622.000000  0.089746
 623.000000  0.083593
 624.000000  0.036230
 625.000000  0.037646
 626.000000  0.058740
 627.000000  0.134277
 628.000000  0.082568
 629.000000  0.039477
 630.000000  0.043677
 631.000000  0.115283
 632.000000  0.282178
 633.000000  0.099511
 634.000000  0.059155
 635.000000  0.125097
 636.000000  0.829614
 637.000000  1.443970
 638.000000  0.253979
 639.000000  0.056079
 640.000000  0.050708
 641.000000  0.089648
 642.000000  0.108374
 643.000000  0.037793
 644.000000  0.034301
 645.000000  0.036621
 646.000000  0.041308
 647.000000  0.036792
 648.000000  0.029297
 649.000000  0.029248
 650.000000  0.031470
 651.000000  0.031738
 652.000000  0.029297
 653.000000  0.026904
 654.000000  0.028320
 655.000000  0.031689
 656.000000  0.029297
 657.000000  0.027661
 658.000000  0.024487
 659.000000  0.026074
 660.000000  0.026855
 661.000000  0.027124
 662.000000  0.024341
 663.000000  0.024975
 664.000000  0.026538
 665.000000  0.026855
 666.000000  0.026977
 667.000000  0.024414
 668.000000  0.021973
 669.000000  0.021973
 670.000000  0.023511
 671.000000  0.021973
 672.000000  0.021851
 673.000000  0.022021
 674.000000  0.024414
 675.000000  0.023486
 676.000000  0.021655
 677.000000  0.021972
 678.000000  0.019678
 679.000000  0.022534
 680.000000  0.021094
 681.000000  0.019507
 682.000000  0.019556
 683.000000  0.021923
 684.000000  0.020435
 685.000000  0.021923
 686.000000  0.019556
 687.000000  0.017847
 688.000000  0.021801
 689.000000  0.018921
 690.000000  0.021923
 691.000000  0.019848
 692.000000  0.018945
 693.000000  0.019702
 694.000000  0.018286
 695.000000  0.019531
 696.000000  0.019653
 697.000000  0.019506
 698.000000  0.017187
 699.000000  0.019067
 700.000000  0.016992
 701.000000  0.015552
 702.000000  0.016797
 703.000000  0.015088
 704.000000  0.018798
 705.000000  0.017211
 706.000000  0.015771
 707.000000  0.014770
 708.000000  0.016186
 709.000000  0.017089
 710.000000  0.015820
 711.000000  0.017041
 712.000000  0.014844
 713.000000  0.017163
 714.000000  0.014795
 715.000000  0.016992
 716.000000  0.014600
 717.000000  0.017016
 718.000000  0.014648
 719.000000  0.016503
 720.000000  0.014551
 721.000000  0.016235
 722.000000  0.014307
 723.000000  0.015039
 724.000000  0.014038
 725.000000  0.015112
 726.000000  0.013794
 727.000000  0.014868
 728.000000  0.013330
 729.000000  0.012256
 730.000000  0.012720
 731.000000  0.014672
 732.000000  0.012500
 733.000000  0.014624
 734.000000  0.014819
 735.000000  0.014502
 736.000000  0.012231
 737.000000  0.014453
 738.000000  0.012256
 739.000000  0.014428
 740.000000  0.012231
 741.000000  0.014331
 742.000000  0.012109
 743.000000  0.011060
 744.000000  0.011890
 745.000000  0.012963
 746.000000  0.011499
 747.000000  0.010498
 748.000000  0.011401
 749.000000  0.012426
 750.000000  0.010767
 751.000000  0.012377
 752.000000  0.013256
 753.000000  0.012524
 754.000000  0.010425
 755.000000  0.012280
 756.000000  0.010205
 757.000000  0.012207
 758.000000  0.009961
 759.000000  0.009766
 760.000000  0.009912
 761.000000  0.012207
 762.000000  0.009790
 763.000000  0.012207
 764.000000  0.009839
 765.000000  0.012182
 766.000000  0.009790
 767.000000  0.009741
 768.000000  0.009766
 769.000000  0.012158
 770.000000  0.009790
 771.000000  0.012060
 772.000000  0.009766
 773.000000  0.012060
 774.000000  0.012207
 775.000000  0.011743
 776.000000  0.012207
 777.000000  0.011743
 778.000000  0.009766
 779.000000  0.009375
 780.000000  0.009766
 781.000000  0.009302
 782.000000  0.012182
 783.000000  0.011401
 784.000000  0.009766
 785.000000  0.011157
 786.000000  0.009766
 787.000000  0.011084
 788.000000  0.012133
 789.000000  0.010546
 790.000000  0.009717
 791.000000  0.010473
 792.000000  0.009766
 793.000000  0.010278
 794.000000  0.009644
 795.000000  0.010058
 796.000000  0.009546
 797.000000  0.010376
 798.000000  0.009570
 799.000000  0.009936
 800.000000  0.009253
 801.000000  0.009838
 802.000000  0.011767
 803.000000  0.010034
 804.000000  0.009131
 805.000000  0.010009
 806.000000  0.008765
 807.000000  0.009838
 808.000000  0.011425
 809.000000  0.007349
 810.000000  0.008716
 811.000000  0.007349
 812.000000  0.008252
 813.000000  0.007324
 814.000000  0.008398
 815.000000  0.009765
 816.000000  0.008374
 817.000000  0.009765
 818.000000  0.008496
 819.000000  0.009765
 820.000000  0.008179
 821.000000  0.009790
 822.000000  0.007812
 823.000000  0.009790
 824.000000  0.010498
 825.000000  0.009765
 826.000000  0.008203
 827.000000  0.009765
 828.000000  0.007886
 829.000000  0.009765
 830.000000  0.007886
 831.000000  0.009765
 832.000000  0.007837
 833.000000  0.009790
 834.000000  0.007666
 835.000000  0.009790
 836.000000  0.010327
 837.000000  0.009765
 838.000000  0.007861
 839.000000  0.009790
 840.000000  0.007739
 841.000000  0.009765
 842.000000  0.009936
 843.000000  0.009765
 844.000000  0.007568
 845.000000  0.007349
 846.000000  0.009961
 847.000000  0.009838
 848.000000  0.007519
 849.000000  0.009838
 850.000000  0.007568
 851.000000  0.009790
 852.000000  0.007495
 853.000000  0.007300
 854.000000  0.010107
 855.000000  0.009741
 856.000000  0.007471
 857.000000  0.007275
 858.000000  0.007471
 859.000000  0.007300
 860.000000  0.009887
 861.000000  0.009692
 862.000000  0.007495
 863.000000  0.007275
 864.000000  0.007397
 865.000000  0.009668
 866.000000  0.009887
 867.000000  0.007373
 868.000000  0.007422
 869.000000  0.009692
 870.000000  0.007471
 871.000000  0.009716
 872.000000  0.007373
 873.000000  0.009692
 874.000000  0.007397
 875.000000  0.009716
 876.000000  0.007373
 877.000000  0.007227
 878.000000  0.007373
 879.000000  0.007275
 880.000000  0.007397
 881.000000  0.009692
 882.000000  0.007275
 883.000000  0.009619
 884.000000  0.007422
 885.000000  0.009668
 886.000000  0.007373
 887.000000  0.007178
 888.000000  0.007373
 889.000000  0.009643
 890.000000  0.007373
 891.000000  0.009716
 892.000000  0.007349
 893.000000  0.009692
 894.000000  0.007397
 895.000000  0.009692
 896.000000  0.007324
 897.000000  0.009643
 898.000000  0.007422
 899.000000  0.009594
 900.000000  0.007349
 901.000000  0.009668
 902.000000  0.009716
 903.000000  0.009619
 904.000000  0.007324
 905.000000  0.009619
 906.000000  0.009765
 907.000000  0.009545
 908.000000  0.009741
 909.000000  0.009692
 910.000000  0.007397
 911.000000  0.009521
 912.000000  0.007324
 913.000000  0.009472
 914.000000  0.007324
 915.000000  0.009570
 916.000000  0.007324
 917.000000  0.009570
 918.000000  0.009765
 919.000000  0.009521
 920.000000  0.009790
 921.000000  0.009521
 922.000000  0.007324
 923.000000  0.009545
 924.000000  0.007349
 925.000000  0.009545
 926.000000  0.007324
 927.000000  0.009545
 928.000000  0.007324
 929.000000  0.009619
 930.000000  0.007324
 931.000000  0.009545
 932.000000  0.007324
 933.000000  0.009399
 934.000000  0.007324
 935.000000  0.009570
 936.000000  0.007324
 937.000000  0.009521
 938.000000  0.007324
 939.000000  0.009375
 940.000000  0.007324
 941.000000  0.009448
 942.000000  0.007324
 943.000000  0.009545
 944.000000  0.007324
 945.000000  0.006958
 946.000000  0.009765
 947.000000  0.009668
 948.000000  0.007324
 949.000000  0.009545
 950.000000  0.009765
 951.000000  0.009594
 952.000000  0.007324
 953.000000  0.009472
 954.000000  0.007324
 955.000000  0.009472
 956.000000  0.007324
 957.000000  0.009497
 958.000000  0.007324
 959.000000  0.007031
 960.000000  0.007324
 961.000000  0.006811
 962.000000  0.009765
 963.000000  0.007056
 964.000000  0.007324
 965.000000  0.009643
 966.000000  0.007324
 967.000000  0.009545
 968.000000  0.007324
 969.000000  0.009399
 970.000000  0.009765
 971.000000  0.009350
 972.000000  0.007300
 973.000000  0.009301
 974.000000  0.007324
 975.000000  0.009448
 976.000000  0.007324
 977.000000  0.009301
 978.000000  0.007324
 979.000000  0.009155
 980.000000  0.007324
 981.000000  0.009448
 982.000000  0.007300
 983.000000  0.007007
 984.000000  0.007324
 985.000000  0.009350
 986.000000  0.007349
 987.000000  0.009057
 988.000000  0.009765
 989.000000  0.009252
 990.000000  0.007300
 991.000000  0.009008
 992.000000  0.007373
 993.000000  0.009252
 994.000000  0.007202
 995.000000  0.009106
 996.000000  0.007202
 997.000000  0.009106
 998.000000  0.009668
 999.000000  0.009228
 1000.000000  0.009716
 1001.000000  0.008789
 1002.000000  0.007275
 1003.000000  0.008960
 1004.000000  0.007275
 1005.000000  0.009179
 1006.000000  0.007202
 1007.000000  0.008764
 1008.000000  0.007251
 1009.000000  0.008911
 1010.000000  0.007300
 1011.000000  0.009057
 1012.000000  0.007153
 1013.000000  0.009033
 1014.000000  0.007202
 1015.000000  0.009179
 1016.000000  0.007300
 1017.000000  0.008911
 1018.000000  0.007275
 1019.000000  0.008935
 1020.000000  0.007251
 1021.000000  0.008789
 1022.000000  0.007275
 1023.000000  0.008862
