 0.000000  0.007373
 1.000000  0.007300
 2.000000  0.007349
 3.000000  0.007300
 4.000000  0.007349
 5.000000  0.007275
 6.000000  0.007422
 7.000000  0.007324
 8.000000  0.007373
 9.000000  0.007251
 10.000000  0.007349
 11.000000  0.007324
 12.000000  0.007324
 13.000000  0.007324
 14.000000  0.007373
 15.000000  0.007324
 16.000000  0.007324
 17.000000  0.007275
 18.000000  0.007324
 19.000000  0.007324
 20.000000  0.007324
 21.000000  0.007324
 22.000000  0.007324
 23.000000  0.007324
 24.000000  0.007324
 25.000000  0.007300
 26.000000  0.007324
 27.000000  0.009716
 28.000000  0.007349
 29.000000  0.007324
 30.000000  0.007324
 31.000000  0.007300
 32.000000  0.007324
 33.000000  0.007324
 34.000000  0.007324
 35.000000  0.007300
 36.000000  0.007324
 37.000000  0.007275
 38.000000  0.007324
 39.000000  0.009765
 40.000000  0.007349
 41.000000  0.007300
 42.000000  0.007349
 43.000000  0.007275
 44.000000  0.007349
 45.000000  0.007275
 46.000000  0.007324
 47.000000  0.007300
 48.000000  0.007324
 49.000000  0.007300
 50.000000  0.007324
 51.000000  0.007324
 52.000000  0.007300
 53.000000  0.007300
 54.000000  0.007349
 55.000000  0.007275
 56.000000  0.007324
 57.000000  0.007251
 58.000000  0.007373
 59.000000  0.009643
 60.000000  0.007422
 61.000000  0.009643
 62.000000  0.007373
 63.000000  0.007251
 64.000000  0.007373
 65.000000  0.007251
 66.000000  0.007397
 67.000000  0.009692
 68.000000  0.007324
 69.000000  0.007227
 70.000000  0.007349
 71.000000  0.007251
 72.000000  0.007373
 73.000000  0.007227
 74.000000  0.007349
 75.000000  0.007227
 76.000000  0.007373
 77.000000  0.007251
 78.000000  0.007373
 79.000000  0.007275
 80.000000  0.007397
 81.000000  0.007251
 82.000000  0.007324
 83.000000  0.007153
 84.000000  0.007324
 85.000000  0.007202
 86.000000  0.007349
 87.000000  0.007153
 88.000000  0.007471
 89.000000  0.007202
 90.000000  0.007373
 91.000000  0.007227
 92.000000  0.007349
 93.000000  0.007104
 94.000000  0.007397
 95.000000  0.007129
 96.000000  0.007349
 97.000000  0.007104
 98.000000  0.007422
 99.000000  0.007202
 100.000000  0.007397
 101.000000  0.009643
 102.000000  0.007349
 103.000000  0.009692
 104.000000  0.007349
 105.000000  0.007202
 106.000000  0.007397
 107.000000  0.007227
 108.000000  0.007349
 109.000000  0.009643
 110.000000  0.007373
 111.000000  0.007202
 112.000000  0.007422
 113.000000  0.007251
 114.000000  0.007422
 115.000000  0.007202
 116.000000  0.007373
 117.000000  0.007104
 118.000000  0.007349
 119.000000  0.007104
 120.000000  0.007422
 121.000000  0.007178
 122.000000  0.007397
 123.000000  0.007202
 124.000000  0.007397
 125.000000  0.007080
 126.000000  0.007397
 127.000000  0.009521
 128.000000  0.007300
 129.000000  0.007227
 130.000000  0.007349
 131.000000  0.009668
 132.000000  0.007349
 133.000000  0.007251
 134.000000  0.007397
 135.000000  0.009668
 136.000000  0.007324
 137.000000  0.007153
 138.000000  0.007397
 139.000000  0.007031
 140.000000  0.007373
 141.000000  0.007227
 142.000000  0.007324
 143.000000  0.007251
 144.000000  0.007349
 145.000000  0.009643
 146.000000  0.007300
 147.000000  0.007153
 148.000000  0.007324
 149.000000  0.009741
 150.000000  0.007324
 151.000000  0.007153
 152.000000  0.007324
 153.000000  0.007251
 154.000000  0.007349
 155.000000  0.007251
 156.000000  0.007349
 157.000000  0.009643
 158.000000  0.007324
 159.000000  0.007202
 160.000000  0.007324
 161.000000  0.007227
 162.000000  0.007324
 163.000000  0.006934
 164.000000  0.007324
 165.000000  0.007153
 166.000000  0.007324
 167.000000  0.007178
 168.000000  0.007324
 169.000000  0.009619
 170.000000  0.007300
 171.000000  0.007153
 172.000000  0.007324
 173.000000  0.007227
 174.000000  0.007324
 175.000000  0.007275
 176.000000  0.007324
 177.000000  0.007056
 178.000000  0.007324
 179.000000  0.009594
 180.000000  0.007324
 181.000000  0.007129
 182.000000  0.007324
 183.000000  0.007227
 184.000000  0.007324
 185.000000  0.007300
 186.000000  0.007324
 187.000000  0.007178
 188.000000  0.007324
 189.000000  0.007031
 190.000000  0.007324
 191.000000  0.007153
 192.000000  0.007324
 193.000000  0.007202
 194.000000  0.007300
 195.000000  0.007104
 196.000000  0.009765
 197.000000  0.007104
 198.000000  0.007349
 199.000000  0.009619
 200.000000  0.007324
 201.000000  0.009497
 202.000000  0.007324
 203.000000  0.007104
 204.000000  0.007324
 205.000000  0.007080
 206.000000  0.007300
 207.000000  0.007031
 208.000000  0.007324
 209.000000  0.009521
 210.000000  0.007349
 211.000000  0.006958
 212.000000  0.007349
 213.000000  0.009399
 214.000000  0.007300
 215.000000  0.007007
 216.000000  0.007373
 217.000000  0.007031
 218.000000  0.007373
 219.000000  0.009399
 220.000000  0.007324
 221.000000  0.006909
 222.000000  0.007324
 223.000000  0.007104
 224.000000  0.007349
 225.000000  0.006982
 226.000000  0.007349
 227.000000  0.009619
 228.000000  0.007324
 229.000000  0.009326
 230.000000  0.007373
 231.000000  0.007031
 232.000000  0.007324
 233.000000  0.009399
 234.000000  0.007349
 235.000000  0.007153
 236.000000  0.007324
 237.000000  0.007007
 238.000000  0.007349
 239.000000  0.009375
 240.000000  0.007275
 241.000000  0.006836
 242.000000  0.007349
 243.000000  0.009350
 244.000000  0.007373
 245.000000  0.006982
 246.000000  0.007349
 247.000000  0.006982
 248.000000  0.007349
 249.000000  0.006982
 250.000000  0.007324
 251.000000  0.006860
 252.000000  0.007324
 253.000000  0.007031
 254.000000  0.007324
 255.000000  0.009350
 256.000000  0.007324
 257.000000  0.007031
 258.000000  0.007324
 259.000000  0.007007
 260.000000  0.007349
 261.000000  0.007080
 262.000000  0.007324
 263.000000  0.009326
 264.000000  0.007324
 265.000000  0.009423
 266.000000  0.007324
 267.000000  0.009350
 268.000000  0.007300
 269.000000  0.009423
 270.000000  0.007324
 271.000000  0.006982
 272.000000  0.007349
 273.000000  0.007031
 274.000000  0.007324
 275.000000  0.009423
 276.000000  0.007275
 277.000000  0.009204
 278.000000  0.007397
 279.000000  0.007104
 280.000000  0.007324
 281.000000  0.009399
 282.000000  0.007349
 283.000000  0.009326
 284.000000  0.007324
 285.000000  0.006909
 286.000000  0.007349
 287.000000  0.007056
 288.000000  0.007349
 289.000000  0.009545
 290.000000  0.007275
 291.000000  0.007080
 292.000000  0.007373
 293.000000  0.006836
 294.000000  0.007373
 295.000000  0.009472
 296.000000  0.007349
 297.000000  0.009570
 298.000000  0.007324
 299.000000  0.009472
 300.000000  0.007324
 301.000000  0.007056
 302.000000  0.007349
 303.000000  0.009423
 304.000000  0.007349
 305.000000  0.007129
 306.000000  0.007324
 307.000000  0.009570
 308.000000  0.007324
 309.000000  0.009594
 310.000000  0.007324
 311.000000  0.007031
 312.000000  0.007324
 313.000000  0.007129
 314.000000  0.007324
 315.000000  0.009619
 316.000000  0.007324
 317.000000  0.007202
 318.000000  0.007324
 319.000000  0.007129
 320.000000  0.007324
 321.000000  0.009643
 322.000000  0.007324
 323.000000  0.009521
 324.000000  0.007324
 325.000000  0.007056
 326.000000  0.007324
 327.000000  0.007080
 328.000000  0.007324
 329.000000  0.009521
 330.000000  0.007324
 331.000000  0.009594
 332.000000  0.007324
 333.000000  0.009570
 334.000000  0.007324
 335.000000  0.009643
 336.000000  0.007324
 337.000000  0.007104
 338.000000  0.007324
 339.000000  0.007251
 340.000000  0.007324
 341.000000  0.009741
 342.000000  0.009765
 343.000000  0.009619
 344.000000  0.007324
 345.000000  0.009716
 346.000000  0.007324
 347.000000  0.007104
 348.000000  0.007300
 349.000000  0.009570
 350.000000  0.007324
 351.000000  0.009716
 352.000000  0.007324
 353.000000  0.009692
 354.000000  0.007324
 355.000000  0.007129
 356.000000  0.007324
 357.000000  0.007251
 358.000000  0.007324
 359.000000  0.009619
 360.000000  0.007324
 361.000000  0.007178
 362.000000  0.007324
 363.000000  0.009668
 364.000000  0.007300
 365.000000  0.007178
 366.000000  0.007324
 367.000000  0.007153
 368.000000  0.007349
 369.000000  0.007300
 370.000000  0.007324
 371.000000  0.009716
 372.000000  0.007324
 373.000000  0.009643
 374.000000  0.007349
 375.000000  0.009619
 376.000000  0.007275
 377.000000  0.007129
 378.000000  0.007324
 379.000000  0.007227
 380.000000  0.007324
 381.000000  0.009643
 382.000000  0.007324
 383.000000  0.007275
 384.000000  0.007349
 385.000000  0.007227
 386.000000  0.007349
 387.000000  0.009619
 388.000000  0.007349
 389.000000  0.009570
 390.000000  0.007373
 391.000000  0.009643
 392.000000  0.007349
 393.000000  0.007129
 394.000000  0.007349
 395.000000  0.007153
 396.000000  0.007373
 397.000000  0.007251
 398.000000  0.007373
 399.000000  0.007129
 400.000000  0.007349
 401.000000  0.009594
 402.000000  0.007397
 403.000000  0.007202
 404.000000  0.007349
 405.000000  0.007251
 406.000000  0.007349
 407.000000  0.007202
 408.000000  0.007349
 409.000000  0.009594
 410.000000  0.007422
 411.000000  0.009692
 412.000000  0.007397
 413.000000  0.007202
 414.000000  0.007422
 415.000000  0.009668
 416.000000  0.007373
 417.000000  0.007178
 418.000000  0.007349
 419.000000  0.007227
 420.000000  0.007349
 421.000000  0.007129
 422.000000  0.007373
 423.000000  0.007251
 424.000000  0.007373
 425.000000  0.009643
 426.000000  0.007397
 427.000000  0.009692
 428.000000  0.007324
 429.000000  0.009668
 430.000000  0.007373
 431.000000  0.009643
 432.000000  0.007471
 433.000000  0.007227
 434.000000  0.007373
 435.000000  0.009643
 436.000000  0.007324
 437.000000  0.009594
 438.000000  0.007373
 439.000000  0.009765
 440.000000  0.007495
 441.000000  0.009741
 442.000000  0.007373
 443.000000  0.009716
 444.000000  0.007349
 445.000000  0.009668
 446.000000  0.007373
 447.000000  0.007227
 448.000000  0.007324
 449.000000  0.009692
 450.000000  0.007422
 451.000000  0.009643
 452.000000  0.007373
 453.000000  0.009741
 454.000000  0.007373
 455.000000  0.009716
 456.000000  0.007349
 457.000000  0.009643
 458.000000  0.007397
 459.000000  0.009765
 460.000000  0.007397
 461.000000  0.009741
 462.000000  0.007373
 463.000000  0.009741
 464.000000  0.007471
 465.000000  0.009765
 466.000000  0.007471
 467.000000  0.007324
 468.000000  0.007349
 469.000000  0.007300
 470.000000  0.007397
 471.000000  0.009741
 472.000000  0.007519
 473.000000  0.007324
 474.000000  0.007471
 475.000000  0.009741
 476.000000  0.007471
 477.000000  0.007324
 478.000000  0.007324
 479.000000  0.009741
 480.000000  0.007495
 481.000000  0.009765
 482.000000  0.007471
 483.000000  0.007300
 484.000000  0.007349
 485.000000  0.009790
 486.000000  0.007764
 487.000000  0.007324
 488.000000  0.007446
 489.000000  0.007324
 490.000000  0.007910
 491.000000  0.009765
 492.000000  0.007397
 493.000000  0.009765
 494.000000  0.007642
 495.000000  0.009790
 496.000000  0.007764
 497.000000  0.007300
 498.000000  0.007495
 499.000000  0.009765
 500.000000  0.008838
 501.000000  0.009765
 502.000000  0.007593
 503.000000  0.009765
 504.000000  0.008862
 505.000000  0.009814
 506.000000  0.007642
 507.000000  0.007324
 508.000000  0.008472
 509.000000  0.007422
 510.000000  0.008398
 511.000000  0.009765
 512.000000  0.008008
 513.000000  0.007495
 514.000000  0.009204
 515.000000  0.007324
 516.000000  0.008081
 517.000000  0.007349
 518.000000  0.009644
 519.000000  0.007422
 520.000000  0.008569
 521.000000  0.007349
 522.000000  0.009375
 523.000000  0.010791
 524.000000  0.008862
 525.000000  0.009814
 526.000000  0.008887
 527.000000  0.010156
 528.000000  0.009692
 529.000000  0.010034
 530.000000  0.008838
 531.000000  0.010107
 532.000000  0.009717
 533.000000  0.008813
 534.000000  0.008716
 535.000000  0.007397
 536.000000  0.009644
 537.000000  0.012133
 538.000000  0.009570
 539.000000  0.009912
 540.000000  0.009351
 541.000000  0.009424
 542.000000  0.009936
 543.000000  0.007739
 544.000000  0.008960
 545.000000  0.008398
 546.000000  0.010059
 547.000000  0.012133
 548.000000  0.009204
 549.000000  0.010278
 550.000000  0.009717
 551.000000  0.012304
 552.000000  0.009668
 553.000000  0.007861
 554.000000  0.009497
 555.000000  0.009766
 556.000000  0.011450
 557.000000  0.011547
 558.000000  0.009546
 559.000000  0.011254
 560.000000  0.011377
 561.000000  0.010010
 562.000000  0.009692
 563.000000  0.011108
 564.000000  0.009839
 565.000000  0.013769
 566.000000  0.010400
 567.000000  0.011303
 568.000000  0.009668
 569.000000  0.012255
 570.000000  0.012280
 571.000000  0.012207
 572.000000  0.009692
 573.000000  0.012085
 574.000000  0.011938
 575.000000  0.014599
 576.000000  0.009863
 577.000000  0.011962
 578.000000  0.009888
 579.000000  0.014697
 580.000000  0.012280
 581.000000  0.009790
 582.000000  0.009790
 583.000000  0.012304
 584.000000  0.014600
 585.000000  0.014013
 586.000000  0.009839
 587.000000  0.012182
 588.000000  0.012207
 589.000000  0.014600
 590.000000  0.011963
 591.000000  0.012231
 592.000000  0.010278
 593.000000  0.013647
 594.000000  0.016016
 595.000000  0.012426
 596.000000  0.010181
 597.000000  0.013281
 598.000000  0.016992
 599.000000  0.016259
 600.000000  0.011279
 601.000000  0.012280
 602.000000  0.012183
 603.000000  0.021606
 604.000000  0.014966
 605.000000  0.013085
 606.000000  0.012036
 607.000000  0.018481
 608.000000  0.025146
 609.000000  0.016943
 610.000000  0.012207
 611.000000  0.017016
 612.000000  0.045629
 613.000000  0.064428
 614.000000  0.020410
 615.000000  0.014672
 616.000000  0.014648
 617.000000  0.031494
 618.000000  0.032422
 619.000000  0.015405
 620.000000  0.014648
 621.000000  0.033642
 622.000000  0.108398
 623.000000  0.070214
 624.000000  0.018969
 625.000000  0.016918
 626.000000  0.031250
 627.000000  0.078051
 628.000000  0.033008
 629.000000  0.014648
 630.000000  0.013257
 631.000000  0.027734
 632.000000  0.043896
 633.000000  0.018017
 634.000000  0.012207
 635.000000  0.014648
 636.000000  0.021973
 637.000000  0.026831
 638.000000  0.012207
 639.000000  0.012304
 640.000000  0.011914
 641.000000  0.018457
 642.000000  0.017114
 643.000000  0.009790
 644.000000  0.012207
 645.000000  0.012207
 646.000000  0.017089
 647.000000  0.014648
 648.000000  0.009888
 649.000000  0.009741
 650.000000  0.010181
 651.000000  0.012549
 652.000000  0.011938
 653.000000  0.009766
 654.000000  0.009766
 655.000000  0.012207
 656.000000  0.012207
 657.000000  0.012207
 658.000000  0.009766
 659.000000  0.009570
 660.000000  0.009888
 661.000000  0.012353
 662.000000  0.009766
 663.000000  0.011401
 664.000000  0.012182
 665.000000  0.012207
 666.000000  0.012280
 667.000000  0.010961
 668.000000  0.009692
 669.000000  0.008276
 670.000000  0.009766
 671.000000  0.009741
 672.000000  0.009668
 673.000000  0.010546
 674.000000  0.012109
 675.000000  0.011962
 676.000000  0.009766
 677.000000  0.010107
 678.000000  0.009326
 679.000000  0.010180
 680.000000  0.009741
 681.000000  0.007715
 682.000000  0.009131
 683.000000  0.009912
 684.000000  0.009448
 685.000000  0.011230
 686.000000  0.009131
 687.000000  0.007422
 688.000000  0.011230
 689.000000  0.007422
 690.000000  0.012085
 691.000000  0.009814
 692.000000  0.008643
 693.000000  0.009887
 694.000000  0.008667
 695.000000  0.009887
 696.000000  0.010717
 697.000000  0.009790
 698.000000  0.007812
 699.000000  0.009790
 700.000000  0.008472
 701.000000  0.007349
 702.000000  0.007739
 703.000000  0.007349
 704.000000  0.010571
 705.000000  0.009765
 706.000000  0.007739
 707.000000  0.007349
 708.000000  0.007642
 709.000000  0.009790
 710.000000  0.007690
 711.000000  0.009765
 712.000000  0.007519
 713.000000  0.009838
 714.000000  0.007739
 715.000000  0.009814
 716.000000  0.007422
 717.000000  0.009741
 718.000000  0.007495
 719.000000  0.009814
 720.000000  0.007568
 721.000000  0.009716
 722.000000  0.007519
 723.000000  0.009716
 724.000000  0.007568
 725.000000  0.009716
 726.000000  0.007519
 727.000000  0.009765
 728.000000  0.007373
 729.000000  0.007349
 730.000000  0.007446
 731.000000  0.009716
 732.000000  0.007373
 733.000000  0.009765
 734.000000  0.009887
 735.000000  0.009692
 736.000000  0.007324
 737.000000  0.009692
 738.000000  0.007422
 739.000000  0.009716
 740.000000  0.007349
 741.000000  0.009594
 742.000000  0.007397
 743.000000  0.007275
 744.000000  0.007373
 745.000000  0.009668
 746.000000  0.007300
 747.000000  0.007178
 748.000000  0.007373
 749.000000  0.009594
 750.000000  0.007300
 751.000000  0.009521
 752.000000  0.009790
 753.000000  0.009643
 754.000000  0.007422
 755.000000  0.009497
 756.000000  0.007324
 757.000000  0.009350
 758.000000  0.007373
 759.000000  0.007153
 760.000000  0.007275
 761.000000  0.009375
 762.000000  0.007324
 763.000000  0.009423
 764.000000  0.007300
 765.000000  0.009399
 766.000000  0.007324
 767.000000  0.006909
 768.000000  0.007324
 769.000000  0.009521
 770.000000  0.007349
 771.000000  0.009130
 772.000000  0.007324
 773.000000  0.009228
 774.000000  0.009765
 775.000000  0.009252
 776.000000  0.009716
 777.000000  0.009301
 778.000000  0.007275
 779.000000  0.006860
 780.000000  0.007324
 781.000000  0.006665
 782.000000  0.009765
 783.000000  0.009057
 784.000000  0.007275
 785.000000  0.009082
 786.000000  0.007324
 787.000000  0.009008
 788.000000  0.009765
 789.000000  0.009179
 790.000000  0.007300
 791.000000  0.008813
 792.000000  0.007324
 793.000000  0.008984
 794.000000  0.007300
 795.000000  0.009008
 796.000000  0.007300
 797.000000  0.008935
 798.000000  0.007251
 799.000000  0.008618
 800.000000  0.007300
 801.000000  0.008813
 802.000000  0.009741
 803.000000  0.008984
 804.000000  0.007300
 805.000000  0.008960
 806.000000  0.007324
 807.000000  0.009155
 808.000000  0.009741
 809.000000  0.006445
 810.000000  0.007324
 811.000000  0.006372
 812.000000  0.007275
 813.000000  0.006177
 814.000000  0.007275
 815.000000  0.008813
 816.000000  0.007300
 817.000000  0.008496
 818.000000  0.007275
 819.000000  0.008740
 820.000000  0.007251
 821.000000  0.008398
 822.000000  0.007251
 823.000000  0.008862
 824.000000  0.009741
 825.000000  0.008569
 826.000000  0.007300
 827.000000  0.008569
 828.000000  0.007275
 829.000000  0.008422
 830.000000  0.007251
 831.000000  0.008447
 832.000000  0.007251
 833.000000  0.008642
 834.000000  0.007227
 835.000000  0.008593
 836.000000  0.009668
 837.000000  0.008276
 838.000000  0.007251
 839.000000  0.008178
 840.000000  0.007227
 841.000000  0.008374
 842.000000  0.009716
 843.000000  0.008471
 844.000000  0.007251
 845.000000  0.005957
 846.000000  0.009570
 847.000000  0.008667
 848.000000  0.007202
 849.000000  0.008496
 850.000000  0.007129
 851.000000  0.008422
 852.000000  0.007251
 853.000000  0.005884
 854.000000  0.009741
 855.000000  0.008129
 856.000000  0.007104
 857.000000  0.005859
 858.000000  0.007178
 859.000000  0.005811
 860.000000  0.009716
 861.000000  0.008105
 862.000000  0.007056
 863.000000  0.005835
 864.000000  0.007178
 865.000000  0.008789
 866.000000  0.009643
 867.000000  0.006006
 868.000000  0.007275
 869.000000  0.008349
 870.000000  0.007080
 871.000000  0.008422
 872.000000  0.007129
 873.000000  0.008349
 874.000000  0.007227
 875.000000  0.008203
 876.000000  0.007227
 877.000000  0.005884
 878.000000  0.007153
 879.000000  0.006030
 880.000000  0.007080
 881.000000  0.008642
 882.000000  0.007056
 883.000000  0.008325
 884.000000  0.007007
 885.000000  0.008520
 886.000000  0.007178
 887.000000  0.005908
 888.000000  0.007202
 889.000000  0.008154
 890.000000  0.007153
 891.000000  0.008300
 892.000000  0.007153
 893.000000  0.008374
 894.000000  0.007007
 895.000000  0.008569
 896.000000  0.007104
 897.000000  0.008520
 898.000000  0.007007
 899.000000  0.008105
 900.000000  0.007227
 901.000000  0.008398
 902.000000  0.009619
 903.000000  0.008129
 904.000000  0.007153
 905.000000  0.008276
 906.000000  0.009594
 907.000000  0.008105
 908.000000  0.009521
 909.000000  0.008325
 910.000000  0.007153
 911.000000  0.007861
 912.000000  0.007178
 913.000000  0.008081
 914.000000  0.007056
 915.000000  0.008081
 916.000000  0.007104
 917.000000  0.008374
 918.000000  0.009643
 919.000000  0.008227
 920.000000  0.009594
 921.000000  0.007983
 922.000000  0.007153
 923.000000  0.008007
 924.000000  0.007202
 925.000000  0.008129
 926.000000  0.007129
 927.000000  0.008056
 928.000000  0.007227
 929.000000  0.008325
 930.000000  0.007129
 931.000000  0.008129
 932.000000  0.007056
 933.000000  0.008154
 934.000000  0.007300
 935.000000  0.008129
 936.000000  0.007275
 937.000000  0.008056
 938.000000  0.007300
 939.000000  0.008105
 940.000000  0.007202
 941.000000  0.008178
 942.000000  0.007300
 943.000000  0.008178
 944.000000  0.007251
 945.000000  0.005688
 946.000000  0.009668
 947.000000  0.007910
 948.000000  0.007275
 949.000000  0.008203
 950.000000  0.009692
 951.000000  0.008227
 952.000000  0.007104
 953.000000  0.008276
 954.000000  0.007275
 955.000000  0.008227
 956.000000  0.007227
 957.000000  0.008056
 958.000000  0.007202
 959.000000  0.005835
 960.000000  0.007178
 961.000000  0.005591
 962.000000  0.009594
 963.000000  0.005811
 964.000000  0.007104
 965.000000  0.008154
 966.000000  0.007202
 967.000000  0.008178
 968.000000  0.007178
 969.000000  0.008105
 970.000000  0.009716
 971.000000  0.007983
 972.000000  0.007227
 973.000000  0.008203
 974.000000  0.007251
 975.000000  0.008252
 976.000000  0.007153
 977.000000  0.008081
 978.000000  0.007251
 979.000000  0.007836
 980.000000  0.007227
 981.000000  0.008300
 982.000000  0.007153
 983.000000  0.005884
 984.000000  0.007275
 985.000000  0.008422
 986.000000  0.007178
 987.000000  0.008178
 988.000000  0.009643
 989.000000  0.008056
 990.000000  0.007251
 991.000000  0.007934
 992.000000  0.007275
 993.000000  0.008252
 994.000000  0.007153
 995.000000  0.008178
 996.000000  0.006982
 997.000000  0.008056
 998.000000  0.009472
 999.000000  0.008252
 1000.000000  0.009643
 1001.000000  0.008032
 1002.000000  0.007178
 1003.000000  0.008056
 1004.000000  0.007129
 1005.000000  0.007983
 1006.000000  0.007153
 1007.000000  0.008032
 1008.000000  0.007153
 1009.000000  0.007910
 1010.000000  0.007227
 1011.000000  0.008203
 1012.000000  0.007080
 1013.000000  0.008252
 1014.000000  0.006982
 1015.000000  0.008129
 1016.000000  0.007031
 1017.000000  0.008471
 1018.000000  0.007056
 1019.000000  0.007934
 1020.000000  0.007031
 1021.000000  0.007739
 1022.000000  0.007251
 1023.000000  0.008056
