 0.000000  0.007422
 1.000000  0.007324
 2.000000  0.007397
 3.000000  0.007324
 4.000000  0.007422
 5.000000  0.007300
 6.000000  0.007422
 7.000000  0.007324
 8.000000  0.007373
 9.000000  0.007178
 10.000000  0.007495
 11.000000  0.007275
 12.000000  0.007471
 13.000000  0.007349
 14.000000  0.007397
 15.000000  0.007178
 16.000000  0.007324
 17.000000  0.007251
 18.000000  0.007397
 19.000000  0.007324
 20.000000  0.007397
 21.000000  0.007227
 22.000000  0.007373
 23.000000  0.007300
 24.000000  0.007471
 25.000000  0.007202
 26.000000  0.007617
 27.000000  0.009741
 28.000000  0.007471
 29.000000  0.007202
 30.000000  0.007422
 31.000000  0.007324
 32.000000  0.007544
 33.000000  0.007251
 34.000000  0.007446
 35.000000  0.007227
 36.000000  0.007519
 37.000000  0.007275
 38.000000  0.007397
 39.000000  0.009741
 40.000000  0.007422
 41.000000  0.007275
 42.000000  0.007397
 43.000000  0.007178
 44.000000  0.007422
 45.000000  0.007227
 46.000000  0.007397
 47.000000  0.007275
 48.000000  0.007422
 49.000000  0.007251
 50.000000  0.007373
 51.000000  0.007324
 52.000000  0.007324
 53.000000  0.007300
 54.000000  0.007324
 55.000000  0.007251
 56.000000  0.007471
 57.000000  0.007324
 58.000000  0.007422
 59.000000  0.009692
 60.000000  0.007324
 61.000000  0.009716
 62.000000  0.007349
 63.000000  0.007275
 64.000000  0.007373
 65.000000  0.007324
 66.000000  0.007373
 67.000000  0.009741
 68.000000  0.007324
 69.000000  0.007300
 70.000000  0.007349
 71.000000  0.007300
 72.000000  0.007324
 73.000000  0.007324
 74.000000  0.007373
 75.000000  0.007275
 76.000000  0.007324
 77.000000  0.007324
 78.000000  0.007324
 79.000000  0.007324
 80.000000  0.007324
 81.000000  0.007324
 82.000000  0.007324
 83.000000  0.007300
 84.000000  0.007324
 85.000000  0.007324
 86.000000  0.007324
 87.000000  0.007251
 88.000000  0.007324
 89.000000  0.007300
 90.000000  0.007349
 91.000000  0.007324
 92.000000  0.007349
 93.000000  0.007227
 94.000000  0.007373
 95.000000  0.007300
 96.000000  0.007324
 97.000000  0.007324
 98.000000  0.007324
 99.000000  0.007300
 100.000000  0.007324
 101.000000  0.009716
 102.000000  0.007324
 103.000000  0.009765
 104.000000  0.007324
 105.000000  0.007300
 106.000000  0.007373
 107.000000  0.007300
 108.000000  0.007324
 109.000000  0.009765
 110.000000  0.007349
 111.000000  0.007324
 112.000000  0.007324
 113.000000  0.007300
 114.000000  0.007324
 115.000000  0.007324
 116.000000  0.007324
 117.000000  0.007324
 118.000000  0.007324
 119.000000  0.007300
 120.000000  0.007349
 121.000000  0.007275
 122.000000  0.007324
 123.000000  0.007324
 124.000000  0.007349
 125.000000  0.007275
 126.000000  0.007397
 127.000000  0.009692
 128.000000  0.007397
 129.000000  0.007275
 130.000000  0.007373
 131.000000  0.009741
 132.000000  0.007373
 133.000000  0.007275
 134.000000  0.007349
 135.000000  0.009716
 136.000000  0.007349
 137.000000  0.007300
 138.000000  0.007446
 139.000000  0.007178
 140.000000  0.007397
 141.000000  0.007227
 142.000000  0.007349
 143.000000  0.007251
 144.000000  0.007324
 145.000000  0.009692
 146.000000  0.007349
 147.000000  0.007251
 148.000000  0.007397
 149.000000  0.009643
 150.000000  0.007446
 151.000000  0.007153
 152.000000  0.007471
 153.000000  0.007227
 154.000000  0.007373
 155.000000  0.007300
 156.000000  0.007300
 157.000000  0.009668
 158.000000  0.007373
 159.000000  0.007202
 160.000000  0.007373
 161.000000  0.007275
 162.000000  0.007397
 163.000000  0.007275
 164.000000  0.007397
 165.000000  0.007275
 166.000000  0.007397
 167.000000  0.007300
 168.000000  0.007324
 169.000000  0.009643
 170.000000  0.007373
 171.000000  0.007129
 172.000000  0.007373
 173.000000  0.007251
 174.000000  0.007373
 175.000000  0.007202
 176.000000  0.007422
 177.000000  0.007178
 178.000000  0.007446
 179.000000  0.009643
 180.000000  0.007373
 181.000000  0.007227
 182.000000  0.007422
 183.000000  0.007178
 184.000000  0.007446
 185.000000  0.007300
 186.000000  0.007446
 187.000000  0.007202
 188.000000  0.007446
 189.000000  0.007153
 190.000000  0.007471
 191.000000  0.007080
 192.000000  0.007397
 193.000000  0.007178
 194.000000  0.007422
 195.000000  0.007129
 196.000000  0.009765
 197.000000  0.007178
 198.000000  0.007397
 199.000000  0.009594
 200.000000  0.007373
 201.000000  0.009668
 202.000000  0.007373
 203.000000  0.007227
 204.000000  0.007422
 205.000000  0.007275
 206.000000  0.007324
 207.000000  0.007251
 208.000000  0.007349
 209.000000  0.009741
 210.000000  0.007397
 211.000000  0.007202
 212.000000  0.007324
 213.000000  0.009668
 214.000000  0.007349
 215.000000  0.007251
 216.000000  0.007349
 217.000000  0.007227
 218.000000  0.007324
 219.000000  0.009643
 220.000000  0.007324
 221.000000  0.007227
 222.000000  0.007324
 223.000000  0.007324
 224.000000  0.007349
 225.000000  0.007251
 226.000000  0.007324
 227.000000  0.009643
 228.000000  0.007349
 229.000000  0.009692
 230.000000  0.007324
 231.000000  0.007275
 232.000000  0.007324
 233.000000  0.009668
 234.000000  0.007324
 235.000000  0.007275
 236.000000  0.007324
 237.000000  0.007251
 238.000000  0.007324
 239.000000  0.009668
 240.000000  0.007349
 241.000000  0.007227
 242.000000  0.007349
 243.000000  0.009741
 244.000000  0.007324
 245.000000  0.007324
 246.000000  0.007324
 247.000000  0.007324
 248.000000  0.007349
 249.000000  0.007300
 250.000000  0.007324
 251.000000  0.007300
 252.000000  0.007324
 253.000000  0.007300
 254.000000  0.007324
 255.000000  0.009741
 256.000000  0.007324
 257.000000  0.007227
 258.000000  0.007324
 259.000000  0.007275
 260.000000  0.007324
 261.000000  0.007300
 262.000000  0.007324
 263.000000  0.009594
 264.000000  0.007324
 265.000000  0.009643
 266.000000  0.007324
 267.000000  0.009692
 268.000000  0.007324
 269.000000  0.009668
 270.000000  0.007324
 271.000000  0.007227
 272.000000  0.007324
 273.000000  0.007300
 274.000000  0.007324
 275.000000  0.009692
 276.000000  0.007349
 277.000000  0.009594
 278.000000  0.007373
 279.000000  0.007324
 280.000000  0.007373
 281.000000  0.009716
 282.000000  0.007324
 283.000000  0.009594
 284.000000  0.007397
 285.000000  0.007227
 286.000000  0.007349
 287.000000  0.007202
 288.000000  0.007300
 289.000000  0.009692
 290.000000  0.007373
 291.000000  0.007227
 292.000000  0.007373
 293.000000  0.007129
 294.000000  0.007324
 295.000000  0.009692
 296.000000  0.007397
 297.000000  0.009741
 298.000000  0.007397
 299.000000  0.009668
 300.000000  0.007349
 301.000000  0.007275
 302.000000  0.007324
 303.000000  0.009692
 304.000000  0.007446
 305.000000  0.007349
 306.000000  0.007397
 307.000000  0.009594
 308.000000  0.007349
 309.000000  0.009668
 310.000000  0.007446
 311.000000  0.007300
 312.000000  0.007422
 313.000000  0.007251
 314.000000  0.007422
 315.000000  0.009741
 316.000000  0.007446
 317.000000  0.007251
 318.000000  0.007397
 319.000000  0.007324
 320.000000  0.007519
 321.000000  0.009619
 322.000000  0.007422
 323.000000  0.009716
 324.000000  0.007422
 325.000000  0.007275
 326.000000  0.007397
 327.000000  0.007227
 328.000000  0.007471
 329.000000  0.009716
 330.000000  0.007471
 331.000000  0.009692
 332.000000  0.007495
 333.000000  0.009692
 334.000000  0.007495
 335.000000  0.009692
 336.000000  0.007373
 337.000000  0.007324
 338.000000  0.007471
 339.000000  0.007202
 340.000000  0.007519
 341.000000  0.009716
 342.000000  0.009936
 343.000000  0.009716
 344.000000  0.007495
 345.000000  0.009668
 346.000000  0.007471
 347.000000  0.007300
 348.000000  0.007422
 349.000000  0.009692
 350.000000  0.007471
 351.000000  0.009741
 352.000000  0.007519
 353.000000  0.009692
 354.000000  0.007397
 355.000000  0.007324
 356.000000  0.007446
 357.000000  0.007300
 358.000000  0.007519
 359.000000  0.009716
 360.000000  0.007446
 361.000000  0.007251
 362.000000  0.007446
 363.000000  0.009716
 364.000000  0.007397
 365.000000  0.007324
 366.000000  0.007422
 367.000000  0.007300
 368.000000  0.007373
 369.000000  0.007324
 370.000000  0.007397
 371.000000  0.009765
 372.000000  0.007422
 373.000000  0.009765
 374.000000  0.007471
 375.000000  0.009765
 376.000000  0.007446
 377.000000  0.007324
 378.000000  0.007471
 379.000000  0.007324
 380.000000  0.007446
 381.000000  0.009765
 382.000000  0.007422
 383.000000  0.007324
 384.000000  0.007446
 385.000000  0.007324
 386.000000  0.007617
 387.000000  0.009765
 388.000000  0.007446
 389.000000  0.009765
 390.000000  0.007544
 391.000000  0.009765
 392.000000  0.007544
 393.000000  0.007324
 394.000000  0.007373
 395.000000  0.007324
 396.000000  0.007446
 397.000000  0.007300
 398.000000  0.007471
 399.000000  0.007324
 400.000000  0.007373
 401.000000  0.009765
 402.000000  0.007422
 403.000000  0.007324
 404.000000  0.007446
 405.000000  0.007324
 406.000000  0.007544
 407.000000  0.007324
 408.000000  0.007446
 409.000000  0.009765
 410.000000  0.007544
 411.000000  0.009765
 412.000000  0.007495
 413.000000  0.007324
 414.000000  0.007642
 415.000000  0.009765
 416.000000  0.007617
 417.000000  0.007324
 418.000000  0.007715
 419.000000  0.007349
 420.000000  0.007788
 421.000000  0.007324
 422.000000  0.007568
 423.000000  0.007324
 424.000000  0.007715
 425.000000  0.009765
 426.000000  0.007568
 427.000000  0.009765
 428.000000  0.008008
 429.000000  0.009765
 430.000000  0.007837
 431.000000  0.009741
 432.000000  0.008057
 433.000000  0.007324
 434.000000  0.008032
 435.000000  0.009765
 436.000000  0.007837
 437.000000  0.009790
 438.000000  0.007886
 439.000000  0.009790
 440.000000  0.008350
 441.000000  0.009765
 442.000000  0.008081
 443.000000  0.009814
 444.000000  0.008252
 445.000000  0.009838
 446.000000  0.008447
 447.000000  0.007324
 448.000000  0.008179
 449.000000  0.009814
 450.000000  0.008325
 451.000000  0.009912
 452.000000  0.008472
 453.000000  0.009838
 454.000000  0.008496
 455.000000  0.009838
 456.000000  0.008862
 457.000000  0.009936
 458.000000  0.008911
 459.000000  0.009887
 460.000000  0.009106
 461.000000  0.009887
 462.000000  0.009204
 463.000000  0.010009
 464.000000  0.009180
 465.000000  0.010156
 466.000000  0.009375
 467.000000  0.007519
 468.000000  0.009302
 469.000000  0.007788
 470.000000  0.009448
 471.000000  0.010278
 472.000000  0.009521
 473.000000  0.008057
 474.000000  0.009595
 475.000000  0.010522
 476.000000  0.009473
 477.000000  0.007983
 478.000000  0.009521
 479.000000  0.010644
 480.000000  0.009595
 481.000000  0.010669
 482.000000  0.009521
 483.000000  0.008936
 484.000000  0.009497
 485.000000  0.011377
 486.000000  0.009619
 487.000000  0.008520
 488.000000  0.009644
 489.000000  0.008887
 490.000000  0.009717
 491.000000  0.011352
 492.000000  0.009717
 493.000000  0.011621
 494.000000  0.009741
 495.000000  0.011596
 496.000000  0.009717
 497.000000  0.009351
 498.000000  0.009741
 499.000000  0.011645
 500.000000  0.009644
 501.000000  0.012011
 502.000000  0.009741
 503.000000  0.011767
 504.000000  0.009717
 505.000000  0.011987
 506.000000  0.009839
 507.000000  0.009570
 508.000000  0.009717
 509.000000  0.009668
 510.000000  0.009863
 511.000000  0.012109
 512.000000  0.009766
 513.000000  0.009741
 514.000000  0.009766
 515.000000  0.009692
 516.000000  0.009814
 517.000000  0.009692
 518.000000  0.009839
 519.000000  0.009692
 520.000000  0.009839
 521.000000  0.009766
 522.000000  0.009814
 523.000000  0.012207
 524.000000  0.010034
 525.000000  0.012231
 526.000000  0.010107
 527.000000  0.012231
 528.000000  0.010059
 529.000000  0.012280
 530.000000  0.010815
 531.000000  0.012353
 532.000000  0.010156
 533.000000  0.009839
 534.000000  0.011035
 535.000000  0.010669
 536.000000  0.011279
 537.000000  0.012670
 538.000000  0.012061
 539.000000  0.013818
 540.000000  0.012158
 541.000000  0.010449
 542.000000  0.011914
 543.000000  0.011645
 544.000000  0.012207
 545.000000  0.011816
 546.000000  0.012207
 547.000000  0.014526
 548.000000  0.012207
 549.000000  0.014648
 550.000000  0.012207
 551.000000  0.014648
 552.000000  0.012427
 553.000000  0.012207
 554.000000  0.012476
 555.000000  0.012207
 556.000000  0.012671
 557.000000  0.014672
 558.000000  0.014453
 559.000000  0.014770
 560.000000  0.012939
 561.000000  0.012280
 562.000000  0.014648
 563.000000  0.016088
 564.000000  0.014282
 565.000000  0.015161
 566.000000  0.014648
 567.000000  0.017089
 568.000000  0.014648
 569.000000  0.016650
 570.000000  0.014648
 571.000000  0.017089
 572.000000  0.014990
 573.000000  0.017089
 574.000000  0.014673
 575.000000  0.017089
 576.000000  0.016724
 577.000000  0.017822
 578.000000  0.015332
 579.000000  0.017089
 580.000000  0.015698
 581.000000  0.016064
 582.000000  0.016992
 583.000000  0.017138
 584.000000  0.017017
 585.000000  0.019262
 586.000000  0.017114
 587.000000  0.019531
 588.000000  0.017114
 589.000000  0.017017
 590.000000  0.017261
 591.000000  0.019555
 592.000000  0.017114
 593.000000  0.016992
 594.000000  0.017285
 595.000000  0.021020
 596.000000  0.019629
 597.000000  0.020117
 598.000000  0.019238
 599.000000  0.020874
 600.000000  0.019531
 601.000000  0.021899
 602.000000  0.019458
 603.000000  0.021752
 604.000000  0.020801
 605.000000  0.023779
 606.000000  0.021973
 607.000000  0.021826
 608.000000  0.020020
 609.000000  0.022168
 610.000000  0.022461
 611.000000  0.023779
 612.000000  0.024194
 613.000000  0.022314
 614.000000  0.024462
 615.000000  0.024975
 616.000000  0.021924
 617.000000  0.020312
 618.000000  0.022021
 619.000000  0.024951
 620.000000  0.025439
 621.000000  0.024438
 622.000000  0.022070
 623.000000  0.024365
 624.000000  0.028418
 625.000000  0.029345
 626.000000  0.023071
 627.000000  0.024462
 628.000000  0.024365
 629.000000  0.031665
 630.000000  0.029321
 631.000000  0.026318
 632.000000  0.025000
 633.000000  0.030322
 634.000000  0.041064
 635.000000  0.036035
 636.000000  0.027661
 637.000000  0.028906
 638.000000  0.042993
 639.000000  0.086377
 640.000000  0.052002
 641.000000  0.041528
 642.000000  0.066724
 643.000000  0.368066
 644.000000  1.096631
 645.000000  0.235254
 646.000000  0.046435
 647.000000  0.039086
 648.000000  0.066211
 649.000000  0.102148
 650.000000  0.036646
 651.000000  0.026880
 652.000000  0.027222
 653.000000  0.033789
 654.000000  0.035498
 655.000000  0.027172
 656.000000  0.024463
 657.000000  0.026562
 658.000000  0.028979
 659.000000  0.026538
 660.000000  0.024072
 661.000000  0.024511
 662.000000  0.024316
 663.000000  0.027563
 664.000000  0.024780
 665.000000  0.022412
 666.000000  0.022583
 667.000000  0.022998
 668.000000  0.022681
 669.000000  0.021313
 670.000000  0.020874
 671.000000  0.019629
 672.000000  0.021997
 673.000000  0.024218
 674.000000  0.022460
 675.000000  0.021875
 676.000000  0.019604
 677.000000  0.022045
 678.000000  0.020654
 679.000000  0.020312
 680.000000  0.018823
 681.000000  0.018481
 682.000000  0.019531
 683.000000  0.020581
 684.000000  0.017578
 685.000000  0.019531
 686.000000  0.017749
 687.000000  0.017212
 688.000000  0.019555
 689.000000  0.016919
 690.000000  0.019506
 691.000000  0.018920
 692.000000  0.017090
 693.000000  0.018725
 694.000000  0.017017
 695.000000  0.017407
 696.000000  0.019116
 697.000000  0.017260
 698.000000  0.014917
 699.000000  0.017089
 700.000000  0.014722
 701.000000  0.014648
 702.000000  0.015063
 703.000000  0.014648
 704.000000  0.017089
 705.000000  0.017089
 706.000000  0.014648
 707.000000  0.014624
 708.000000  0.014673
 709.000000  0.016992
 710.000000  0.014673
 711.000000  0.016503
 712.000000  0.014624
 713.000000  0.014965
 714.000000  0.013696
 715.000000  0.014770
 716.000000  0.013232
 717.000000  0.014648
 718.000000  0.013159
 719.000000  0.014648
 720.000000  0.012598
 721.000000  0.014648
 722.000000  0.012231
 723.000000  0.014648
 724.000000  0.012231
 725.000000  0.014648
 726.000000  0.012207
 727.000000  0.014648
 728.000000  0.012207
 729.000000  0.011768
 730.000000  0.012207
 731.000000  0.014477
 732.000000  0.012183
 733.000000  0.013696
 734.000000  0.014624
 735.000000  0.013427
 736.000000  0.011352
 737.000000  0.012695
 738.000000  0.011279
 739.000000  0.012426
 740.000000  0.011352
 741.000000  0.012622
 742.000000  0.010840
 743.000000  0.009766
 744.000000  0.009961
 745.000000  0.012182
 746.000000  0.009863
 747.000000  0.009741
 748.000000  0.009912
 749.000000  0.012182
 750.000000  0.009790
 751.000000  0.012182
 752.000000  0.012231
 753.000000  0.012231
 754.000000  0.009790
 755.000000  0.012182
 756.000000  0.009888
 757.000000  0.012133
 758.000000  0.009814
 759.000000  0.009741
 760.000000  0.009790
 761.000000  0.012085
 762.000000  0.009717
 763.000000  0.011621
 764.000000  0.009717
 765.000000  0.011303
 766.000000  0.009717
 767.000000  0.009131
 768.000000  0.009741
 769.000000  0.011572
 770.000000  0.009692
 771.000000  0.011206
 772.000000  0.009741
 773.000000  0.010742
 774.000000  0.012182
 775.000000  0.010913
 776.000000  0.012109
 777.000000  0.010473
 778.000000  0.009570
 779.000000  0.007861
 780.000000  0.009473
 781.000000  0.008032
 782.000000  0.011792
 783.000000  0.010009
 784.000000  0.009204
 785.000000  0.010424
 786.000000  0.009521
 787.000000  0.009912
 788.000000  0.011279
 789.000000  0.009961
 790.000000  0.009058
 791.000000  0.010009
 792.000000  0.009033
 793.000000  0.009961
 794.000000  0.008765
 795.000000  0.009887
 796.000000  0.008789
 797.000000  0.009863
 798.000000  0.008496
 799.000000  0.009936
 800.000000  0.008838
 801.000000  0.009863
 802.000000  0.010742
 803.000000  0.009790
 804.000000  0.008447
 805.000000  0.009790
 806.000000  0.008032
 807.000000  0.009936
 808.000000  0.010400
 809.000000  0.007422
 810.000000  0.008350
 811.000000  0.007373
 812.000000  0.007739
 813.000000  0.007349
 814.000000  0.007861
 815.000000  0.009814
 816.000000  0.007935
 817.000000  0.009741
 818.000000  0.007715
 819.000000  0.009863
 820.000000  0.007861
 821.000000  0.009765
 822.000000  0.007519
 823.000000  0.009741
 824.000000  0.009936
 825.000000  0.009741
 826.000000  0.007642
 827.000000  0.009741
 828.000000  0.007397
 829.000000  0.009765
 830.000000  0.007471
 831.000000  0.009741
 832.000000  0.007471
 833.000000  0.009765
 834.000000  0.007373
 835.000000  0.009765
 836.000000  0.009887
 837.000000  0.009741
 838.000000  0.007422
 839.000000  0.009765
 840.000000  0.007349
 841.000000  0.009716
 842.000000  0.009814
 843.000000  0.009765
 844.000000  0.007373
 845.000000  0.007251
 846.000000  0.009765
 847.000000  0.009765
 848.000000  0.007324
 849.000000  0.009741
 850.000000  0.007349
 851.000000  0.009741
 852.000000  0.007324
 853.000000  0.007300
 854.000000  0.009790
 855.000000  0.009716
 856.000000  0.007349
 857.000000  0.007300
 858.000000  0.007324
 859.000000  0.007300
 860.000000  0.009765
 861.000000  0.009741
 862.000000  0.007324
 863.000000  0.007300
 864.000000  0.007324
 865.000000  0.009716
 866.000000  0.009790
 867.000000  0.007300
 868.000000  0.007324
 869.000000  0.009668
 870.000000  0.007324
 871.000000  0.009741
 872.000000  0.007324
 873.000000  0.009692
 874.000000  0.007349
 875.000000  0.009619
 876.000000  0.007324
 877.000000  0.007227
 878.000000  0.007324
 879.000000  0.007202
 880.000000  0.007324
 881.000000  0.009692
 882.000000  0.007324
 883.000000  0.009668
 884.000000  0.007324
 885.000000  0.009545
 886.000000  0.007324
 887.000000  0.007227
 888.000000  0.007349
 889.000000  0.009594
 890.000000  0.007324
 891.000000  0.009668
 892.000000  0.007324
 893.000000  0.009521
 894.000000  0.007324
 895.000000  0.009619
 896.000000  0.007324
 897.000000  0.009692
 898.000000  0.007324
 899.000000  0.009472
 900.000000  0.007324
 901.000000  0.009619
 902.000000  0.009790
 903.000000  0.009448
 904.000000  0.007349
 905.000000  0.009423
 906.000000  0.009790
 907.000000  0.009399
 908.000000  0.009790
 909.000000  0.009497
 910.000000  0.007349
 911.000000  0.009155
 912.000000  0.007275
 913.000000  0.009545
 914.000000  0.007324
 915.000000  0.009301
 916.000000  0.007349
 917.000000  0.009497
 918.000000  0.009790
 919.000000  0.009277
 920.000000  0.009790
 921.000000  0.009228
 922.000000  0.007300
 923.000000  0.008984
 924.000000  0.007227
 925.000000  0.009252
 926.000000  0.007300
 927.000000  0.009375
 928.000000  0.007324
 929.000000  0.009252
 930.000000  0.007300
 931.000000  0.009301
 932.000000  0.007300
 933.000000  0.009497
 934.000000  0.007275
 935.000000  0.009277
 936.000000  0.007349
 937.000000  0.009277
 938.000000  0.007373
 939.000000  0.009082
 940.000000  0.007373
 941.000000  0.009204
 942.000000  0.007300
 943.000000  0.009082
 944.000000  0.007324
 945.000000  0.006689
 946.000000  0.009716
 947.000000  0.009277
 948.000000  0.007251
 949.000000  0.009155
 950.000000  0.009692
 951.000000  0.009082
 952.000000  0.007227
 953.000000  0.009228
 954.000000  0.007178
 955.000000  0.009008
 956.000000  0.007324
 957.000000  0.009130
 958.000000  0.007275
 959.000000  0.006470
 960.000000  0.007300
 961.000000  0.006689
 962.000000  0.009692
 963.000000  0.006860
 964.000000  0.007300
 965.000000  0.009252
 966.000000  0.007251
 967.000000  0.009106
 968.000000  0.007178
 969.000000  0.009204
 970.000000  0.009716
 971.000000  0.009057
 972.000000  0.007275
 973.000000  0.008813
 974.000000  0.007227
 975.000000  0.009179
 976.000000  0.007251
 977.000000  0.009008
 978.000000  0.007275
 979.000000  0.008886
 980.000000  0.007300
 981.000000  0.009155
 982.000000  0.007251
 983.000000  0.006763
 984.000000  0.007275
 985.000000  0.009252
 986.000000  0.007251
 987.000000  0.008935
 988.000000  0.009741
 989.000000  0.008935
 990.000000  0.007275
 991.000000  0.008935
 992.000000  0.007324
 993.000000  0.009106
 994.000000  0.007275
 995.000000  0.009033
 996.000000  0.007227
 997.000000  0.009082
 998.000000  0.009668
 999.000000  0.008935
 1000.000000  0.009741
 1001.000000  0.008862
 1002.000000  0.007300
 1003.000000  0.008960
 1004.000000  0.007324
 1005.000000  0.008764
 1006.000000  0.007275
 1007.000000  0.008837
 1008.000000  0.007324
 1009.000000  0.008960
 1010.000000  0.007300
 1011.000000  0.009008
 1012.000000  0.007202
 1013.000000  0.008447
 1014.000000  0.007275
 1015.000000  0.009008
 1016.000000  0.007300
 1017.000000  0.008837
 1018.000000  0.007324
 1019.000000  0.008544
 1020.000000  0.007178
 1021.000000  0.008471
 1022.000000  0.007227
 1023.000000  0.008715
