 0.000000  0.007544
 1.000000  0.007251
 2.000000  0.007446
 3.000000  0.007202
 4.000000  0.007519
 5.000000  0.007275
 6.000000  0.007422
 7.000000  0.007227
 8.000000  0.007422
 9.000000  0.007275
 10.000000  0.007446
 11.000000  0.007275
 12.000000  0.007544
 13.000000  0.007202
 14.000000  0.007397
 15.000000  0.007202
 16.000000  0.007422
 17.000000  0.007275
 18.000000  0.007446
 19.000000  0.007275
 20.000000  0.007373
 21.000000  0.007275
 22.000000  0.007397
 23.000000  0.007300
 24.000000  0.007422
 25.000000  0.007275
 26.000000  0.007617
 27.000000  0.009619
 28.000000  0.007422
 29.000000  0.007275
 30.000000  0.007422
 31.000000  0.007227
 32.000000  0.007397
 33.000000  0.007324
 34.000000  0.007422
 35.000000  0.007300
 36.000000  0.007349
 37.000000  0.007275
 38.000000  0.007471
 39.000000  0.009765
 40.000000  0.007446
 41.000000  0.007227
 42.000000  0.007373
 43.000000  0.007300
 44.000000  0.007422
 45.000000  0.007227
 46.000000  0.007349
 47.000000  0.007300
 48.000000  0.007446
 49.000000  0.007324
 50.000000  0.007349
 51.000000  0.007300
 52.000000  0.007324
 53.000000  0.007251
 54.000000  0.007397
 55.000000  0.007324
 56.000000  0.007349
 57.000000  0.007300
 58.000000  0.007397
 59.000000  0.009668
 60.000000  0.007422
 61.000000  0.009716
 62.000000  0.007349
 63.000000  0.007251
 64.000000  0.007397
 65.000000  0.007227
 66.000000  0.007373
 67.000000  0.009716
 68.000000  0.007324
 69.000000  0.007251
 70.000000  0.007324
 71.000000  0.007300
 72.000000  0.007373
 73.000000  0.007324
 74.000000  0.007324
 75.000000  0.007251
 76.000000  0.007324
 77.000000  0.007324
 78.000000  0.007324
 79.000000  0.007275
 80.000000  0.007349
 81.000000  0.007300
 82.000000  0.007324
 83.000000  0.007251
 84.000000  0.007324
 85.000000  0.007275
 86.000000  0.007324
 87.000000  0.007324
 88.000000  0.007349
 89.000000  0.007300
 90.000000  0.007373
 91.000000  0.007324
 92.000000  0.007324
 93.000000  0.007275
 94.000000  0.007324
 95.000000  0.007251
 96.000000  0.007324
 97.000000  0.007275
 98.000000  0.007324
 99.000000  0.007275
 100.000000  0.007324
 101.000000  0.009716
 102.000000  0.007324
 103.000000  0.009765
 104.000000  0.007349
 105.000000  0.007300
 106.000000  0.007349
 107.000000  0.007324
 108.000000  0.007324
 109.000000  0.009741
 110.000000  0.007324
 111.000000  0.007324
 112.000000  0.007349
 113.000000  0.007275
 114.000000  0.007373
 115.000000  0.007324
 116.000000  0.007324
 117.000000  0.007275
 118.000000  0.007349
 119.000000  0.007300
 120.000000  0.007349
 121.000000  0.007324
 122.000000  0.007373
 123.000000  0.007275
 124.000000  0.007373
 125.000000  0.007300
 126.000000  0.007373
 127.000000  0.009643
 128.000000  0.007349
 129.000000  0.007178
 130.000000  0.007471
 131.000000  0.009692
 132.000000  0.007349
 133.000000  0.007178
 134.000000  0.007349
 135.000000  0.009692
 136.000000  0.007373
 137.000000  0.007251
 138.000000  0.007373
 139.000000  0.007202
 140.000000  0.007397
 141.000000  0.007178
 142.000000  0.007446
 143.000000  0.007202
 144.000000  0.007324
 145.000000  0.009668
 146.000000  0.007349
 147.000000  0.007227
 148.000000  0.007397
 149.000000  0.009668
 150.000000  0.007397
 151.000000  0.007227
 152.000000  0.007422
 153.000000  0.007178
 154.000000  0.007349
 155.000000  0.007227
 156.000000  0.007397
 157.000000  0.009741
 158.000000  0.007471
 159.000000  0.007202
 160.000000  0.007422
 161.000000  0.007153
 162.000000  0.007373
 163.000000  0.007104
 164.000000  0.007397
 165.000000  0.007104
 166.000000  0.007373
 167.000000  0.007153
 168.000000  0.007422
 169.000000  0.009643
 170.000000  0.007349
 171.000000  0.007202
 172.000000  0.007349
 173.000000  0.007153
 174.000000  0.007397
 175.000000  0.007104
 176.000000  0.007422
 177.000000  0.007153
 178.000000  0.007373
 179.000000  0.009545
 180.000000  0.007324
 181.000000  0.007251
 182.000000  0.007373
 183.000000  0.007178
 184.000000  0.007397
 185.000000  0.007300
 186.000000  0.007397
 187.000000  0.007275
 188.000000  0.007324
 189.000000  0.007202
 190.000000  0.007446
 191.000000  0.007202
 192.000000  0.007349
 193.000000  0.007251
 194.000000  0.007349
 195.000000  0.007178
 196.000000  0.009814
 197.000000  0.007153
 198.000000  0.007373
 199.000000  0.009619
 200.000000  0.007349
 201.000000  0.009643
 202.000000  0.007373
 203.000000  0.007178
 204.000000  0.007349
 205.000000  0.007251
 206.000000  0.007324
 207.000000  0.007227
 208.000000  0.007324
 209.000000  0.009692
 210.000000  0.007324
 211.000000  0.007178
 212.000000  0.007324
 213.000000  0.009619
 214.000000  0.007324
 215.000000  0.007202
 216.000000  0.007324
 217.000000  0.007227
 218.000000  0.007349
 219.000000  0.009716
 220.000000  0.007324
 221.000000  0.007300
 222.000000  0.007324
 223.000000  0.007300
 224.000000  0.007324
 225.000000  0.007227
 226.000000  0.007324
 227.000000  0.009545
 228.000000  0.007324
 229.000000  0.009668
 230.000000  0.007324
 231.000000  0.007251
 232.000000  0.007324
 233.000000  0.009741
 234.000000  0.007324
 235.000000  0.007300
 236.000000  0.007324
 237.000000  0.007300
 238.000000  0.007324
 239.000000  0.009716
 240.000000  0.007324
 241.000000  0.007251
 242.000000  0.007324
 243.000000  0.009668
 244.000000  0.007324
 245.000000  0.007251
 246.000000  0.007324
 247.000000  0.007251
 248.000000  0.007324
 249.000000  0.007251
 250.000000  0.007324
 251.000000  0.007300
 252.000000  0.007324
 253.000000  0.007275
 254.000000  0.007324
 255.000000  0.009741
 256.000000  0.007324
 257.000000  0.007324
 258.000000  0.007349
 259.000000  0.007275
 260.000000  0.007324
 261.000000  0.007275
 262.000000  0.007324
 263.000000  0.009643
 264.000000  0.007324
 265.000000  0.009716
 266.000000  0.007324
 267.000000  0.009741
 268.000000  0.007324
 269.000000  0.009716
 270.000000  0.007324
 271.000000  0.007300
 272.000000  0.007349
 273.000000  0.007202
 274.000000  0.007324
 275.000000  0.009716
 276.000000  0.007349
 277.000000  0.009643
 278.000000  0.007349
 279.000000  0.007227
 280.000000  0.007349
 281.000000  0.009668
 282.000000  0.007349
 283.000000  0.009668
 284.000000  0.007373
 285.000000  0.007275
 286.000000  0.007373
 287.000000  0.007251
 288.000000  0.007324
 289.000000  0.009692
 290.000000  0.007397
 291.000000  0.007251
 292.000000  0.007373
 293.000000  0.007227
 294.000000  0.007349
 295.000000  0.009692
 296.000000  0.007397
 297.000000  0.009716
 298.000000  0.007373
 299.000000  0.009643
 300.000000  0.007349
 301.000000  0.007178
 302.000000  0.007349
 303.000000  0.009643
 304.000000  0.007373
 305.000000  0.007202
 306.000000  0.007373
 307.000000  0.009741
 308.000000  0.007373
 309.000000  0.009692
 310.000000  0.007373
 311.000000  0.007227
 312.000000  0.007373
 313.000000  0.007227
 314.000000  0.007324
 315.000000  0.009692
 316.000000  0.007397
 317.000000  0.007300
 318.000000  0.007397
 319.000000  0.007227
 320.000000  0.007373
 321.000000  0.009741
 322.000000  0.007422
 323.000000  0.009545
 324.000000  0.007324
 325.000000  0.007153
 326.000000  0.007349
 327.000000  0.007251
 328.000000  0.007397
 329.000000  0.009716
 330.000000  0.007349
 331.000000  0.009619
 332.000000  0.007397
 333.000000  0.009668
 334.000000  0.007422
 335.000000  0.009716
 336.000000  0.007446
 337.000000  0.007251
 338.000000  0.007373
 339.000000  0.007324
 340.000000  0.007422
 341.000000  0.009741
 342.000000  0.009814
 343.000000  0.009619
 344.000000  0.007519
 345.000000  0.009668
 346.000000  0.007422
 347.000000  0.007300
 348.000000  0.007349
 349.000000  0.009692
 350.000000  0.007422
 351.000000  0.009668
 352.000000  0.007397
 353.000000  0.009741
 354.000000  0.007422
 355.000000  0.007300
 356.000000  0.007397
 357.000000  0.007275
 358.000000  0.007373
 359.000000  0.009716
 360.000000  0.007373
 361.000000  0.007300
 362.000000  0.007349
 363.000000  0.009741
 364.000000  0.007397
 365.000000  0.007324
 366.000000  0.007397
 367.000000  0.007300
 368.000000  0.007373
 369.000000  0.007300
 370.000000  0.007349
 371.000000  0.009765
 372.000000  0.007373
 373.000000  0.009741
 374.000000  0.007397
 375.000000  0.009741
 376.000000  0.007422
 377.000000  0.007324
 378.000000  0.007349
 379.000000  0.007324
 380.000000  0.007422
 381.000000  0.009765
 382.000000  0.007373
 383.000000  0.007324
 384.000000  0.007349
 385.000000  0.007300
 386.000000  0.007324
 387.000000  0.009765
 388.000000  0.007373
 389.000000  0.009765
 390.000000  0.007397
 391.000000  0.009765
 392.000000  0.007422
 393.000000  0.007324
 394.000000  0.007349
 395.000000  0.007300
 396.000000  0.007397
 397.000000  0.007324
 398.000000  0.007373
 399.000000  0.007324
 400.000000  0.007373
 401.000000  0.009765
 402.000000  0.007349
 403.000000  0.007324
 404.000000  0.007373
 405.000000  0.007324
 406.000000  0.007373
 407.000000  0.007324
 408.000000  0.007349
 409.000000  0.009741
 410.000000  0.007397
 411.000000  0.009765
 412.000000  0.007422
 413.000000  0.007324
 414.000000  0.007519
 415.000000  0.009765
 416.000000  0.007373
 417.000000  0.007349
 418.000000  0.007495
 419.000000  0.007324
 420.000000  0.007397
 421.000000  0.007324
 422.000000  0.007422
 423.000000  0.007324
 424.000000  0.007422
 425.000000  0.009765
 426.000000  0.007397
 427.000000  0.009765
 428.000000  0.007544
 429.000000  0.009765
 430.000000  0.007642
 431.000000  0.009814
 432.000000  0.007373
 433.000000  0.007349
 434.000000  0.007568
 435.000000  0.009716
 436.000000  0.007471
 437.000000  0.009765
 438.000000  0.007568
 439.000000  0.009814
 440.000000  0.007593
 441.000000  0.009716
 442.000000  0.007715
 443.000000  0.009814
 444.000000  0.007690
 445.000000  0.009790
 446.000000  0.007812
 447.000000  0.007275
 448.000000  0.007642
 449.000000  0.009790
 450.000000  0.007666
 451.000000  0.009790
 452.000000  0.007715
 453.000000  0.009790
 454.000000  0.008008
 455.000000  0.009814
 456.000000  0.008130
 457.000000  0.009838
 458.000000  0.007935
 459.000000  0.009765
 460.000000  0.008447
 461.000000  0.009790
 462.000000  0.007983
 463.000000  0.009838
 464.000000  0.008398
 465.000000  0.009838
 466.000000  0.008423
 467.000000  0.007397
 468.000000  0.008472
 469.000000  0.007471
 470.000000  0.008569
 471.000000  0.009887
 472.000000  0.008838
 473.000000  0.007642
 474.000000  0.008911
 475.000000  0.009887
 476.000000  0.008765
 477.000000  0.007519
 478.000000  0.008716
 479.000000  0.010009
 480.000000  0.008984
 481.000000  0.009961
 482.000000  0.009180
 483.000000  0.007812
 484.000000  0.008594
 485.000000  0.010156
 486.000000  0.009302
 487.000000  0.007837
 488.000000  0.009082
 489.000000  0.007861
 490.000000  0.009326
 491.000000  0.010449
 492.000000  0.009351
 493.000000  0.010327
 494.000000  0.009473
 495.000000  0.010473
 496.000000  0.009644
 497.000000  0.008032
 498.000000  0.009351
 499.000000  0.010449
 500.000000  0.009546
 501.000000  0.011132
 502.000000  0.009619
 503.000000  0.010815
 504.000000  0.009717
 505.000000  0.011401
 506.000000  0.009741
 507.000000  0.008911
 508.000000  0.009741
 509.000000  0.008936
 510.000000  0.009766
 511.000000  0.011474
 512.000000  0.009717
 513.000000  0.009082
 514.000000  0.009766
 515.000000  0.009521
 516.000000  0.009766
 517.000000  0.009351
 518.000000  0.009766
 519.000000  0.009473
 520.000000  0.009766
 521.000000  0.009473
 522.000000  0.009766
 523.000000  0.011962
 524.000000  0.009766
 525.000000  0.012060
 526.000000  0.009766
 527.000000  0.011987
 528.000000  0.009766
 529.000000  0.012182
 530.000000  0.009790
 531.000000  0.012158
 532.000000  0.009766
 533.000000  0.009766
 534.000000  0.009766
 535.000000  0.009741
 536.000000  0.009766
 537.000000  0.012182
 538.000000  0.010059
 539.000000  0.012207
 540.000000  0.009790
 541.000000  0.009766
 542.000000  0.010181
 543.000000  0.009790
 544.000000  0.009912
 545.000000  0.009766
 546.000000  0.010278
 547.000000  0.012451
 548.000000  0.011865
 549.000000  0.012475
 550.000000  0.010620
 551.000000  0.012524
 552.000000  0.011865
 553.000000  0.010376
 554.000000  0.011255
 555.000000  0.010620
 556.000000  0.012158
 557.000000  0.014502
 558.000000  0.012183
 559.000000  0.013769
 560.000000  0.012207
 561.000000  0.012207
 562.000000  0.012305
 563.000000  0.014648
 564.000000  0.012207
 565.000000  0.014648
 566.000000  0.012622
 567.000000  0.014648
 568.000000  0.012207
 569.000000  0.014648
 570.000000  0.012720
 571.000000  0.014892
 572.000000  0.012842
 573.000000  0.014648
 574.000000  0.012451
 575.000000  0.014721
 576.000000  0.014624
 577.000000  0.015625
 578.000000  0.014453
 579.000000  0.015820
 580.000000  0.014648
 581.000000  0.014624
 582.000000  0.014648
 583.000000  0.016308
 584.000000  0.014648
 585.000000  0.017089
 586.000000  0.014819
 587.000000  0.017065
 588.000000  0.014819
 589.000000  0.014697
 590.000000  0.016992
 591.000000  0.017089
 592.000000  0.016357
 593.000000  0.015186
 594.000000  0.017090
 595.000000  0.019531
 596.000000  0.017090
 597.000000  0.019140
 598.000000  0.017114
 599.000000  0.019531
 600.000000  0.017310
 601.000000  0.019506
 602.000000  0.017163
 603.000000  0.019604
 604.000000  0.019531
 605.000000  0.021460
 606.000000  0.019116
 607.000000  0.019824
 608.000000  0.019458
 609.000000  0.022460
 610.000000  0.019507
 611.000000  0.019677
 612.000000  0.021801
 613.000000  0.021850
 614.000000  0.024340
 615.000000  0.021728
 616.000000  0.019434
 617.000000  0.019336
 618.000000  0.021997
 619.000000  0.025146
 620.000000  0.019971
 621.000000  0.021948
 622.000000  0.019775
 623.000000  0.024633
 624.000000  0.026879
 625.000000  0.021484
 626.000000  0.019531
 627.000000  0.022485
 628.000000  0.029150
 629.000000  0.028979
 630.000000  0.021753
 631.000000  0.022778
 632.000000  0.025269
 633.000000  0.038720
 634.000000  0.029297
 635.000000  0.024658
 636.000000  0.024438
 637.000000  0.032715
 638.000000  0.054102
 639.000000  0.036767
 640.000000  0.034570
 641.000000  0.064868
 642.000000  0.354199
 643.000000  0.906811
 644.000000  0.168872
 645.000000  0.036450
 646.000000  0.031543
 647.000000  0.046093
 648.000000  0.053906
 649.000000  0.024780
 650.000000  0.022314
 651.000000  0.021899
 652.000000  0.029272
 653.000000  0.026978
 654.000000  0.021338
 655.000000  0.021948
 656.000000  0.020483
 657.000000  0.026440
 658.000000  0.022046
 659.000000  0.017358
 660.000000  0.018335
 661.000000  0.021362
 662.000000  0.021777
 663.000000  0.020361
 664.000000  0.019580
 665.000000  0.019506
 666.000000  0.021655
 667.000000  0.021875
 668.000000  0.017212
 669.000000  0.016821
 670.000000  0.017285
 671.000000  0.017163
 672.000000  0.018701
 673.000000  0.018994
 674.000000  0.019531
 675.000000  0.018530
 676.000000  0.017651
 677.000000  0.019531
 678.000000  0.017090
 679.000000  0.017553
 680.000000  0.017041
 681.000000  0.015918
 682.000000  0.016846
 683.000000  0.017089
 684.000000  0.014722
 685.000000  0.017089
 686.000000  0.016919
 687.000000  0.014673
 688.000000  0.017138
 689.000000  0.014648
 690.000000  0.017114
 691.000000  0.017089
 692.000000  0.014648
 693.000000  0.015649
 694.000000  0.014526
 695.000000  0.016040
 696.000000  0.017041
 697.000000  0.015527
 698.000000  0.013965
 699.000000  0.014697
 700.000000  0.014185
 701.000000  0.012353
 702.000000  0.013159
 703.000000  0.012207
 704.000000  0.015210
 705.000000  0.014648
 706.000000  0.012915
 707.000000  0.012207
 708.000000  0.012476
 709.000000  0.014648
 710.000000  0.012305
 711.000000  0.014648
 712.000000  0.012231
 713.000000  0.014575
 714.000000  0.012207
 715.000000  0.014477
 716.000000  0.012207
 717.000000  0.013891
 718.000000  0.012036
 719.000000  0.012573
 720.000000  0.011499
 721.000000  0.012475
 722.000000  0.010986
 723.000000  0.012304
 724.000000  0.010767
 725.000000  0.012451
 726.000000  0.011255
 727.000000  0.012377
 728.000000  0.010107
 729.000000  0.009790
 730.000000  0.010181
 731.000000  0.012207
 732.000000  0.009814
 733.000000  0.012207
 734.000000  0.012353
 735.000000  0.012207
 736.000000  0.009766
 737.000000  0.012207
 738.000000  0.009790
 739.000000  0.012207
 740.000000  0.009790
 741.000000  0.012207
 742.000000  0.009790
 743.000000  0.009766
 744.000000  0.009766
 745.000000  0.012085
 746.000000  0.009766
 747.000000  0.009424
 748.000000  0.009766
 749.000000  0.012011
 750.000000  0.009741
 751.000000  0.011743
 752.000000  0.012231
 753.000000  0.011718
 754.000000  0.009717
 755.000000  0.011401
 756.000000  0.009717
 757.000000  0.010522
 758.000000  0.009644
 759.000000  0.008423
 760.000000  0.009619
 761.000000  0.010742
 762.000000  0.009253
 763.000000  0.010229
 764.000000  0.009424
 765.000000  0.009961
 766.000000  0.009082
 767.000000  0.007837
 768.000000  0.009106
 769.000000  0.010205
 770.000000  0.009277
 771.000000  0.010058
 772.000000  0.008887
 773.000000  0.010009
 774.000000  0.011499
 775.000000  0.009887
 776.000000  0.010766
 777.000000  0.009814
 778.000000  0.008179
 779.000000  0.007446
 780.000000  0.007959
 781.000000  0.007471
 782.000000  0.010498
 783.000000  0.009814
 784.000000  0.008203
 785.000000  0.009814
 786.000000  0.008154
 787.000000  0.009790
 788.000000  0.010400
 789.000000  0.009814
 790.000000  0.008008
 791.000000  0.009765
 792.000000  0.007837
 793.000000  0.009790
 794.000000  0.007935
 795.000000  0.009814
 796.000000  0.007788
 797.000000  0.009765
 798.000000  0.007739
 799.000000  0.009765
 800.000000  0.007910
 801.000000  0.009741
 802.000000  0.010180
 803.000000  0.009716
 804.000000  0.007495
 805.000000  0.009790
 806.000000  0.007446
 807.000000  0.009765
 808.000000  0.010107
 809.000000  0.007349
 810.000000  0.007422
 811.000000  0.007251
 812.000000  0.007544
 813.000000  0.007300
 814.000000  0.007471
 815.000000  0.009765
 816.000000  0.007446
 817.000000  0.009692
 818.000000  0.007373
 819.000000  0.009643
 820.000000  0.007349
 821.000000  0.009619
 822.000000  0.007373
 823.000000  0.009765
 824.000000  0.009814
 825.000000  0.009741
 826.000000  0.007349
 827.000000  0.009692
 828.000000  0.007373
 829.000000  0.009741
 830.000000  0.007324
 831.000000  0.009692
 832.000000  0.007324
 833.000000  0.009741
 834.000000  0.007324
 835.000000  0.009765
 836.000000  0.009765
 837.000000  0.009668
 838.000000  0.007349
 839.000000  0.009716
 840.000000  0.007373
 841.000000  0.009692
 842.000000  0.009790
 843.000000  0.009716
 844.000000  0.007324
 845.000000  0.007300
 846.000000  0.009790
 847.000000  0.009668
 848.000000  0.007324
 849.000000  0.009668
 850.000000  0.007324
 851.000000  0.009716
 852.000000  0.007349
 853.000000  0.007251
 854.000000  0.009765
 855.000000  0.009594
 856.000000  0.007324
 857.000000  0.007227
 858.000000  0.007324
 859.000000  0.007153
 860.000000  0.009765
 861.000000  0.009619
 862.000000  0.007324
 863.000000  0.007153
 864.000000  0.007324
 865.000000  0.009594
 866.000000  0.009765
 867.000000  0.007202
 868.000000  0.007324
 869.000000  0.009545
 870.000000  0.007324
 871.000000  0.009521
 872.000000  0.007324
 873.000000  0.009643
 874.000000  0.007324
 875.000000  0.009545
 876.000000  0.007324
 877.000000  0.007227
 878.000000  0.007324
 879.000000  0.007007
 880.000000  0.007324
 881.000000  0.009570
 882.000000  0.007324
 883.000000  0.009472
 884.000000  0.007324
 885.000000  0.009545
 886.000000  0.007324
 887.000000  0.007080
 888.000000  0.007324
 889.000000  0.009277
 890.000000  0.007324
 891.000000  0.009423
 892.000000  0.007324
 893.000000  0.009545
 894.000000  0.007324
 895.000000  0.009545
 896.000000  0.007324
 897.000000  0.009545
 898.000000  0.007324
 899.000000  0.009545
 900.000000  0.007275
 901.000000  0.009375
 902.000000  0.009716
 903.000000  0.009375
 904.000000  0.007324
 905.000000  0.009375
 906.000000  0.009741
 907.000000  0.009252
 908.000000  0.009741
 909.000000  0.009423
 910.000000  0.007324
 911.000000  0.009301
 912.000000  0.007251
 913.000000  0.009228
 914.000000  0.007300
 915.000000  0.009277
 916.000000  0.007300
 917.000000  0.009326
 918.000000  0.009668
 919.000000  0.009033
 920.000000  0.009716
 921.000000  0.008984
 922.000000  0.007349
 923.000000  0.008911
 924.000000  0.007251
 925.000000  0.009082
 926.000000  0.007300
 927.000000  0.009106
 928.000000  0.007300
 929.000000  0.008886
 930.000000  0.007251
 931.000000  0.009252
 932.000000  0.007275
 933.000000  0.009155
 934.000000  0.007251
 935.000000  0.009252
 936.000000  0.007251
 937.000000  0.008960
 938.000000  0.007300
 939.000000  0.008886
 940.000000  0.007324
 941.000000  0.009057
 942.000000  0.007227
 943.000000  0.009179
 944.000000  0.007349
 945.000000  0.006616
 946.000000  0.009716
 947.000000  0.009252
 948.000000  0.007275
 949.000000  0.009204
 950.000000  0.009668
 951.000000  0.008935
 952.000000  0.007324
 953.000000  0.008960
 954.000000  0.007275
 955.000000  0.008886
 956.000000  0.007227
 957.000000  0.009155
 958.000000  0.007300
 959.000000  0.006519
 960.000000  0.007251
 961.000000  0.006494
 962.000000  0.009619
 963.000000  0.006714
 964.000000  0.007227
 965.000000  0.009179
 966.000000  0.007300
 967.000000  0.009033
 968.000000  0.007251
 969.000000  0.008837
 970.000000  0.009716
 971.000000  0.008886
 972.000000  0.007251
 973.000000  0.008789
 974.000000  0.007202
 975.000000  0.009057
 976.000000  0.007227
 977.000000  0.008960
 978.000000  0.007324
 979.000000  0.008642
 980.000000  0.007275
 981.000000  0.009155
 982.000000  0.007275
 983.000000  0.006665
 984.000000  0.007275
 985.000000  0.009130
 986.000000  0.007251
 987.000000  0.008789
 988.000000  0.009765
 989.000000  0.008667
 990.000000  0.007324
 991.000000  0.008789
 992.000000  0.007324
 993.000000  0.008764
 994.000000  0.007300
 995.000000  0.008960
 996.000000  0.007275
 997.000000  0.008764
 998.000000  0.009692
 999.000000  0.008496
 1000.000000  0.009741
 1001.000000  0.008691
 1002.000000  0.007300
 1003.000000  0.008496
 1004.000000  0.007275
 1005.000000  0.008789
 1006.000000  0.007324
 1007.000000  0.008544
 1008.000000  0.007300
 1009.000000  0.008569
 1010.000000  0.007300
 1011.000000  0.008740
 1012.000000  0.007275
 1013.000000  0.008374
 1014.000000  0.007251
 1015.000000  0.008593
 1016.000000  0.007300
 1017.000000  0.008496
 1018.000000  0.007275
 1019.000000  0.008447
 1020.000000  0.007227
 1021.000000  0.008105
 1022.000000  0.007324
 1023.000000  0.008593
