 0.000000  0.007373
 1.000000  0.007300
 2.000000  0.007349
 3.000000  0.007300
 4.000000  0.007373
 5.000000  0.007324
 6.000000  0.007324
 7.000000  0.007251
 8.000000  0.007324
 9.000000  0.007300
 10.000000  0.007349
 11.000000  0.007324
 12.000000  0.007397
 13.000000  0.007300
 14.000000  0.007397
 15.000000  0.007251
 16.000000  0.007373
 17.000000  0.007251
 18.000000  0.007397
 19.000000  0.007324
 20.000000  0.007349
 21.000000  0.007251
 22.000000  0.007397
 23.000000  0.007324
 24.000000  0.007446
 25.000000  0.007202
 26.000000  0.007519
 27.000000  0.009741
 28.000000  0.007373
 29.000000  0.007324
 30.000000  0.007373
 31.000000  0.007324
 32.000000  0.007373
 33.000000  0.007251
 34.000000  0.007397
 35.000000  0.007275
 36.000000  0.007373
 37.000000  0.007227
 38.000000  0.007397
 39.000000  0.009790
 40.000000  0.007471
 41.000000  0.007324
 42.000000  0.007397
 43.000000  0.007202
 44.000000  0.007471
 45.000000  0.007178
 46.000000  0.007446
 47.000000  0.007251
 48.000000  0.007446
 49.000000  0.007324
 50.000000  0.007324
 51.000000  0.007251
 52.000000  0.007349
 53.000000  0.007251
 54.000000  0.007397
 55.000000  0.007300
 56.000000  0.007568
 57.000000  0.007227
 58.000000  0.007544
 59.000000  0.009692
 60.000000  0.007422
 61.000000  0.009643
 62.000000  0.007446
 63.000000  0.007153
 64.000000  0.007422
 65.000000  0.007080
 66.000000  0.007349
 67.000000  0.009619
 68.000000  0.007373
 69.000000  0.007202
 70.000000  0.007446
 71.000000  0.007153
 72.000000  0.007446
 73.000000  0.007227
 74.000000  0.007349
 75.000000  0.007227
 76.000000  0.007397
 77.000000  0.007251
 78.000000  0.007349
 79.000000  0.007178
 80.000000  0.007422
 81.000000  0.007178
 82.000000  0.007373
 83.000000  0.007275
 84.000000  0.007324
 85.000000  0.007275
 86.000000  0.007397
 87.000000  0.007300
 88.000000  0.007373
 89.000000  0.007300
 90.000000  0.007422
 91.000000  0.007324
 92.000000  0.007324
 93.000000  0.007275
 94.000000  0.007324
 95.000000  0.007300
 96.000000  0.007349
 97.000000  0.007300
 98.000000  0.007349
 99.000000  0.007300
 100.000000  0.007324
 101.000000  0.009765
 102.000000  0.007324
 103.000000  0.009741
 104.000000  0.007324
 105.000000  0.007227
 106.000000  0.007349
 107.000000  0.007324
 108.000000  0.007373
 109.000000  0.009765
 110.000000  0.007324
 111.000000  0.007300
 112.000000  0.007324
 113.000000  0.007324
 114.000000  0.007324
 115.000000  0.007300
 116.000000  0.007324
 117.000000  0.007324
 118.000000  0.007349
 119.000000  0.007275
 120.000000  0.007349
 121.000000  0.007324
 122.000000  0.007397
 123.000000  0.007227
 124.000000  0.007349
 125.000000  0.007324
 126.000000  0.007324
 127.000000  0.009741
 128.000000  0.007324
 129.000000  0.007251
 130.000000  0.007324
 131.000000  0.009765
 132.000000  0.007324
 133.000000  0.007300
 134.000000  0.007349
 135.000000  0.009765
 136.000000  0.007349
 137.000000  0.007275
 138.000000  0.007373
 139.000000  0.007324
 140.000000  0.007373
 141.000000  0.007275
 142.000000  0.007324
 143.000000  0.007324
 144.000000  0.007324
 145.000000  0.009765
 146.000000  0.007324
 147.000000  0.007275
 148.000000  0.007373
 149.000000  0.009716
 150.000000  0.007373
 151.000000  0.007251
 152.000000  0.007324
 153.000000  0.007202
 154.000000  0.007324
 155.000000  0.007324
 156.000000  0.007324
 157.000000  0.009741
 158.000000  0.007324
 159.000000  0.007275
 160.000000  0.007349
 161.000000  0.007300
 162.000000  0.007324
 163.000000  0.007275
 164.000000  0.007373
 165.000000  0.007275
 166.000000  0.007349
 167.000000  0.007227
 168.000000  0.007349
 169.000000  0.009643
 170.000000  0.007373
 171.000000  0.007300
 172.000000  0.007373
 173.000000  0.007080
 174.000000  0.007349
 175.000000  0.007129
 176.000000  0.007397
 177.000000  0.007202
 178.000000  0.007373
 179.000000  0.009692
 180.000000  0.007373
 181.000000  0.007129
 182.000000  0.007471
 183.000000  0.007227
 184.000000  0.007349
 185.000000  0.007275
 186.000000  0.007397
 187.000000  0.007202
 188.000000  0.007324
 189.000000  0.007251
 190.000000  0.007349
 191.000000  0.007056
 192.000000  0.007397
 193.000000  0.007227
 194.000000  0.007349
 195.000000  0.007153
 196.000000  0.009863
 197.000000  0.007104
 198.000000  0.007397
 199.000000  0.009570
 200.000000  0.007397
 201.000000  0.009545
 202.000000  0.007446
 203.000000  0.007202
 204.000000  0.007373
 205.000000  0.007129
 206.000000  0.007349
 207.000000  0.007178
 208.000000  0.007397
 209.000000  0.009521
 210.000000  0.007373
 211.000000  0.007251
 212.000000  0.007373
 213.000000  0.009594
 214.000000  0.007349
 215.000000  0.007007
 216.000000  0.007397
 217.000000  0.007129
 218.000000  0.007422
 219.000000  0.009545
 220.000000  0.007397
 221.000000  0.007202
 222.000000  0.007324
 223.000000  0.007104
 224.000000  0.007397
 225.000000  0.006982
 226.000000  0.007324
 227.000000  0.009423
 228.000000  0.007373
 229.000000  0.009497
 230.000000  0.007446
 231.000000  0.007129
 232.000000  0.007349
 233.000000  0.009570
 234.000000  0.007373
 235.000000  0.007202
 236.000000  0.007349
 237.000000  0.007153
 238.000000  0.007324
 239.000000  0.009643
 240.000000  0.007324
 241.000000  0.007178
 242.000000  0.007324
 243.000000  0.009716
 244.000000  0.007324
 245.000000  0.007129
 246.000000  0.007324
 247.000000  0.007178
 248.000000  0.007324
 249.000000  0.007275
 250.000000  0.007373
 251.000000  0.007227
 252.000000  0.007349
 253.000000  0.007275
 254.000000  0.007349
 255.000000  0.009570
 256.000000  0.007349
 257.000000  0.007227
 258.000000  0.007324
 259.000000  0.007227
 260.000000  0.007349
 261.000000  0.007251
 262.000000  0.007324
 263.000000  0.009594
 264.000000  0.007324
 265.000000  0.009692
 266.000000  0.007324
 267.000000  0.009692
 268.000000  0.007324
 269.000000  0.009594
 270.000000  0.007324
 271.000000  0.007202
 272.000000  0.007324
 273.000000  0.007324
 274.000000  0.007324
 275.000000  0.009741
 276.000000  0.007324
 277.000000  0.009668
 278.000000  0.007324
 279.000000  0.007300
 280.000000  0.007324
 281.000000  0.009741
 282.000000  0.007349
 283.000000  0.009765
 284.000000  0.007324
 285.000000  0.007324
 286.000000  0.007324
 287.000000  0.007275
 288.000000  0.007324
 289.000000  0.009741
 290.000000  0.007324
 291.000000  0.007300
 292.000000  0.007324
 293.000000  0.007251
 294.000000  0.007324
 295.000000  0.009765
 296.000000  0.007324
 297.000000  0.009741
 298.000000  0.007324
 299.000000  0.009765
 300.000000  0.007324
 301.000000  0.007300
 302.000000  0.007324
 303.000000  0.009741
 304.000000  0.007349
 305.000000  0.007324
 306.000000  0.007324
 307.000000  0.009741
 308.000000  0.007324
 309.000000  0.009765
 310.000000  0.007349
 311.000000  0.007324
 312.000000  0.007324
 313.000000  0.007324
 314.000000  0.007349
 315.000000  0.009741
 316.000000  0.007397
 317.000000  0.007300
 318.000000  0.007324
 319.000000  0.007324
 320.000000  0.007349
 321.000000  0.009716
 322.000000  0.007324
 323.000000  0.009716
 324.000000  0.007349
 325.000000  0.007275
 326.000000  0.007397
 327.000000  0.007300
 328.000000  0.007373
 329.000000  0.009741
 330.000000  0.007422
 331.000000  0.009741
 332.000000  0.007397
 333.000000  0.009716
 334.000000  0.007349
 335.000000  0.009765
 336.000000  0.007446
 337.000000  0.007251
 338.000000  0.007446
 339.000000  0.007275
 340.000000  0.007373
 341.000000  0.009814
 342.000000  0.009863
 343.000000  0.009692
 344.000000  0.007446
 345.000000  0.009741
 346.000000  0.007471
 347.000000  0.007300
 348.000000  0.007422
 349.000000  0.009716
 350.000000  0.007446
 351.000000  0.009692
 352.000000  0.007519
 353.000000  0.009765
 354.000000  0.007519
 355.000000  0.007251
 356.000000  0.007422
 357.000000  0.007275
 358.000000  0.007544
 359.000000  0.009692
 360.000000  0.007544
 361.000000  0.007300
 362.000000  0.007544
 363.000000  0.009668
 364.000000  0.007446
 365.000000  0.007251
 366.000000  0.007544
 367.000000  0.007275
 368.000000  0.007568
 369.000000  0.007300
 370.000000  0.007471
 371.000000  0.009765
 372.000000  0.007495
 373.000000  0.009765
 374.000000  0.007568
 375.000000  0.009692
 376.000000  0.007593
 377.000000  0.007251
 378.000000  0.007788
 379.000000  0.007275
 380.000000  0.007642
 381.000000  0.009741
 382.000000  0.007397
 383.000000  0.007275
 384.000000  0.007617
 385.000000  0.007324
 386.000000  0.007617
 387.000000  0.009741
 388.000000  0.007519
 389.000000  0.009765
 390.000000  0.007519
 391.000000  0.009765
 392.000000  0.007617
 393.000000  0.007324
 394.000000  0.007495
 395.000000  0.007324
 396.000000  0.007593
 397.000000  0.007300
 398.000000  0.007544
 399.000000  0.007275
 400.000000  0.007617
 401.000000  0.009790
 402.000000  0.007519
 403.000000  0.007324
 404.000000  0.007471
 405.000000  0.007324
 406.000000  0.007617
 407.000000  0.007349
 408.000000  0.007422
 409.000000  0.009765
 410.000000  0.007568
 411.000000  0.009765
 412.000000  0.007544
 413.000000  0.007324
 414.000000  0.007788
 415.000000  0.009765
 416.000000  0.007593
 417.000000  0.007324
 418.000000  0.007666
 419.000000  0.007324
 420.000000  0.007812
 421.000000  0.007324
 422.000000  0.007593
 423.000000  0.007324
 424.000000  0.007739
 425.000000  0.009765
 426.000000  0.007715
 427.000000  0.009765
 428.000000  0.007886
 429.000000  0.009765
 430.000000  0.007983
 431.000000  0.009765
 432.000000  0.007764
 433.000000  0.007324
 434.000000  0.008057
 435.000000  0.009765
 436.000000  0.007642
 437.000000  0.009765
 438.000000  0.007812
 439.000000  0.009765
 440.000000  0.008032
 441.000000  0.009765
 442.000000  0.008374
 443.000000  0.009790
 444.000000  0.008203
 445.000000  0.009765
 446.000000  0.008740
 447.000000  0.007349
 448.000000  0.008008
 449.000000  0.009838
 450.000000  0.008423
 451.000000  0.009814
 452.000000  0.008447
 453.000000  0.009838
 454.000000  0.008691
 455.000000  0.009863
 456.000000  0.009058
 457.000000  0.009790
 458.000000  0.008789
 459.000000  0.009912
 460.000000  0.009351
 461.000000  0.009912
 462.000000  0.009131
 463.000000  0.009838
 464.000000  0.009448
 465.000000  0.010131
 466.000000  0.009546
 467.000000  0.007519
 468.000000  0.009375
 469.000000  0.007642
 470.000000  0.009521
 471.000000  0.010034
 472.000000  0.009668
 473.000000  0.007935
 474.000000  0.009741
 475.000000  0.010546
 476.000000  0.009717
 477.000000  0.008008
 478.000000  0.009668
 479.000000  0.010717
 480.000000  0.009717
 481.000000  0.010717
 482.000000  0.009692
 483.000000  0.009009
 484.000000  0.009717
 485.000000  0.011401
 486.000000  0.009668
 487.000000  0.009204
 488.000000  0.009741
 489.000000  0.009204
 490.000000  0.009717
 491.000000  0.011401
 492.000000  0.009766
 493.000000  0.011914
 494.000000  0.009692
 495.000000  0.011889
 496.000000  0.009790
 497.000000  0.009473
 498.000000  0.009839
 499.000000  0.011792
 500.000000  0.009766
 501.000000  0.012085
 502.000000  0.009839
 503.000000  0.012158
 504.000000  0.009814
 505.000000  0.012085
 506.000000  0.009839
 507.000000  0.009741
 508.000000  0.009814
 509.000000  0.009692
 510.000000  0.009961
 511.000000  0.012182
 512.000000  0.009985
 513.000000  0.009766
 514.000000  0.009863
 515.000000  0.009766
 516.000000  0.010083
 517.000000  0.009717
 518.000000  0.010010
 519.000000  0.009814
 520.000000  0.010400
 521.000000  0.009936
 522.000000  0.010498
 523.000000  0.012402
 524.000000  0.010718
 525.000000  0.012670
 526.000000  0.011206
 527.000000  0.012353
 528.000000  0.011230
 529.000000  0.012866
 530.000000  0.011987
 531.000000  0.013378
 532.000000  0.011719
 533.000000  0.011279
 534.000000  0.012158
 535.000000  0.012061
 536.000000  0.012158
 537.000000  0.013867
 538.000000  0.012207
 539.000000  0.014624
 540.000000  0.012305
 541.000000  0.011816
 542.000000  0.012207
 543.000000  0.012183
 544.000000  0.012500
 545.000000  0.012207
 546.000000  0.012402
 547.000000  0.014672
 548.000000  0.012988
 549.000000  0.014819
 550.000000  0.012476
 551.000000  0.014721
 552.000000  0.013208
 553.000000  0.013013
 554.000000  0.014551
 555.000000  0.012573
 556.000000  0.013940
 557.000000  0.016210
 558.000000  0.014648
 559.000000  0.016723
 560.000000  0.014624
 561.000000  0.013623
 562.000000  0.014722
 563.000000  0.017089
 564.000000  0.014673
 565.000000  0.016650
 566.000000  0.014648
 567.000000  0.017089
 568.000000  0.015649
 569.000000  0.017089
 570.000000  0.014697
 571.000000  0.017114
 572.000000  0.016992
 573.000000  0.017187
 574.000000  0.014990
 575.000000  0.017114
 576.000000  0.017090
 577.000000  0.019531
 578.000000  0.017090
 579.000000  0.017309
 580.000000  0.016943
 581.000000  0.017041
 582.000000  0.017163
 583.000000  0.018432
 584.000000  0.017041
 585.000000  0.019531
 586.000000  0.019458
 587.000000  0.020312
 588.000000  0.017090
 589.000000  0.016895
 590.000000  0.017920
 591.000000  0.021972
 592.000000  0.019531
 593.000000  0.017090
 594.000000  0.017358
 595.000000  0.021752
 596.000000  0.021973
 597.000000  0.021044
 598.000000  0.018091
 599.000000  0.020263
 600.000000  0.019824
 601.000000  0.024047
 602.000000  0.019531
 603.000000  0.021752
 604.000000  0.020190
 605.000000  0.025830
 606.000000  0.024414
 607.000000  0.021972
 608.000000  0.019800
 609.000000  0.024389
 610.000000  0.029590
 611.000000  0.030151
 612.000000  0.024414
 613.000000  0.023925
 614.000000  0.031738
 615.000000  0.053906
 616.000000  0.038257
 617.000000  0.022314
 618.000000  0.024365
 619.000000  0.036718
 620.000000  0.056152
 621.000000  0.034106
 622.000000  0.026733
 623.000000  0.036499
 624.000000  0.122680
 625.000000  0.211108
 626.000000  0.052173
 627.000000  0.033984
 628.000000  0.049707
 629.000000  0.189429
 630.000000  0.248657
 631.000000  0.050537
 632.000000  0.043311
 633.000000  0.151758
 634.000000  0.758569
 635.000000  0.562402
 636.000000  0.060181
 637.000000  0.031714
 638.000000  0.036304
 639.000000  0.067700
 640.000000  0.040503
 641.000000  0.026757
 642.000000  0.024390
 643.000000  0.024976
 644.000000  0.034179
 645.000000  0.024975
 646.000000  0.024365
 647.000000  0.023876
 648.000000  0.024219
 649.000000  0.024414
 650.000000  0.021387
 651.000000  0.019580
 652.000000  0.020020
 653.000000  0.021875
 654.000000  0.021973
 655.000000  0.020166
 656.000000  0.019311
 657.000000  0.020117
 658.000000  0.020068
 659.000000  0.019092
 660.000000  0.017895
 661.000000  0.019726
 662.000000  0.019019
 663.000000  0.021606
 664.000000  0.020922
 665.000000  0.019506
 666.000000  0.019604
 667.000000  0.019482
 668.000000  0.017236
 669.000000  0.016479
 670.000000  0.016821
 671.000000  0.015747
 672.000000  0.017017
 673.000000  0.019091
 674.000000  0.019165
 675.000000  0.017260
 676.000000  0.016431
 677.000000  0.017749
 678.000000  0.016406
 679.000000  0.017041
 680.000000  0.015063
 681.000000  0.014673
 682.000000  0.015112
 683.000000  0.017041
 684.000000  0.014673
 685.000000  0.016723
 686.000000  0.014722
 687.000000  0.014551
 688.000000  0.017163
 689.000000  0.013769
 690.000000  0.017041
 691.000000  0.015918
 692.000000  0.014575
 693.000000  0.015771
 694.000000  0.014014
 695.000000  0.015234
 696.000000  0.016772
 697.000000  0.015600
 698.000000  0.013501
 699.000000  0.014794
 700.000000  0.012695
 701.000000  0.012305
 702.000000  0.012964
 703.000000  0.012207
 704.000000  0.014794
 705.000000  0.014648
 706.000000  0.012305
 707.000000  0.012183
 708.000000  0.012207
 709.000000  0.014111
 710.000000  0.012183
 711.000000  0.014379
 712.000000  0.012207
 713.000000  0.014086
 714.000000  0.012061
 715.000000  0.013208
 716.000000  0.011890
 717.000000  0.013354
 718.000000  0.011670
 719.000000  0.012402
 720.000000  0.011182
 721.000000  0.012573
 722.000000  0.010889
 723.000000  0.012402
 724.000000  0.010474
 725.000000  0.012231
 726.000000  0.010278
 727.000000  0.012207
 728.000000  0.009839
 729.000000  0.009766
 730.000000  0.009766
 731.000000  0.012207
 732.000000  0.009814
 733.000000  0.012158
 734.000000  0.012231
 735.000000  0.012182
 736.000000  0.009790
 737.000000  0.012182
 738.000000  0.009766
 739.000000  0.012133
 740.000000  0.009766
 741.000000  0.012133
 742.000000  0.009766
 743.000000  0.009692
 744.000000  0.009766
 745.000000  0.012085
 746.000000  0.009766
 747.000000  0.009302
 748.000000  0.009766
 749.000000  0.011743
 750.000000  0.009741
 751.000000  0.011474
 752.000000  0.012207
 753.000000  0.011377
 754.000000  0.009766
 755.000000  0.010961
 756.000000  0.009717
 757.000000  0.010693
 758.000000  0.009644
 759.000000  0.008276
 760.000000  0.009644
 761.000000  0.010253
 762.000000  0.009448
 763.000000  0.009985
 764.000000  0.009253
 765.000000  0.009961
 766.000000  0.009351
 767.000000  0.007764
 768.000000  0.009228
 769.000000  0.009985
 770.000000  0.009204
 771.000000  0.009887
 772.000000  0.008862
 773.000000  0.009814
 774.000000  0.010937
 775.000000  0.009790
 776.000000  0.011157
 777.000000  0.009765
 778.000000  0.008398
 779.000000  0.007324
 780.000000  0.008008
 781.000000  0.007324
 782.000000  0.010717
 783.000000  0.009765
 784.000000  0.007861
 785.000000  0.009790
 786.000000  0.008105
 787.000000  0.009765
 788.000000  0.010229
 789.000000  0.009765
 790.000000  0.007715
 791.000000  0.009765
 792.000000  0.007642
 793.000000  0.009790
 794.000000  0.007568
 795.000000  0.009765
 796.000000  0.007617
 797.000000  0.009790
 798.000000  0.007642
 799.000000  0.009765
 800.000000  0.007446
 801.000000  0.009814
 802.000000  0.009961
 803.000000  0.009765
 804.000000  0.007397
 805.000000  0.009716
 806.000000  0.007446
 807.000000  0.009716
 808.000000  0.009887
 809.000000  0.007300
 810.000000  0.007422
 811.000000  0.007324
 812.000000  0.007349
 813.000000  0.007251
 814.000000  0.007397
 815.000000  0.009716
 816.000000  0.007422
 817.000000  0.009765
 818.000000  0.007495
 819.000000  0.009741
 820.000000  0.007397
 821.000000  0.009668
 822.000000  0.007422
 823.000000  0.009643
 824.000000  0.009912
 825.000000  0.009594
 826.000000  0.007324
 827.000000  0.009521
 828.000000  0.007373
 829.000000  0.009619
 830.000000  0.007349
 831.000000  0.009692
 832.000000  0.007373
 833.000000  0.009692
 834.000000  0.007349
 835.000000  0.009790
 836.000000  0.009838
 837.000000  0.009448
 838.000000  0.007397
 839.000000  0.009521
 840.000000  0.007300
 841.000000  0.009545
 842.000000  0.009863
 843.000000  0.009448
 844.000000  0.007397
 845.000000  0.006982
 846.000000  0.009814
 847.000000  0.009570
 848.000000  0.007349
 849.000000  0.009497
 850.000000  0.007397
 851.000000  0.009594
 852.000000  0.007373
 853.000000  0.006860
 854.000000  0.009790
 855.000000  0.009472
 856.000000  0.007300
 857.000000  0.006982
 858.000000  0.007300
 859.000000  0.006836
 860.000000  0.009814
 861.000000  0.009423
 862.000000  0.007324
 863.000000  0.007153
 864.000000  0.007324
 865.000000  0.009643
 866.000000  0.009765
 867.000000  0.007007
 868.000000  0.007324
 869.000000  0.009399
 870.000000  0.007324
 871.000000  0.009521
 872.000000  0.007324
 873.000000  0.009497
 874.000000  0.007324
 875.000000  0.009472
 876.000000  0.007324
 877.000000  0.006763
 878.000000  0.007324
 879.000000  0.007007
 880.000000  0.007324
 881.000000  0.009570
 882.000000  0.007324
 883.000000  0.009545
 884.000000  0.007324
 885.000000  0.009375
 886.000000  0.007324
 887.000000  0.006836
 888.000000  0.007324
 889.000000  0.009350
 890.000000  0.007324
 891.000000  0.009423
 892.000000  0.007324
 893.000000  0.009497
 894.000000  0.007324
 895.000000  0.009497
 896.000000  0.007324
 897.000000  0.009350
 898.000000  0.007324
 899.000000  0.009350
 900.000000  0.007300
 901.000000  0.009521
 902.000000  0.009765
 903.000000  0.009375
 904.000000  0.007300
 905.000000  0.009204
 906.000000  0.009765
 907.000000  0.009155
 908.000000  0.009765
 909.000000  0.009399
 910.000000  0.007300
 911.000000  0.009155
 912.000000  0.007300
 913.000000  0.009204
 914.000000  0.007324
 915.000000  0.009350
 916.000000  0.007300
 917.000000  0.009252
 918.000000  0.009765
 919.000000  0.008886
 920.000000  0.009765
 921.000000  0.009106
 922.000000  0.007300
 923.000000  0.008715
 924.000000  0.007324
 925.000000  0.009033
 926.000000  0.007324
 927.000000  0.009399
 928.000000  0.007324
 929.000000  0.009277
 930.000000  0.007324
 931.000000  0.009008
 932.000000  0.007324
 933.000000  0.009326
 934.000000  0.007324
 935.000000  0.008911
 936.000000  0.007324
 937.000000  0.009082
 938.000000  0.007324
 939.000000  0.008911
 940.000000  0.007324
 941.000000  0.009082
 942.000000  0.007324
 943.000000  0.008984
 944.000000  0.007324
 945.000000  0.006689
 946.000000  0.009741
 947.000000  0.009228
 948.000000  0.007324
 949.000000  0.009033
 950.000000  0.009716
 951.000000  0.009057
 952.000000  0.007251
 953.000000  0.009082
 954.000000  0.007275
 955.000000  0.008886
 956.000000  0.007349
 957.000000  0.009082
 958.000000  0.007227
 959.000000  0.006641
 960.000000  0.007324
 961.000000  0.006665
 962.000000  0.009716
 963.000000  0.006567
 964.000000  0.007251
 965.000000  0.009228
 966.000000  0.007275
 967.000000  0.009082
 968.000000  0.007300
 969.000000  0.008862
 970.000000  0.009692
 971.000000  0.008886
 972.000000  0.007251
 973.000000  0.008935
 974.000000  0.007300
 975.000000  0.009057
 976.000000  0.007153
 977.000000  0.008862
 978.000000  0.007251
 979.000000  0.008837
 980.000000  0.007275
 981.000000  0.009106
 982.000000  0.007227
 983.000000  0.006445
 984.000000  0.007153
 985.000000  0.009033
 986.000000  0.007275
 987.000000  0.008740
 988.000000  0.009692
 989.000000  0.008569
 990.000000  0.007300
 991.000000  0.008667
 992.000000  0.007178
 993.000000  0.008984
 994.000000  0.007227
 995.000000  0.008862
 996.000000  0.007153
 997.000000  0.008862
 998.000000  0.009692
 999.000000  0.008813
 1000.000000  0.009716
 1001.000000  0.008764
 1002.000000  0.007202
 1003.000000  0.008837
 1004.000000  0.007202
 1005.000000  0.008813
 1006.000000  0.007178
 1007.000000  0.008789
 1008.000000  0.007227
 1009.000000  0.008813
 1010.000000  0.007300
 1011.000000  0.009130
 1012.000000  0.007202
 1013.000000  0.008740
 1014.000000  0.007129
 1015.000000  0.008593
 1016.000000  0.007178
 1017.000000  0.008764
 1018.000000  0.007129
 1019.000000  0.008618
 1020.000000  0.007275
 1021.000000  0.008276
 1022.000000  0.007227
 1023.000000  0.008813
