 0.000000  0.007349
 1.000000  0.007324
 2.000000  0.007324
 3.000000  0.007275
 4.000000  0.007324
 5.000000  0.007324
 6.000000  0.007324
 7.000000  0.007300
 8.000000  0.007349
 9.000000  0.007300
 10.000000  0.007324
 11.000000  0.007275
 12.000000  0.007324
 13.000000  0.007275
 14.000000  0.007324
 15.000000  0.007275
 16.000000  0.007324
 17.000000  0.007300
 18.000000  0.007373
 19.000000  0.007300
 20.000000  0.007324
 21.000000  0.007324
 22.000000  0.007324
 23.000000  0.007324
 24.000000  0.007324
 25.000000  0.007324
 26.000000  0.007349
 27.000000  0.009716
 28.000000  0.007373
 29.000000  0.007324
 30.000000  0.007324
 31.000000  0.007324
 32.000000  0.007324
 33.000000  0.007324
 34.000000  0.007324
 35.000000  0.007324
 36.000000  0.007349
 37.000000  0.007300
 38.000000  0.007373
 39.000000  0.009741
 40.000000  0.007373
 41.000000  0.007300
 42.000000  0.007349
 43.000000  0.007275
 44.000000  0.007324
 45.000000  0.007251
 46.000000  0.007373
 47.000000  0.007129
 48.000000  0.007373
 49.000000  0.007300
 50.000000  0.007373
 51.000000  0.007300
 52.000000  0.007373
 53.000000  0.007275
 54.000000  0.007373
 55.000000  0.007275
 56.000000  0.007397
 57.000000  0.007202
 58.000000  0.007397
 59.000000  0.009545
 60.000000  0.007397
 61.000000  0.009594
 62.000000  0.007324
 63.000000  0.007104
 64.000000  0.007373
 65.000000  0.007202
 66.000000  0.007446
 67.000000  0.009643
 68.000000  0.007324
 69.000000  0.007227
 70.000000  0.007324
 71.000000  0.007251
 72.000000  0.007397
 73.000000  0.007080
 74.000000  0.007422
 75.000000  0.007104
 76.000000  0.007397
 77.000000  0.007178
 78.000000  0.007397
 79.000000  0.007227
 80.000000  0.007397
 81.000000  0.007202
 82.000000  0.007300
 83.000000  0.007056
 84.000000  0.007397
 85.000000  0.007275
 86.000000  0.007373
 87.000000  0.007202
 88.000000  0.007422
 89.000000  0.007227
 90.000000  0.007422
 91.000000  0.007104
 92.000000  0.007349
 93.000000  0.007227
 94.000000  0.007422
 95.000000  0.007080
 96.000000  0.007349
 97.000000  0.007178
 98.000000  0.007446
 99.000000  0.007202
 100.000000  0.007349
 101.000000  0.009643
 102.000000  0.007373
 103.000000  0.009570
 104.000000  0.007349
 105.000000  0.007178
 106.000000  0.007397
 107.000000  0.007227
 108.000000  0.007422
 109.000000  0.009643
 110.000000  0.007373
 111.000000  0.007202
 112.000000  0.007349
 113.000000  0.007202
 114.000000  0.007373
 115.000000  0.007202
 116.000000  0.007324
 117.000000  0.007300
 118.000000  0.007349
 119.000000  0.007153
 120.000000  0.007324
 121.000000  0.007300
 122.000000  0.007373
 123.000000  0.007227
 124.000000  0.007324
 125.000000  0.007202
 126.000000  0.007349
 127.000000  0.009668
 128.000000  0.007349
 129.000000  0.007178
 130.000000  0.007349
 131.000000  0.009716
 132.000000  0.007324
 133.000000  0.007153
 134.000000  0.007349
 135.000000  0.009716
 136.000000  0.007324
 137.000000  0.007251
 138.000000  0.007324
 139.000000  0.007202
 140.000000  0.007324
 141.000000  0.007275
 142.000000  0.007349
 143.000000  0.007324
 144.000000  0.007349
 145.000000  0.009716
 146.000000  0.007349
 147.000000  0.007324
 148.000000  0.007324
 149.000000  0.009741
 150.000000  0.007324
 151.000000  0.007202
 152.000000  0.007324
 153.000000  0.007300
 154.000000  0.007324
 155.000000  0.007324
 156.000000  0.007324
 157.000000  0.009716
 158.000000  0.007324
 159.000000  0.007275
 160.000000  0.007324
 161.000000  0.007324
 162.000000  0.007324
 163.000000  0.007251
 164.000000  0.007324
 165.000000  0.007251
 166.000000  0.007324
 167.000000  0.007275
 168.000000  0.007324
 169.000000  0.009619
 170.000000  0.007324
 171.000000  0.007324
 172.000000  0.007324
 173.000000  0.007324
 174.000000  0.007324
 175.000000  0.007202
 176.000000  0.007324
 177.000000  0.007202
 178.000000  0.007324
 179.000000  0.009668
 180.000000  0.007324
 181.000000  0.007275
 182.000000  0.007324
 183.000000  0.007251
 184.000000  0.007324
 185.000000  0.007275
 186.000000  0.007324
 187.000000  0.007275
 188.000000  0.007324
 189.000000  0.007202
 190.000000  0.007349
 191.000000  0.007104
 192.000000  0.007324
 193.000000  0.007324
 194.000000  0.007324
 195.000000  0.007251
 196.000000  0.009765
 197.000000  0.007153
 198.000000  0.007300
 199.000000  0.009643
 200.000000  0.007324
 201.000000  0.009692
 202.000000  0.007349
 203.000000  0.007251
 204.000000  0.007373
 205.000000  0.007202
 206.000000  0.007349
 207.000000  0.007129
 208.000000  0.007324
 209.000000  0.009594
 210.000000  0.007349
 211.000000  0.007007
 212.000000  0.007324
 213.000000  0.009594
 214.000000  0.007349
 215.000000  0.007129
 216.000000  0.007349
 217.000000  0.007153
 218.000000  0.007349
 219.000000  0.009521
 220.000000  0.007349
 221.000000  0.007202
 222.000000  0.007349
 223.000000  0.007178
 224.000000  0.007324
 225.000000  0.007129
 226.000000  0.007349
 227.000000  0.009594
 228.000000  0.007324
 229.000000  0.009594
 230.000000  0.007373
 231.000000  0.007202
 232.000000  0.007397
 233.000000  0.009521
 234.000000  0.007349
 235.000000  0.007178
 236.000000  0.007324
 237.000000  0.007129
 238.000000  0.007324
 239.000000  0.009594
 240.000000  0.007349
 241.000000  0.007153
 242.000000  0.007349
 243.000000  0.009521
 244.000000  0.007324
 245.000000  0.007056
 246.000000  0.007397
 247.000000  0.007104
 248.000000  0.007397
 249.000000  0.007104
 250.000000  0.007373
 251.000000  0.007227
 252.000000  0.007349
 253.000000  0.007178
 254.000000  0.007300
 255.000000  0.009619
 256.000000  0.007324
 257.000000  0.007056
 258.000000  0.007349
 259.000000  0.007056
 260.000000  0.007349
 261.000000  0.007080
 262.000000  0.007349
 263.000000  0.009448
 264.000000  0.007324
 265.000000  0.009423
 266.000000  0.007324
 267.000000  0.009594
 268.000000  0.007373
 269.000000  0.009497
 270.000000  0.007397
 271.000000  0.007153
 272.000000  0.007300
 273.000000  0.007104
 274.000000  0.007349
 275.000000  0.009668
 276.000000  0.007349
 277.000000  0.009521
 278.000000  0.007324
 279.000000  0.007227
 280.000000  0.007349
 281.000000  0.009521
 282.000000  0.007324
 283.000000  0.009472
 284.000000  0.007324
 285.000000  0.007227
 286.000000  0.007324
 287.000000  0.007227
 288.000000  0.007324
 289.000000  0.009716
 290.000000  0.007349
 291.000000  0.007202
 292.000000  0.007324
 293.000000  0.007153
 294.000000  0.007324
 295.000000  0.009668
 296.000000  0.007324
 297.000000  0.009692
 298.000000  0.007324
 299.000000  0.009765
 300.000000  0.007324
 301.000000  0.007275
 302.000000  0.007324
 303.000000  0.009716
 304.000000  0.007324
 305.000000  0.007275
 306.000000  0.007324
 307.000000  0.009643
 308.000000  0.007324
 309.000000  0.009643
 310.000000  0.007324
 311.000000  0.007275
 312.000000  0.007324
 313.000000  0.007275
 314.000000  0.007324
 315.000000  0.009765
 316.000000  0.007349
 317.000000  0.007300
 318.000000  0.007324
 319.000000  0.007251
 320.000000  0.007324
 321.000000  0.009716
 322.000000  0.007324
 323.000000  0.009716
 324.000000  0.007324
 325.000000  0.007227
 326.000000  0.007324
 327.000000  0.007251
 328.000000  0.007324
 329.000000  0.009668
 330.000000  0.007324
 331.000000  0.009765
 332.000000  0.007349
 333.000000  0.009716
 334.000000  0.007324
 335.000000  0.009716
 336.000000  0.007324
 337.000000  0.007300
 338.000000  0.007324
 339.000000  0.007324
 340.000000  0.007349
 341.000000  0.009765
 342.000000  0.009765
 343.000000  0.009692
 344.000000  0.007349
 345.000000  0.009765
 346.000000  0.007324
 347.000000  0.007227
 348.000000  0.007324
 349.000000  0.009668
 350.000000  0.007324
 351.000000  0.009741
 352.000000  0.007324
 353.000000  0.009765
 354.000000  0.007324
 355.000000  0.007202
 356.000000  0.007373
 357.000000  0.007300
 358.000000  0.007324
 359.000000  0.009619
 360.000000  0.007349
 361.000000  0.007227
 362.000000  0.007349
 363.000000  0.009619
 364.000000  0.007349
 365.000000  0.007202
 366.000000  0.007397
 367.000000  0.007178
 368.000000  0.007397
 369.000000  0.007227
 370.000000  0.007373
 371.000000  0.009643
 372.000000  0.007397
 373.000000  0.009668
 374.000000  0.007397
 375.000000  0.009716
 376.000000  0.007446
 377.000000  0.007178
 378.000000  0.007471
 379.000000  0.007300
 380.000000  0.007397
 381.000000  0.009643
 382.000000  0.007397
 383.000000  0.007275
 384.000000  0.007446
 385.000000  0.007178
 386.000000  0.007446
 387.000000  0.009716
 388.000000  0.007373
 389.000000  0.009643
 390.000000  0.007495
 391.000000  0.009643
 392.000000  0.007471
 393.000000  0.007202
 394.000000  0.007422
 395.000000  0.007275
 396.000000  0.007373
 397.000000  0.007275
 398.000000  0.007544
 399.000000  0.007178
 400.000000  0.007471
 401.000000  0.009716
 402.000000  0.007446
 403.000000  0.007251
 404.000000  0.007373
 405.000000  0.007275
 406.000000  0.007397
 407.000000  0.007300
 408.000000  0.007519
 409.000000  0.009668
 410.000000  0.007544
 411.000000  0.009716
 412.000000  0.007495
 413.000000  0.007275
 414.000000  0.007495
 415.000000  0.009692
 416.000000  0.007471
 417.000000  0.007251
 418.000000  0.007471
 419.000000  0.007300
 420.000000  0.007446
 421.000000  0.007251
 422.000000  0.007446
 423.000000  0.007275
 424.000000  0.007544
 425.000000  0.009692
 426.000000  0.007446
 427.000000  0.009741
 428.000000  0.007471
 429.000000  0.009790
 430.000000  0.007593
 431.000000  0.009765
 432.000000  0.007495
 433.000000  0.007324
 434.000000  0.007471
 435.000000  0.009765
 436.000000  0.007446
 437.000000  0.009765
 438.000000  0.007471
 439.000000  0.009741
 440.000000  0.007471
 441.000000  0.009765
 442.000000  0.007690
 443.000000  0.009765
 444.000000  0.007544
 445.000000  0.009741
 446.000000  0.007666
 447.000000  0.007324
 448.000000  0.007568
 449.000000  0.009765
 450.000000  0.007617
 451.000000  0.009790
 452.000000  0.007495
 453.000000  0.009765
 454.000000  0.007788
 455.000000  0.009765
 456.000000  0.007642
 457.000000  0.009765
 458.000000  0.007642
 459.000000  0.009765
 460.000000  0.008154
 461.000000  0.009765
 462.000000  0.007812
 463.000000  0.009765
 464.000000  0.008276
 465.000000  0.009765
 466.000000  0.008325
 467.000000  0.007349
 468.000000  0.008350
 469.000000  0.007373
 470.000000  0.008057
 471.000000  0.009790
 472.000000  0.008716
 473.000000  0.007349
 474.000000  0.008813
 475.000000  0.009790
 476.000000  0.008618
 477.000000  0.007397
 478.000000  0.008789
 479.000000  0.009814
 480.000000  0.008667
 481.000000  0.009814
 482.000000  0.009155
 483.000000  0.007495
 484.000000  0.008447
 485.000000  0.009765
 486.000000  0.009326
 487.000000  0.007886
 488.000000  0.009228
 489.000000  0.007568
 490.000000  0.009399
 491.000000  0.010034
 492.000000  0.009570
 493.000000  0.010107
 494.000000  0.009375
 495.000000  0.010180
 496.000000  0.009619
 497.000000  0.007861
 498.000000  0.009473
 499.000000  0.010327
 500.000000  0.009766
 501.000000  0.010717
 502.000000  0.009595
 503.000000  0.010278
 504.000000  0.009717
 505.000000  0.011108
 506.000000  0.009717
 507.000000  0.007910
 508.000000  0.009619
 509.000000  0.008374
 510.000000  0.009741
 511.000000  0.010961
 512.000000  0.009619
 513.000000  0.008667
 514.000000  0.009741
 515.000000  0.009497
 516.000000  0.009790
 517.000000  0.009253
 518.000000  0.009717
 519.000000  0.009473
 520.000000  0.009741
 521.000000  0.009399
 522.000000  0.009741
 523.000000  0.011938
 524.000000  0.009766
 525.000000  0.012060
 526.000000  0.009766
 527.000000  0.012085
 528.000000  0.009839
 529.000000  0.012207
 530.000000  0.009863
 531.000000  0.012109
 532.000000  0.009839
 533.000000  0.009766
 534.000000  0.009863
 535.000000  0.009692
 536.000000  0.009863
 537.000000  0.012158
 538.000000  0.010571
 539.000000  0.012255
 540.000000  0.009888
 541.000000  0.009668
 542.000000  0.010327
 543.000000  0.009961
 544.000000  0.009912
 545.000000  0.009790
 546.000000  0.010303
 547.000000  0.012548
 548.000000  0.011572
 549.000000  0.012451
 550.000000  0.010327
 551.000000  0.012475
 552.000000  0.011914
 553.000000  0.010547
 554.000000  0.010889
 555.000000  0.009961
 556.000000  0.012012
 557.000000  0.014428
 558.000000  0.012036
 559.000000  0.012817
 560.000000  0.011963
 561.000000  0.011987
 562.000000  0.012622
 563.000000  0.014233
 564.000000  0.012109
 565.000000  0.014013
 566.000000  0.012622
 567.000000  0.014697
 568.000000  0.012256
 569.000000  0.014233
 570.000000  0.012476
 571.000000  0.015185
 572.000000  0.012622
 573.000000  0.014502
 574.000000  0.012256
 575.000000  0.014721
 576.000000  0.014624
 577.000000  0.014843
 578.000000  0.012915
 579.000000  0.014990
 580.000000  0.014648
 581.000000  0.014551
 582.000000  0.013916
 583.000000  0.014770
 584.000000  0.014429
 585.000000  0.017407
 586.000000  0.014746
 587.000000  0.015210
 588.000000  0.014185
 589.000000  0.014551
 590.000000  0.017065
 591.000000  0.016992
 592.000000  0.014526
 593.000000  0.014087
 594.000000  0.016357
 595.000000  0.019555
 596.000000  0.014697
 597.000000  0.016186
 598.000000  0.014648
 599.000000  0.019311
 600.000000  0.017310
 601.000000  0.016918
 602.000000  0.014648
 603.000000  0.017480
 604.000000  0.021143
 605.000000  0.021923
 606.000000  0.016113
 607.000000  0.017138
 608.000000  0.019189
 609.000000  0.027758
 610.000000  0.021289
 611.000000  0.018286
 612.000000  0.019726
 613.000000  0.030932
 614.000000  0.056103
 615.000000  0.028759
 616.000000  0.017163
 617.000000  0.018848
 618.000000  0.033276
 619.000000  0.046313
 620.000000  0.021973
 621.000000  0.021972
 622.000000  0.026733
 623.000000  0.072753
 624.000000  0.091186
 625.000000  0.031567
 626.000000  0.034180
 627.000000  0.122290
 628.000000  0.611328
 629.000000  0.447168
 630.000000  0.047705
 631.000000  0.027246
 632.000000  0.037061
 633.000000  0.087841
 634.000000  0.043970
 635.000000  0.021972
 636.000000  0.019019
 637.000000  0.022949
 638.000000  0.036572
 639.000000  0.022119
 640.000000  0.017090
 641.000000  0.019287
 642.000000  0.019678
 643.000000  0.022534
 644.000000  0.019531
 645.000000  0.017089
 646.000000  0.019311
 647.000000  0.019921
 648.000000  0.019019
 649.000000  0.014648
 650.000000  0.014697
 651.000000  0.014648
 652.000000  0.017163
 653.000000  0.015161
 654.000000  0.014648
 655.000000  0.016943
 656.000000  0.014648
 657.000000  0.017797
 658.000000  0.014697
 659.000000  0.012598
 660.000000  0.014160
 661.000000  0.016357
 662.000000  0.014746
 663.000000  0.015405
 664.000000  0.015918
 665.000000  0.014770
 666.000000  0.017089
 667.000000  0.016967
 668.000000  0.013428
 669.000000  0.012231
 670.000000  0.012646
 671.000000  0.012305
 672.000000  0.014014
 673.000000  0.014624
 674.000000  0.014672
 675.000000  0.014526
 676.000000  0.012671
 677.000000  0.014648
 678.000000  0.012183
 679.000000  0.014404
 680.000000  0.012207
 681.000000  0.012085
 682.000000  0.012305
 683.000000  0.013720
 684.000000  0.011816
 685.000000  0.013525
 686.000000  0.012183
 687.000000  0.011450
 688.000000  0.014111
 689.000000  0.010107
 690.000000  0.013940
 691.000000  0.012939
 692.000000  0.011084
 693.000000  0.012280
 694.000000  0.010278
 695.000000  0.012329
 696.000000  0.013183
 697.000000  0.012329
 698.000000  0.010181
 699.000000  0.012255
 700.000000  0.009936
 701.000000  0.009741
 702.000000  0.009888
 703.000000  0.009717
 704.000000  0.012280
 705.000000  0.012158
 706.000000  0.009888
 707.000000  0.009692
 708.000000  0.009766
 709.000000  0.011962
 710.000000  0.009814
 711.000000  0.011865
 712.000000  0.009741
 713.000000  0.011792
 714.000000  0.009717
 715.000000  0.011767
 716.000000  0.009741
 717.000000  0.011474
 718.000000  0.009668
 719.000000  0.011181
 720.000000  0.009741
 721.000000  0.011206
 722.000000  0.009692
 723.000000  0.011206
 724.000000  0.009619
 725.000000  0.011035
 726.000000  0.009570
 727.000000  0.010546
 728.000000  0.009521
 729.000000  0.008227
 730.000000  0.009570
 731.000000  0.010449
 732.000000  0.009326
 733.000000  0.010302
 734.000000  0.011694
 735.000000  0.010205
 736.000000  0.008984
 737.000000  0.010009
 738.000000  0.008887
 739.000000  0.010131
 740.000000  0.009204
 741.000000  0.009863
 742.000000  0.008911
 743.000000  0.007471
 744.000000  0.008740
 745.000000  0.009863
 746.000000  0.008374
 747.000000  0.007324
 748.000000  0.008472
 749.000000  0.009814
 750.000000  0.008252
 751.000000  0.009790
 752.000000  0.010400
 753.000000  0.009765
 754.000000  0.008130
 755.000000  0.009765
 756.000000  0.007861
 757.000000  0.009765
 758.000000  0.007788
 759.000000  0.007373
 760.000000  0.007788
 761.000000  0.009790
 762.000000  0.007495
 763.000000  0.009765
 764.000000  0.007471
 765.000000  0.009765
 766.000000  0.007446
 767.000000  0.007324
 768.000000  0.007495
 769.000000  0.009790
 770.000000  0.007422
 771.000000  0.009765
 772.000000  0.007373
 773.000000  0.009741
 774.000000  0.009838
 775.000000  0.009765
 776.000000  0.009838
 777.000000  0.009765
 778.000000  0.007349
 779.000000  0.007324
 780.000000  0.007324
 781.000000  0.007324
 782.000000  0.009765
 783.000000  0.009741
 784.000000  0.007349
 785.000000  0.009765
 786.000000  0.007349
 787.000000  0.009741
 788.000000  0.009765
 789.000000  0.009668
 790.000000  0.007349
 791.000000  0.009643
 792.000000  0.007324
 793.000000  0.009668
 794.000000  0.007324
 795.000000  0.009765
 796.000000  0.007324
 797.000000  0.009741
 798.000000  0.007324
 799.000000  0.009741
 800.000000  0.007324
 801.000000  0.009716
 802.000000  0.009790
 803.000000  0.009643
 804.000000  0.007324
 805.000000  0.009716
 806.000000  0.007324
 807.000000  0.009741
 808.000000  0.009790
 809.000000  0.007251
 810.000000  0.007324
 811.000000  0.007300
 812.000000  0.007324
 813.000000  0.007104
 814.000000  0.007324
 815.000000  0.009692
 816.000000  0.007324
 817.000000  0.009570
 818.000000  0.007324
 819.000000  0.009668
 820.000000  0.007349
 821.000000  0.009521
 822.000000  0.007324
 823.000000  0.009643
 824.000000  0.009741
 825.000000  0.009594
 826.000000  0.007300
 827.000000  0.009472
 828.000000  0.007300
 829.000000  0.009594
 830.000000  0.007300
 831.000000  0.009545
 832.000000  0.007324
 833.000000  0.009350
 834.000000  0.007324
 835.000000  0.009423
 836.000000  0.009765
 837.000000  0.009350
 838.000000  0.007324
 839.000000  0.009350
 840.000000  0.007349
 841.000000  0.009252
 842.000000  0.009716
 843.000000  0.009130
 844.000000  0.007373
 845.000000  0.006982
 846.000000  0.009741
 847.000000  0.009521
 848.000000  0.007275
 849.000000  0.009326
 850.000000  0.007300
 851.000000  0.009375
 852.000000  0.007251
 853.000000  0.006714
 854.000000  0.009741
 855.000000  0.009057
 856.000000  0.007227
 857.000000  0.006763
 858.000000  0.007202
 859.000000  0.006421
 860.000000  0.009643
 861.000000  0.008935
 862.000000  0.007153
 863.000000  0.006592
 864.000000  0.007251
 865.000000  0.009082
 866.000000  0.009741
 867.000000  0.006592
 868.000000  0.007300
 869.000000  0.009130
 870.000000  0.007251
 871.000000  0.008984
 872.000000  0.007251
 873.000000  0.009155
 874.000000  0.007275
 875.000000  0.009033
 876.000000  0.007178
 877.000000  0.006543
 878.000000  0.007251
 879.000000  0.006445
 880.000000  0.007251
 881.000000  0.009155
 882.000000  0.007251
 883.000000  0.008886
 884.000000  0.007251
 885.000000  0.008886
 886.000000  0.007275
 887.000000  0.006201
 888.000000  0.007275
 889.000000  0.008984
 890.000000  0.007275
 891.000000  0.008813
 892.000000  0.007202
 893.000000  0.009082
 894.000000  0.007275
 895.000000  0.009204
 896.000000  0.007300
 897.000000  0.009033
 898.000000  0.007275
 899.000000  0.008886
 900.000000  0.007227
 901.000000  0.008984
 902.000000  0.009741
 903.000000  0.009008
 904.000000  0.007300
 905.000000  0.008837
 906.000000  0.009741
 907.000000  0.008740
 908.000000  0.009790
 909.000000  0.008618
 910.000000  0.007300
 911.000000  0.008813
 912.000000  0.007251
 913.000000  0.008569
 914.000000  0.007202
 915.000000  0.008618
 916.000000  0.007275
 917.000000  0.008886
 918.000000  0.009765
 919.000000  0.008447
 920.000000  0.009765
 921.000000  0.008422
 922.000000  0.007275
 923.000000  0.008593
 924.000000  0.007275
 925.000000  0.008544
 926.000000  0.007275
 927.000000  0.008691
 928.000000  0.007300
 929.000000  0.008691
 930.000000  0.007324
 931.000000  0.008569
 932.000000  0.007300
 933.000000  0.008886
 934.000000  0.007300
 935.000000  0.008667
 936.000000  0.007300
 937.000000  0.008325
 938.000000  0.007300
 939.000000  0.008203
 940.000000  0.007324
 941.000000  0.008593
 942.000000  0.007275
 943.000000  0.008593
 944.000000  0.007300
 945.000000  0.006299
 946.000000  0.009692
 947.000000  0.008715
 948.000000  0.007324
 949.000000  0.008740
 950.000000  0.009668
 951.000000  0.008642
 952.000000  0.007324
 953.000000  0.008642
 954.000000  0.007251
 955.000000  0.008691
 956.000000  0.007300
 957.000000  0.008447
 958.000000  0.007300
 959.000000  0.006177
 960.000000  0.007300
 961.000000  0.006079
 962.000000  0.009668
 963.000000  0.006226
 964.000000  0.007251
 965.000000  0.008837
 966.000000  0.007300
 967.000000  0.008544
 968.000000  0.007324
 969.000000  0.008422
 970.000000  0.009692
 971.000000  0.008618
 972.000000  0.007324
 973.000000  0.008422
 974.000000  0.007324
 975.000000  0.008398
 976.000000  0.007153
 977.000000  0.008203
 978.000000  0.007153
 979.000000  0.008398
 980.000000  0.007300
 981.000000  0.008837
 982.000000  0.007178
 983.000000  0.006103
 984.000000  0.007153
 985.000000  0.008740
 986.000000  0.007178
 987.000000  0.008154
 988.000000  0.009668
 989.000000  0.008252
 990.000000  0.007275
 991.000000  0.008374
 992.000000  0.007227
 993.000000  0.008813
 994.000000  0.007178
 995.000000  0.008422
 996.000000  0.007129
 997.000000  0.008569
 998.000000  0.009423
 999.000000  0.008618
 1000.000000  0.009643
 1001.000000  0.008252
 1002.000000  0.007202
 1003.000000  0.008227
 1004.000000  0.007153
 1005.000000  0.008252
 1006.000000  0.007080
 1007.000000  0.008227
 1008.000000  0.007129
 1009.000000  0.008154
 1010.000000  0.007080
 1011.000000  0.008325
 1012.000000  0.007056
 1013.000000  0.008252
 1014.000000  0.007080
 1015.000000  0.008374
 1016.000000  0.007129
 1017.000000  0.008398
 1018.000000  0.007104
 1019.000000  0.008252
 1020.000000  0.007104
 1021.000000  0.008129
 1022.000000  0.006958
 1023.000000  0.008374
