 0.000000  0.007324
 1.000000  0.007300
 2.000000  0.007324
 3.000000  0.007324
 4.000000  0.007324
 5.000000  0.007300
 6.000000  0.007324
 7.000000  0.007324
 8.000000  0.007324
 9.000000  0.007324
 10.000000  0.007324
 11.000000  0.007324
 12.000000  0.007373
 13.000000  0.007324
 14.000000  0.007349
 15.000000  0.007324
 16.000000  0.007422
 17.000000  0.007300
 18.000000  0.007349
 19.000000  0.007324
 20.000000  0.007324
 21.000000  0.007300
 22.000000  0.007324
 23.000000  0.007275
 24.000000  0.007373
 25.000000  0.007300
 26.000000  0.007446
 27.000000  0.009692
 28.000000  0.007397
 29.000000  0.007300
 30.000000  0.007324
 31.000000  0.007300
 32.000000  0.007422
 33.000000  0.007251
 34.000000  0.007349
 35.000000  0.007275
 36.000000  0.007422
 37.000000  0.007251
 38.000000  0.007324
 39.000000  0.009741
 40.000000  0.007471
 41.000000  0.007251
 42.000000  0.007373
 43.000000  0.007300
 44.000000  0.007446
 45.000000  0.007275
 46.000000  0.007422
 47.000000  0.007153
 48.000000  0.007519
 49.000000  0.007227
 50.000000  0.007422
 51.000000  0.007300
 52.000000  0.007519
 53.000000  0.007300
 54.000000  0.007666
 55.000000  0.007153
 56.000000  0.007764
 57.000000  0.006616
 58.000000  0.007446
 59.000000  0.009130
 60.000000  0.007397
 61.000000  0.009179
 62.000000  0.007519
 63.000000  0.007275
 64.000000  0.007495
 65.000000  0.007178
 66.000000  0.007397
 67.000000  0.009692
 68.000000  0.007446
 69.000000  0.007251
 70.000000  0.007373
 71.000000  0.007227
 72.000000  0.007349
 73.000000  0.007227
 74.000000  0.007373
 75.000000  0.007300
 76.000000  0.007397
 77.000000  0.007251
 78.000000  0.007373
 79.000000  0.007275
 80.000000  0.007397
 81.000000  0.007251
 82.000000  0.007422
 83.000000  0.007251
 84.000000  0.007324
 85.000000  0.007251
 86.000000  0.007422
 87.000000  0.007275
 88.000000  0.007397
 89.000000  0.007275
 90.000000  0.007397
 91.000000  0.007275
 92.000000  0.007397
 93.000000  0.007275
 94.000000  0.007373
 95.000000  0.007251
 96.000000  0.007373
 97.000000  0.007300
 98.000000  0.007349
 99.000000  0.007349
 100.000000  0.007373
 101.000000  0.009765
 102.000000  0.007324
 103.000000  0.009716
 104.000000  0.007349
 105.000000  0.007300
 106.000000  0.007422
 107.000000  0.007251
 108.000000  0.007349
 109.000000  0.009765
 110.000000  0.007324
 111.000000  0.007251
 112.000000  0.007349
 113.000000  0.007324
 114.000000  0.007373
 115.000000  0.007300
 116.000000  0.007349
 117.000000  0.007324
 118.000000  0.007324
 119.000000  0.007202
 120.000000  0.007349
 121.000000  0.007300
 122.000000  0.007324
 123.000000  0.007324
 124.000000  0.007349
 125.000000  0.007324
 126.000000  0.007349
 127.000000  0.009765
 128.000000  0.007349
 129.000000  0.007324
 130.000000  0.007324
 131.000000  0.009765
 132.000000  0.007324
 133.000000  0.007324
 134.000000  0.007397
 135.000000  0.009765
 136.000000  0.007349
 137.000000  0.007324
 138.000000  0.007324
 139.000000  0.007300
 140.000000  0.007373
 141.000000  0.007324
 142.000000  0.007324
 143.000000  0.007324
 144.000000  0.007324
 145.000000  0.009765
 146.000000  0.007349
 147.000000  0.007324
 148.000000  0.007324
 149.000000  0.009765
 150.000000  0.007324
 151.000000  0.007275
 152.000000  0.007324
 153.000000  0.007324
 154.000000  0.007324
 155.000000  0.007300
 156.000000  0.007324
 157.000000  0.009741
 158.000000  0.007324
 159.000000  0.007275
 160.000000  0.007324
 161.000000  0.007300
 162.000000  0.007324
 163.000000  0.007275
 164.000000  0.007324
 165.000000  0.007324
 166.000000  0.007349
 167.000000  0.007251
 168.000000  0.007349
 169.000000  0.009741
 170.000000  0.007324
 171.000000  0.007324
 172.000000  0.007324
 173.000000  0.007324
 174.000000  0.007324
 175.000000  0.007300
 176.000000  0.007349
 177.000000  0.007324
 178.000000  0.007324
 179.000000  0.009765
 180.000000  0.007324
 181.000000  0.007300
 182.000000  0.007324
 183.000000  0.007300
 184.000000  0.007324
 185.000000  0.007300
 186.000000  0.007349
 187.000000  0.007324
 188.000000  0.007324
 189.000000  0.007324
 190.000000  0.007324
 191.000000  0.007251
 192.000000  0.007324
 193.000000  0.007300
 194.000000  0.007324
 195.000000  0.007300
 196.000000  0.009790
 197.000000  0.007324
 198.000000  0.007349
 199.000000  0.009643
 200.000000  0.007373
 201.000000  0.009668
 202.000000  0.007373
 203.000000  0.007178
 204.000000  0.007446
 205.000000  0.007202
 206.000000  0.007397
 207.000000  0.007104
 208.000000  0.007349
 209.000000  0.009521
 210.000000  0.007422
 211.000000  0.006836
 212.000000  0.007324
 213.000000  0.009692
 214.000000  0.007764
 215.000000  0.007178
 216.000000  0.007886
 217.000000  0.007104
 218.000000  0.007397
 219.000000  0.009179
 220.000000  0.007300
 221.000000  0.007153
 222.000000  0.007397
 223.000000  0.007153
 224.000000  0.007324
 225.000000  0.007227
 226.000000  0.007422
 227.000000  0.009692
 228.000000  0.007373
 229.000000  0.009545
 230.000000  0.007446
 231.000000  0.007300
 232.000000  0.007397
 233.000000  0.009643
 234.000000  0.007397
 235.000000  0.007300
 236.000000  0.007373
 237.000000  0.007300
 238.000000  0.007446
 239.000000  0.009692
 240.000000  0.007324
 241.000000  0.007300
 242.000000  0.007349
 243.000000  0.009716
 244.000000  0.007324
 245.000000  0.007300
 246.000000  0.007373
 247.000000  0.007275
 248.000000  0.007422
 249.000000  0.007324
 250.000000  0.007324
 251.000000  0.007324
 252.000000  0.007373
 253.000000  0.007300
 254.000000  0.007373
 255.000000  0.009716
 256.000000  0.007373
 257.000000  0.007275
 258.000000  0.007349
 259.000000  0.007300
 260.000000  0.007349
 261.000000  0.007275
 262.000000  0.007324
 263.000000  0.009692
 264.000000  0.007349
 265.000000  0.009741
 266.000000  0.007324
 267.000000  0.009741
 268.000000  0.007349
 269.000000  0.009765
 270.000000  0.007349
 271.000000  0.007300
 272.000000  0.007324
 273.000000  0.007300
 274.000000  0.007373
 275.000000  0.009765
 276.000000  0.007324
 277.000000  0.009716
 278.000000  0.007349
 279.000000  0.007324
 280.000000  0.007373
 281.000000  0.009765
 282.000000  0.007349
 283.000000  0.009741
 284.000000  0.007324
 285.000000  0.007324
 286.000000  0.007324
 287.000000  0.007324
 288.000000  0.007373
 289.000000  0.009765
 290.000000  0.007324
 291.000000  0.007300
 292.000000  0.007349
 293.000000  0.007300
 294.000000  0.007422
 295.000000  0.009765
 296.000000  0.007324
 297.000000  0.009765
 298.000000  0.007397
 299.000000  0.009765
 300.000000  0.007349
 301.000000  0.007324
 302.000000  0.007324
 303.000000  0.009765
 304.000000  0.007495
 305.000000  0.007324
 306.000000  0.007373
 307.000000  0.009765
 308.000000  0.007373
 309.000000  0.009765
 310.000000  0.007397
 311.000000  0.007324
 312.000000  0.007349
 313.000000  0.007300
 314.000000  0.007446
 315.000000  0.009765
 316.000000  0.007397
 317.000000  0.007324
 318.000000  0.007422
 319.000000  0.007349
 320.000000  0.007349
 321.000000  0.009765
 322.000000  0.007349
 323.000000  0.009765
 324.000000  0.007349
 325.000000  0.007324
 326.000000  0.007397
 327.000000  0.007324
 328.000000  0.007471
 329.000000  0.009765
 330.000000  0.007446
 331.000000  0.009765
 332.000000  0.007471
 333.000000  0.009765
 334.000000  0.007373
 335.000000  0.009765
 336.000000  0.007446
 337.000000  0.007324
 338.000000  0.007642
 339.000000  0.007324
 340.000000  0.007617
 341.000000  0.009790
 342.000000  0.010034
 343.000000  0.009741
 344.000000  0.007519
 345.000000  0.009765
 346.000000  0.007690
 347.000000  0.007324
 348.000000  0.007519
 349.000000  0.009765
 350.000000  0.007617
 351.000000  0.009765
 352.000000  0.007788
 353.000000  0.009765
 354.000000  0.007642
 355.000000  0.007397
 356.000000  0.007642
 357.000000  0.007324
 358.000000  0.007715
 359.000000  0.009765
 360.000000  0.007983
 361.000000  0.007324
 362.000000  0.007837
 363.000000  0.009790
 364.000000  0.007886
 365.000000  0.007471
 366.000000  0.008057
 367.000000  0.007544
 368.000000  0.008105
 369.000000  0.007422
 370.000000  0.007812
 371.000000  0.009668
 372.000000  0.007983
 373.000000  0.009692
 374.000000  0.008301
 375.000000  0.009961
 376.000000  0.008618
 377.000000  0.007397
 378.000000  0.008203
 379.000000  0.007422
 380.000000  0.008447
 381.000000  0.009863
 382.000000  0.008057
 383.000000  0.007349
 384.000000  0.008130
 385.000000  0.007422
 386.000000  0.008569
 387.000000  0.009912
 388.000000  0.008032
 389.000000  0.009838
 390.000000  0.008813
 391.000000  0.009790
 392.000000  0.008520
 393.000000  0.007373
 394.000000  0.008520
 395.000000  0.007519
 396.000000  0.008643
 397.000000  0.007471
 398.000000  0.008862
 399.000000  0.007397
 400.000000  0.008838
 401.000000  0.009936
 402.000000  0.008496
 403.000000  0.007519
 404.000000  0.008740
 405.000000  0.007446
 406.000000  0.008691
 407.000000  0.007471
 408.000000  0.009009
 409.000000  0.009961
 410.000000  0.009326
 411.000000  0.009936
 412.000000  0.009326
 413.000000  0.007495
 414.000000  0.009228
 415.000000  0.010009
 416.000000  0.009399
 417.000000  0.007568
 418.000000  0.009521
 419.000000  0.007690
 420.000000  0.009473
 421.000000  0.007568
 422.000000  0.009546
 423.000000  0.007935
 424.000000  0.009570
 425.000000  0.010400
 426.000000  0.009595
 427.000000  0.010180
 428.000000  0.009668
 429.000000  0.010180
 430.000000  0.009644
 431.000000  0.010351
 432.000000  0.009644
 433.000000  0.007935
 434.000000  0.009668
 435.000000  0.010717
 436.000000  0.009668
 437.000000  0.010839
 438.000000  0.009692
 439.000000  0.010961
 440.000000  0.009741
 441.000000  0.011157
 442.000000  0.009766
 443.000000  0.011499
 444.000000  0.009766
 445.000000  0.011621
 446.000000  0.009766
 447.000000  0.009106
 448.000000  0.009766
 449.000000  0.011669
 450.000000  0.009766
 451.000000  0.011962
 452.000000  0.009766
 453.000000  0.011938
 454.000000  0.009766
 455.000000  0.012085
 456.000000  0.009766
 457.000000  0.012011
 458.000000  0.009766
 459.000000  0.012133
 460.000000  0.009766
 461.000000  0.012207
 462.000000  0.009766
 463.000000  0.012182
 464.000000  0.009766
 465.000000  0.012207
 466.000000  0.009766
 467.000000  0.009741
 468.000000  0.009766
 469.000000  0.009741
 470.000000  0.009790
 471.000000  0.012207
 472.000000  0.009790
 473.000000  0.009766
 474.000000  0.010010
 475.000000  0.012207
 476.000000  0.010010
 477.000000  0.009766
 478.000000  0.009961
 479.000000  0.012207
 480.000000  0.010742
 481.000000  0.012304
 482.000000  0.010498
 483.000000  0.009863
 484.000000  0.010400
 485.000000  0.012451
 486.000000  0.011328
 487.000000  0.010522
 488.000000  0.012012
 489.000000  0.011304
 490.000000  0.012158
 491.000000  0.013574
 492.000000  0.012134
 493.000000  0.014038
 494.000000  0.012183
 495.000000  0.014184
 496.000000  0.012207
 497.000000  0.011816
 498.000000  0.012207
 499.000000  0.014550
 500.000000  0.012256
 501.000000  0.014648
 502.000000  0.012280
 503.000000  0.014648
 504.000000  0.012500
 505.000000  0.014648
 506.000000  0.012671
 507.000000  0.012256
 508.000000  0.013306
 509.000000  0.012207
 510.000000  0.013110
 511.000000  0.014721
 512.000000  0.014087
 513.000000  0.013232
 514.000000  0.014453
 515.000000  0.012939
 516.000000  0.014136
 517.000000  0.013892
 518.000000  0.014575
 519.000000  0.013867
 520.000000  0.014551
 521.000000  0.014331
 522.000000  0.014746
 523.000000  0.016894
 524.000000  0.014526
 525.000000  0.016796
 526.000000  0.015381
 527.000000  0.016918
 528.000000  0.015283
 529.000000  0.017187
 530.000000  0.015405
 531.000000  0.017089
 532.000000  0.015601
 533.000000  0.014697
 534.000000  0.015381
 535.000000  0.015039
 536.000000  0.016772
 537.000000  0.017382
 538.000000  0.016528
 539.000000  0.017431
 540.000000  0.017017
 541.000000  0.016406
 542.000000  0.016895
 543.000000  0.015478
 544.000000  0.017090
 545.000000  0.017017
 546.000000  0.017310
 547.000000  0.019506
 548.000000  0.017139
 549.000000  0.019506
 550.000000  0.018384
 551.000000  0.019604
 552.000000  0.017090
 553.000000  0.017065
 554.000000  0.018481
 555.000000  0.018555
 556.000000  0.019043
 557.000000  0.019580
 558.000000  0.019067
 559.000000  0.021875
 560.000000  0.019531
 561.000000  0.018408
 562.000000  0.019458
 563.000000  0.021972
 564.000000  0.021851
 565.000000  0.021972
 566.000000  0.019580
 567.000000  0.021972
 568.000000  0.020337
 569.000000  0.023339
 570.000000  0.021728
 571.000000  0.021972
 572.000000  0.020776
 573.000000  0.024462
 574.000000  0.024268
 575.000000  0.024365
 576.000000  0.021851
 577.000000  0.024072
 578.000000  0.024463
 579.000000  0.025952
 580.000000  0.022632
 581.000000  0.021851
 582.000000  0.024414
 583.000000  0.029321
 584.000000  0.026074
 585.000000  0.024585
 586.000000  0.023584
 587.000000  0.031543
 588.000000  0.031738
 589.000000  0.026855
 590.000000  0.025415
 591.000000  0.029223
 592.000000  0.034277
 593.000000  0.034180
 594.000000  0.029321
 595.000000  0.028540
 596.000000  0.033350
 597.000000  0.051855
 598.000000  0.035937
 599.000000  0.029492
 600.000000  0.028125
 601.000000  0.041210
 602.000000  0.066309
 603.000000  0.043945
 604.000000  0.031812
 605.000000  0.033984
 606.000000  0.043701
 607.000000  0.071948
 608.000000  0.094653
 609.000000  0.048852
 610.000000  0.052051
 611.000000  0.155615
 612.000000  0.909253
 613.000000  1.081177
 614.000000  0.114184
 615.000000  0.051196
 616.000000  0.084009
 617.000000  0.232861
 618.000000  0.149243
 619.000000  0.036938
 620.000000  0.033105
 621.000000  0.043212
 622.000000  0.059546
 623.000000  0.041333
 624.000000  0.029638
 625.000000  0.031323
 626.000000  0.032520
 627.000000  0.034399
 628.000000  0.026831
 629.000000  0.026831
 630.000000  0.026855
 631.000000  0.030542
 632.000000  0.027148
 633.000000  0.024511
 634.000000  0.023608
 635.000000  0.027612
 636.000000  0.026855
 637.000000  0.024414
 638.000000  0.023877
 639.000000  0.024414
 640.000000  0.024414
 641.000000  0.026513
 642.000000  0.022461
 643.000000  0.019897
 644.000000  0.024365
 645.000000  0.024414
 646.000000  0.024414
 647.000000  0.021997
 648.000000  0.021143
 649.000000  0.020459
 650.000000  0.021973
 651.000000  0.019824
 652.000000  0.019580
 653.000000  0.019531
 654.000000  0.019556
 655.000000  0.021997
 656.000000  0.019531
 657.000000  0.020678
 658.000000  0.019458
 659.000000  0.019019
 660.000000  0.019531
 661.000000  0.020043
 662.000000  0.018286
 663.000000  0.019531
 664.000000  0.021704
 665.000000  0.021313
 666.000000  0.020971
 667.000000  0.019580
 668.000000  0.017163
 669.000000  0.016992
 670.000000  0.017163
 671.000000  0.016846
 672.000000  0.017017
 673.000000  0.018701
 674.000000  0.019580
 675.000000  0.018774
 676.000000  0.017163
 677.000000  0.017797
 678.000000  0.016968
 679.000000  0.018237
 680.000000  0.016357
 681.000000  0.015308
 682.000000  0.015747
 683.000000  0.017578
 684.000000  0.015894
 685.000000  0.017089
 686.000000  0.015161
 687.000000  0.014673
 688.000000  0.017919
 689.000000  0.014648
 690.000000  0.017163
 691.000000  0.016845
 692.000000  0.014722
 693.000000  0.016723
 694.000000  0.014673
 695.000000  0.015991
 696.000000  0.016821
 697.000000  0.015283
 698.000000  0.014429
 699.000000  0.015918
 700.000000  0.014014
 701.000000  0.012524
 702.000000  0.013452
 703.000000  0.012280
 704.000000  0.015283
 705.000000  0.014648
 706.000000  0.013061
 707.000000  0.012329
 708.000000  0.012720
 709.000000  0.014648
 710.000000  0.012402
 711.000000  0.014648
 712.000000  0.012353
 713.000000  0.014599
 714.000000  0.012280
 715.000000  0.014526
 716.000000  0.012207
 717.000000  0.014038
 718.000000  0.012183
 719.000000  0.013354
 720.000000  0.012085
 721.000000  0.013647
 722.000000  0.012036
 723.000000  0.013061
 724.000000  0.011768
 725.000000  0.012768
 726.000000  0.011548
 727.000000  0.012670
 728.000000  0.011206
 729.000000  0.010107
 730.000000  0.010669
 731.000000  0.012475
 732.000000  0.010620
 733.000000  0.012280
 734.000000  0.012963
 735.000000  0.012207
 736.000000  0.009863
 737.000000  0.012231
 738.000000  0.009863
 739.000000  0.012207
 740.000000  0.009766
 741.000000  0.012207
 742.000000  0.009790
 743.000000  0.009741
 744.000000  0.009766
 745.000000  0.012207
 746.000000  0.009766
 747.000000  0.009741
 748.000000  0.009790
 749.000000  0.012060
 750.000000  0.009766
 751.000000  0.012133
 752.000000  0.012207
 753.000000  0.012158
 754.000000  0.009766
 755.000000  0.012036
 756.000000  0.009766
 757.000000  0.011694
 758.000000  0.009766
 759.000000  0.009351
 760.000000  0.009766
 761.000000  0.011499
 762.000000  0.009766
 763.000000  0.010961
 764.000000  0.009766
 765.000000  0.010620
 766.000000  0.009741
 767.000000  0.008789
 768.000000  0.009717
 769.000000  0.010473
 770.000000  0.009692
 771.000000  0.010302
 772.000000  0.009595
 773.000000  0.010180
 774.000000  0.011792
 775.000000  0.009912
 776.000000  0.011450
 777.000000  0.009887
 778.000000  0.008984
 779.000000  0.007446
 780.000000  0.009033
 781.000000  0.007324
 782.000000  0.011523
 783.000000  0.009790
 784.000000  0.008691
 785.000000  0.009765
 786.000000  0.009009
 787.000000  0.009765
 788.000000  0.010961
 789.000000  0.009765
 790.000000  0.007983
 791.000000  0.009765
 792.000000  0.008179
 793.000000  0.009765
 794.000000  0.007788
 795.000000  0.009790
 796.000000  0.007910
 797.000000  0.009765
 798.000000  0.007593
 799.000000  0.009765
 800.000000  0.008008
 801.000000  0.009765
 802.000000  0.010669
 803.000000  0.009765
 804.000000  0.007471
 805.000000  0.009790
 806.000000  0.007568
 807.000000  0.009765
 808.000000  0.010083
 809.000000  0.007324
 810.000000  0.007495
 811.000000  0.007324
 812.000000  0.007593
 813.000000  0.007324
 814.000000  0.007519
 815.000000  0.009765
 816.000000  0.007642
 817.000000  0.009765
 818.000000  0.007593
 819.000000  0.009765
 820.000000  0.007373
 821.000000  0.009765
 822.000000  0.007422
 823.000000  0.009765
 824.000000  0.009838
 825.000000  0.009716
 826.000000  0.007373
 827.000000  0.009716
 828.000000  0.007495
 829.000000  0.009716
 830.000000  0.007495
 831.000000  0.009692
 832.000000  0.007495
 833.000000  0.009545
 834.000000  0.007568
 835.000000  0.009521
 836.000000  0.010034
 837.000000  0.009277
 838.000000  0.007788
 839.000000  0.009716
 840.000000  0.007983
 841.000000  0.009668
 842.000000  0.010400
 843.000000  0.009448
 844.000000  0.007300
 845.000000  0.007031
 846.000000  0.009887
 847.000000  0.009741
 848.000000  0.007324
 849.000000  0.009668
 850.000000  0.007349
 851.000000  0.009765
 852.000000  0.007471
 853.000000  0.007275
 854.000000  0.009814
 855.000000  0.009619
 856.000000  0.007373
 857.000000  0.007251
 858.000000  0.007373
 859.000000  0.007031
 860.000000  0.009765
 861.000000  0.009594
 862.000000  0.007324
 863.000000  0.007227
 864.000000  0.007324
 865.000000  0.009594
 866.000000  0.009765
 867.000000  0.007178
 868.000000  0.007300
 869.000000  0.009692
 870.000000  0.007324
 871.000000  0.009668
 872.000000  0.007324
 873.000000  0.009521
 874.000000  0.007324
 875.000000  0.009692
 876.000000  0.007324
 877.000000  0.007153
 878.000000  0.007349
 879.000000  0.007056
 880.000000  0.007324
 881.000000  0.009692
 882.000000  0.007300
 883.000000  0.009643
 884.000000  0.007349
 885.000000  0.009668
 886.000000  0.007324
 887.000000  0.007129
 888.000000  0.007324
 889.000000  0.009619
 890.000000  0.007324
 891.000000  0.009619
 892.000000  0.007324
 893.000000  0.009521
 894.000000  0.007324
 895.000000  0.009448
 896.000000  0.007324
 897.000000  0.009668
 898.000000  0.007324
 899.000000  0.009594
 900.000000  0.007324
 901.000000  0.009570
 902.000000  0.009765
 903.000000  0.009326
 904.000000  0.007324
 905.000000  0.009448
 906.000000  0.009765
 907.000000  0.009448
 908.000000  0.009765
 909.000000  0.009423
 910.000000  0.007324
 911.000000  0.009375
 912.000000  0.007324
 913.000000  0.009277
 914.000000  0.007324
 915.000000  0.009423
 916.000000  0.007324
 917.000000  0.009497
 918.000000  0.009765
 919.000000  0.009252
 920.000000  0.009765
 921.000000  0.009204
 922.000000  0.007324
 923.000000  0.009326
 924.000000  0.007324
 925.000000  0.009326
 926.000000  0.007324
 927.000000  0.009350
 928.000000  0.007324
 929.000000  0.009301
 930.000000  0.007324
 931.000000  0.009228
 932.000000  0.007324
 933.000000  0.009497
 934.000000  0.007324
 935.000000  0.009326
 936.000000  0.007324
 937.000000  0.009301
 938.000000  0.007324
 939.000000  0.009326
 940.000000  0.007324
 941.000000  0.009301
 942.000000  0.007324
 943.000000  0.009252
 944.000000  0.007324
 945.000000  0.006787
 946.000000  0.009765
 947.000000  0.009399
 948.000000  0.007324
 949.000000  0.009350
 950.000000  0.009765
 951.000000  0.009350
 952.000000  0.007324
 953.000000  0.009375
 954.000000  0.007324
 955.000000  0.009228
 956.000000  0.007324
 957.000000  0.009204
 958.000000  0.007324
 959.000000  0.006689
 960.000000  0.007324
 961.000000  0.006689
 962.000000  0.009716
 963.000000  0.006592
 964.000000  0.007275
 965.000000  0.009472
 966.000000  0.007300
 967.000000  0.009228
 968.000000  0.007324
 969.000000  0.009106
 970.000000  0.009741
 971.000000  0.008886
 972.000000  0.007251
 973.000000  0.008715
 974.000000  0.007324
 975.000000  0.008886
 976.000000  0.007275
 977.000000  0.008911
 978.000000  0.007251
 979.000000  0.008984
 980.000000  0.007275
 981.000000  0.009326
 982.000000  0.007251
 983.000000  0.006689
 984.000000  0.007275
 985.000000  0.009033
 986.000000  0.007178
 987.000000  0.008569
 988.000000  0.009814
 989.000000  0.008813
 990.000000  0.007373
 991.000000  0.009082
 992.000000  0.007349
 993.000000  0.008715
 994.000000  0.006811
 995.000000  0.008667
 996.000000  0.006738
 997.000000  0.008422
 998.000000  0.009082
 999.000000  0.008642
 1000.000000  0.009741
 1001.000000  0.009179
 1002.000000  0.007251
 1003.000000  0.008764
 1004.000000  0.007324
 1005.000000  0.009008
 1006.000000  0.007300
 1007.000000  0.008691
 1008.000000  0.007227
 1009.000000  0.008667
 1010.000000  0.007324
 1011.000000  0.008764
 1012.000000  0.007178
 1013.000000  0.008691
 1014.000000  0.007104
 1015.000000  0.008813
 1016.000000  0.007153
 1017.000000  0.008618
 1018.000000  0.007251
 1019.000000  0.008593
 1020.000000  0.007080
 1021.000000  0.008496
 1022.000000  0.007275
 1023.000000  0.008911
