 0.000000  0.007422
 1.000000  0.007324
 2.000000  0.007324
 3.000000  0.007324
 4.000000  0.007397
 5.000000  0.007275
 6.000000  0.007373
 7.000000  0.007300
 8.000000  0.007373
 9.000000  0.007324
 10.000000  0.007324
 11.000000  0.007300
 12.000000  0.007422
 13.000000  0.007324
 14.000000  0.007397
 15.000000  0.007275
 16.000000  0.007324
 17.000000  0.007275
 18.000000  0.007324
 19.000000  0.007349
 20.000000  0.007324
 21.000000  0.007324
 22.000000  0.007324
 23.000000  0.007324
 24.000000  0.007373
 25.000000  0.007275
 26.000000  0.007422
 27.000000  0.009765
 28.000000  0.007397
 29.000000  0.007324
 30.000000  0.007324
 31.000000  0.007324
 32.000000  0.007324
 33.000000  0.007324
 34.000000  0.007373
 35.000000  0.007324
 36.000000  0.007324
 37.000000  0.007300
 38.000000  0.007397
 39.000000  0.009741
 40.000000  0.007373
 41.000000  0.007324
 42.000000  0.007349
 43.000000  0.007324
 44.000000  0.007422
 45.000000  0.007324
 46.000000  0.007373
 47.000000  0.007300
 48.000000  0.007397
 49.000000  0.007300
 50.000000  0.007324
 51.000000  0.007324
 52.000000  0.007324
 53.000000  0.007324
 54.000000  0.007349
 55.000000  0.007275
 56.000000  0.007324
 57.000000  0.007324
 58.000000  0.007324
 59.000000  0.009741
 60.000000  0.007349
 61.000000  0.009765
 62.000000  0.007349
 63.000000  0.007324
 64.000000  0.007373
 65.000000  0.007324
 66.000000  0.007349
 67.000000  0.009716
 68.000000  0.007324
 69.000000  0.007324
 70.000000  0.007324
 71.000000  0.007324
 72.000000  0.007349
 73.000000  0.007300
 74.000000  0.007324
 75.000000  0.007324
 76.000000  0.007349
 77.000000  0.007324
 78.000000  0.007324
 79.000000  0.007324
 80.000000  0.007349
 81.000000  0.007324
 82.000000  0.007324
 83.000000  0.007300
 84.000000  0.007324
 85.000000  0.007324
 86.000000  0.007349
 87.000000  0.007300
 88.000000  0.007373
 89.000000  0.007324
 90.000000  0.007324
 91.000000  0.007324
 92.000000  0.007349
 93.000000  0.007300
 94.000000  0.007324
 95.000000  0.007324
 96.000000  0.007324
 97.000000  0.007324
 98.000000  0.007373
 99.000000  0.007324
 100.000000  0.007373
 101.000000  0.009765
 102.000000  0.007349
 103.000000  0.009765
 104.000000  0.007324
 105.000000  0.007324
 106.000000  0.007397
 107.000000  0.007324
 108.000000  0.007471
 109.000000  0.009765
 110.000000  0.007397
 111.000000  0.007324
 112.000000  0.006885
 113.000000  0.007251
 114.000000  0.007715
 115.000000  0.007300
 116.000000  0.007788
 117.000000  0.007544
 118.000000  0.007959
 119.000000  0.006787
 120.000000  0.007739
 121.000000  0.007300
 122.000000  0.007812
 123.000000  0.007251
 124.000000  0.007544
 125.000000  0.007104
 126.000000  0.007446
 127.000000  0.009741
 128.000000  0.007642
 129.000000  0.007324
 130.000000  0.007544
 131.000000  0.009741
 132.000000  0.007593
 133.000000  0.007324
 134.000000  0.007544
 135.000000  0.009765
 136.000000  0.007544
 137.000000  0.007324
 138.000000  0.007568
 139.000000  0.007324
 140.000000  0.007495
 141.000000  0.007349
 142.000000  0.007495
 143.000000  0.007324
 144.000000  0.007397
 145.000000  0.009765
 146.000000  0.007446
 147.000000  0.007300
 148.000000  0.007446
 149.000000  0.009765
 150.000000  0.007397
 151.000000  0.007324
 152.000000  0.007422
 153.000000  0.007324
 154.000000  0.007495
 155.000000  0.007300
 156.000000  0.007397
 157.000000  0.009765
 158.000000  0.007397
 159.000000  0.007324
 160.000000  0.007519
 161.000000  0.007324
 162.000000  0.007349
 163.000000  0.007275
 164.000000  0.007349
 165.000000  0.007324
 166.000000  0.007422
 167.000000  0.007300
 168.000000  0.007471
 169.000000  0.009765
 170.000000  0.007349
 171.000000  0.007324
 172.000000  0.007349
 173.000000  0.007324
 174.000000  0.007349
 175.000000  0.007324
 176.000000  0.007373
 177.000000  0.007324
 178.000000  0.007397
 179.000000  0.009741
 180.000000  0.007324
 181.000000  0.007324
 182.000000  0.007324
 183.000000  0.007324
 184.000000  0.007349
 185.000000  0.007324
 186.000000  0.007373
 187.000000  0.007324
 188.000000  0.007349
 189.000000  0.007324
 190.000000  0.007349
 191.000000  0.007324
 192.000000  0.007324
 193.000000  0.007324
 194.000000  0.007349
 195.000000  0.007300
 196.000000  0.009814
 197.000000  0.007324
 198.000000  0.007349
 199.000000  0.009741
 200.000000  0.007349
 201.000000  0.009741
 202.000000  0.007349
 203.000000  0.007324
 204.000000  0.007349
 205.000000  0.007300
 206.000000  0.007324
 207.000000  0.007275
 208.000000  0.007324
 209.000000  0.009741
 210.000000  0.007349
 211.000000  0.007324
 212.000000  0.007349
 213.000000  0.009765
 214.000000  0.007349
 215.000000  0.007300
 216.000000  0.007446
 217.000000  0.007300
 218.000000  0.007349
 219.000000  0.009765
 220.000000  0.007422
 221.000000  0.007324
 222.000000  0.007324
 223.000000  0.007324
 224.000000  0.007349
 225.000000  0.007324
 226.000000  0.007373
 227.000000  0.009716
 228.000000  0.007397
 229.000000  0.009741
 230.000000  0.007349
 231.000000  0.007300
 232.000000  0.007324
 233.000000  0.009741
 234.000000  0.007324
 235.000000  0.007300
 236.000000  0.007349
 237.000000  0.007324
 238.000000  0.007349
 239.000000  0.009765
 240.000000  0.007397
 241.000000  0.007324
 242.000000  0.007397
 243.000000  0.009765
 244.000000  0.007446
 245.000000  0.007324
 246.000000  0.007373
 247.000000  0.007324
 248.000000  0.007422
 249.000000  0.007324
 250.000000  0.007373
 251.000000  0.007324
 252.000000  0.007422
 253.000000  0.007324
 254.000000  0.007422
 255.000000  0.009741
 256.000000  0.007519
 257.000000  0.007324
 258.000000  0.007422
 259.000000  0.007300
 260.000000  0.007495
 261.000000  0.007324
 262.000000  0.007446
 263.000000  0.009741
 264.000000  0.007373
 265.000000  0.009765
 266.000000  0.007446
 267.000000  0.009741
 268.000000  0.008154
 269.000000  0.009912
 270.000000  0.007568
 271.000000  0.007202
 272.000000  0.007495
 273.000000  0.006738
 274.000000  0.007422
 275.000000  0.009814
 276.000000  0.008301
 277.000000  0.009619
 278.000000  0.007666
 279.000000  0.007275
 280.000000  0.008081
 281.000000  0.009741
 282.000000  0.008032
 283.000000  0.009790
 284.000000  0.007519
 285.000000  0.007324
 286.000000  0.007471
 287.000000  0.007324
 288.000000  0.007593
 289.000000  0.009765
 290.000000  0.007617
 291.000000  0.007324
 292.000000  0.007568
 293.000000  0.007300
 294.000000  0.007886
 295.000000  0.009765
 296.000000  0.007764
 297.000000  0.009814
 298.000000  0.007739
 299.000000  0.009765
 300.000000  0.007788
 301.000000  0.007324
 302.000000  0.008057
 303.000000  0.009765
 304.000000  0.007788
 305.000000  0.007300
 306.000000  0.007519
 307.000000  0.009765
 308.000000  0.007812
 309.000000  0.009765
 310.000000  0.007886
 311.000000  0.007349
 312.000000  0.007837
 313.000000  0.007349
 314.000000  0.007959
 315.000000  0.009765
 316.000000  0.007739
 317.000000  0.007324
 318.000000  0.007788
 319.000000  0.007324
 320.000000  0.007642
 321.000000  0.009765
 322.000000  0.007739
 323.000000  0.009790
 324.000000  0.007935
 325.000000  0.007324
 326.000000  0.007861
 327.000000  0.007324
 328.000000  0.007812
 329.000000  0.009765
 330.000000  0.008105
 331.000000  0.009765
 332.000000  0.008081
 333.000000  0.009765
 334.000000  0.008081
 335.000000  0.009790
 336.000000  0.007983
 337.000000  0.007349
 338.000000  0.008130
 339.000000  0.007324
 340.000000  0.008057
 341.000000  0.009765
 342.000000  0.010644
 343.000000  0.009765
 344.000000  0.008203
 345.000000  0.009765
 346.000000  0.008618
 347.000000  0.007324
 348.000000  0.008179
 349.000000  0.009765
 350.000000  0.008350
 351.000000  0.009814
 352.000000  0.008594
 353.000000  0.009765
 354.000000  0.008276
 355.000000  0.007324
 356.000000  0.008374
 357.000000  0.007349
 358.000000  0.008838
 359.000000  0.009814
 360.000000  0.008740
 361.000000  0.007349
 362.000000  0.008643
 363.000000  0.009765
 364.000000  0.008350
 365.000000  0.007349
 366.000000  0.008472
 367.000000  0.007397
 368.000000  0.008862
 369.000000  0.007373
 370.000000  0.008447
 371.000000  0.009887
 372.000000  0.008911
 373.000000  0.009790
 374.000000  0.009155
 375.000000  0.009814
 376.000000  0.009106
 377.000000  0.007373
 378.000000  0.009351
 379.000000  0.007519
 380.000000  0.009424
 381.000000  0.010009
 382.000000  0.009228
 383.000000  0.007519
 384.000000  0.009399
 385.000000  0.007519
 386.000000  0.009497
 387.000000  0.010009
 388.000000  0.009204
 389.000000  0.009985
 390.000000  0.009595
 391.000000  0.010180
 392.000000  0.009497
 393.000000  0.007690
 394.000000  0.009546
 395.000000  0.007739
 396.000000  0.009692
 397.000000  0.008008
 398.000000  0.009521
 399.000000  0.007642
 400.000000  0.009644
 401.000000  0.010522
 402.000000  0.009644
 403.000000  0.008252
 404.000000  0.009619
 405.000000  0.008496
 406.000000  0.009717
 407.000000  0.008325
 408.000000  0.009741
 409.000000  0.010839
 410.000000  0.009766
 411.000000  0.011010
 412.000000  0.009741
 413.000000  0.008765
 414.000000  0.009766
 415.000000  0.010986
 416.000000  0.009766
 417.000000  0.009131
 418.000000  0.009766
 419.000000  0.009180
 420.000000  0.009766
 421.000000  0.009106
 422.000000  0.009717
 423.000000  0.009180
 424.000000  0.009692
 425.000000  0.010888
 426.000000  0.009717
 427.000000  0.011840
 428.000000  0.009595
 429.000000  0.011962
 430.000000  0.010156
 431.000000  0.011474
 432.000000  0.009717
 433.000000  0.009399
 434.000000  0.009790
 435.000000  0.011938
 436.000000  0.009936
 437.000000  0.011694
 438.000000  0.009692
 439.000000  0.012060
 440.000000  0.009936
 441.000000  0.012133
 442.000000  0.009790
 443.000000  0.012207
 444.000000  0.009814
 445.000000  0.012158
 446.000000  0.009888
 447.000000  0.009741
 448.000000  0.009863
 449.000000  0.012207
 450.000000  0.009839
 451.000000  0.012231
 452.000000  0.009912
 453.000000  0.012231
 454.000000  0.010107
 455.000000  0.012207
 456.000000  0.010278
 457.000000  0.012231
 458.000000  0.010229
 459.000000  0.012255
 460.000000  0.010522
 461.000000  0.012255
 462.000000  0.010937
 463.000000  0.012402
 464.000000  0.011523
 465.000000  0.012963
 466.000000  0.011841
 467.000000  0.010425
 468.000000  0.011548
 469.000000  0.010962
 470.000000  0.012036
 471.000000  0.013818
 472.000000  0.012158
 473.000000  0.011475
 474.000000  0.012183
 475.000000  0.014355
 476.000000  0.012207
 477.000000  0.011914
 478.000000  0.012183
 479.000000  0.014526
 480.000000  0.012183
 481.000000  0.014624
 482.000000  0.012231
 483.000000  0.012207
 484.000000  0.012256
 485.000000  0.014648
 486.000000  0.012305
 487.000000  0.012207
 488.000000  0.012451
 489.000000  0.012207
 490.000000  0.012402
 491.000000  0.014648
 492.000000  0.013354
 493.000000  0.014697
 494.000000  0.013721
 495.000000  0.014770
 496.000000  0.014526
 497.000000  0.012817
 498.000000  0.014185
 499.000000  0.015161
 500.000000  0.014600
 501.000000  0.015966
 502.000000  0.014526
 503.000000  0.015795
 504.000000  0.014648
 505.000000  0.016992
 506.000000  0.014648
 507.000000  0.014600
 508.000000  0.014648
 509.000000  0.014648
 510.000000  0.014722
 511.000000  0.017089
 512.000000  0.014770
 513.000000  0.014648
 514.000000  0.015112
 515.000000  0.014648
 516.000000  0.015112
 517.000000  0.014648
 518.000000  0.015991
 519.000000  0.014795
 520.000000  0.016626
 521.000000  0.015088
 522.000000  0.016821
 523.000000  0.018481
 524.000000  0.017065
 525.000000  0.018847
 526.000000  0.017090
 527.000000  0.018408
 528.000000  0.017090
 529.000000  0.019409
 530.000000  0.017090
 531.000000  0.019506
 532.000000  0.017114
 533.000000  0.017090
 534.000000  0.017529
 535.000000  0.017163
 536.000000  0.017749
 537.000000  0.019799
 538.000000  0.019482
 539.000000  0.019995
 540.000000  0.019336
 541.000000  0.018457
 542.000000  0.019531
 543.000000  0.019531
 544.000000  0.019531
 545.000000  0.019507
 546.000000  0.019873
 547.000000  0.021997
 548.000000  0.019849
 549.000000  0.021972
 550.000000  0.019775
 551.000000  0.022045
 552.000000  0.021728
 553.000000  0.020776
 554.000000  0.021899
 555.000000  0.020459
 556.000000  0.021997
 557.000000  0.024292
 558.000000  0.022021
 559.000000  0.024243
 560.000000  0.022095
 561.000000  0.021973
 562.000000  0.022534
 563.000000  0.024414
 564.000000  0.022095
 565.000000  0.024585
 566.000000  0.024414
 567.000000  0.026782
 568.000000  0.024512
 569.000000  0.026171
 570.000000  0.026440
 571.000000  0.028540
 572.000000  0.025513
 573.000000  0.026855
 574.000000  0.025317
 575.000000  0.029150
 576.000000  0.027173
 577.000000  0.029321
 578.000000  0.026611
 579.000000  0.029077
 580.000000  0.029248
 581.000000  0.029102
 582.000000  0.029346
 583.000000  0.030346
 584.000000  0.030200
 585.000000  0.034423
 586.000000  0.030591
 587.000000  0.031787
 588.000000  0.029297
 589.000000  0.033154
 590.000000  0.035449
 591.000000  0.036206
 592.000000  0.031812
 593.000000  0.031396
 594.000000  0.038403
 595.000000  0.041430
 596.000000  0.040039
 597.000000  0.035400
 598.000000  0.038818
 599.000000  0.046826
 600.000000  0.039331
 601.000000  0.041455
 602.000000  0.036768
 603.000000  0.063256
 604.000000  0.102637
 605.000000  0.091308
 606.000000  0.071558
 607.000000  0.045996
 608.000000  0.069336
 609.000000  0.127685
 610.000000  0.250439
 611.000000  0.123315
 612.000000  0.056689
 613.000000  0.090942
 614.000000  0.265796
 615.000000  0.573389
 616.000000  0.146606
 617.000000  0.072681
 618.000000  0.168359
 619.000000  0.707642
 620.000000  0.841211
 621.000000  0.141601
 622.000000  0.072046
 623.000000  0.119629
 624.000000  0.275635
 625.000000  0.243750
 626.000000  0.051880
 627.000000  0.047680
 628.000000  0.050854
 629.000000  0.053393
 630.000000  0.042456
 631.000000  0.036840
 632.000000  0.038354
 633.000000  0.039160
 634.000000  0.036670
 635.000000  0.034936
 636.000000  0.031738
 637.000000  0.032007
 638.000000  0.032422
 639.000000  0.034179
 640.000000  0.029712
 641.000000  0.031738
 642.000000  0.031738
 643.000000  0.029346
 644.000000  0.031835
 645.000000  0.029443
 646.000000  0.031298
 647.000000  0.030102
 648.000000  0.027612
 649.000000  0.026855
 650.000000  0.026855
 651.000000  0.026855
 652.000000  0.026904
 653.000000  0.026685
 654.000000  0.026831
 655.000000  0.028027
 656.000000  0.026831
 657.000000  0.026953
 658.000000  0.025757
 659.000000  0.024414
 660.000000  0.024438
 661.000000  0.026757
 662.000000  0.024414
 663.000000  0.025073
 664.000000  0.025341
 665.000000  0.024414
 666.000000  0.026025
 667.000000  0.024462
 668.000000  0.023462
 669.000000  0.021973
 670.000000  0.021973
 671.000000  0.021973
 672.000000  0.022046
 673.000000  0.024243
 674.000000  0.024340
 675.000000  0.022119
 676.000000  0.021899
 677.000000  0.022143
 678.000000  0.021826
 679.000000  0.021997
 680.000000  0.020508
 681.000000  0.019531
 682.000000  0.019556
 683.000000  0.021972
 684.000000  0.019531
 685.000000  0.021801
 686.000000  0.019531
 687.000000  0.018481
 688.000000  0.021728
 689.000000  0.017139
 690.000000  0.021460
 691.000000  0.019604
 692.000000  0.018481
 693.000000  0.019531
 694.000000  0.017090
 695.000000  0.019531
 696.000000  0.019531
 697.000000  0.019506
 698.000000  0.017090
 699.000000  0.018823
 700.000000  0.017090
 701.000000  0.015820
 702.000000  0.017090
 703.000000  0.014868
 704.000000  0.019360
 705.000000  0.017138
 706.000000  0.016431
 707.000000  0.014697
 708.000000  0.015601
 709.000000  0.017089
 710.000000  0.015845
 711.000000  0.017089
 712.000000  0.014722
 713.000000  0.017089
 714.000000  0.014648
 715.000000  0.017089
 716.000000  0.014648
 717.000000  0.017016
 718.000000  0.014648
 719.000000  0.016894
 720.000000  0.014648
 721.000000  0.016381
 722.000000  0.014575
 723.000000  0.016015
 724.000000  0.014600
 725.000000  0.015307
 726.000000  0.014185
 727.000000  0.014965
 728.000000  0.014136
 729.000000  0.012451
 730.000000  0.013623
 731.000000  0.014941
 732.000000  0.012866
 733.000000  0.014648
 734.000000  0.015576
 735.000000  0.014672
 736.000000  0.012353
 737.000000  0.013842
 738.000000  0.012280
 739.000000  0.014575
 740.000000  0.012451
 741.000000  0.014477
 742.000000  0.013086
 743.000000  0.012036
 744.000000  0.011914
 745.000000  0.013623
 746.000000  0.012183
 747.000000  0.011597
 748.000000  0.012134
 749.000000  0.013085
 750.000000  0.011426
 751.000000  0.012866
 752.000000  0.014209
 753.000000  0.013330
 754.000000  0.011694
 755.000000  0.012548
 756.000000  0.010742
 757.000000  0.012255
 758.000000  0.010376
 759.000000  0.009790
 760.000000  0.010254
 761.000000  0.012353
 762.000000  0.010083
 763.000000  0.012207
 764.000000  0.010181
 765.000000  0.012207
 766.000000  0.010205
 767.000000  0.009790
 768.000000  0.009961
 769.000000  0.012207
 770.000000  0.009936
 771.000000  0.012207
 772.000000  0.009790
 773.000000  0.012182
 774.000000  0.012255
 775.000000  0.012133
 776.000000  0.012231
 777.000000  0.012011
 778.000000  0.009766
 779.000000  0.009595
 780.000000  0.009766
 781.000000  0.009424
 782.000000  0.012182
 783.000000  0.011816
 784.000000  0.009766
 785.000000  0.011572
 786.000000  0.009766
 787.000000  0.011621
 788.000000  0.012158
 789.000000  0.010815
 790.000000  0.009692
 791.000000  0.011059
 792.000000  0.009717
 793.000000  0.010888
 794.000000  0.009717
 795.000000  0.010717
 796.000000  0.009741
 797.000000  0.010669
 798.000000  0.009619
 799.000000  0.010376
 800.000000  0.009521
 801.000000  0.010327
 802.000000  0.012036
 803.000000  0.010473
 804.000000  0.009595
 805.000000  0.010327
 806.000000  0.009546
 807.000000  0.010424
 808.000000  0.011816
 809.000000  0.007812
 810.000000  0.009497
 811.000000  0.007519
 812.000000  0.009277
 813.000000  0.007446
 814.000000  0.008960
 815.000000  0.009887
 816.000000  0.009204
 817.000000  0.009765
 818.000000  0.009180
 819.000000  0.009863
 820.000000  0.008838
 821.000000  0.009814
 822.000000  0.008472
 823.000000  0.009863
 824.000000  0.010644
 825.000000  0.009765
 826.000000  0.008618
 827.000000  0.009765
 828.000000  0.007861
 829.000000  0.009765
 830.000000  0.008057
 831.000000  0.009765
 832.000000  0.007983
 833.000000  0.009765
 834.000000  0.007715
 835.000000  0.009765
 836.000000  0.010522
 837.000000  0.009790
 838.000000  0.007764
 839.000000  0.009765
 840.000000  0.007861
 841.000000  0.009765
 842.000000  0.010400
 843.000000  0.009765
 844.000000  0.007617
 845.000000  0.007324
 846.000000  0.010058
 847.000000  0.009765
 848.000000  0.007568
 849.000000  0.009790
 850.000000  0.007715
 851.000000  0.009765
 852.000000  0.007568
 853.000000  0.007324
 854.000000  0.010253
 855.000000  0.009765
 856.000000  0.007519
 857.000000  0.007324
 858.000000  0.007519
 859.000000  0.007324
 860.000000  0.009985
 861.000000  0.009765
 862.000000  0.007397
 863.000000  0.007324
 864.000000  0.007446
 865.000000  0.009765
 866.000000  0.009814
 867.000000  0.007324
 868.000000  0.007373
 869.000000  0.009765
 870.000000  0.007422
 871.000000  0.009790
 872.000000  0.007471
 873.000000  0.009741
 874.000000  0.007349
 875.000000  0.009765
 876.000000  0.007471
 877.000000  0.007324
 878.000000  0.007349
 879.000000  0.007300
 880.000000  0.007349
 881.000000  0.009765
 882.000000  0.007324
 883.000000  0.009716
 884.000000  0.007373
 885.000000  0.009668
 886.000000  0.007373
 887.000000  0.007202
 888.000000  0.007373
 889.000000  0.009619
 890.000000  0.007397
 891.000000  0.009741
 892.000000  0.007397
 893.000000  0.010229
 894.000000  0.007715
 895.000000  0.009448
 896.000000  0.007422
 897.000000  0.009423
 898.000000  0.007178
 899.000000  0.008960
 900.000000  0.007983
 901.000000  0.009472
 902.000000  0.009741
 903.000000  0.009301
 904.000000  0.007495
 905.000000  0.009472
 906.000000  0.009985
 907.000000  0.009692
 908.000000  0.009838
 909.000000  0.009448
 910.000000  0.007349
 911.000000  0.009619
 912.000000  0.007349
 913.000000  0.009570
 914.000000  0.007324
 915.000000  0.009619
 916.000000  0.007349
 917.000000  0.009668
 918.000000  0.009814
 919.000000  0.009570
 920.000000  0.009814
 921.000000  0.009423
 922.000000  0.007349
 923.000000  0.009619
 924.000000  0.007324
 925.000000  0.009594
 926.000000  0.007324
 927.000000  0.009741
 928.000000  0.007397
 929.000000  0.009521
 930.000000  0.007349
 931.000000  0.009497
 932.000000  0.007349
 933.000000  0.009692
 934.000000  0.007324
 935.000000  0.009521
 936.000000  0.007324
 937.000000  0.009619
 938.000000  0.007349
 939.000000  0.009399
 940.000000  0.007324
 941.000000  0.009594
 942.000000  0.007324
 943.000000  0.009570
 944.000000  0.007324
 945.000000  0.007007
 946.000000  0.009790
 947.000000  0.009521
 948.000000  0.007349
 949.000000  0.009692
 950.000000  0.009741
 951.000000  0.009668
 952.000000  0.007324
 953.000000  0.009619
 954.000000  0.007324
 955.000000  0.009619
 956.000000  0.007324
 957.000000  0.009692
 958.000000  0.007324
 959.000000  0.007104
 960.000000  0.007324
 961.000000  0.007104
 962.000000  0.009765
 963.000000  0.007251
 964.000000  0.007324
 965.000000  0.009570
 966.000000  0.007324
 967.000000  0.009545
 968.000000  0.007324
 969.000000  0.009619
 970.000000  0.009765
 971.000000  0.009472
 972.000000  0.007324
 973.000000  0.009570
 974.000000  0.007324
 975.000000  0.009716
 976.000000  0.007324
 977.000000  0.009619
 978.000000  0.007324
 979.000000  0.009399
 980.000000  0.007324
 981.000000  0.009545
 982.000000  0.007300
 983.000000  0.007178
 984.000000  0.007324
 985.000000  0.009716
 986.000000  0.007324
 987.000000  0.009570
 988.000000  0.009765
 989.000000  0.009326
 990.000000  0.007324
 991.000000  0.009448
 992.000000  0.007300
 993.000000  0.009472
 994.000000  0.007324
 995.000000  0.009570
 996.000000  0.007324
 997.000000  0.009570
 998.000000  0.009765
 999.000000  0.009497
 1000.000000  0.009765
 1001.000000  0.009350
 1002.000000  0.007324
 1003.000000  0.009399
 1004.000000  0.007324
 1005.000000  0.009228
 1006.000000  0.007324
 1007.000000  0.009423
 1008.000000  0.007324
 1009.000000  0.009448
 1010.000000  0.007324
 1011.000000  0.009570
 1012.000000  0.007324
 1013.000000  0.009252
 1014.000000  0.007324
 1015.000000  0.009497
 1016.000000  0.007324
 1017.000000  0.009448
 1018.000000  0.007324
 1019.000000  0.009326
 1020.000000  0.007324
 1021.000000  0.009179
 1022.000000  0.007324
 1023.000000  0.009497
