 0.000000  0.007349
 1.000000  0.007324
 2.000000  0.007324
 3.000000  0.007324
 4.000000  0.007324
 5.000000  0.007300
 6.000000  0.007349
 7.000000  0.007300
 8.000000  0.007324
 9.000000  0.007275
 10.000000  0.007324
 11.000000  0.007324
 12.000000  0.007324
 13.000000  0.007300
 14.000000  0.007324
 15.000000  0.007324
 16.000000  0.007324
 17.000000  0.007300
 18.000000  0.007324
 19.000000  0.007324
 20.000000  0.007324
 21.000000  0.007300
 22.000000  0.007324
 23.000000  0.007300
 24.000000  0.007324
 25.000000  0.007275
 26.000000  0.007324
 27.000000  0.009765
 28.000000  0.007324
 29.000000  0.007324
 30.000000  0.007324
 31.000000  0.007324
 32.000000  0.007349
 33.000000  0.007300
 34.000000  0.007324
 35.000000  0.007324
 36.000000  0.007349
 37.000000  0.007275
 38.000000  0.007324
 39.000000  0.009741
 40.000000  0.007324
 41.000000  0.007300
 42.000000  0.007324
 43.000000  0.007227
 44.000000  0.007324
 45.000000  0.007300
 46.000000  0.007373
 47.000000  0.007324
 48.000000  0.007349
 49.000000  0.007275
 50.000000  0.007324
 51.000000  0.007324
 52.000000  0.007324
 53.000000  0.007275
 54.000000  0.007324
 55.000000  0.007300
 56.000000  0.007349
 57.000000  0.007104
 58.000000  0.007373
 59.000000  0.009668
 60.000000  0.007373
 61.000000  0.009619
 62.000000  0.007373
 63.000000  0.007129
 64.000000  0.007324
 65.000000  0.007104
 66.000000  0.007349
 67.000000  0.009594
 68.000000  0.007471
 69.000000  0.007129
 70.000000  0.007373
 71.000000  0.007251
 72.000000  0.007373
 73.000000  0.007202
 74.000000  0.007471
 75.000000  0.007227
 76.000000  0.007349
 77.000000  0.007104
 78.000000  0.007324
 79.000000  0.007080
 80.000000  0.007349
 81.000000  0.007202
 82.000000  0.007349
 83.000000  0.007178
 84.000000  0.007397
 85.000000  0.007251
 86.000000  0.007446
 87.000000  0.007007
 88.000000  0.007397
 89.000000  0.007080
 90.000000  0.007397
 91.000000  0.007080
 92.000000  0.007422
 93.000000  0.007202
 94.000000  0.007397
 95.000000  0.006982
 96.000000  0.007446
 97.000000  0.006958
 98.000000  0.007397
 99.000000  0.007104
 100.000000  0.007446
 101.000000  0.009399
 102.000000  0.007373
 103.000000  0.009619
 104.000000  0.007324
 105.000000  0.007251
 106.000000  0.007446
 107.000000  0.007275
 108.000000  0.007446
 109.000000  0.009570
 110.000000  0.007324
 111.000000  0.007227
 112.000000  0.007324
 113.000000  0.007251
 114.000000  0.007349
 115.000000  0.007251
 116.000000  0.007324
 117.000000  0.007202
 118.000000  0.007422
 119.000000  0.007153
 120.000000  0.007349
 121.000000  0.007251
 122.000000  0.007324
 123.000000  0.007275
 124.000000  0.007324
 125.000000  0.007275
 126.000000  0.007349
 127.000000  0.009643
 128.000000  0.007349
 129.000000  0.007153
 130.000000  0.007324
 131.000000  0.009643
 132.000000  0.007324
 133.000000  0.007153
 134.000000  0.007349
 135.000000  0.009594
 136.000000  0.007324
 137.000000  0.007227
 138.000000  0.007324
 139.000000  0.007104
 140.000000  0.007324
 141.000000  0.007300
 142.000000  0.007349
 143.000000  0.007275
 144.000000  0.007324
 145.000000  0.009716
 146.000000  0.007324
 147.000000  0.007227
 148.000000  0.007349
 149.000000  0.009692
 150.000000  0.007349
 151.000000  0.007202
 152.000000  0.007324
 153.000000  0.007275
 154.000000  0.007324
 155.000000  0.007275
 156.000000  0.007324
 157.000000  0.009765
 158.000000  0.007324
 159.000000  0.007227
 160.000000  0.007324
 161.000000  0.007129
 162.000000  0.007324
 163.000000  0.007275
 164.000000  0.007324
 165.000000  0.007202
 166.000000  0.007324
 167.000000  0.007275
 168.000000  0.007324
 169.000000  0.009668
 170.000000  0.007324
 171.000000  0.007251
 172.000000  0.007324
 173.000000  0.007275
 174.000000  0.007324
 175.000000  0.007202
 176.000000  0.007324
 177.000000  0.007202
 178.000000  0.007324
 179.000000  0.009521
 180.000000  0.007324
 181.000000  0.007300
 182.000000  0.007324
 183.000000  0.007300
 184.000000  0.007324
 185.000000  0.007275
 186.000000  0.007324
 187.000000  0.007202
 188.000000  0.007324
 189.000000  0.007275
 190.000000  0.007324
 191.000000  0.007056
 192.000000  0.007324
 193.000000  0.007275
 194.000000  0.007324
 195.000000  0.007080
 196.000000  0.009765
 197.000000  0.007202
 198.000000  0.007324
 199.000000  0.009619
 200.000000  0.007324
 201.000000  0.009643
 202.000000  0.007324
 203.000000  0.007178
 204.000000  0.007324
 205.000000  0.007080
 206.000000  0.007324
 207.000000  0.007178
 208.000000  0.007324
 209.000000  0.009643
 210.000000  0.007349
 211.000000  0.007275
 212.000000  0.007324
 213.000000  0.009692
 214.000000  0.007324
 215.000000  0.007104
 216.000000  0.007300
 217.000000  0.007178
 218.000000  0.007300
 219.000000  0.009692
 220.000000  0.007349
 221.000000  0.007202
 222.000000  0.007397
 223.000000  0.007178
 224.000000  0.007373
 225.000000  0.007007
 226.000000  0.007251
 227.000000  0.009375
 228.000000  0.007349
 229.000000  0.009423
 230.000000  0.007349
 231.000000  0.007007
 232.000000  0.007373
 233.000000  0.009497
 234.000000  0.007324
 235.000000  0.007202
 236.000000  0.007422
 237.000000  0.007007
 238.000000  0.007373
 239.000000  0.009375
 240.000000  0.007251
 241.000000  0.006958
 242.000000  0.007349
 243.000000  0.009472
 244.000000  0.007373
 245.000000  0.007056
 246.000000  0.007471
 247.000000  0.007056
 248.000000  0.007349
 249.000000  0.006885
 250.000000  0.007300
 251.000000  0.006665
 252.000000  0.007324
 253.000000  0.007153
 254.000000  0.007422
 255.000000  0.009448
 256.000000  0.007349
 257.000000  0.007056
 258.000000  0.007349
 259.000000  0.006885
 260.000000  0.007300
 261.000000  0.006934
 262.000000  0.007349
 263.000000  0.009301
 264.000000  0.007349
 265.000000  0.009399
 266.000000  0.007349
 267.000000  0.009692
 268.000000  0.007324
 269.000000  0.009448
 270.000000  0.007349
 271.000000  0.007056
 272.000000  0.007324
 273.000000  0.007031
 274.000000  0.007324
 275.000000  0.009448
 276.000000  0.007324
 277.000000  0.009521
 278.000000  0.007373
 279.000000  0.007300
 280.000000  0.007324
 281.000000  0.009545
 282.000000  0.007324
 283.000000  0.009423
 284.000000  0.007324
 285.000000  0.007104
 286.000000  0.007324
 287.000000  0.007251
 288.000000  0.007324
 289.000000  0.009741
 290.000000  0.007324
 291.000000  0.007080
 292.000000  0.007349
 293.000000  0.007153
 294.000000  0.007324
 295.000000  0.009521
 296.000000  0.007349
 297.000000  0.009570
 298.000000  0.007324
 299.000000  0.009594
 300.000000  0.007324
 301.000000  0.007153
 302.000000  0.007324
 303.000000  0.009570
 304.000000  0.007324
 305.000000  0.007300
 306.000000  0.007324
 307.000000  0.009716
 308.000000  0.007324
 309.000000  0.009643
 310.000000  0.007324
 311.000000  0.007202
 312.000000  0.007324
 313.000000  0.007300
 314.000000  0.007324
 315.000000  0.009741
 316.000000  0.007324
 317.000000  0.007324
 318.000000  0.007324
 319.000000  0.007251
 320.000000  0.007324
 321.000000  0.009643
 322.000000  0.007324
 323.000000  0.009765
 324.000000  0.007324
 325.000000  0.007202
 326.000000  0.007324
 327.000000  0.007227
 328.000000  0.007324
 329.000000  0.009643
 330.000000  0.007324
 331.000000  0.009692
 332.000000  0.007324
 333.000000  0.009741
 334.000000  0.007349
 335.000000  0.009741
 336.000000  0.007324
 337.000000  0.007251
 338.000000  0.007324
 339.000000  0.007178
 340.000000  0.007324
 341.000000  0.009765
 342.000000  0.009765
 343.000000  0.009594
 344.000000  0.007324
 345.000000  0.009692
 346.000000  0.007324
 347.000000  0.007251
 348.000000  0.007349
 349.000000  0.009716
 350.000000  0.007349
 351.000000  0.009668
 352.000000  0.007324
 353.000000  0.009716
 354.000000  0.007324
 355.000000  0.007202
 356.000000  0.007300
 357.000000  0.007275
 358.000000  0.007324
 359.000000  0.009668
 360.000000  0.007349
 361.000000  0.007324
 362.000000  0.007324
 363.000000  0.009643
 364.000000  0.007324
 365.000000  0.007202
 366.000000  0.007324
 367.000000  0.007178
 368.000000  0.007324
 369.000000  0.007251
 370.000000  0.007349
 371.000000  0.009692
 372.000000  0.007324
 373.000000  0.009716
 374.000000  0.007349
 375.000000  0.009570
 376.000000  0.007349
 377.000000  0.007202
 378.000000  0.007422
 379.000000  0.007202
 380.000000  0.007422
 381.000000  0.009716
 382.000000  0.007446
 383.000000  0.007324
 384.000000  0.007422
 385.000000  0.007251
 386.000000  0.007446
 387.000000  0.009497
 388.000000  0.007373
 389.000000  0.009497
 390.000000  0.007373
 391.000000  0.009619
 392.000000  0.007349
 393.000000  0.007202
 394.000000  0.007471
 395.000000  0.007227
 396.000000  0.007446
 397.000000  0.007275
 398.000000  0.007446
 399.000000  0.007178
 400.000000  0.007471
 401.000000  0.009594
 402.000000  0.007397
 403.000000  0.007202
 404.000000  0.007373
 405.000000  0.007227
 406.000000  0.007642
 407.000000  0.007324
 408.000000  0.007568
 409.000000  0.009643
 410.000000  0.007519
 411.000000  0.009545
 412.000000  0.007519
 413.000000  0.007202
 414.000000  0.007593
 415.000000  0.009716
 416.000000  0.007544
 417.000000  0.007324
 418.000000  0.007544
 419.000000  0.007324
 420.000000  0.007446
 421.000000  0.007275
 422.000000  0.007397
 423.000000  0.007324
 424.000000  0.007349
 425.000000  0.009716
 426.000000  0.007397
 427.000000  0.009741
 428.000000  0.007373
 429.000000  0.009765
 430.000000  0.007397
 431.000000  0.009741
 432.000000  0.007397
 433.000000  0.007251
 434.000000  0.007422
 435.000000  0.009716
 436.000000  0.007446
 437.000000  0.009765
 438.000000  0.007544
 439.000000  0.009765
 440.000000  0.007617
 441.000000  0.009765
 442.000000  0.007519
 443.000000  0.009765
 444.000000  0.007519
 445.000000  0.009765
 446.000000  0.007471
 447.000000  0.007324
 448.000000  0.007397
 449.000000  0.009765
 450.000000  0.007617
 451.000000  0.009765
 452.000000  0.007495
 453.000000  0.009765
 454.000000  0.007642
 455.000000  0.009765
 456.000000  0.007617
 457.000000  0.009765
 458.000000  0.007715
 459.000000  0.009765
 460.000000  0.008081
 461.000000  0.009765
 462.000000  0.007715
 463.000000  0.009765
 464.000000  0.008179
 465.000000  0.009790
 466.000000  0.007886
 467.000000  0.007324
 468.000000  0.008032
 469.000000  0.007349
 470.000000  0.007861
 471.000000  0.009765
 472.000000  0.008203
 473.000000  0.007349
 474.000000  0.008374
 475.000000  0.009765
 476.000000  0.008496
 477.000000  0.007324
 478.000000  0.008618
 479.000000  0.009765
 480.000000  0.008350
 481.000000  0.009790
 482.000000  0.009009
 483.000000  0.007446
 484.000000  0.008569
 485.000000  0.009863
 486.000000  0.009155
 487.000000  0.007495
 488.000000  0.008911
 489.000000  0.007349
 490.000000  0.009180
 491.000000  0.010058
 492.000000  0.009326
 493.000000  0.009814
 494.000000  0.009277
 495.000000  0.010083
 496.000000  0.009692
 497.000000  0.007446
 498.000000  0.008936
 499.000000  0.010034
 500.000000  0.009766
 501.000000  0.010742
 502.000000  0.009448
 503.000000  0.010009
 504.000000  0.009668
 505.000000  0.011840
 506.000000  0.009766
 507.000000  0.007983
 508.000000  0.009741
 509.000000  0.009009
 510.000000  0.009766
 511.000000  0.010888
 512.000000  0.009741
 513.000000  0.008838
 514.000000  0.009766
 515.000000  0.009448
 516.000000  0.009741
 517.000000  0.009033
 518.000000  0.009766
 519.000000  0.009766
 520.000000  0.009766
 521.000000  0.009155
 522.000000  0.009766
 523.000000  0.012207
 524.000000  0.009863
 525.000000  0.011987
 526.000000  0.009766
 527.000000  0.012060
 528.000000  0.009863
 529.000000  0.012182
 530.000000  0.009790
 531.000000  0.012133
 532.000000  0.009839
 533.000000  0.010278
 534.000000  0.010352
 535.000000  0.009741
 536.000000  0.009766
 537.000000  0.012280
 538.000000  0.012085
 539.000000  0.012158
 540.000000  0.009790
 541.000000  0.009668
 542.000000  0.012134
 543.000000  0.011694
 544.000000  0.009961
 545.000000  0.009741
 546.000000  0.011255
 547.000000  0.014721
 548.000000  0.012134
 549.000000  0.012329
 550.000000  0.010010
 551.000000  0.013574
 552.000000  0.013843
 553.000000  0.010742
 554.000000  0.010718
 555.000000  0.010278
 556.000000  0.013794
 557.000000  0.016357
 558.000000  0.011645
 559.000000  0.012622
 560.000000  0.012231
 561.000000  0.014478
 562.000000  0.014233
 563.000000  0.013403
 564.000000  0.011572
 565.000000  0.014746
 566.000000  0.016309
 567.000000  0.014794
 568.000000  0.012085
 569.000000  0.013989
 570.000000  0.014478
 571.000000  0.017871
 572.000000  0.012207
 573.000000  0.013208
 574.000000  0.012207
 575.000000  0.017211
 576.000000  0.016919
 577.000000  0.014160
 578.000000  0.012158
 579.000000  0.015136
 580.000000  0.018726
 581.000000  0.014746
 582.000000  0.012256
 583.000000  0.014624
 584.000000  0.015625
 585.000000  0.021972
 586.000000  0.014648
 587.000000  0.014599
 588.000000  0.012549
 589.000000  0.017090
 590.000000  0.021948
 591.000000  0.016186
 592.000000  0.012964
 593.000000  0.013818
 594.000000  0.020459
 595.000000  0.024389
 596.000000  0.014380
 597.000000  0.014892
 598.000000  0.016357
 599.000000  0.021948
 600.000000  0.017090
 601.000000  0.016210
 602.000000  0.014648
 603.000000  0.019702
 604.000000  0.032349
 605.000000  0.026464
 606.000000  0.017676
 607.000000  0.026562
 608.000000  0.103076
 609.000000  0.319116
 610.000000  0.096875
 611.000000  0.021191
 612.000000  0.019531
 613.000000  0.029150
 614.000000  0.040502
 615.000000  0.018920
 616.000000  0.014648
 617.000000  0.014795
 618.000000  0.030786
 619.000000  0.031738
 620.000000  0.014648
 621.000000  0.014672
 622.000000  0.014648
 623.000000  0.024365
 624.000000  0.021972
 625.000000  0.014648
 626.000000  0.012524
 627.000000  0.016650
 628.000000  0.019507
 629.000000  0.016918
 630.000000  0.012207
 631.000000  0.014550
 632.000000  0.014575
 633.000000  0.018212
 634.000000  0.012280
 635.000000  0.013891
 636.000000  0.012207
 637.000000  0.012427
 638.000000  0.014648
 639.000000  0.014184
 640.000000  0.012134
 641.000000  0.013378
 642.000000  0.012500
 643.000000  0.012207
 644.000000  0.014282
 645.000000  0.012329
 646.000000  0.014062
 647.000000  0.014648
 648.000000  0.012207
 649.000000  0.009766
 650.000000  0.009888
 651.000000  0.009790
 652.000000  0.012183
 653.000000  0.010059
 654.000000  0.009863
 655.000000  0.012207
 656.000000  0.010425
 657.000000  0.012841
 658.000000  0.009912
 659.000000  0.009766
 660.000000  0.009766
 661.000000  0.012207
 662.000000  0.009985
 663.000000  0.012207
 664.000000  0.012231
 665.000000  0.012109
 666.000000  0.012255
 667.000000  0.012207
 668.000000  0.009741
 669.000000  0.009424
 670.000000  0.009766
 671.000000  0.009766
 672.000000  0.009790
 673.000000  0.011914
 674.000000  0.012207
 675.000000  0.011474
 676.000000  0.009790
 677.000000  0.011523
 678.000000  0.009741
 679.000000  0.010693
 680.000000  0.009692
 681.000000  0.009302
 682.000000  0.009766
 683.000000  0.011059
 684.000000  0.009717
 685.000000  0.011084
 686.000000  0.009790
 687.000000  0.008398
 688.000000  0.011865
 689.000000  0.007739
 690.000000  0.011987
 691.000000  0.010180
 692.000000  0.009302
 693.000000  0.009887
 694.000000  0.008911
 695.000000  0.010131
 696.000000  0.011474
 697.000000  0.009912
 698.000000  0.008472
 699.000000  0.010034
 700.000000  0.008789
 701.000000  0.007617
 702.000000  0.008252
 703.000000  0.007495
 704.000000  0.010937
 705.000000  0.009863
 706.000000  0.008545
 707.000000  0.007422
 708.000000  0.008374
 709.000000  0.009936
 710.000000  0.008569
 711.000000  0.009887
 712.000000  0.007983
 713.000000  0.009863
 714.000000  0.007935
 715.000000  0.009790
 716.000000  0.007861
 717.000000  0.009887
 718.000000  0.007983
 719.000000  0.009863
 720.000000  0.008374
 721.000000  0.009936
 722.000000  0.007617
 723.000000  0.009692
 724.000000  0.007642
 725.000000  0.009814
 726.000000  0.007715
 727.000000  0.009790
 728.000000  0.007617
 729.000000  0.007349
 730.000000  0.007568
 731.000000  0.009765
 732.000000  0.007617
 733.000000  0.009765
 734.000000  0.010034
 735.000000  0.009765
 736.000000  0.007397
 737.000000  0.009716
 738.000000  0.007471
 739.000000  0.009741
 740.000000  0.007446
 741.000000  0.009741
 742.000000  0.007446
 743.000000  0.007300
 744.000000  0.007324
 745.000000  0.009741
 746.000000  0.007324
 747.000000  0.007300
 748.000000  0.007373
 749.000000  0.009619
 750.000000  0.007373
 751.000000  0.009741
 752.000000  0.009863
 753.000000  0.009716
 754.000000  0.007349
 755.000000  0.009692
 756.000000  0.007324
 757.000000  0.009716
 758.000000  0.007324
 759.000000  0.007300
 760.000000  0.007349
 761.000000  0.009692
 762.000000  0.007324
 763.000000  0.009643
 764.000000  0.007324
 765.000000  0.009692
 766.000000  0.007324
 767.000000  0.007300
 768.000000  0.007324
 769.000000  0.009716
 770.000000  0.007300
 771.000000  0.009448
 772.000000  0.007324
 773.000000  0.009521
 774.000000  0.009765
 775.000000  0.009594
 776.000000  0.009765
 777.000000  0.009545
 778.000000  0.007324
 779.000000  0.007104
 780.000000  0.007324
 781.000000  0.006958
 782.000000  0.009765
 783.000000  0.009423
 784.000000  0.007324
 785.000000  0.009326
 786.000000  0.007324
 787.000000  0.009448
 788.000000  0.009765
 789.000000  0.009448
 790.000000  0.007300
 791.000000  0.009179
 792.000000  0.007324
 793.000000  0.009130
 794.000000  0.007324
 795.000000  0.009350
 796.000000  0.007324
 797.000000  0.009277
 798.000000  0.007324
 799.000000  0.009326
 800.000000  0.007300
 801.000000  0.009301
 802.000000  0.009765
 803.000000  0.009130
 804.000000  0.007324
 805.000000  0.009179
 806.000000  0.007300
 807.000000  0.009179
 808.000000  0.009765
 809.000000  0.006836
 810.000000  0.007324
 811.000000  0.006738
 812.000000  0.007324
 813.000000  0.006348
 814.000000  0.007324
 815.000000  0.009204
 816.000000  0.007300
 817.000000  0.008764
 818.000000  0.007324
 819.000000  0.009155
 820.000000  0.007300
 821.000000  0.008984
 822.000000  0.007324
 823.000000  0.009106
 824.000000  0.009716
 825.000000  0.008813
 826.000000  0.007324
 827.000000  0.008789
 828.000000  0.007324
 829.000000  0.008520
 830.000000  0.007300
 831.000000  0.008911
 832.000000  0.007300
 833.000000  0.008667
 834.000000  0.007324
 835.000000  0.008837
 836.000000  0.009765
 837.000000  0.008862
 838.000000  0.007300
 839.000000  0.008642
 840.000000  0.007251
 841.000000  0.008544
 842.000000  0.009692
 843.000000  0.008764
 844.000000  0.007275
 845.000000  0.006738
 846.000000  0.009716
 847.000000  0.008960
 848.000000  0.007227
 849.000000  0.008740
 850.000000  0.007202
 851.000000  0.008618
 852.000000  0.007202
 853.000000  0.005884
 854.000000  0.009643
 855.000000  0.008496
 856.000000  0.007153
 857.000000  0.006274
 858.000000  0.007275
 859.000000  0.006323
 860.000000  0.009716
 861.000000  0.008496
 862.000000  0.007227
 863.000000  0.006055
 864.000000  0.007129
 865.000000  0.008593
 866.000000  0.009545
 867.000000  0.006226
 868.000000  0.007178
 869.000000  0.008447
 870.000000  0.007251
 871.000000  0.008837
 872.000000  0.007178
 873.000000  0.008569
 874.000000  0.007080
 875.000000  0.008691
 876.000000  0.006909
 877.000000  0.005859
 878.000000  0.007080
 879.000000  0.006177
 880.000000  0.007202
 881.000000  0.008960
 882.000000  0.007129
 883.000000  0.008447
 884.000000  0.007080
 885.000000  0.008569
 886.000000  0.007275
 887.000000  0.005664
 888.000000  0.007227
 889.000000  0.008374
 890.000000  0.007153
 891.000000  0.008715
 892.000000  0.007300
 893.000000  0.008642
 894.000000  0.007251
 895.000000  0.008691
 896.000000  0.007251
 897.000000  0.008618
 898.000000  0.007251
 899.000000  0.008471
 900.000000  0.007251
 901.000000  0.008398
 902.000000  0.009521
 903.000000  0.008398
 904.000000  0.007275
 905.000000  0.008325
 906.000000  0.009619
 907.000000  0.008203
 908.000000  0.009716
 909.000000  0.008398
 910.000000  0.007251
 911.000000  0.008178
 912.000000  0.007275
 913.000000  0.008252
 914.000000  0.007202
 915.000000  0.008300
 916.000000  0.007178
 917.000000  0.008496
 918.000000  0.009716
 919.000000  0.007910
 920.000000  0.009741
 921.000000  0.008154
 922.000000  0.007227
 923.000000  0.007959
 924.000000  0.007202
 925.000000  0.008154
 926.000000  0.007275
 927.000000  0.008422
 928.000000  0.007324
 929.000000  0.008227
 930.000000  0.007227
 931.000000  0.008227
 932.000000  0.007202
 933.000000  0.008300
 934.000000  0.007300
 935.000000  0.008203
 936.000000  0.007300
 937.000000  0.007959
 938.000000  0.007324
 939.000000  0.007959
 940.000000  0.007275
 941.000000  0.008154
 942.000000  0.007178
 943.000000  0.008154
 944.000000  0.007275
 945.000000  0.005713
 946.000000  0.009668
 947.000000  0.008398
 948.000000  0.007324
 949.000000  0.008227
 950.000000  0.009668
 951.000000  0.008398
 952.000000  0.007202
 953.000000  0.008203
 954.000000  0.007300
 955.000000  0.008252
 956.000000  0.007227
 957.000000  0.008056
 958.000000  0.007227
 959.000000  0.005884
 960.000000  0.007251
 961.000000  0.005615
 962.000000  0.009692
 963.000000  0.005859
 964.000000  0.007227
 965.000000  0.008325
 966.000000  0.007129
 967.000000  0.008227
 968.000000  0.007227
 969.000000  0.008129
 970.000000  0.009716
 971.000000  0.008300
 972.000000  0.007300
 973.000000  0.008178
 974.000000  0.007202
 975.000000  0.008349
 976.000000  0.007080
 977.000000  0.008056
 978.000000  0.007202
 979.000000  0.007959
 980.000000  0.007129
 981.000000  0.008398
 982.000000  0.007227
 983.000000  0.006201
 984.000000  0.007227
 985.000000  0.008593
 986.000000  0.007129
 987.000000  0.008252
 988.000000  0.009619
 989.000000  0.007983
 990.000000  0.007202
 991.000000  0.007910
 992.000000  0.007104
 993.000000  0.008276
 994.000000  0.007251
 995.000000  0.008227
 996.000000  0.007056
 997.000000  0.008349
 998.000000  0.009668
 999.000000  0.008276
 1000.000000  0.009423
 1001.000000  0.007788
 1002.000000  0.006958
 1003.000000  0.007812
 1004.000000  0.006909
 1005.000000  0.007983
 1006.000000  0.007153
 1007.000000  0.008032
 1008.000000  0.007031
 1009.000000  0.008203
 1010.000000  0.006909
 1011.000000  0.008252
 1012.000000  0.006958
 1013.000000  0.007885
 1014.000000  0.006836
 1015.000000  0.008056
 1016.000000  0.006860
 1017.000000  0.008227
 1018.000000  0.006909
 1019.000000  0.008105
 1020.000000  0.007080
 1021.000000  0.007959
 1022.000000  0.006836
 1023.000000  0.008105
