 0.000000  0.007495
 1.000000  0.007300
 2.000000  0.007373
 3.000000  0.007324
 4.000000  0.007373
 5.000000  0.007324
 6.000000  0.007422
 7.000000  0.007324
 8.000000  0.007397
 9.000000  0.007324
 10.000000  0.007373
 11.000000  0.007275
 12.000000  0.007373
 13.000000  0.007275
 14.000000  0.007349
 15.000000  0.007324
 16.000000  0.007349
 17.000000  0.007275
 18.000000  0.007422
 19.000000  0.007324
 20.000000  0.007349
 21.000000  0.007324
 22.000000  0.007373
 23.000000  0.007300
 24.000000  0.007373
 25.000000  0.007300
 26.000000  0.007471
 27.000000  0.009741
 28.000000  0.007324
 29.000000  0.007324
 30.000000  0.007349
 31.000000  0.007300
 32.000000  0.007324
 33.000000  0.007300
 34.000000  0.007349
 35.000000  0.007324
 36.000000  0.007373
 37.000000  0.007324
 38.000000  0.007373
 39.000000  0.009765
 40.000000  0.007373
 41.000000  0.007324
 42.000000  0.007349
 43.000000  0.007324
 44.000000  0.007349
 45.000000  0.007300
 46.000000  0.007397
 47.000000  0.007324
 48.000000  0.007324
 49.000000  0.007324
 50.000000  0.007324
 51.000000  0.007324
 52.000000  0.007324
 53.000000  0.007324
 54.000000  0.007349
 55.000000  0.007324
 56.000000  0.007324
 57.000000  0.007300
 58.000000  0.007397
 59.000000  0.009741
 60.000000  0.007324
 61.000000  0.009765
 62.000000  0.007324
 63.000000  0.007324
 64.000000  0.007349
 65.000000  0.007275
 66.000000  0.007349
 67.000000  0.009765
 68.000000  0.007324
 69.000000  0.007300
 70.000000  0.007324
 71.000000  0.007300
 72.000000  0.007324
 73.000000  0.007251
 74.000000  0.007324
 75.000000  0.007275
 76.000000  0.007373
 77.000000  0.007324
 78.000000  0.007349
 79.000000  0.007324
 80.000000  0.007422
 81.000000  0.007324
 82.000000  0.007324
 83.000000  0.007300
 84.000000  0.007324
 85.000000  0.007324
 86.000000  0.007349
 87.000000  0.007300
 88.000000  0.007349
 89.000000  0.007300
 90.000000  0.007397
 91.000000  0.007275
 92.000000  0.007397
 93.000000  0.007324
 94.000000  0.007324
 95.000000  0.007227
 96.000000  0.007373
 97.000000  0.007300
 98.000000  0.007397
 99.000000  0.007251
 100.000000  0.007373
 101.000000  0.009741
 102.000000  0.007397
 103.000000  0.009716
 104.000000  0.007397
 105.000000  0.007324
 106.000000  0.007471
 107.000000  0.007178
 108.000000  0.007446
 109.000000  0.009692
 110.000000  0.007495
 111.000000  0.007227
 112.000000  0.007397
 113.000000  0.007251
 114.000000  0.007471
 115.000000  0.007275
 116.000000  0.007422
 117.000000  0.007227
 118.000000  0.007422
 119.000000  0.007178
 120.000000  0.007397
 121.000000  0.007202
 122.000000  0.007544
 123.000000  0.007227
 124.000000  0.007397
 125.000000  0.007202
 126.000000  0.007422
 127.000000  0.009570
 128.000000  0.007495
 129.000000  0.007104
 130.000000  0.007471
 131.000000  0.009643
 132.000000  0.007324
 133.000000  0.007275
 134.000000  0.007446
 135.000000  0.009643
 136.000000  0.007446
 137.000000  0.007178
 138.000000  0.007373
 139.000000  0.007178
 140.000000  0.007446
 141.000000  0.007153
 142.000000  0.007446
 143.000000  0.007178
 144.000000  0.007471
 145.000000  0.009692
 146.000000  0.007422
 147.000000  0.007202
 148.000000  0.007397
 149.000000  0.009716
 150.000000  0.007324
 151.000000  0.007129
 152.000000  0.007397
 153.000000  0.007275
 154.000000  0.007373
 155.000000  0.007275
 156.000000  0.007422
 157.000000  0.009741
 158.000000  0.007446
 159.000000  0.007275
 160.000000  0.007422
 161.000000  0.007227
 162.000000  0.007397
 163.000000  0.007275
 164.000000  0.007397
 165.000000  0.007275
 166.000000  0.007349
 167.000000  0.007275
 168.000000  0.007324
 169.000000  0.009643
 170.000000  0.007397
 171.000000  0.007178
 172.000000  0.007324
 173.000000  0.007275
 174.000000  0.007324
 175.000000  0.007300
 176.000000  0.007349
 177.000000  0.007300
 178.000000  0.007324
 179.000000  0.009692
 180.000000  0.007349
 181.000000  0.007227
 182.000000  0.007349
 183.000000  0.007324
 184.000000  0.007324
 185.000000  0.007324
 186.000000  0.007349
 187.000000  0.007324
 188.000000  0.007324
 189.000000  0.007324
 190.000000  0.007373
 191.000000  0.007300
 192.000000  0.007349
 193.000000  0.007324
 194.000000  0.007324
 195.000000  0.007300
 196.000000  0.009765
 197.000000  0.007300
 198.000000  0.007349
 199.000000  0.009741
 200.000000  0.007324
 201.000000  0.009741
 202.000000  0.007324
 203.000000  0.007275
 204.000000  0.007349
 205.000000  0.007324
 206.000000  0.007324
 207.000000  0.007300
 208.000000  0.007324
 209.000000  0.009765
 210.000000  0.007349
 211.000000  0.007300
 212.000000  0.007324
 213.000000  0.009741
 214.000000  0.007324
 215.000000  0.007300
 216.000000  0.007324
 217.000000  0.007324
 218.000000  0.007324
 219.000000  0.009741
 220.000000  0.007349
 221.000000  0.007300
 222.000000  0.007324
 223.000000  0.007300
 224.000000  0.007324
 225.000000  0.007300
 226.000000  0.007324
 227.000000  0.009716
 228.000000  0.007324
 229.000000  0.009765
 230.000000  0.007373
 231.000000  0.007300
 232.000000  0.007324
 233.000000  0.009765
 234.000000  0.007349
 235.000000  0.007324
 236.000000  0.007324
 237.000000  0.007324
 238.000000  0.007324
 239.000000  0.009716
 240.000000  0.007324
 241.000000  0.007300
 242.000000  0.007324
 243.000000  0.009716
 244.000000  0.007324
 245.000000  0.007275
 246.000000  0.007324
 247.000000  0.007324
 248.000000  0.007324
 249.000000  0.007300
 250.000000  0.007324
 251.000000  0.007251
 252.000000  0.007300
 253.000000  0.007300
 254.000000  0.007324
 255.000000  0.009692
 256.000000  0.007373
 257.000000  0.007300
 258.000000  0.007397
 259.000000  0.007178
 260.000000  0.007422
 261.000000  0.007202
 262.000000  0.007422
 263.000000  0.009594
 264.000000  0.007373
 265.000000  0.009692
 266.000000  0.007373
 267.000000  0.009594
 268.000000  0.007495
 269.000000  0.009643
 270.000000  0.007373
 271.000000  0.007178
 272.000000  0.007373
 273.000000  0.007275
 274.000000  0.007373
 275.000000  0.009545
 276.000000  0.007397
 277.000000  0.009668
 278.000000  0.007324
 279.000000  0.007178
 280.000000  0.007495
 281.000000  0.009668
 282.000000  0.007397
 283.000000  0.009668
 284.000000  0.007397
 285.000000  0.007178
 286.000000  0.007446
 287.000000  0.007227
 288.000000  0.007471
 289.000000  0.009716
 290.000000  0.007544
 291.000000  0.007202
 292.000000  0.007446
 293.000000  0.007202
 294.000000  0.007446
 295.000000  0.009692
 296.000000  0.007593
 297.000000  0.009692
 298.000000  0.007373
 299.000000  0.009545
 300.000000  0.007422
 301.000000  0.007227
 302.000000  0.007373
 303.000000  0.009668
 304.000000  0.007397
 305.000000  0.007178
 306.000000  0.007397
 307.000000  0.009716
 308.000000  0.007397
 309.000000  0.009692
 310.000000  0.007349
 311.000000  0.007227
 312.000000  0.007471
 313.000000  0.007251
 314.000000  0.007422
 315.000000  0.009765
 316.000000  0.007446
 317.000000  0.007324
 318.000000  0.007324
 319.000000  0.007300
 320.000000  0.007373
 321.000000  0.009765
 322.000000  0.007349
 323.000000  0.009741
 324.000000  0.007349
 325.000000  0.007324
 326.000000  0.007324
 327.000000  0.007300
 328.000000  0.007324
 329.000000  0.009765
 330.000000  0.007349
 331.000000  0.009765
 332.000000  0.007349
 333.000000  0.009741
 334.000000  0.007349
 335.000000  0.009765
 336.000000  0.007324
 337.000000  0.007324
 338.000000  0.007397
 339.000000  0.007324
 340.000000  0.007373
 341.000000  0.009765
 342.000000  0.009790
 343.000000  0.009741
 344.000000  0.007373
 345.000000  0.009765
 346.000000  0.007422
 347.000000  0.007300
 348.000000  0.007349
 349.000000  0.009765
 350.000000  0.007349
 351.000000  0.009765
 352.000000  0.007349
 353.000000  0.009765
 354.000000  0.007324
 355.000000  0.007300
 356.000000  0.007324
 357.000000  0.007324
 358.000000  0.007397
 359.000000  0.009765
 360.000000  0.007495
 361.000000  0.007324
 362.000000  0.007373
 363.000000  0.009765
 364.000000  0.007373
 365.000000  0.007324
 366.000000  0.007373
 367.000000  0.007324
 368.000000  0.007373
 369.000000  0.007324
 370.000000  0.007349
 371.000000  0.009765
 372.000000  0.007495
 373.000000  0.009765
 374.000000  0.007519
 375.000000  0.009765
 376.000000  0.007495
 377.000000  0.007324
 378.000000  0.007446
 379.000000  0.007324
 380.000000  0.007422
 381.000000  0.009765
 382.000000  0.007397
 383.000000  0.007324
 384.000000  0.007446
 385.000000  0.007324
 386.000000  0.007422
 387.000000  0.009765
 388.000000  0.007397
 389.000000  0.009765
 390.000000  0.007471
 391.000000  0.009765
 392.000000  0.007471
 393.000000  0.007324
 394.000000  0.007471
 395.000000  0.007324
 396.000000  0.007593
 397.000000  0.007324
 398.000000  0.007495
 399.000000  0.007324
 400.000000  0.007593
 401.000000  0.009765
 402.000000  0.007544
 403.000000  0.007324
 404.000000  0.007471
 405.000000  0.007324
 406.000000  0.007471
 407.000000  0.007324
 408.000000  0.007568
 409.000000  0.009790
 410.000000  0.007642
 411.000000  0.009741
 412.000000  0.007666
 413.000000  0.007349
 414.000000  0.007690
 415.000000  0.009790
 416.000000  0.007617
 417.000000  0.007349
 418.000000  0.007690
 419.000000  0.007300
 420.000000  0.007812
 421.000000  0.007349
 422.000000  0.007642
 423.000000  0.007397
 424.000000  0.007715
 425.000000  0.009765
 426.000000  0.007935
 427.000000  0.009765
 428.000000  0.007861
 429.000000  0.009790
 430.000000  0.007715
 431.000000  0.009838
 432.000000  0.007837
 433.000000  0.007324
 434.000000  0.007837
 435.000000  0.009838
 436.000000  0.007910
 437.000000  0.009765
 438.000000  0.007983
 439.000000  0.009912
 440.000000  0.008057
 441.000000  0.009790
 442.000000  0.008130
 443.000000  0.009838
 444.000000  0.008276
 445.000000  0.009814
 446.000000  0.008252
 447.000000  0.007397
 448.000000  0.008105
 449.000000  0.009814
 450.000000  0.008057
 451.000000  0.009936
 452.000000  0.008130
 453.000000  0.009838
 454.000000  0.008423
 455.000000  0.009838
 456.000000  0.008496
 457.000000  0.009912
 458.000000  0.008472
 459.000000  0.009961
 460.000000  0.008765
 461.000000  0.009961
 462.000000  0.008691
 463.000000  0.009936
 464.000000  0.008960
 465.000000  0.010009
 466.000000  0.009009
 467.000000  0.007471
 468.000000  0.009253
 469.000000  0.007593
 470.000000  0.008984
 471.000000  0.009985
 472.000000  0.009326
 473.000000  0.007544
 474.000000  0.009228
 475.000000  0.010034
 476.000000  0.009277
 477.000000  0.007471
 478.000000  0.009302
 479.000000  0.010107
 480.000000  0.009473
 481.000000  0.009985
 482.000000  0.009326
 483.000000  0.008008
 484.000000  0.009448
 485.000000  0.010449
 486.000000  0.009277
 487.000000  0.007861
 488.000000  0.009570
 489.000000  0.008081
 490.000000  0.009497
 491.000000  0.010449
 492.000000  0.009644
 493.000000  0.010766
 494.000000  0.009644
 495.000000  0.010498
 496.000000  0.009717
 497.000000  0.008447
 498.000000  0.009766
 499.000000  0.010864
 500.000000  0.009692
 501.000000  0.011523
 502.000000  0.009766
 503.000000  0.011401
 504.000000  0.009741
 505.000000  0.011645
 506.000000  0.009766
 507.000000  0.009326
 508.000000  0.009766
 509.000000  0.008960
 510.000000  0.009766
 511.000000  0.011889
 512.000000  0.009766
 513.000000  0.009570
 514.000000  0.009766
 515.000000  0.009619
 516.000000  0.009766
 517.000000  0.009668
 518.000000  0.009766
 519.000000  0.009668
 520.000000  0.009766
 521.000000  0.009741
 522.000000  0.009766
 523.000000  0.012109
 524.000000  0.009766
 525.000000  0.012182
 526.000000  0.009766
 527.000000  0.012109
 528.000000  0.009766
 529.000000  0.012207
 530.000000  0.009766
 531.000000  0.012207
 532.000000  0.009766
 533.000000  0.009766
 534.000000  0.009814
 535.000000  0.009766
 536.000000  0.009766
 537.000000  0.012207
 538.000000  0.009888
 539.000000  0.012207
 540.000000  0.010181
 541.000000  0.009766
 542.000000  0.009888
 543.000000  0.009766
 544.000000  0.010229
 545.000000  0.009766
 546.000000  0.010425
 547.000000  0.012255
 548.000000  0.010791
 549.000000  0.012646
 550.000000  0.011133
 551.000000  0.012377
 552.000000  0.011230
 553.000000  0.010791
 554.000000  0.012134
 555.000000  0.010791
 556.000000  0.011987
 557.000000  0.013501
 558.000000  0.012183
 559.000000  0.014233
 560.000000  0.012207
 561.000000  0.011719
 562.000000  0.012207
 563.000000  0.014599
 564.000000  0.012183
 565.000000  0.014453
 566.000000  0.012207
 567.000000  0.014624
 568.000000  0.012646
 569.000000  0.014672
 570.000000  0.012378
 571.000000  0.014624
 572.000000  0.012988
 573.000000  0.014794
 574.000000  0.012769
 575.000000  0.014721
 576.000000  0.013892
 577.000000  0.015820
 578.000000  0.014160
 579.000000  0.015136
 580.000000  0.014185
 581.000000  0.013892
 582.000000  0.014600
 583.000000  0.016381
 584.000000  0.014526
 585.000000  0.016894
 586.000000  0.014795
 587.000000  0.017089
 588.000000  0.014673
 589.000000  0.014380
 590.000000  0.014673
 591.000000  0.017041
 592.000000  0.015137
 593.000000  0.014600
 594.000000  0.014990
 595.000000  0.017163
 596.000000  0.016919
 597.000000  0.017138
 598.000000  0.015503
 599.000000  0.017211
 600.000000  0.016455
 601.000000  0.017529
 602.000000  0.016895
 603.000000  0.017871
 604.000000  0.017017
 605.000000  0.019140
 606.000000  0.017212
 607.000000  0.019140
 608.000000  0.017139
 609.000000  0.019506
 610.000000  0.018335
 611.000000  0.019653
 612.000000  0.019751
 613.000000  0.019604
 614.000000  0.021655
 615.000000  0.021899
 616.000000  0.019531
 617.000000  0.018628
 618.000000  0.019360
 619.000000  0.021801
 620.000000  0.020703
 621.000000  0.021630
 622.000000  0.019434
 623.000000  0.021801
 624.000000  0.023706
 625.000000  0.024316
 626.000000  0.021338
 627.000000  0.021997
 628.000000  0.021680
 629.000000  0.024389
 630.000000  0.024145
 631.000000  0.023242
 632.000000  0.021899
 633.000000  0.024365
 634.000000  0.026685
 635.000000  0.027026
 636.000000  0.021997
 637.000000  0.021973
 638.000000  0.024414
 639.000000  0.031713
 640.000000  0.027051
 641.000000  0.026245
 642.000000  0.025073
 643.000000  0.029272
 644.000000  0.045117
 645.000000  0.032080
 646.000000  0.029321
 647.000000  0.031713
 648.000000  0.054077
 649.000000  0.101416
 650.000000  0.041260
 651.000000  0.029297
 652.000000  0.039136
 653.000000  0.123975
 654.000000  0.180371
 655.000000  0.047338
 656.000000  0.035693
 657.000000  0.057983
 658.000000  0.223413
 659.000000  0.205371
 660.000000  0.046729
 661.000000  0.040698
 662.000000  0.062793
 663.000000  0.208569
 664.000000  0.135400
 665.000000  0.046972
 666.000000  0.058251
 667.000000  0.200390
 668.000000  0.828735
 669.000000  0.300562
 670.000000  0.051001
 671.000000  0.036914
 672.000000  0.039624
 673.000000  0.051220
 674.000000  0.035986
 675.000000  0.031738
 676.000000  0.029272
 677.000000  0.033300
 678.000000  0.034155
 679.000000  0.029321
 680.000000  0.026685
 681.000000  0.024853
 682.000000  0.026978
 683.000000  0.029272
 684.000000  0.024292
 685.000000  0.024902
 686.000000  0.024414
 687.000000  0.024414
 688.000000  0.026855
 689.000000  0.021802
 690.000000  0.024511
 691.000000  0.024316
 692.000000  0.023950
 693.000000  0.024414
 694.000000  0.021899
 695.000000  0.022607
 696.000000  0.024292
 697.000000  0.022558
 698.000000  0.020068
 699.000000  0.021948
 700.000000  0.019653
 701.000000  0.019556
 702.000000  0.019653
 703.000000  0.019336
 704.000000  0.021850
 705.000000  0.019897
 706.000000  0.019434
 707.000000  0.019165
 708.000000  0.019141
 709.000000  0.019628
 710.000000  0.017969
 711.000000  0.019531
 712.000000  0.017310
 713.000000  0.019458
 714.000000  0.017114
 715.000000  0.019213
 716.000000  0.017114
 717.000000  0.018481
 718.000000  0.016992
 719.000000  0.017187
 720.000000  0.016455
 721.000000  0.017334
 722.000000  0.015942
 723.000000  0.017114
 724.000000  0.015234
 725.000000  0.017089
 726.000000  0.014770
 727.000000  0.016992
 728.000000  0.014697
 729.000000  0.014526
 730.000000  0.014722
 731.000000  0.016723
 732.000000  0.014502
 733.000000  0.016430
 734.000000  0.017041
 735.000000  0.016503
 736.000000  0.014478
 737.000000  0.015771
 738.000000  0.014209
 739.000000  0.015429
 740.000000  0.013965
 741.000000  0.015234
 742.000000  0.013281
 743.000000  0.012207
 744.000000  0.012720
 745.000000  0.014770
 746.000000  0.012353
 747.000000  0.012158
 748.000000  0.012476
 749.000000  0.014502
 750.000000  0.012207
 751.000000  0.014404
 752.000000  0.014624
 753.000000  0.014160
 754.000000  0.012158
 755.000000  0.014111
 756.000000  0.012158
 757.000000  0.013476
 758.000000  0.011719
 759.000000  0.010937
 760.000000  0.011865
 761.000000  0.012939
 762.000000  0.010913
 763.000000  0.012402
 764.000000  0.010571
 765.000000  0.012353
 766.000000  0.010425
 767.000000  0.009814
 768.000000  0.010034
 769.000000  0.012207
 770.000000  0.010522
 771.000000  0.012280
 772.000000  0.009839
 773.000000  0.012255
 774.000000  0.012377
 775.000000  0.012207
 776.000000  0.012255
 777.000000  0.012011
 778.000000  0.009790
 779.000000  0.009668
 780.000000  0.009766
 781.000000  0.009546
 782.000000  0.012182
 783.000000  0.011743
 784.000000  0.009766
 785.000000  0.012085
 786.000000  0.009741
 787.000000  0.011596
 788.000000  0.012182
 789.000000  0.011499
 790.000000  0.009766
 791.000000  0.011279
 792.000000  0.009766
 793.000000  0.011157
 794.000000  0.009741
 795.000000  0.011279
 796.000000  0.009741
 797.000000  0.010888
 798.000000  0.009668
 799.000000  0.010815
 800.000000  0.009692
 801.000000  0.010522
 802.000000  0.011938
 803.000000  0.010302
 804.000000  0.009619
 805.000000  0.010546
 806.000000  0.009375
 807.000000  0.009961
 808.000000  0.011938
 809.000000  0.007666
 810.000000  0.009351
 811.000000  0.007593
 812.000000  0.009033
 813.000000  0.007397
 814.000000  0.009106
 815.000000  0.010058
 816.000000  0.009058
 817.000000  0.009814
 818.000000  0.008911
 819.000000  0.009814
 820.000000  0.008862
 821.000000  0.009838
 822.000000  0.008252
 823.000000  0.009765
 824.000000  0.010595
 825.000000  0.009814
 826.000000  0.008520
 827.000000  0.009765
 828.000000  0.008032
 829.000000  0.009765
 830.000000  0.008203
 831.000000  0.009765
 832.000000  0.007910
 833.000000  0.009765
 834.000000  0.007935
 835.000000  0.009765
 836.000000  0.010229
 837.000000  0.009765
 838.000000  0.007519
 839.000000  0.009765
 840.000000  0.007788
 841.000000  0.009765
 842.000000  0.010009
 843.000000  0.009765
 844.000000  0.007471
 845.000000  0.007324
 846.000000  0.009838
 847.000000  0.009765
 848.000000  0.007446
 849.000000  0.009765
 850.000000  0.007495
 851.000000  0.009765
 852.000000  0.007495
 853.000000  0.007324
 854.000000  0.009912
 855.000000  0.009765
 856.000000  0.007397
 857.000000  0.007324
 858.000000  0.007397
 859.000000  0.007324
 860.000000  0.009863
 861.000000  0.009765
 862.000000  0.007324
 863.000000  0.007324
 864.000000  0.007349
 865.000000  0.009765
 866.000000  0.009838
 867.000000  0.007324
 868.000000  0.007349
 869.000000  0.009765
 870.000000  0.007349
 871.000000  0.009765
 872.000000  0.007373
 873.000000  0.009765
 874.000000  0.007349
 875.000000  0.009765
 876.000000  0.007324
 877.000000  0.007300
 878.000000  0.007324
 879.000000  0.007275
 880.000000  0.007324
 881.000000  0.009790
 882.000000  0.007324
 883.000000  0.009716
 884.000000  0.007373
 885.000000  0.009619
 886.000000  0.007446
 887.000000  0.007251
 888.000000  0.007422
 889.000000  0.009692
 890.000000  0.007446
 891.000000  0.009668
 892.000000  0.007397
 893.000000  0.009668
 894.000000  0.007373
 895.000000  0.009716
 896.000000  0.007324
 897.000000  0.009668
 898.000000  0.007422
 899.000000  0.009594
 900.000000  0.007397
 901.000000  0.009619
 902.000000  0.009790
 903.000000  0.009619
 904.000000  0.007397
 905.000000  0.009521
 906.000000  0.009765
 907.000000  0.009521
 908.000000  0.009838
 909.000000  0.009521
 910.000000  0.007349
 911.000000  0.009399
 912.000000  0.007300
 913.000000  0.009545
 914.000000  0.007349
 915.000000  0.009497
 916.000000  0.007251
 917.000000  0.009521
 918.000000  0.009790
 919.000000  0.009375
 920.000000  0.009838
 921.000000  0.009375
 922.000000  0.007300
 923.000000  0.009399
 924.000000  0.007349
 925.000000  0.009545
 926.000000  0.007324
 927.000000  0.009497
 928.000000  0.007349
 929.000000  0.009545
 930.000000  0.007300
 931.000000  0.009399
 932.000000  0.007397
 933.000000  0.009497
 934.000000  0.007349
 935.000000  0.009399
 936.000000  0.007324
 937.000000  0.009301
 938.000000  0.007349
 939.000000  0.009423
 940.000000  0.007324
 941.000000  0.009423
 942.000000  0.007324
 943.000000  0.009521
 944.000000  0.007324
 945.000000  0.007031
 946.000000  0.009765
 947.000000  0.009545
 948.000000  0.007349
 949.000000  0.009399
 950.000000  0.009765
 951.000000  0.009521
 952.000000  0.007324
 953.000000  0.009472
 954.000000  0.007324
 955.000000  0.009472
 956.000000  0.007324
 957.000000  0.009472
 958.000000  0.007324
 959.000000  0.007056
 960.000000  0.007324
 961.000000  0.007080
 962.000000  0.009765
 963.000000  0.007129
 964.000000  0.007324
 965.000000  0.009497
 966.000000  0.007324
 967.000000  0.009423
 968.000000  0.007324
 969.000000  0.009399
 970.000000  0.009765
 971.000000  0.009423
 972.000000  0.007324
 973.000000  0.009204
 974.000000  0.007324
 975.000000  0.009497
 976.000000  0.007300
 977.000000  0.009399
 978.000000  0.007324
 979.000000  0.009252
 980.000000  0.007300
 981.000000  0.009545
 982.000000  0.007324
 983.000000  0.007056
 984.000000  0.007324
 985.000000  0.009399
 986.000000  0.007324
 987.000000  0.009252
 988.000000  0.009765
 989.000000  0.009228
 990.000000  0.007324
 991.000000  0.009326
 992.000000  0.007324
 993.000000  0.009399
 994.000000  0.007300
 995.000000  0.009277
 996.000000  0.007300
 997.000000  0.009204
 998.000000  0.009765
 999.000000  0.009350
 1000.000000  0.009765
 1001.000000  0.009130
 1002.000000  0.007324
 1003.000000  0.009179
 1004.000000  0.007324
 1005.000000  0.009228
 1006.000000  0.007324
 1007.000000  0.009008
 1008.000000  0.007324
 1009.000000  0.009155
 1010.000000  0.007324
 1011.000000  0.009228
 1012.000000  0.007300
 1013.000000  0.009179
 1014.000000  0.007324
 1015.000000  0.009008
 1016.000000  0.007324
 1017.000000  0.009301
 1018.000000  0.007324
 1019.000000  0.009130
 1020.000000  0.007251
 1021.000000  0.008667
 1022.000000  0.007275
 1023.000000  0.008984
