 0.000000  0.007446
 1.000000  0.007300
 2.000000  0.007422
 3.000000  0.007300
 4.000000  0.007397
 5.000000  0.007300
 6.000000  0.007568
 7.000000  0.007275
 8.000000  0.007422
 9.000000  0.007324
 10.000000  0.007446
 11.000000  0.007300
 12.000000  0.007495
 13.000000  0.007324
 14.000000  0.007422
 15.000000  0.007202
 16.000000  0.007519
 17.000000  0.007300
 18.000000  0.007422
 19.000000  0.007300
 20.000000  0.007446
 21.000000  0.007349
 22.000000  0.007422
 23.000000  0.007324
 24.000000  0.007446
 25.000000  0.007251
 26.000000  0.007568
 27.000000  0.009716
 28.000000  0.007422
 29.000000  0.007324
 30.000000  0.007519
 31.000000  0.007349
 32.000000  0.007446
 33.000000  0.007300
 34.000000  0.007471
 35.000000  0.007324
 36.000000  0.007519
 37.000000  0.007275
 38.000000  0.007519
 39.000000  0.009741
 40.000000  0.007495
 41.000000  0.007275
 42.000000  0.007446
 43.000000  0.007324
 44.000000  0.007397
 45.000000  0.007324
 46.000000  0.007519
 47.000000  0.007300
 48.000000  0.007397
 49.000000  0.007300
 50.000000  0.007349
 51.000000  0.007324
 52.000000  0.007373
 53.000000  0.007300
 54.000000  0.007446
 55.000000  0.007275
 56.000000  0.007544
 57.000000  0.007300
 58.000000  0.007519
 59.000000  0.009741
 60.000000  0.007495
 61.000000  0.009716
 62.000000  0.007446
 63.000000  0.007324
 64.000000  0.007446
 65.000000  0.007275
 66.000000  0.007349
 67.000000  0.009814
 68.000000  0.007519
 69.000000  0.007300
 70.000000  0.007373
 71.000000  0.007227
 72.000000  0.007349
 73.000000  0.007300
 74.000000  0.007373
 75.000000  0.007275
 76.000000  0.007446
 77.000000  0.007275
 78.000000  0.007373
 79.000000  0.007324
 80.000000  0.007471
 81.000000  0.007275
 82.000000  0.007422
 83.000000  0.007324
 84.000000  0.007373
 85.000000  0.007324
 86.000000  0.007397
 87.000000  0.007300
 88.000000  0.007397
 89.000000  0.007324
 90.000000  0.007349
 91.000000  0.007324
 92.000000  0.007324
 93.000000  0.007300
 94.000000  0.007397
 95.000000  0.007324
 96.000000  0.007397
 97.000000  0.007324
 98.000000  0.007373
 99.000000  0.007324
 100.000000  0.007349
 101.000000  0.009765
 102.000000  0.007349
 103.000000  0.009765
 104.000000  0.007349
 105.000000  0.007275
 106.000000  0.007422
 107.000000  0.007324
 108.000000  0.007471
 109.000000  0.009765
 110.000000  0.007349
 111.000000  0.007324
 112.000000  0.007349
 113.000000  0.007324
 114.000000  0.007373
 115.000000  0.007324
 116.000000  0.007349
 117.000000  0.007300
 118.000000  0.007397
 119.000000  0.007324
 120.000000  0.007373
 121.000000  0.007324
 122.000000  0.007397
 123.000000  0.007324
 124.000000  0.007324
 125.000000  0.007300
 126.000000  0.007471
 127.000000  0.009765
 128.000000  0.007373
 129.000000  0.007324
 130.000000  0.007373
 131.000000  0.009765
 132.000000  0.007397
 133.000000  0.007324
 134.000000  0.007397
 135.000000  0.009765
 136.000000  0.007373
 137.000000  0.007300
 138.000000  0.007324
 139.000000  0.007251
 140.000000  0.007373
 141.000000  0.007324
 142.000000  0.007422
 143.000000  0.007349
 144.000000  0.007422
 145.000000  0.009741
 146.000000  0.007397
 147.000000  0.007202
 148.000000  0.007422
 149.000000  0.009692
 150.000000  0.007446
 151.000000  0.007227
 152.000000  0.007471
 153.000000  0.007324
 154.000000  0.007446
 155.000000  0.007324
 156.000000  0.007349
 157.000000  0.009716
 158.000000  0.007446
 159.000000  0.007300
 160.000000  0.007422
 161.000000  0.007324
 162.000000  0.007397
 163.000000  0.007202
 164.000000  0.007349
 165.000000  0.007275
 166.000000  0.007422
 167.000000  0.007300
 168.000000  0.007471
 169.000000  0.009716
 170.000000  0.007422
 171.000000  0.007275
 172.000000  0.007495
 173.000000  0.007227
 174.000000  0.007446
 175.000000  0.007275
 176.000000  0.007495
 177.000000  0.007275
 178.000000  0.007397
 179.000000  0.009716
 180.000000  0.007349
 181.000000  0.007227
 182.000000  0.007471
 183.000000  0.007300
 184.000000  0.007495
 185.000000  0.007300
 186.000000  0.007471
 187.000000  0.007300
 188.000000  0.007446
 189.000000  0.007300
 190.000000  0.007495
 191.000000  0.007129
 192.000000  0.007373
 193.000000  0.007251
 194.000000  0.007642
 195.000000  0.007275
 196.000000  0.009936
 197.000000  0.007300
 198.000000  0.007422
 199.000000  0.009716
 200.000000  0.007495
 201.000000  0.009668
 202.000000  0.007617
 203.000000  0.007251
 204.000000  0.007446
 205.000000  0.007300
 206.000000  0.007349
 207.000000  0.007275
 208.000000  0.007519
 209.000000  0.009741
 210.000000  0.007568
 211.000000  0.007300
 212.000000  0.007446
 213.000000  0.009741
 214.000000  0.007422
 215.000000  0.007300
 216.000000  0.007397
 217.000000  0.007275
 218.000000  0.007471
 219.000000  0.009790
 220.000000  0.007495
 221.000000  0.007275
 222.000000  0.007397
 223.000000  0.007349
 224.000000  0.007422
 225.000000  0.007300
 226.000000  0.007422
 227.000000  0.009716
 228.000000  0.007495
 229.000000  0.009765
 230.000000  0.007568
 231.000000  0.007300
 232.000000  0.007544
 233.000000  0.009765
 234.000000  0.007397
 235.000000  0.007324
 236.000000  0.007397
 237.000000  0.007324
 238.000000  0.007446
 239.000000  0.009741
 240.000000  0.007397
 241.000000  0.007300
 242.000000  0.007397
 243.000000  0.009790
 244.000000  0.007373
 245.000000  0.007324
 246.000000  0.007446
 247.000000  0.007324
 248.000000  0.007519
 249.000000  0.007324
 250.000000  0.007397
 251.000000  0.007324
 252.000000  0.007349
 253.000000  0.007300
 254.000000  0.007324
 255.000000  0.009765
 256.000000  0.007446
 257.000000  0.007324
 258.000000  0.007349
 259.000000  0.007324
 260.000000  0.007446
 261.000000  0.007300
 262.000000  0.007324
 263.000000  0.009741
 264.000000  0.007397
 265.000000  0.009741
 266.000000  0.007349
 267.000000  0.009765
 268.000000  0.007397
 269.000000  0.009765
 270.000000  0.007373
 271.000000  0.007300
 272.000000  0.007349
 273.000000  0.007324
 274.000000  0.007422
 275.000000  0.009765
 276.000000  0.007397
 277.000000  0.009765
 278.000000  0.007397
 279.000000  0.007324
 280.000000  0.007397
 281.000000  0.009765
 282.000000  0.007422
 283.000000  0.009765
 284.000000  0.007397
 285.000000  0.007324
 286.000000  0.007324
 287.000000  0.007324
 288.000000  0.007373
 289.000000  0.009765
 290.000000  0.007397
 291.000000  0.007324
 292.000000  0.007373
 293.000000  0.007324
 294.000000  0.007471
 295.000000  0.009741
 296.000000  0.007544
 297.000000  0.009741
 298.000000  0.007397
 299.000000  0.009741
 300.000000  0.007422
 301.000000  0.007300
 302.000000  0.007544
 303.000000  0.009765
 304.000000  0.007666
 305.000000  0.007324
 306.000000  0.007519
 307.000000  0.009765
 308.000000  0.007544
 309.000000  0.009790
 310.000000  0.007617
 311.000000  0.007324
 312.000000  0.007593
 313.000000  0.007349
 314.000000  0.007739
 315.000000  0.009814
 316.000000  0.007568
 317.000000  0.007349
 318.000000  0.007617
 319.000000  0.007300
 320.000000  0.007519
 321.000000  0.009790
 322.000000  0.007617
 323.000000  0.009741
 324.000000  0.007642
 325.000000  0.007397
 326.000000  0.007568
 327.000000  0.007349
 328.000000  0.007544
 329.000000  0.009765
 330.000000  0.007788
 331.000000  0.009814
 332.000000  0.008008
 333.000000  0.009814
 334.000000  0.007812
 335.000000  0.009790
 336.000000  0.007764
 337.000000  0.007373
 338.000000  0.008057
 339.000000  0.007349
 340.000000  0.007837
 341.000000  0.009838
 342.000000  0.010156
 343.000000  0.009838
 344.000000  0.007886
 345.000000  0.009765
 346.000000  0.008227
 347.000000  0.007373
 348.000000  0.008105
 349.000000  0.009765
 350.000000  0.007910
 351.000000  0.009814
 352.000000  0.007959
 353.000000  0.009790
 354.000000  0.008057
 355.000000  0.007397
 356.000000  0.007910
 357.000000  0.007373
 358.000000  0.008057
 359.000000  0.009863
 360.000000  0.008325
 361.000000  0.007397
 362.000000  0.007886
 363.000000  0.009741
 364.000000  0.007861
 365.000000  0.007300
 366.000000  0.008105
 367.000000  0.007397
 368.000000  0.008545
 369.000000  0.007422
 370.000000  0.008227
 371.000000  0.009838
 372.000000  0.008154
 373.000000  0.009790
 374.000000  0.008545
 375.000000  0.009863
 376.000000  0.008252
 377.000000  0.007349
 378.000000  0.008496
 379.000000  0.007373
 380.000000  0.008496
 381.000000  0.009814
 382.000000  0.008374
 383.000000  0.007373
 384.000000  0.008716
 385.000000  0.007373
 386.000000  0.008594
 387.000000  0.009961
 388.000000  0.008227
 389.000000  0.009887
 390.000000  0.008789
 391.000000  0.009936
 392.000000  0.008716
 393.000000  0.007422
 394.000000  0.008423
 395.000000  0.007471
 396.000000  0.008813
 397.000000  0.007397
 398.000000  0.008472
 399.000000  0.007446
 400.000000  0.008911
 401.000000  0.009887
 402.000000  0.008618
 403.000000  0.007495
 404.000000  0.008569
 405.000000  0.007446
 406.000000  0.008716
 407.000000  0.007568
 408.000000  0.009058
 409.000000  0.009936
 410.000000  0.009131
 411.000000  0.009985
 412.000000  0.009204
 413.000000  0.007446
 414.000000  0.009204
 415.000000  0.009936
 416.000000  0.009106
 417.000000  0.007519
 418.000000  0.009326
 419.000000  0.007617
 420.000000  0.009497
 421.000000  0.007568
 422.000000  0.009155
 423.000000  0.007544
 424.000000  0.009399
 425.000000  0.009936
 426.000000  0.009302
 427.000000  0.010034
 428.000000  0.009473
 429.000000  0.010034
 430.000000  0.009546
 431.000000  0.010131
 432.000000  0.009619
 433.000000  0.007739
 434.000000  0.009595
 435.000000  0.010205
 436.000000  0.009619
 437.000000  0.010473
 438.000000  0.009497
 439.000000  0.010253
 440.000000  0.009644
 441.000000  0.010424
 442.000000  0.009692
 443.000000  0.010693
 444.000000  0.009692
 445.000000  0.010595
 446.000000  0.009766
 447.000000  0.008301
 448.000000  0.009619
 449.000000  0.010913
 450.000000  0.009668
 451.000000  0.011084
 452.000000  0.009717
 453.000000  0.011181
 454.000000  0.009741
 455.000000  0.011450
 456.000000  0.009766
 457.000000  0.011523
 458.000000  0.009741
 459.000000  0.011181
 460.000000  0.009717
 461.000000  0.011816
 462.000000  0.009766
 463.000000  0.011645
 464.000000  0.009741
 465.000000  0.011914
 466.000000  0.009766
 467.000000  0.009619
 468.000000  0.009790
 469.000000  0.009497
 470.000000  0.009766
 471.000000  0.012060
 472.000000  0.009790
 473.000000  0.009692
 474.000000  0.009790
 475.000000  0.012109
 476.000000  0.009839
 477.000000  0.009717
 478.000000  0.009790
 479.000000  0.012182
 480.000000  0.009839
 481.000000  0.012207
 482.000000  0.009912
 483.000000  0.009717
 484.000000  0.009912
 485.000000  0.012182
 486.000000  0.009985
 487.000000  0.009814
 488.000000  0.009936
 489.000000  0.009766
 490.000000  0.009985
 491.000000  0.012231
 492.000000  0.010181
 493.000000  0.012304
 494.000000  0.010376
 495.000000  0.012304
 496.000000  0.010547
 497.000000  0.009863
 498.000000  0.010400
 499.000000  0.012255
 500.000000  0.010791
 501.000000  0.012500
 502.000000  0.011157
 503.000000  0.012817
 504.000000  0.011206
 505.000000  0.012451
 506.000000  0.011035
 507.000000  0.010376
 508.000000  0.011597
 509.000000  0.010596
 510.000000  0.011841
 511.000000  0.013281
 512.000000  0.011963
 513.000000  0.011572
 514.000000  0.012061
 515.000000  0.011450
 516.000000  0.012085
 517.000000  0.011426
 518.000000  0.012109
 519.000000  0.011792
 520.000000  0.012134
 521.000000  0.011963
 522.000000  0.012207
 523.000000  0.014599
 524.000000  0.012207
 525.000000  0.014453
 526.000000  0.012329
 527.000000  0.014404
 528.000000  0.012427
 529.000000  0.014624
 530.000000  0.012378
 531.000000  0.014624
 532.000000  0.012598
 533.000000  0.012280
 534.000000  0.012939
 535.000000  0.012231
 536.000000  0.013110
 537.000000  0.014794
 538.000000  0.013623
 539.000000  0.014843
 540.000000  0.013769
 541.000000  0.012598
 542.000000  0.014331
 543.000000  0.013281
 544.000000  0.014185
 545.000000  0.013110
 546.000000  0.014624
 547.000000  0.016333
 548.000000  0.014575
 549.000000  0.016479
 550.000000  0.014624
 551.000000  0.016748
 552.000000  0.014551
 553.000000  0.014502
 554.000000  0.014697
 555.000000  0.014673
 556.000000  0.014746
 557.000000  0.017089
 558.000000  0.014941
 559.000000  0.017114
 560.000000  0.016138
 561.000000  0.014697
 562.000000  0.016162
 563.000000  0.017211
 564.000000  0.016699
 565.000000  0.017773
 566.000000  0.017041
 567.000000  0.018017
 568.000000  0.017090
 569.000000  0.019335
 570.000000  0.017090
 571.000000  0.019409
 572.000000  0.017090
 573.000000  0.019506
 574.000000  0.017432
 575.000000  0.019506
 576.000000  0.017456
 577.000000  0.019506
 578.000000  0.018262
 579.000000  0.019946
 580.000000  0.018530
 581.000000  0.017090
 582.000000  0.018042
 583.000000  0.020581
 584.000000  0.019116
 585.000000  0.021215
 586.000000  0.019263
 587.000000  0.021704
 588.000000  0.020093
 589.000000  0.019458
 590.000000  0.020020
 591.000000  0.021875
 592.000000  0.020923
 593.000000  0.019751
 594.000000  0.020850
 595.000000  0.022241
 596.000000  0.021875
 597.000000  0.023730
 598.000000  0.021826
 599.000000  0.023364
 600.000000  0.021753
 601.000000  0.023608
 602.000000  0.022681
 603.000000  0.024438
 604.000000  0.023437
 605.000000  0.024536
 606.000000  0.023584
 607.000000  0.026049
 608.000000  0.024609
 609.000000  0.026684
 610.000000  0.024853
 611.000000  0.026879
 612.000000  0.028125
 613.000000  0.027636
 614.000000  0.028955
 615.000000  0.027856
 616.000000  0.027100
 617.000000  0.026758
 618.000000  0.027075
 619.000000  0.028735
 620.000000  0.027124
 621.000000  0.029882
 622.000000  0.028491
 623.000000  0.031250
 624.000000  0.031518
 625.000000  0.030932
 626.000000  0.030811
 627.000000  0.032714
 628.000000  0.031274
 629.000000  0.031738
 630.000000  0.032056
 631.000000  0.033642
 632.000000  0.033569
 633.000000  0.034252
 634.000000  0.031299
 635.000000  0.034423
 636.000000  0.034155
 637.000000  0.036816
 638.000000  0.034766
 639.000000  0.035302
 640.000000  0.035742
 641.000000  0.038378
 642.000000  0.041431
 643.000000  0.036499
 644.000000  0.038549
 645.000000  0.042138
 646.000000  0.047680
 647.000000  0.053662
 648.000000  0.040869
 649.000000  0.040186
 650.000000  0.046826
 651.000000  0.068359
 652.000000  0.076562
 653.000000  0.046021
 654.000000  0.049023
 655.000000  0.066943
 656.000000  0.155835
 657.000000  0.131299
 658.000000  0.063599
 659.000000  0.090601
 660.000000  0.346484
 661.000000  1.154785
 662.000000  0.667334
 663.000000  0.105932
 664.000000  0.090380
 665.000000  0.250513
 666.000000  0.701733
 667.000000  0.257837
 668.000000  0.065796
 669.000000  0.062842
 670.000000  0.133350
 671.000000  0.308545
 672.000000  0.104199
 673.000000  0.050122
 674.000000  0.050244
 675.000000  0.049340
 676.000000  0.049243
 677.000000  0.041796
 678.000000  0.039795
 679.000000  0.042553
 680.000000  0.039136
 681.000000  0.037622
 682.000000  0.035132
 683.000000  0.037963
 684.000000  0.037134
 685.000000  0.038403
 686.000000  0.033960
 687.000000  0.032202
 688.000000  0.036376
 689.000000  0.033130
 690.000000  0.035937
 691.000000  0.034326
 692.000000  0.032227
 693.000000  0.034326
 694.000000  0.031470
 695.000000  0.032666
 696.000000  0.032763
 697.000000  0.031665
 698.000000  0.030444
 699.000000  0.031298
 700.000000  0.028882
 701.000000  0.027539
 702.000000  0.027612
 703.000000  0.026929
 704.000000  0.029589
 705.000000  0.028344
 706.000000  0.025830
 707.000000  0.025732
 708.000000  0.026953
 709.000000  0.027465
 710.000000  0.025610
 711.000000  0.026538
 712.000000  0.025464
 713.000000  0.026831
 714.000000  0.024390
 715.000000  0.025415
 716.000000  0.023169
 717.000000  0.024609
 718.000000  0.024268
 719.000000  0.024462
 720.000000  0.022021
 721.000000  0.023388
 722.000000  0.021558
 723.000000  0.023071
 724.000000  0.021460
 725.000000  0.022070
 726.000000  0.020776
 727.000000  0.022168
 728.000000  0.020435
 729.000000  0.019531
 730.000000  0.019531
 731.000000  0.021801
 732.000000  0.019531
 733.000000  0.021435
 734.000000  0.021899
 735.000000  0.020532
 736.000000  0.019019
 737.000000  0.020312
 738.000000  0.018555
 739.000000  0.019628
 740.000000  0.017505
 741.000000  0.019482
 742.000000  0.017505
 743.000000  0.016992
 744.000000  0.017090
 745.000000  0.018823
 746.000000  0.017041
 747.000000  0.016309
 748.000000  0.017090
 749.000000  0.017993
 750.000000  0.016797
 751.000000  0.017285
 752.000000  0.018920
 753.000000  0.017334
 754.000000  0.015820
 755.000000  0.017089
 756.000000  0.015186
 757.000000  0.017089
 758.000000  0.014917
 759.000000  0.014624
 760.000000  0.014673
 761.000000  0.016870
 762.000000  0.014648
 763.000000  0.016357
 764.000000  0.014624
 765.000000  0.015869
 766.000000  0.014502
 767.000000  0.013477
 768.000000  0.014502
 769.000000  0.015600
 770.000000  0.014307
 771.000000  0.015063
 772.000000  0.013574
 773.000000  0.014770
 774.000000  0.015454
 775.000000  0.014819
 776.000000  0.015112
 777.000000  0.014770
 778.000000  0.012500
 779.000000  0.012158
 780.000000  0.012329
 781.000000  0.012109
 782.000000  0.014746
 783.000000  0.014209
 784.000000  0.012256
 785.000000  0.014160
 786.000000  0.012183
 787.000000  0.014233
 788.000000  0.014575
 789.000000  0.013501
 790.000000  0.011938
 791.000000  0.013232
 792.000000  0.011792
 793.000000  0.012890
 794.000000  0.011645
 795.000000  0.013012
 796.000000  0.011499
 797.000000  0.012695
 798.000000  0.011108
 799.000000  0.012377
 800.000000  0.010620
 801.000000  0.012426
 802.000000  0.013134
 803.000000  0.012329
 804.000000  0.010327
 805.000000  0.012231
 806.000000  0.009985
 807.000000  0.012255
 808.000000  0.012573
 809.000000  0.009790
 810.000000  0.010010
 811.000000  0.009863
 812.000000  0.009936
 813.000000  0.009717
 814.000000  0.009814
 815.000000  0.012182
 816.000000  0.009863
 817.000000  0.012182
 818.000000  0.009790
 819.000000  0.012158
 820.000000  0.009790
 821.000000  0.012011
 822.000000  0.009814
 823.000000  0.011914
 824.000000  0.012158
 825.000000  0.011816
 826.000000  0.009790
 827.000000  0.011792
 828.000000  0.009790
 829.000000  0.011889
 830.000000  0.009741
 831.000000  0.011596
 832.000000  0.009741
 833.000000  0.011303
 834.000000  0.009717
 835.000000  0.010937
 836.000000  0.012158
 837.000000  0.011108
 838.000000  0.009644
 839.000000  0.010937
 840.000000  0.009790
 841.000000  0.010742
 842.000000  0.012060
 843.000000  0.010815
 844.000000  0.009521
 845.000000  0.008227
 846.000000  0.011840
 847.000000  0.010669
 848.000000  0.009399
 849.000000  0.010400
 850.000000  0.009448
 851.000000  0.010620
 852.000000  0.009399
 853.000000  0.007666
 854.000000  0.011962
 855.000000  0.010058
 856.000000  0.009351
 857.000000  0.007617
 858.000000  0.009424
 859.000000  0.007568
 860.000000  0.011743
 861.000000  0.009961
 862.000000  0.009082
 863.000000  0.007544
 864.000000  0.008765
 865.000000  0.009985
 866.000000  0.011254
 867.000000  0.007495
 868.000000  0.008911
 869.000000  0.009814
 870.000000  0.008813
 871.000000  0.009838
 872.000000  0.009180
 873.000000  0.009887
 874.000000  0.008496
 875.000000  0.009790
 876.000000  0.008227
 877.000000  0.007446
 878.000000  0.008447
 879.000000  0.007373
 880.000000  0.008179
 881.000000  0.009790
 882.000000  0.008252
 883.000000  0.009765
 884.000000  0.008203
 885.000000  0.009814
 886.000000  0.008398
 887.000000  0.007324
 888.000000  0.008105
 889.000000  0.009765
 890.000000  0.007959
 891.000000  0.009765
 892.000000  0.007788
 893.000000  0.009790
 894.000000  0.007666
 895.000000  0.009765
 896.000000  0.007568
 897.000000  0.009765
 898.000000  0.007593
 899.000000  0.009765
 900.000000  0.007471
 901.000000  0.009765
 902.000000  0.010131
 903.000000  0.009765
 904.000000  0.007617
 905.000000  0.009765
 906.000000  0.009887
 907.000000  0.009765
 908.000000  0.009838
 909.000000  0.009765
 910.000000  0.007495
 911.000000  0.009765
 912.000000  0.007446
 913.000000  0.009741
 914.000000  0.007397
 915.000000  0.009765
 916.000000  0.007373
 917.000000  0.009765
 918.000000  0.010107
 919.000000  0.009765
 920.000000  0.009912
 921.000000  0.009765
 922.000000  0.007324
 923.000000  0.009765
 924.000000  0.007349
 925.000000  0.009741
 926.000000  0.007422
 927.000000  0.009765
 928.000000  0.007568
 929.000000  0.009765
 930.000000  0.007373
 931.000000  0.009716
 932.000000  0.007373
 933.000000  0.009765
 934.000000  0.007397
 935.000000  0.009716
 936.000000  0.007568
 937.000000  0.009765
 938.000000  0.007495
 939.000000  0.009668
 940.000000  0.007422
 941.000000  0.009716
 942.000000  0.007422
 943.000000  0.009741
 944.000000  0.007349
 945.000000  0.007251
 946.000000  0.009838
 947.000000  0.009765
 948.000000  0.007397
 949.000000  0.009692
 950.000000  0.009790
 951.000000  0.009716
 952.000000  0.007373
 953.000000  0.009741
 954.000000  0.007373
 955.000000  0.009741
 956.000000  0.007471
 957.000000  0.009716
 958.000000  0.007349
 959.000000  0.007202
 960.000000  0.007349
 961.000000  0.007275
 962.000000  0.009790
 963.000000  0.007202
 964.000000  0.007324
 965.000000  0.009716
 966.000000  0.007349
 967.000000  0.009716
 968.000000  0.007324
 969.000000  0.009619
 970.000000  0.009814
 971.000000  0.009716
 972.000000  0.007422
 973.000000  0.009692
 974.000000  0.007373
 975.000000  0.009716
 976.000000  0.007349
 977.000000  0.009594
 978.000000  0.007324
 979.000000  0.009692
 980.000000  0.007373
 981.000000  0.009692
 982.000000  0.007349
 983.000000  0.007251
 984.000000  0.007300
 985.000000  0.009668
 986.000000  0.007349
 987.000000  0.009643
 988.000000  0.009790
 989.000000  0.009643
 990.000000  0.007349
 991.000000  0.009594
 992.000000  0.007349
 993.000000  0.009619
 994.000000  0.007324
 995.000000  0.009643
 996.000000  0.007349
 997.000000  0.009594
 998.000000  0.009765
 999.000000  0.009643
 1000.000000  0.009765
 1001.000000  0.009472
 1002.000000  0.007324
 1003.000000  0.009619
 1004.000000  0.007324
 1005.000000  0.009668
 1006.000000  0.007349
 1007.000000  0.009594
 1008.000000  0.007324
 1009.000000  0.009472
 1010.000000  0.007324
 1011.000000  0.009643
 1012.000000  0.007324
 1013.000000  0.009545
 1014.000000  0.007300
 1015.000000  0.009570
 1016.000000  0.007324
 1017.000000  0.009594
 1018.000000  0.007349
 1019.000000  0.009570
 1020.000000  0.007349
 1021.000000  0.009326
 1022.000000  0.007349
 1023.000000  0.009570
