 0.000000  0.007373
 1.000000  0.007300
 2.000000  0.007349
 3.000000  0.007324
 4.000000  0.007324
 5.000000  0.007324
 6.000000  0.007373
 7.000000  0.007324
 8.000000  0.007324
 9.000000  0.007324
 10.000000  0.007324
 11.000000  0.007324
 12.000000  0.007324
 13.000000  0.007324
 14.000000  0.007349
 15.000000  0.007275
 16.000000  0.007422
 17.000000  0.007300
 18.000000  0.007349
 19.000000  0.007324
 20.000000  0.007349
 21.000000  0.007324
 22.000000  0.007324
 23.000000  0.007324
 24.000000  0.007324
 25.000000  0.007300
 26.000000  0.007373
 27.000000  0.009765
 28.000000  0.007324
 29.000000  0.007300
 30.000000  0.007349
 31.000000  0.007300
 32.000000  0.007397
 33.000000  0.007300
 34.000000  0.007422
 35.000000  0.007324
 36.000000  0.007422
 37.000000  0.007251
 38.000000  0.007422
 39.000000  0.009716
 40.000000  0.007495
 41.000000  0.007227
 42.000000  0.007422
 43.000000  0.007300
 44.000000  0.007422
 45.000000  0.007275
 46.000000  0.007446
 47.000000  0.007300
 48.000000  0.007446
 49.000000  0.007275
 50.000000  0.007422
 51.000000  0.007202
 52.000000  0.007422
 53.000000  0.007300
 54.000000  0.007446
 55.000000  0.007300
 56.000000  0.007544
 57.000000  0.007251
 58.000000  0.007642
 59.000000  0.009643
 60.000000  0.007471
 61.000000  0.009668
 62.000000  0.007397
 63.000000  0.007202
 64.000000  0.007495
 65.000000  0.007202
 66.000000  0.007446
 67.000000  0.009692
 68.000000  0.007519
 69.000000  0.007275
 70.000000  0.007422
 71.000000  0.007275
 72.000000  0.007471
 73.000000  0.007153
 74.000000  0.007544
 75.000000  0.007275
 76.000000  0.007519
 77.000000  0.007275
 78.000000  0.007397
 79.000000  0.007227
 80.000000  0.007471
 81.000000  0.007178
 82.000000  0.007349
 83.000000  0.007324
 84.000000  0.007373
 85.000000  0.007251
 86.000000  0.007422
 87.000000  0.007227
 88.000000  0.007519
 89.000000  0.007251
 90.000000  0.007471
 91.000000  0.007275
 92.000000  0.007422
 93.000000  0.007300
 94.000000  0.007446
 95.000000  0.007178
 96.000000  0.007349
 97.000000  0.007251
 98.000000  0.007471
 99.000000  0.007349
 100.000000  0.007422
 101.000000  0.009741
 102.000000  0.007422
 103.000000  0.009741
 104.000000  0.007397
 105.000000  0.007300
 106.000000  0.007446
 107.000000  0.007300
 108.000000  0.007324
 109.000000  0.009716
 110.000000  0.007349
 111.000000  0.007324
 112.000000  0.007373
 113.000000  0.007324
 114.000000  0.007373
 115.000000  0.007324
 116.000000  0.007397
 117.000000  0.007300
 118.000000  0.007324
 119.000000  0.007251
 120.000000  0.007397
 121.000000  0.007324
 122.000000  0.007373
 123.000000  0.007324
 124.000000  0.007349
 125.000000  0.007300
 126.000000  0.007397
 127.000000  0.009741
 128.000000  0.007349
 129.000000  0.007300
 130.000000  0.007349
 131.000000  0.009765
 132.000000  0.007349
 133.000000  0.007300
 134.000000  0.007324
 135.000000  0.009765
 136.000000  0.007349
 137.000000  0.007324
 138.000000  0.007324
 139.000000  0.007324
 140.000000  0.007397
 141.000000  0.007324
 142.000000  0.007324
 143.000000  0.007324
 144.000000  0.007349
 145.000000  0.009741
 146.000000  0.007349
 147.000000  0.007275
 148.000000  0.007324
 149.000000  0.009765
 150.000000  0.007349
 151.000000  0.007324
 152.000000  0.007324
 153.000000  0.007324
 154.000000  0.007349
 155.000000  0.007324
 156.000000  0.007324
 157.000000  0.009741
 158.000000  0.007324
 159.000000  0.007300
 160.000000  0.007324
 161.000000  0.007324
 162.000000  0.007349
 163.000000  0.007300
 164.000000  0.007324
 165.000000  0.007324
 166.000000  0.007324
 167.000000  0.007300
 168.000000  0.007373
 169.000000  0.009765
 170.000000  0.007349
 171.000000  0.007324
 172.000000  0.007324
 173.000000  0.007300
 174.000000  0.007324
 175.000000  0.007227
 176.000000  0.007324
 177.000000  0.007300
 178.000000  0.007324
 179.000000  0.009692
 180.000000  0.007349
 181.000000  0.007324
 182.000000  0.007349
 183.000000  0.007251
 184.000000  0.007324
 185.000000  0.007300
 186.000000  0.007373
 187.000000  0.007300
 188.000000  0.007349
 189.000000  0.007227
 190.000000  0.007397
 191.000000  0.007104
 192.000000  0.007324
 193.000000  0.007324
 194.000000  0.007422
 195.000000  0.007275
 196.000000  0.009863
 197.000000  0.007251
 198.000000  0.007300
 199.000000  0.009619
 200.000000  0.007397
 201.000000  0.009594
 202.000000  0.007446
 203.000000  0.007275
 204.000000  0.007349
 205.000000  0.007275
 206.000000  0.007373
 207.000000  0.007202
 208.000000  0.007471
 209.000000  0.009716
 210.000000  0.007349
 211.000000  0.007227
 212.000000  0.007422
 213.000000  0.009668
 214.000000  0.007397
 215.000000  0.007104
 216.000000  0.007422
 217.000000  0.007202
 218.000000  0.007373
 219.000000  0.009619
 220.000000  0.007422
 221.000000  0.007251
 222.000000  0.007349
 223.000000  0.007275
 224.000000  0.007495
 225.000000  0.007080
 226.000000  0.007373
 227.000000  0.009668
 228.000000  0.007373
 229.000000  0.009594
 230.000000  0.007544
 231.000000  0.007153
 232.000000  0.007495
 233.000000  0.009643
 234.000000  0.007446
 235.000000  0.007300
 236.000000  0.007471
 237.000000  0.007275
 238.000000  0.007471
 239.000000  0.009741
 240.000000  0.007446
 241.000000  0.007251
 242.000000  0.007422
 243.000000  0.009570
 244.000000  0.007471
 245.000000  0.007275
 246.000000  0.007397
 247.000000  0.007251
 248.000000  0.007495
 249.000000  0.007251
 250.000000  0.007324
 251.000000  0.007275
 252.000000  0.007397
 253.000000  0.007251
 254.000000  0.007349
 255.000000  0.009643
 256.000000  0.007397
 257.000000  0.007251
 258.000000  0.007422
 259.000000  0.007227
 260.000000  0.007568
 261.000000  0.007227
 262.000000  0.007349
 263.000000  0.009716
 264.000000  0.007397
 265.000000  0.009741
 266.000000  0.007349
 267.000000  0.009643
 268.000000  0.007373
 269.000000  0.009716
 270.000000  0.007397
 271.000000  0.007275
 272.000000  0.007373
 273.000000  0.007275
 274.000000  0.007422
 275.000000  0.009716
 276.000000  0.007324
 277.000000  0.009716
 278.000000  0.007349
 279.000000  0.007275
 280.000000  0.007349
 281.000000  0.009765
 282.000000  0.007349
 283.000000  0.009692
 284.000000  0.007373
 285.000000  0.007300
 286.000000  0.007324
 287.000000  0.007300
 288.000000  0.007324
 289.000000  0.009741
 290.000000  0.007324
 291.000000  0.007300
 292.000000  0.007397
 293.000000  0.007178
 294.000000  0.007349
 295.000000  0.009765
 296.000000  0.007349
 297.000000  0.009765
 298.000000  0.007324
 299.000000  0.009741
 300.000000  0.007349
 301.000000  0.007300
 302.000000  0.007324
 303.000000  0.009765
 304.000000  0.007349
 305.000000  0.007324
 306.000000  0.007349
 307.000000  0.009765
 308.000000  0.007373
 309.000000  0.009765
 310.000000  0.007397
 311.000000  0.007300
 312.000000  0.007324
 313.000000  0.007324
 314.000000  0.007324
 315.000000  0.009765
 316.000000  0.007422
 317.000000  0.007324
 318.000000  0.007349
 319.000000  0.007324
 320.000000  0.007349
 321.000000  0.009765
 322.000000  0.007349
 323.000000  0.009765
 324.000000  0.007324
 325.000000  0.007324
 326.000000  0.007324
 327.000000  0.007324
 328.000000  0.007373
 329.000000  0.009765
 330.000000  0.007373
 331.000000  0.009741
 332.000000  0.007349
 333.000000  0.009765
 334.000000  0.007324
 335.000000  0.009765
 336.000000  0.007324
 337.000000  0.007324
 338.000000  0.007422
 339.000000  0.007324
 340.000000  0.007349
 341.000000  0.009741
 342.000000  0.009790
 343.000000  0.009741
 344.000000  0.007397
 345.000000  0.009741
 346.000000  0.007519
 347.000000  0.007300
 348.000000  0.007593
 349.000000  0.009741
 350.000000  0.007471
 351.000000  0.009716
 352.000000  0.007544
 353.000000  0.009790
 354.000000  0.007544
 355.000000  0.007275
 356.000000  0.007568
 357.000000  0.007324
 358.000000  0.007471
 359.000000  0.009741
 360.000000  0.007666
 361.000000  0.007300
 362.000000  0.007495
 363.000000  0.009765
 364.000000  0.007471
 365.000000  0.007227
 366.000000  0.007764
 367.000000  0.007300
 368.000000  0.007666
 369.000000  0.007300
 370.000000  0.007642
 371.000000  0.009838
 372.000000  0.007715
 373.000000  0.009716
 374.000000  0.007666
 375.000000  0.009765
 376.000000  0.007739
 377.000000  0.007275
 378.000000  0.007788
 379.000000  0.007300
 380.000000  0.007690
 381.000000  0.009790
 382.000000  0.007690
 383.000000  0.007373
 384.000000  0.007812
 385.000000  0.007349
 386.000000  0.007690
 387.000000  0.009741
 388.000000  0.007715
 389.000000  0.009790
 390.000000  0.007983
 391.000000  0.009741
 392.000000  0.007886
 393.000000  0.007349
 394.000000  0.007739
 395.000000  0.007373
 396.000000  0.007837
 397.000000  0.007324
 398.000000  0.007861
 399.000000  0.007300
 400.000000  0.007812
 401.000000  0.009814
 402.000000  0.007861
 403.000000  0.007373
 404.000000  0.007764
 405.000000  0.007349
 406.000000  0.007837
 407.000000  0.007422
 408.000000  0.007764
 409.000000  0.009790
 410.000000  0.007983
 411.000000  0.009838
 412.000000  0.007886
 413.000000  0.007397
 414.000000  0.008130
 415.000000  0.009790
 416.000000  0.007959
 417.000000  0.007373
 418.000000  0.007886
 419.000000  0.007324
 420.000000  0.008350
 421.000000  0.007349
 422.000000  0.007935
 423.000000  0.007349
 424.000000  0.008105
 425.000000  0.009814
 426.000000  0.007886
 427.000000  0.009790
 428.000000  0.008398
 429.000000  0.009765
 430.000000  0.007910
 431.000000  0.009814
 432.000000  0.008227
 433.000000  0.007324
 434.000000  0.008276
 435.000000  0.009765
 436.000000  0.007959
 437.000000  0.009790
 438.000000  0.008496
 439.000000  0.009790
 440.000000  0.008447
 441.000000  0.009790
 442.000000  0.008569
 443.000000  0.009790
 444.000000  0.008594
 445.000000  0.009814
 446.000000  0.008667
 447.000000  0.007324
 448.000000  0.008423
 449.000000  0.009790
 450.000000  0.008374
 451.000000  0.009814
 452.000000  0.008545
 453.000000  0.009814
 454.000000  0.008936
 455.000000  0.009814
 456.000000  0.009302
 457.000000  0.009863
 458.000000  0.008740
 459.000000  0.009814
 460.000000  0.009448
 461.000000  0.009985
 462.000000  0.009302
 463.000000  0.009863
 464.000000  0.009424
 465.000000  0.010156
 466.000000  0.009473
 467.000000  0.007544
 468.000000  0.009375
 469.000000  0.007666
 470.000000  0.009570
 471.000000  0.009985
 472.000000  0.009570
 473.000000  0.007544
 474.000000  0.009717
 475.000000  0.010351
 476.000000  0.009692
 477.000000  0.007837
 478.000000  0.009692
 479.000000  0.010327
 480.000000  0.009668
 481.000000  0.010571
 482.000000  0.009692
 483.000000  0.008569
 484.000000  0.009668
 485.000000  0.011181
 486.000000  0.009595
 487.000000  0.008276
 488.000000  0.009692
 489.000000  0.008838
 490.000000  0.009741
 491.000000  0.010913
 492.000000  0.009766
 493.000000  0.011547
 494.000000  0.009766
 495.000000  0.011474
 496.000000  0.009741
 497.000000  0.009082
 498.000000  0.009766
 499.000000  0.011718
 500.000000  0.009692
 501.000000  0.011987
 502.000000  0.009741
 503.000000  0.011962
 504.000000  0.009766
 505.000000  0.011889
 506.000000  0.009766
 507.000000  0.009497
 508.000000  0.009790
 509.000000  0.009375
 510.000000  0.009790
 511.000000  0.012011
 512.000000  0.009814
 513.000000  0.009668
 514.000000  0.009741
 515.000000  0.009570
 516.000000  0.009814
 517.000000  0.009717
 518.000000  0.009863
 519.000000  0.009692
 520.000000  0.009814
 521.000000  0.009717
 522.000000  0.009839
 523.000000  0.012085
 524.000000  0.009814
 525.000000  0.012133
 526.000000  0.009912
 527.000000  0.012133
 528.000000  0.009863
 529.000000  0.012182
 530.000000  0.010205
 531.000000  0.012207
 532.000000  0.009985
 533.000000  0.009741
 534.000000  0.010034
 535.000000  0.009839
 536.000000  0.010425
 537.000000  0.012353
 538.000000  0.010571
 539.000000  0.012329
 540.000000  0.011157
 541.000000  0.010181
 542.000000  0.010962
 543.000000  0.010205
 544.000000  0.011304
 545.000000  0.010937
 546.000000  0.012109
 547.000000  0.013159
 548.000000  0.011719
 549.000000  0.013818
 550.000000  0.012036
 551.000000  0.013964
 552.000000  0.011963
 553.000000  0.011548
 554.000000  0.012207
 555.000000  0.011963
 556.000000  0.012207
 557.000000  0.014282
 558.000000  0.012378
 559.000000  0.014599
 560.000000  0.012573
 561.000000  0.012134
 562.000000  0.012427
 563.000000  0.014721
 564.000000  0.013013
 565.000000  0.014770
 566.000000  0.013135
 567.000000  0.014868
 568.000000  0.014258
 569.000000  0.015161
 570.000000  0.014014
 571.000000  0.014892
 572.000000  0.014282
 573.000000  0.016357
 574.000000  0.014600
 575.000000  0.016210
 576.000000  0.014600
 577.000000  0.016333
 578.000000  0.014673
 579.000000  0.017089
 580.000000  0.014648
 581.000000  0.014648
 582.000000  0.014844
 583.000000  0.017163
 584.000000  0.014893
 585.000000  0.017065
 586.000000  0.014868
 587.000000  0.017163
 588.000000  0.016650
 589.000000  0.014722
 590.000000  0.015527
 591.000000  0.017211
 592.000000  0.017017
 593.000000  0.015601
 594.000000  0.016626
 595.000000  0.017504
 596.000000  0.017090
 597.000000  0.018823
 598.000000  0.017065
 599.000000  0.018432
 600.000000  0.017090
 601.000000  0.019238
 602.000000  0.017114
 603.000000  0.019531
 604.000000  0.017114
 605.000000  0.019555
 606.000000  0.018506
 607.000000  0.020117
 608.000000  0.018628
 609.000000  0.019555
 610.000000  0.018066
 611.000000  0.019702
 612.000000  0.021801
 613.000000  0.020068
 614.000000  0.021899
 615.000000  0.021948
 616.000000  0.020557
 617.000000  0.019531
 618.000000  0.019629
 619.000000  0.021972
 620.000000  0.020166
 621.000000  0.022387
 622.000000  0.021655
 623.000000  0.021997
 624.000000  0.023706
 625.000000  0.023144
 626.000000  0.023218
 627.000000  0.024316
 628.000000  0.021924
 629.000000  0.023876
 630.000000  0.023608
 631.000000  0.026953
 632.000000  0.022241
 633.000000  0.024365
 634.000000  0.023999
 635.000000  0.028051
 636.000000  0.027441
 637.000000  0.023193
 638.000000  0.024561
 639.000000  0.027172
 640.000000  0.030249
 641.000000  0.031909
 642.000000  0.026074
 643.000000  0.025244
 644.000000  0.032202
 645.000000  0.043774
 646.000000  0.037475
 647.000000  0.029418
 648.000000  0.029712
 649.000000  0.046582
 650.000000  0.105664
 651.000000  0.051172
 652.000000  0.031006
 653.000000  0.033643
 654.000000  0.068628
 655.000000  0.136328
 656.000000  0.047925
 657.000000  0.034838
 658.000000  0.037915
 659.000000  0.076318
 660.000000  0.102539
 661.000000  0.043115
 662.000000  0.036938
 663.000000  0.044482
 664.000000  0.072924
 665.000000  0.075708
 666.000000  0.049145
 667.000000  0.066430
 668.000000  0.238647
 669.000000  1.347119
 670.000000  0.834473
 671.000000  0.088428
 672.000000  0.047070
 673.000000  0.045263
 674.000000  0.059497
 675.000000  0.043042
 676.000000  0.033887
 677.000000  0.034326
 678.000000  0.035693
 679.000000  0.041674
 680.000000  0.031885
 681.000000  0.029126
 682.000000  0.029297
 683.000000  0.031567
 684.000000  0.031079
 685.000000  0.027880
 686.000000  0.026855
 687.000000  0.026562
 688.000000  0.029663
 689.000000  0.026880
 690.000000  0.027294
 691.000000  0.026684
 692.000000  0.025317
 693.000000  0.026879
 694.000000  0.025195
 695.000000  0.025854
 696.000000  0.026904
 697.000000  0.026538
 698.000000  0.024365
 699.000000  0.024536
 700.000000  0.021997
 701.000000  0.021484
 702.000000  0.022217
 703.000000  0.022070
 704.000000  0.024414
 705.000000  0.022924
 706.000000  0.021606
 707.000000  0.021387
 708.000000  0.021948
 709.000000  0.022143
 710.000000  0.020459
 711.000000  0.022241
 712.000000  0.021191
 713.000000  0.021972
 714.000000  0.019629
 715.000000  0.021875
 716.000000  0.019507
 717.000000  0.020874
 718.000000  0.018994
 719.000000  0.019580
 720.000000  0.017578
 721.000000  0.019580
 722.000000  0.017700
 723.000000  0.019604
 724.000000  0.017822
 725.000000  0.019531
 726.000000  0.017285
 727.000000  0.019433
 728.000000  0.017065
 729.000000  0.016650
 730.000000  0.016846
 731.000000  0.018847
 732.000000  0.017041
 733.000000  0.017749
 734.000000  0.019116
 735.000000  0.017285
 736.000000  0.016553
 737.000000  0.017089
 738.000000  0.015088
 739.000000  0.017089
 740.000000  0.015381
 741.000000  0.017089
 742.000000  0.014770
 743.000000  0.014624
 744.000000  0.014722
 745.000000  0.017016
 746.000000  0.014648
 747.000000  0.013989
 748.000000  0.014575
 749.000000  0.015356
 750.000000  0.014355
 751.000000  0.015380
 752.000000  0.016967
 753.000000  0.015356
 754.000000  0.014087
 755.000000  0.014917
 756.000000  0.014233
 757.000000  0.014794
 758.000000  0.012769
 759.000000  0.012207
 760.000000  0.012402
 761.000000  0.014648
 762.000000  0.012231
 763.000000  0.014575
 764.000000  0.012207
 765.000000  0.014477
 766.000000  0.012231
 767.000000  0.012109
 768.000000  0.012207
 769.000000  0.014086
 770.000000  0.012158
 771.000000  0.014184
 772.000000  0.012085
 773.000000  0.012573
 774.000000  0.013549
 775.000000  0.012377
 776.000000  0.013403
 777.000000  0.012304
 778.000000  0.010425
 779.000000  0.009814
 780.000000  0.010083
 781.000000  0.009766
 782.000000  0.012573
 783.000000  0.012207
 784.000000  0.010010
 785.000000  0.012207
 786.000000  0.010034
 787.000000  0.012207
 788.000000  0.012207
 789.000000  0.012207
 790.000000  0.009766
 791.000000  0.012182
 792.000000  0.009766
 793.000000  0.012133
 794.000000  0.009766
 795.000000  0.012158
 796.000000  0.009766
 797.000000  0.012182
 798.000000  0.009766
 799.000000  0.011962
 800.000000  0.009766
 801.000000  0.011938
 802.000000  0.012207
 803.000000  0.011840
 804.000000  0.009766
 805.000000  0.011865
 806.000000  0.009766
 807.000000  0.011743
 808.000000  0.012207
 809.000000  0.008936
 810.000000  0.009790
 811.000000  0.008887
 812.000000  0.009692
 813.000000  0.008179
 814.000000  0.009692
 815.000000  0.010742
 816.000000  0.009570
 817.000000  0.010400
 818.000000  0.009473
 819.000000  0.010424
 820.000000  0.009473
 821.000000  0.010400
 822.000000  0.009497
 823.000000  0.010156
 824.000000  0.011767
 825.000000  0.010131
 826.000000  0.009277
 827.000000  0.009961
 828.000000  0.008960
 829.000000  0.010156
 830.000000  0.008936
 831.000000  0.009985
 832.000000  0.009180
 833.000000  0.010131
 834.000000  0.008423
 835.000000  0.010107
 836.000000  0.011230
 837.000000  0.009936
 838.000000  0.008594
 839.000000  0.009912
 840.000000  0.008691
 841.000000  0.009936
 842.000000  0.011084
 843.000000  0.009863
 844.000000  0.008472
 845.000000  0.007471
 846.000000  0.010717
 847.000000  0.009936
 848.000000  0.008105
 849.000000  0.009863
 850.000000  0.007837
 851.000000  0.009887
 852.000000  0.007935
 853.000000  0.007422
 854.000000  0.010717
 855.000000  0.009814
 856.000000  0.008008
 857.000000  0.007349
 858.000000  0.007861
 859.000000  0.007349
 860.000000  0.010449
 861.000000  0.009838
 862.000000  0.007739
 863.000000  0.007324
 864.000000  0.007642
 865.000000  0.009814
 866.000000  0.010302
 867.000000  0.007349
 868.000000  0.007690
 869.000000  0.009790
 870.000000  0.007764
 871.000000  0.009790
 872.000000  0.007642
 873.000000  0.009790
 874.000000  0.007495
 875.000000  0.009741
 876.000000  0.007617
 877.000000  0.007324
 878.000000  0.007617
 879.000000  0.007324
 880.000000  0.007373
 881.000000  0.009741
 882.000000  0.007397
 883.000000  0.009741
 884.000000  0.007397
 885.000000  0.009741
 886.000000  0.007446
 887.000000  0.007324
 888.000000  0.007471
 889.000000  0.009741
 890.000000  0.007446
 891.000000  0.009765
 892.000000  0.007373
 893.000000  0.009765
 894.000000  0.007324
 895.000000  0.009765
 896.000000  0.007349
 897.000000  0.009741
 898.000000  0.007324
 899.000000  0.009765
 900.000000  0.007324
 901.000000  0.009765
 902.000000  0.009765
 903.000000  0.009692
 904.000000  0.007349
 905.000000  0.009692
 906.000000  0.009790
 907.000000  0.009716
 908.000000  0.009790
 909.000000  0.009765
 910.000000  0.007324
 911.000000  0.009741
 912.000000  0.007324
 913.000000  0.009716
 914.000000  0.007349
 915.000000  0.009716
 916.000000  0.007324
 917.000000  0.009765
 918.000000  0.009765
 919.000000  0.009619
 920.000000  0.009765
 921.000000  0.009668
 922.000000  0.007349
 923.000000  0.009692
 924.000000  0.007349
 925.000000  0.009741
 926.000000  0.007324
 927.000000  0.009716
 928.000000  0.007324
 929.000000  0.009741
 930.000000  0.007324
 931.000000  0.009692
 932.000000  0.007324
 933.000000  0.009765
 934.000000  0.007324
 935.000000  0.009668
 936.000000  0.007324
 937.000000  0.009716
 938.000000  0.007324
 939.000000  0.009741
 940.000000  0.007324
 941.000000  0.009668
 942.000000  0.007324
 943.000000  0.009643
 944.000000  0.007324
 945.000000  0.007227
 946.000000  0.009765
 947.000000  0.009716
 948.000000  0.007324
 949.000000  0.009692
 950.000000  0.009765
 951.000000  0.009692
 952.000000  0.007324
 953.000000  0.009716
 954.000000  0.007324
 955.000000  0.009668
 956.000000  0.007324
 957.000000  0.009692
 958.000000  0.007324
 959.000000  0.007129
 960.000000  0.007324
 961.000000  0.007275
 962.000000  0.009765
 963.000000  0.007202
 964.000000  0.007324
 965.000000  0.009668
 966.000000  0.007324
 967.000000  0.009619
 968.000000  0.007300
 969.000000  0.009497
 970.000000  0.009716
 971.000000  0.009570
 972.000000  0.007324
 973.000000  0.009448
 974.000000  0.007324
 975.000000  0.009594
 976.000000  0.007349
 977.000000  0.009375
 978.000000  0.007324
 979.000000  0.009399
 980.000000  0.007324
 981.000000  0.009545
 982.000000  0.007300
 983.000000  0.007080
 984.000000  0.007227
 985.000000  0.009472
 986.000000  0.007300
 987.000000  0.009277
 988.000000  0.009741
 989.000000  0.009326
 990.000000  0.007300
 991.000000  0.009423
 992.000000  0.007300
 993.000000  0.009423
 994.000000  0.007275
 995.000000  0.009399
 996.000000  0.007227
 997.000000  0.009277
 998.000000  0.009741
 999.000000  0.009204
 1000.000000  0.009765
 1001.000000  0.009179
 1002.000000  0.007300
 1003.000000  0.009130
 1004.000000  0.007251
 1005.000000  0.009423
 1006.000000  0.007300
 1007.000000  0.009057
 1008.000000  0.007275
 1009.000000  0.009277
 1010.000000  0.007202
 1011.000000  0.009301
 1012.000000  0.007275
 1013.000000  0.009155
 1014.000000  0.007349
 1015.000000  0.009204
 1016.000000  0.007275
 1017.000000  0.009033
 1018.000000  0.007227
 1019.000000  0.008984
 1020.000000  0.007275
 1021.000000  0.008984
 1022.000000  0.007251
 1023.000000  0.009179
