 0.000000  0.007349
 1.000000  0.007251
 2.000000  0.007324
 3.000000  0.007251
 4.000000  0.007349
 5.000000  0.007251
 6.000000  0.007397
 7.000000  0.007227
 8.000000  0.007373
 9.000000  0.007227
 10.000000  0.007471
 11.000000  0.007227
 12.000000  0.007446
 13.000000  0.007275
 14.000000  0.007422
 15.000000  0.007227
 16.000000  0.007446
 17.000000  0.007227
 18.000000  0.007446
 19.000000  0.007324
 20.000000  0.007373
 21.000000  0.007251
 22.000000  0.007373
 23.000000  0.007300
 24.000000  0.007471
 25.000000  0.007227
 26.000000  0.007446
 27.000000  0.009741
 28.000000  0.007349
 29.000000  0.007300
 30.000000  0.007397
 31.000000  0.007251
 32.000000  0.007422
 33.000000  0.007251
 34.000000  0.007446
 35.000000  0.007300
 36.000000  0.007349
 37.000000  0.007251
 38.000000  0.007446
 39.000000  0.009716
 40.000000  0.007495
 41.000000  0.007251
 42.000000  0.007422
 43.000000  0.007324
 44.000000  0.007495
 45.000000  0.007153
 46.000000  0.007422
 47.000000  0.007227
 48.000000  0.007446
 49.000000  0.007227
 50.000000  0.007373
 51.000000  0.007251
 52.000000  0.007422
 53.000000  0.007251
 54.000000  0.007373
 55.000000  0.007227
 56.000000  0.007397
 57.000000  0.007178
 58.000000  0.007397
 59.000000  0.009594
 60.000000  0.007373
 61.000000  0.009619
 62.000000  0.007397
 63.000000  0.007251
 64.000000  0.007422
 65.000000  0.007202
 66.000000  0.007373
 67.000000  0.009643
 68.000000  0.007324
 69.000000  0.007227
 70.000000  0.007422
 71.000000  0.007251
 72.000000  0.007349
 73.000000  0.007227
 74.000000  0.007422
 75.000000  0.007153
 76.000000  0.007422
 77.000000  0.007153
 78.000000  0.007397
 79.000000  0.007275
 80.000000  0.007373
 81.000000  0.007227
 82.000000  0.007373
 83.000000  0.007251
 84.000000  0.007349
 85.000000  0.007300
 86.000000  0.007349
 87.000000  0.007275
 88.000000  0.007324
 89.000000  0.007251
 90.000000  0.007397
 91.000000  0.007300
 92.000000  0.007349
 93.000000  0.007324
 94.000000  0.007324
 95.000000  0.007251
 96.000000  0.007324
 97.000000  0.007275
 98.000000  0.007397
 99.000000  0.007324
 100.000000  0.007349
 101.000000  0.009765
 102.000000  0.007349
 103.000000  0.009741
 104.000000  0.007349
 105.000000  0.007251
 106.000000  0.007397
 107.000000  0.007300
 108.000000  0.007324
 109.000000  0.009716
 110.000000  0.007324
 111.000000  0.007324
 112.000000  0.007324
 113.000000  0.007324
 114.000000  0.007324
 115.000000  0.007324
 116.000000  0.007373
 117.000000  0.007324
 118.000000  0.007349
 119.000000  0.007275
 120.000000  0.007349
 121.000000  0.007324
 122.000000  0.007324
 123.000000  0.007227
 124.000000  0.007324
 125.000000  0.007324
 126.000000  0.007324
 127.000000  0.009716
 128.000000  0.007324
 129.000000  0.007227
 130.000000  0.007349
 131.000000  0.009692
 132.000000  0.007324
 133.000000  0.007300
 134.000000  0.007324
 135.000000  0.009765
 136.000000  0.007324
 137.000000  0.007300
 138.000000  0.007324
 139.000000  0.007275
 140.000000  0.007349
 141.000000  0.007300
 142.000000  0.007349
 143.000000  0.007300
 144.000000  0.007324
 145.000000  0.009716
 146.000000  0.007349
 147.000000  0.007227
 148.000000  0.007324
 149.000000  0.009716
 150.000000  0.007373
 151.000000  0.007202
 152.000000  0.007324
 153.000000  0.007275
 154.000000  0.007397
 155.000000  0.007251
 156.000000  0.007373
 157.000000  0.009668
 158.000000  0.007349
 159.000000  0.007227
 160.000000  0.007397
 161.000000  0.007153
 162.000000  0.007373
 163.000000  0.007227
 164.000000  0.007349
 165.000000  0.007227
 166.000000  0.007300
 167.000000  0.007202
 168.000000  0.007422
 169.000000  0.009497
 170.000000  0.007349
 171.000000  0.007104
 172.000000  0.007373
 173.000000  0.007153
 174.000000  0.007373
 175.000000  0.007227
 176.000000  0.007324
 177.000000  0.007129
 178.000000  0.007349
 179.000000  0.009570
 180.000000  0.007349
 181.000000  0.007153
 182.000000  0.007300
 183.000000  0.007227
 184.000000  0.007373
 185.000000  0.007300
 186.000000  0.007349
 187.000000  0.007227
 188.000000  0.007324
 189.000000  0.007227
 190.000000  0.007324
 191.000000  0.007104
 192.000000  0.007300
 193.000000  0.007275
 194.000000  0.007373
 195.000000  0.007178
 196.000000  0.009814
 197.000000  0.007080
 198.000000  0.007324
 199.000000  0.009570
 200.000000  0.007373
 201.000000  0.009619
 202.000000  0.007349
 203.000000  0.007202
 204.000000  0.007349
 205.000000  0.007056
 206.000000  0.007324
 207.000000  0.007056
 208.000000  0.007397
 209.000000  0.009545
 210.000000  0.007349
 211.000000  0.006982
 212.000000  0.007349
 213.000000  0.009643
 214.000000  0.007373
 215.000000  0.007104
 216.000000  0.007349
 217.000000  0.007031
 218.000000  0.007397
 219.000000  0.009545
 220.000000  0.007373
 221.000000  0.007202
 222.000000  0.007324
 223.000000  0.007129
 224.000000  0.007373
 225.000000  0.007178
 226.000000  0.007324
 227.000000  0.009594
 228.000000  0.007373
 229.000000  0.009545
 230.000000  0.007373
 231.000000  0.007227
 232.000000  0.007300
 233.000000  0.009594
 234.000000  0.007324
 235.000000  0.007227
 236.000000  0.007373
 237.000000  0.007251
 238.000000  0.007300
 239.000000  0.009570
 240.000000  0.007324
 241.000000  0.007227
 242.000000  0.007324
 243.000000  0.009716
 244.000000  0.007324
 245.000000  0.007227
 246.000000  0.007349
 247.000000  0.007202
 248.000000  0.007324
 249.000000  0.007227
 250.000000  0.007324
 251.000000  0.007202
 252.000000  0.007324
 253.000000  0.007202
 254.000000  0.007324
 255.000000  0.009716
 256.000000  0.007324
 257.000000  0.007251
 258.000000  0.007324
 259.000000  0.007080
 260.000000  0.007324
 261.000000  0.007227
 262.000000  0.007324
 263.000000  0.009594
 264.000000  0.007324
 265.000000  0.009619
 266.000000  0.007324
 267.000000  0.009619
 268.000000  0.007324
 269.000000  0.009570
 270.000000  0.007324
 271.000000  0.007129
 272.000000  0.007324
 273.000000  0.007104
 274.000000  0.007324
 275.000000  0.009594
 276.000000  0.007324
 277.000000  0.009692
 278.000000  0.007324
 279.000000  0.007324
 280.000000  0.007324
 281.000000  0.009594
 282.000000  0.007324
 283.000000  0.009668
 284.000000  0.007324
 285.000000  0.007227
 286.000000  0.007324
 287.000000  0.007227
 288.000000  0.007324
 289.000000  0.009741
 290.000000  0.007324
 291.000000  0.007104
 292.000000  0.007324
 293.000000  0.007178
 294.000000  0.007324
 295.000000  0.009594
 296.000000  0.007349
 297.000000  0.009643
 298.000000  0.007324
 299.000000  0.009643
 300.000000  0.007349
 301.000000  0.007178
 302.000000  0.007349
 303.000000  0.009643
 304.000000  0.007349
 305.000000  0.007178
 306.000000  0.007349
 307.000000  0.009594
 308.000000  0.007324
 309.000000  0.009594
 310.000000  0.007324
 311.000000  0.007104
 312.000000  0.007349
 313.000000  0.007202
 314.000000  0.007349
 315.000000  0.009668
 316.000000  0.007349
 317.000000  0.007178
 318.000000  0.007349
 319.000000  0.007202
 320.000000  0.007349
 321.000000  0.009643
 322.000000  0.007349
 323.000000  0.009619
 324.000000  0.007349
 325.000000  0.007178
 326.000000  0.007324
 327.000000  0.007007
 328.000000  0.007349
 329.000000  0.009619
 330.000000  0.007397
 331.000000  0.009545
 332.000000  0.007300
 333.000000  0.009594
 334.000000  0.007349
 335.000000  0.009619
 336.000000  0.007324
 337.000000  0.007007
 338.000000  0.007349
 339.000000  0.007178
 340.000000  0.007373
 341.000000  0.009716
 342.000000  0.009790
 343.000000  0.009497
 344.000000  0.007349
 345.000000  0.009521
 346.000000  0.007422
 347.000000  0.007227
 348.000000  0.007349
 349.000000  0.009619
 350.000000  0.007349
 351.000000  0.009619
 352.000000  0.007349
 353.000000  0.009668
 354.000000  0.007349
 355.000000  0.007251
 356.000000  0.007397
 357.000000  0.007056
 358.000000  0.007397
 359.000000  0.009472
 360.000000  0.007300
 361.000000  0.007104
 362.000000  0.007373
 363.000000  0.009545
 364.000000  0.007324
 365.000000  0.007080
 366.000000  0.007349
 367.000000  0.007227
 368.000000  0.007446
 369.000000  0.007178
 370.000000  0.007373
 371.000000  0.009594
 372.000000  0.007397
 373.000000  0.009668
 374.000000  0.007397
 375.000000  0.009570
 376.000000  0.007324
 377.000000  0.007227
 378.000000  0.007397
 379.000000  0.007153
 380.000000  0.007422
 381.000000  0.009619
 382.000000  0.007324
 383.000000  0.007202
 384.000000  0.007373
 385.000000  0.007104
 386.000000  0.007373
 387.000000  0.009643
 388.000000  0.007324
 389.000000  0.009594
 390.000000  0.007324
 391.000000  0.009570
 392.000000  0.007349
 393.000000  0.007251
 394.000000  0.007324
 395.000000  0.007324
 396.000000  0.007373
 397.000000  0.007275
 398.000000  0.007324
 399.000000  0.007202
 400.000000  0.007349
 401.000000  0.009692
 402.000000  0.007349
 403.000000  0.007275
 404.000000  0.007324
 405.000000  0.007300
 406.000000  0.007349
 407.000000  0.007275
 408.000000  0.007324
 409.000000  0.009716
 410.000000  0.007349
 411.000000  0.009741
 412.000000  0.007324
 413.000000  0.007275
 414.000000  0.007324
 415.000000  0.009741
 416.000000  0.007373
 417.000000  0.007300
 418.000000  0.007349
 419.000000  0.007324
 420.000000  0.007349
 421.000000  0.007251
 422.000000  0.007324
 423.000000  0.007324
 424.000000  0.007349
 425.000000  0.009692
 426.000000  0.007324
 427.000000  0.009716
 428.000000  0.007349
 429.000000  0.009692
 430.000000  0.007324
 431.000000  0.009692
 432.000000  0.007349
 433.000000  0.007275
 434.000000  0.007324
 435.000000  0.009741
 436.000000  0.007324
 437.000000  0.009716
 438.000000  0.007324
 439.000000  0.009741
 440.000000  0.007373
 441.000000  0.009765
 442.000000  0.007349
 443.000000  0.009741
 444.000000  0.007324
 445.000000  0.009741
 446.000000  0.007324
 447.000000  0.007324
 448.000000  0.007324
 449.000000  0.009741
 450.000000  0.007324
 451.000000  0.009741
 452.000000  0.007349
 453.000000  0.009716
 454.000000  0.007349
 455.000000  0.009741
 456.000000  0.007373
 457.000000  0.009765
 458.000000  0.007373
 459.000000  0.009741
 460.000000  0.007397
 461.000000  0.009790
 462.000000  0.007349
 463.000000  0.009741
 464.000000  0.007397
 465.000000  0.009765
 466.000000  0.007519
 467.000000  0.007324
 468.000000  0.007397
 469.000000  0.007300
 470.000000  0.007397
 471.000000  0.009765
 472.000000  0.007373
 473.000000  0.007324
 474.000000  0.007544
 475.000000  0.009716
 476.000000  0.007495
 477.000000  0.007275
 478.000000  0.007495
 479.000000  0.009716
 480.000000  0.007397
 481.000000  0.009765
 482.000000  0.007519
 483.000000  0.007349
 484.000000  0.007397
 485.000000  0.009765
 486.000000  0.007422
 487.000000  0.007275
 488.000000  0.007495
 489.000000  0.007397
 490.000000  0.007642
 491.000000  0.009765
 492.000000  0.007544
 493.000000  0.009790
 494.000000  0.007666
 495.000000  0.009814
 496.000000  0.007690
 497.000000  0.007300
 498.000000  0.007519
 499.000000  0.009790
 500.000000  0.007593
 501.000000  0.009790
 502.000000  0.007666
 503.000000  0.009790
 504.000000  0.007788
 505.000000  0.009790
 506.000000  0.007788
 507.000000  0.007373
 508.000000  0.007861
 509.000000  0.007349
 510.000000  0.008105
 511.000000  0.009765
 512.000000  0.007935
 513.000000  0.007422
 514.000000  0.008032
 515.000000  0.007324
 516.000000  0.008008
 517.000000  0.007422
 518.000000  0.008227
 519.000000  0.007300
 520.000000  0.008350
 521.000000  0.007397
 522.000000  0.008398
 523.000000  0.009790
 524.000000  0.008008
 525.000000  0.009838
 526.000000  0.008472
 527.000000  0.009936
 528.000000  0.008447
 529.000000  0.009838
 530.000000  0.008325
 531.000000  0.010009
 532.000000  0.009033
 533.000000  0.007446
 534.000000  0.008643
 535.000000  0.007544
 536.000000  0.009058
 537.000000  0.010107
 538.000000  0.008691
 539.000000  0.010009
 540.000000  0.009277
 541.000000  0.007788
 542.000000  0.009106
 543.000000  0.007544
 544.000000  0.008838
 545.000000  0.007837
 546.000000  0.009717
 547.000000  0.010009
 548.000000  0.009082
 549.000000  0.010229
 550.000000  0.009741
 551.000000  0.010815
 552.000000  0.009180
 553.000000  0.007935
 554.000000  0.009619
 555.000000  0.008887
 556.000000  0.009668
 557.000000  0.010229
 558.000000  0.009619
 559.000000  0.011010
 560.000000  0.009766
 561.000000  0.008301
 562.000000  0.009766
 563.000000  0.011450
 564.000000  0.009766
 565.000000  0.012036
 566.000000  0.009692
 567.000000  0.011401
 568.000000  0.009766
 569.000000  0.012182
 570.000000  0.009766
 571.000000  0.011743
 572.000000  0.009766
 573.000000  0.012182
 574.000000  0.009766
 575.000000  0.012158
 576.000000  0.009766
 577.000000  0.012060
 578.000000  0.009766
 579.000000  0.012207
 580.000000  0.009766
 581.000000  0.009766
 582.000000  0.009766
 583.000000  0.012231
 584.000000  0.010425
 585.000000  0.012182
 586.000000  0.009766
 587.000000  0.012207
 588.000000  0.011108
 589.000000  0.009961
 590.000000  0.009839
 591.000000  0.012207
 592.000000  0.010742
 593.000000  0.011108
 594.000000  0.011548
 595.000000  0.012231
 596.000000  0.010644
 597.000000  0.013305
 598.000000  0.012158
 599.000000  0.012402
 600.000000  0.010547
 601.000000  0.012500
 602.000000  0.012207
 603.000000  0.014624
 604.000000  0.012207
 605.000000  0.013452
 606.000000  0.012231
 607.000000  0.014697
 608.000000  0.012476
 609.000000  0.014282
 610.000000  0.012207
 611.000000  0.014624
 612.000000  0.017065
 613.000000  0.014721
 614.000000  0.014697
 615.000000  0.014624
 616.000000  0.014453
 617.000000  0.014697
 618.000000  0.012720
 619.000000  0.014624
 620.000000  0.013330
 621.000000  0.017065
 622.000000  0.016333
 623.000000  0.014868
 624.000000  0.016137
 625.000000  0.015820
 626.000000  0.017139
 627.000000  0.018310
 628.000000  0.014502
 629.000000  0.015966
 630.000000  0.015161
 631.000000  0.022070
 632.000000  0.017114
 633.000000  0.016601
 634.000000  0.014673
 635.000000  0.019580
 636.000000  0.024878
 637.000000  0.017090
 638.000000  0.015527
 639.000000  0.019189
 640.000000  0.025903
 641.000000  0.036645
 642.000000  0.019507
 643.000000  0.017578
 644.000000  0.027978
 645.000000  0.101318
 646.000000  0.117163
 647.000000  0.027221
 648.000000  0.023706
 649.000000  0.053491
 650.000000  0.282715
 651.000000  0.203589
 652.000000  0.027954
 653.000000  0.019507
 654.000000  0.029248
 655.000000  0.074389
 656.000000  0.038843
 657.000000  0.019677
 658.000000  0.018115
 659.000000  0.028735
 660.000000  0.059766
 661.000000  0.027587
 662.000000  0.016992
 663.000000  0.018676
 664.000000  0.027197
 665.000000  0.040039
 666.000000  0.020166
 667.000000  0.017016
 668.000000  0.014893
 669.000000  0.018506
 670.000000  0.021558
 671.000000  0.014380
 672.000000  0.014575
 673.000000  0.016796
 674.000000  0.019848
 675.000000  0.019555
 676.000000  0.014331
 677.000000  0.014794
 678.000000  0.014111
 679.000000  0.018139
 680.000000  0.014722
 681.000000  0.012256
 682.000000  0.012988
 683.000000  0.014770
 684.000000  0.014697
 685.000000  0.015014
 686.000000  0.012256
 687.000000  0.012134
 688.000000  0.015234
 689.000000  0.012842
 690.000000  0.014794
 691.000000  0.013842
 692.000000  0.012134
 693.000000  0.014233
 694.000000  0.012451
 695.000000  0.013696
 696.000000  0.014062
 697.000000  0.012890
 698.000000  0.011792
 699.000000  0.013696
 700.000000  0.011060
 701.000000  0.009839
 702.000000  0.010327
 703.000000  0.009912
 704.000000  0.012963
 705.000000  0.012231
 706.000000  0.009936
 707.000000  0.009790
 708.000000  0.010425
 709.000000  0.012207
 710.000000  0.009839
 711.000000  0.012182
 712.000000  0.009839
 713.000000  0.012207
 714.000000  0.009790
 715.000000  0.012158
 716.000000  0.009766
 717.000000  0.012036
 718.000000  0.009814
 719.000000  0.012060
 720.000000  0.009766
 721.000000  0.011840
 722.000000  0.009766
 723.000000  0.012085
 724.000000  0.009766
 725.000000  0.011523
 726.000000  0.009717
 727.000000  0.011352
 728.000000  0.009766
 729.000000  0.008545
 730.000000  0.009717
 731.000000  0.011035
 732.000000  0.009741
 733.000000  0.011377
 734.000000  0.012085
 735.000000  0.010253
 736.000000  0.009326
 737.000000  0.010498
 738.000000  0.009766
 739.000000  0.010205
 740.000000  0.009180
 741.000000  0.009912
 742.000000  0.009570
 743.000000  0.007666
 744.000000  0.008813
 745.000000  0.009887
 746.000000  0.008447
 747.000000  0.007495
 748.000000  0.008911
 749.000000  0.009814
 750.000000  0.007959
 751.000000  0.009790
 752.000000  0.010644
 753.000000  0.009790
 754.000000  0.007983
 755.000000  0.009765
 756.000000  0.008008
 757.000000  0.009790
 758.000000  0.007983
 759.000000  0.007324
 760.000000  0.007446
 761.000000  0.009765
 762.000000  0.007861
 763.000000  0.009790
 764.000000  0.007519
 765.000000  0.009765
 766.000000  0.007471
 767.000000  0.007300
 768.000000  0.007446
 769.000000  0.009765
 770.000000  0.007495
 771.000000  0.009716
 772.000000  0.007495
 773.000000  0.009765
 774.000000  0.009863
 775.000000  0.009741
 776.000000  0.009790
 777.000000  0.009765
 778.000000  0.007446
 779.000000  0.007324
 780.000000  0.007373
 781.000000  0.007324
 782.000000  0.009814
 783.000000  0.009741
 784.000000  0.007373
 785.000000  0.009716
 786.000000  0.007422
 787.000000  0.009692
 788.000000  0.009814
 789.000000  0.009741
 790.000000  0.007324
 791.000000  0.009619
 792.000000  0.007373
 793.000000  0.009765
 794.000000  0.007373
 795.000000  0.009668
 796.000000  0.007349
 797.000000  0.009668
 798.000000  0.007275
 799.000000  0.009692
 800.000000  0.007373
 801.000000  0.009643
 802.000000  0.009790
 803.000000  0.009692
 804.000000  0.007324
 805.000000  0.009741
 806.000000  0.007324
 807.000000  0.009668
 808.000000  0.009814
 809.000000  0.007227
 810.000000  0.007324
 811.000000  0.007104
 812.000000  0.007349
 813.000000  0.007178
 814.000000  0.007300
 815.000000  0.009472
 816.000000  0.007324
 817.000000  0.009643
 818.000000  0.007324
 819.000000  0.009399
 820.000000  0.007349
 821.000000  0.009570
 822.000000  0.007324
 823.000000  0.009570
 824.000000  0.009741
 825.000000  0.009375
 826.000000  0.007349
 827.000000  0.009570
 828.000000  0.007300
 829.000000  0.009179
 830.000000  0.007300
 831.000000  0.009423
 832.000000  0.007275
 833.000000  0.009350
 834.000000  0.007227
 835.000000  0.009326
 836.000000  0.009765
 837.000000  0.009375
 838.000000  0.007300
 839.000000  0.009057
 840.000000  0.007324
 841.000000  0.009057
 842.000000  0.009765
 843.000000  0.009326
 844.000000  0.007324
 845.000000  0.006836
 846.000000  0.009716
 847.000000  0.009277
 848.000000  0.007227
 849.000000  0.009252
 850.000000  0.007300
 851.000000  0.009082
 852.000000  0.007324
 853.000000  0.006689
 854.000000  0.009741
 855.000000  0.009057
 856.000000  0.007300
 857.000000  0.006738
 858.000000  0.007275
 859.000000  0.006543
 860.000000  0.009716
 861.000000  0.008960
 862.000000  0.007324
 863.000000  0.006836
 864.000000  0.007275
 865.000000  0.009057
 866.000000  0.009765
 867.000000  0.006885
 868.000000  0.007324
 869.000000  0.009008
 870.000000  0.007324
 871.000000  0.008960
 872.000000  0.007275
 873.000000  0.009228
 874.000000  0.007227
 875.000000  0.009057
 876.000000  0.007275
 877.000000  0.006543
 878.000000  0.007324
 879.000000  0.006567
 880.000000  0.007324
 881.000000  0.009252
 882.000000  0.007275
 883.000000  0.009008
 884.000000  0.007324
 885.000000  0.008984
 886.000000  0.007324
 887.000000  0.006567
 888.000000  0.007324
 889.000000  0.008837
 890.000000  0.007324
 891.000000  0.008813
 892.000000  0.007300
 893.000000  0.009179
 894.000000  0.007324
 895.000000  0.008862
 896.000000  0.007324
 897.000000  0.009277
 898.000000  0.007300
 899.000000  0.008862
 900.000000  0.007324
 901.000000  0.008911
 902.000000  0.009765
 903.000000  0.008447
 904.000000  0.007324
 905.000000  0.008667
 906.000000  0.009741
 907.000000  0.008691
 908.000000  0.009741
 909.000000  0.008886
 910.000000  0.007300
 911.000000  0.008642
 912.000000  0.007300
 913.000000  0.008544
 914.000000  0.007251
 915.000000  0.008447
 916.000000  0.007275
 917.000000  0.008813
 918.000000  0.009765
 919.000000  0.008520
 920.000000  0.009716
 921.000000  0.008422
 922.000000  0.007227
 923.000000  0.008593
 924.000000  0.007300
 925.000000  0.008691
 926.000000  0.007251
 927.000000  0.008471
 928.000000  0.007275
 929.000000  0.008569
 930.000000  0.007227
 931.000000  0.008691
 932.000000  0.007129
 933.000000  0.008691
 934.000000  0.007324
 935.000000  0.008691
 936.000000  0.007251
 937.000000  0.008618
 938.000000  0.007275
 939.000000  0.008398
 940.000000  0.007227
 941.000000  0.008764
 942.000000  0.007227
 943.000000  0.008667
 944.000000  0.007275
 945.000000  0.006396
 946.000000  0.009668
 947.000000  0.008862
 948.000000  0.007300
 949.000000  0.008691
 950.000000  0.009668
 951.000000  0.008691
 952.000000  0.007104
 953.000000  0.008764
 954.000000  0.007227
 955.000000  0.008813
 956.000000  0.007324
 957.000000  0.008667
 958.000000  0.007178
 959.000000  0.006201
 960.000000  0.007202
 961.000000  0.006152
 962.000000  0.009692
 963.000000  0.006274
 964.000000  0.007251
 965.000000  0.008642
 966.000000  0.007104
 967.000000  0.008618
 968.000000  0.007153
 969.000000  0.008520
 970.000000  0.009668
 971.000000  0.008447
 972.000000  0.007300
 973.000000  0.008227
 974.000000  0.007251
 975.000000  0.008642
 976.000000  0.007080
 977.000000  0.008691
 978.000000  0.007153
 979.000000  0.008496
 980.000000  0.007227
 981.000000  0.008862
 982.000000  0.007104
 983.000000  0.006006
 984.000000  0.007104
 985.000000  0.008789
 986.000000  0.007227
 987.000000  0.008422
 988.000000  0.009668
 989.000000  0.008520
 990.000000  0.007251
 991.000000  0.008642
 992.000000  0.007227
 993.000000  0.008544
 994.000000  0.007275
 995.000000  0.008520
 996.000000  0.007178
 997.000000  0.008667
 998.000000  0.009668
 999.000000  0.008300
 1000.000000  0.009643
 1001.000000  0.008276
 1002.000000  0.007300
 1003.000000  0.008300
 1004.000000  0.007153
 1005.000000  0.008520
 1006.000000  0.007202
 1007.000000  0.008496
 1008.000000  0.007227
 1009.000000  0.008422
 1010.000000  0.007202
 1011.000000  0.008398
 1012.000000  0.007178
 1013.000000  0.008325
 1014.000000  0.007007
 1015.000000  0.008374
 1016.000000  0.007202
 1017.000000  0.008447
 1018.000000  0.007129
 1019.000000  0.008105
 1020.000000  0.007275
 1021.000000  0.008007
 1022.000000  0.007202
 1023.000000  0.008544
