 0.000000  0.007568
 1.000000  0.007251
 2.000000  0.007349
 3.000000  0.007227
 4.000000  0.007519
 5.000000  0.007202
 6.000000  0.007495
 7.000000  0.007275
 8.000000  0.007495
 9.000000  0.007275
 10.000000  0.007373
 11.000000  0.007300
 12.000000  0.007471
 13.000000  0.007251
 14.000000  0.007397
 15.000000  0.007251
 16.000000  0.007446
 17.000000  0.007300
 18.000000  0.007397
 19.000000  0.007275
 20.000000  0.007422
 21.000000  0.007251
 22.000000  0.007446
 23.000000  0.007300
 24.000000  0.007422
 25.000000  0.007178
 26.000000  0.007568
 27.000000  0.009765
 28.000000  0.007519
 29.000000  0.007300
 30.000000  0.007446
 31.000000  0.007300
 32.000000  0.007495
 33.000000  0.007300
 34.000000  0.007397
 35.000000  0.007275
 36.000000  0.007422
 37.000000  0.007373
 38.000000  0.007446
 39.000000  0.009716
 40.000000  0.007422
 41.000000  0.007275
 42.000000  0.007397
 43.000000  0.007251
 44.000000  0.007349
 45.000000  0.007300
 46.000000  0.007349
 47.000000  0.007275
 48.000000  0.007349
 49.000000  0.007300
 50.000000  0.007373
 51.000000  0.007324
 52.000000  0.007324
 53.000000  0.007324
 54.000000  0.007349
 55.000000  0.007324
 56.000000  0.007349
 57.000000  0.007324
 58.000000  0.007324
 59.000000  0.009716
 60.000000  0.007349
 61.000000  0.009765
 62.000000  0.007324
 63.000000  0.007300
 64.000000  0.007422
 65.000000  0.007300
 66.000000  0.007324
 67.000000  0.009765
 68.000000  0.007349
 69.000000  0.007251
 70.000000  0.007324
 71.000000  0.007324
 72.000000  0.007349
 73.000000  0.007275
 74.000000  0.007349
 75.000000  0.007227
 76.000000  0.007349
 77.000000  0.007324
 78.000000  0.007324
 79.000000  0.007324
 80.000000  0.007349
 81.000000  0.007324
 82.000000  0.007324
 83.000000  0.007251
 84.000000  0.007373
 85.000000  0.007251
 86.000000  0.007324
 87.000000  0.007324
 88.000000  0.007324
 89.000000  0.007324
 90.000000  0.007324
 91.000000  0.007300
 92.000000  0.007324
 93.000000  0.007300
 94.000000  0.007324
 95.000000  0.007251
 96.000000  0.007324
 97.000000  0.007324
 98.000000  0.007324
 99.000000  0.007300
 100.000000  0.007324
 101.000000  0.009765
 102.000000  0.007324
 103.000000  0.009765
 104.000000  0.007349
 105.000000  0.007300
 106.000000  0.007349
 107.000000  0.007275
 108.000000  0.007349
 109.000000  0.009765
 110.000000  0.007349
 111.000000  0.007300
 112.000000  0.007349
 113.000000  0.007300
 114.000000  0.007373
 115.000000  0.007300
 116.000000  0.007324
 117.000000  0.007251
 118.000000  0.007324
 119.000000  0.007324
 120.000000  0.007349
 121.000000  0.007300
 122.000000  0.007349
 123.000000  0.007251
 124.000000  0.007373
 125.000000  0.007275
 126.000000  0.007373
 127.000000  0.009716
 128.000000  0.007324
 129.000000  0.007251
 130.000000  0.007397
 131.000000  0.009594
 132.000000  0.007275
 133.000000  0.007275
 134.000000  0.007349
 135.000000  0.009594
 136.000000  0.007397
 137.000000  0.007227
 138.000000  0.007373
 139.000000  0.007202
 140.000000  0.007446
 141.000000  0.007178
 142.000000  0.007422
 143.000000  0.007202
 144.000000  0.007397
 145.000000  0.009692
 146.000000  0.007422
 147.000000  0.007178
 148.000000  0.007422
 149.000000  0.009692
 150.000000  0.007373
 151.000000  0.007129
 152.000000  0.007373
 153.000000  0.007129
 154.000000  0.007397
 155.000000  0.007129
 156.000000  0.007349
 157.000000  0.009521
 158.000000  0.007373
 159.000000  0.007129
 160.000000  0.007373
 161.000000  0.007202
 162.000000  0.007373
 163.000000  0.007153
 164.000000  0.007324
 165.000000  0.007104
 166.000000  0.007397
 167.000000  0.007153
 168.000000  0.007446
 169.000000  0.009545
 170.000000  0.007471
 171.000000  0.007056
 172.000000  0.007300
 173.000000  0.007178
 174.000000  0.007373
 175.000000  0.007153
 176.000000  0.007373
 177.000000  0.007129
 178.000000  0.007349
 179.000000  0.009668
 180.000000  0.007349
 181.000000  0.007129
 182.000000  0.007422
 183.000000  0.007202
 184.000000  0.007349
 185.000000  0.007202
 186.000000  0.007349
 187.000000  0.007178
 188.000000  0.007349
 189.000000  0.007153
 190.000000  0.007422
 191.000000  0.007007
 192.000000  0.007373
 193.000000  0.007251
 194.000000  0.007324
 195.000000  0.007251
 196.000000  0.009838
 197.000000  0.007178
 198.000000  0.007349
 199.000000  0.009692
 200.000000  0.007324
 201.000000  0.009692
 202.000000  0.007324
 203.000000  0.007202
 204.000000  0.007324
 205.000000  0.007104
 206.000000  0.007324
 207.000000  0.007227
 208.000000  0.007324
 209.000000  0.009692
 210.000000  0.007324
 211.000000  0.007251
 212.000000  0.007324
 213.000000  0.009716
 214.000000  0.007324
 215.000000  0.007251
 216.000000  0.007324
 217.000000  0.007251
 218.000000  0.007324
 219.000000  0.009643
 220.000000  0.007349
 221.000000  0.007275
 222.000000  0.007324
 223.000000  0.007153
 224.000000  0.007324
 225.000000  0.007300
 226.000000  0.007324
 227.000000  0.009668
 228.000000  0.007349
 229.000000  0.009570
 230.000000  0.007373
 231.000000  0.007275
 232.000000  0.007349
 233.000000  0.009643
 234.000000  0.007324
 235.000000  0.007324
 236.000000  0.007324
 237.000000  0.007275
 238.000000  0.007324
 239.000000  0.009716
 240.000000  0.007324
 241.000000  0.007227
 242.000000  0.007324
 243.000000  0.009716
 244.000000  0.007324
 245.000000  0.007275
 246.000000  0.007324
 247.000000  0.007275
 248.000000  0.007324
 249.000000  0.007227
 250.000000  0.007324
 251.000000  0.007275
 252.000000  0.007324
 253.000000  0.007275
 254.000000  0.007324
 255.000000  0.009765
 256.000000  0.007324
 257.000000  0.007251
 258.000000  0.007324
 259.000000  0.007202
 260.000000  0.007324
 261.000000  0.007275
 262.000000  0.007324
 263.000000  0.009668
 264.000000  0.007324
 265.000000  0.009716
 266.000000  0.007324
 267.000000  0.009668
 268.000000  0.007324
 269.000000  0.009668
 270.000000  0.007324
 271.000000  0.007227
 272.000000  0.007324
 273.000000  0.007227
 274.000000  0.007324
 275.000000  0.009692
 276.000000  0.007324
 277.000000  0.009716
 278.000000  0.007349
 279.000000  0.007251
 280.000000  0.007324
 281.000000  0.009619
 282.000000  0.007324
 283.000000  0.009692
 284.000000  0.007300
 285.000000  0.007300
 286.000000  0.007324
 287.000000  0.007251
 288.000000  0.007373
 289.000000  0.009668
 290.000000  0.007324
 291.000000  0.007153
 292.000000  0.007349
 293.000000  0.007080
 294.000000  0.007324
 295.000000  0.009668
 296.000000  0.007373
 297.000000  0.009570
 298.000000  0.007397
 299.000000  0.009594
 300.000000  0.007373
 301.000000  0.007178
 302.000000  0.007349
 303.000000  0.009668
 304.000000  0.007349
 305.000000  0.007251
 306.000000  0.007397
 307.000000  0.009643
 308.000000  0.007397
 309.000000  0.009643
 310.000000  0.007349
 311.000000  0.007227
 312.000000  0.007373
 313.000000  0.007153
 314.000000  0.007397
 315.000000  0.009692
 316.000000  0.007397
 317.000000  0.007129
 318.000000  0.007300
 319.000000  0.007275
 320.000000  0.007422
 321.000000  0.009643
 322.000000  0.007349
 323.000000  0.009545
 324.000000  0.007397
 325.000000  0.007178
 326.000000  0.007324
 327.000000  0.007056
 328.000000  0.007397
 329.000000  0.009668
 330.000000  0.007373
 331.000000  0.009619
 332.000000  0.007422
 333.000000  0.009643
 334.000000  0.007446
 335.000000  0.009668
 336.000000  0.007422
 337.000000  0.007251
 338.000000  0.007324
 339.000000  0.007251
 340.000000  0.007373
 341.000000  0.009716
 342.000000  0.009887
 343.000000  0.009619
 344.000000  0.007349
 345.000000  0.009643
 346.000000  0.007422
 347.000000  0.007202
 348.000000  0.007446
 349.000000  0.009668
 350.000000  0.007349
 351.000000  0.009692
 352.000000  0.007373
 353.000000  0.009643
 354.000000  0.007349
 355.000000  0.007251
 356.000000  0.007324
 357.000000  0.007251
 358.000000  0.007324
 359.000000  0.009741
 360.000000  0.007446
 361.000000  0.007300
 362.000000  0.007324
 363.000000  0.009716
 364.000000  0.007349
 365.000000  0.007251
 366.000000  0.007349
 367.000000  0.007275
 368.000000  0.007349
 369.000000  0.007300
 370.000000  0.007349
 371.000000  0.009716
 372.000000  0.007324
 373.000000  0.009741
 374.000000  0.007397
 375.000000  0.009716
 376.000000  0.007373
 377.000000  0.007275
 378.000000  0.007324
 379.000000  0.007324
 380.000000  0.007324
 381.000000  0.009765
 382.000000  0.007324
 383.000000  0.007275
 384.000000  0.007349
 385.000000  0.007300
 386.000000  0.007324
 387.000000  0.009765
 388.000000  0.007349
 389.000000  0.009692
 390.000000  0.007324
 391.000000  0.009765
 392.000000  0.007324
 393.000000  0.007300
 394.000000  0.007324
 395.000000  0.007324
 396.000000  0.007349
 397.000000  0.007300
 398.000000  0.007324
 399.000000  0.007324
 400.000000  0.007324
 401.000000  0.009741
 402.000000  0.007324
 403.000000  0.007324
 404.000000  0.007324
 405.000000  0.007324
 406.000000  0.007324
 407.000000  0.007324
 408.000000  0.007349
 409.000000  0.009765
 410.000000  0.007373
 411.000000  0.009765
 412.000000  0.007349
 413.000000  0.007300
 414.000000  0.007373
 415.000000  0.009741
 416.000000  0.007373
 417.000000  0.007300
 418.000000  0.007324
 419.000000  0.007324
 420.000000  0.007373
 421.000000  0.007300
 422.000000  0.007373
 423.000000  0.007324
 424.000000  0.007324
 425.000000  0.009765
 426.000000  0.007324
 427.000000  0.009765
 428.000000  0.007495
 429.000000  0.009741
 430.000000  0.007422
 431.000000  0.009716
 432.000000  0.007349
 433.000000  0.007324
 434.000000  0.007324
 435.000000  0.009765
 436.000000  0.007397
 437.000000  0.009765
 438.000000  0.007397
 439.000000  0.009741
 440.000000  0.007446
 441.000000  0.009741
 442.000000  0.007495
 443.000000  0.009716
 444.000000  0.007446
 445.000000  0.009741
 446.000000  0.007495
 447.000000  0.007275
 448.000000  0.007519
 449.000000  0.009765
 450.000000  0.007446
 451.000000  0.009741
 452.000000  0.007446
 453.000000  0.009692
 454.000000  0.007446
 455.000000  0.009741
 456.000000  0.007593
 457.000000  0.009765
 458.000000  0.007593
 459.000000  0.009716
 460.000000  0.007568
 461.000000  0.009790
 462.000000  0.007568
 463.000000  0.009790
 464.000000  0.007544
 465.000000  0.009765
 466.000000  0.007666
 467.000000  0.007324
 468.000000  0.007690
 469.000000  0.007373
 470.000000  0.007764
 471.000000  0.009814
 472.000000  0.007861
 473.000000  0.007373
 474.000000  0.007837
 475.000000  0.009765
 476.000000  0.007935
 477.000000  0.007349
 478.000000  0.007812
 479.000000  0.009741
 480.000000  0.008081
 481.000000  0.009887
 482.000000  0.008057
 483.000000  0.007373
 484.000000  0.007935
 485.000000  0.009838
 486.000000  0.008032
 487.000000  0.007349
 488.000000  0.007935
 489.000000  0.007422
 490.000000  0.008057
 491.000000  0.009838
 492.000000  0.008130
 493.000000  0.009814
 494.000000  0.008447
 495.000000  0.009863
 496.000000  0.008325
 497.000000  0.007373
 498.000000  0.008105
 499.000000  0.009741
 500.000000  0.008252
 501.000000  0.009961
 502.000000  0.008472
 503.000000  0.009936
 504.000000  0.008520
 505.000000  0.009912
 506.000000  0.008276
 507.000000  0.007373
 508.000000  0.008618
 509.000000  0.007446
 510.000000  0.009082
 511.000000  0.009961
 512.000000  0.008594
 513.000000  0.007519
 514.000000  0.009082
 515.000000  0.007568
 516.000000  0.009131
 517.000000  0.007593
 518.000000  0.009180
 519.000000  0.007495
 520.000000  0.009375
 521.000000  0.007544
 522.000000  0.009351
 523.000000  0.010205
 524.000000  0.009375
 525.000000  0.010009
 526.000000  0.009424
 527.000000  0.009985
 528.000000  0.009668
 529.000000  0.010327
 530.000000  0.009570
 531.000000  0.010156
 532.000000  0.009619
 533.000000  0.008569
 534.000000  0.009424
 535.000000  0.007935
 536.000000  0.009668
 537.000000  0.010961
 538.000000  0.009692
 539.000000  0.010424
 540.000000  0.009692
 541.000000  0.008594
 542.000000  0.009766
 543.000000  0.008569
 544.000000  0.009766
 545.000000  0.008716
 546.000000  0.009766
 547.000000  0.012011
 548.000000  0.009741
 549.000000  0.011499
 550.000000  0.009766
 551.000000  0.012109
 552.000000  0.009766
 553.000000  0.009228
 554.000000  0.009766
 555.000000  0.009668
 556.000000  0.009814
 557.000000  0.012182
 558.000000  0.009766
 559.000000  0.012085
 560.000000  0.009766
 561.000000  0.009766
 562.000000  0.009766
 563.000000  0.012182
 564.000000  0.009766
 565.000000  0.012207
 566.000000  0.009863
 567.000000  0.012207
 568.000000  0.009790
 569.000000  0.012207
 570.000000  0.010644
 571.000000  0.012207
 572.000000  0.009790
 573.000000  0.012207
 574.000000  0.010522
 575.000000  0.012695
 576.000000  0.010767
 577.000000  0.012207
 578.000000  0.010718
 579.000000  0.012768
 580.000000  0.011963
 581.000000  0.010229
 582.000000  0.011133
 583.000000  0.012866
 584.000000  0.012207
 585.000000  0.014404
 586.000000  0.012158
 587.000000  0.013867
 588.000000  0.012207
 589.000000  0.012207
 590.000000  0.012207
 591.000000  0.014233
 592.000000  0.012207
 593.000000  0.012207
 594.000000  0.012842
 595.000000  0.014550
 596.000000  0.012231
 597.000000  0.014624
 598.000000  0.012695
 599.000000  0.014672
 600.000000  0.012280
 601.000000  0.014624
 602.000000  0.012769
 603.000000  0.015356
 604.000000  0.014600
 605.000000  0.014819
 606.000000  0.013892
 607.000000  0.015820
 608.000000  0.014697
 609.000000  0.016723
 610.000000  0.014502
 611.000000  0.016064
 612.000000  0.017163
 613.000000  0.017211
 614.000000  0.017163
 615.000000  0.016870
 616.000000  0.014722
 617.000000  0.014819
 618.000000  0.017090
 619.000000  0.017089
 620.000000  0.014893
 621.000000  0.017089
 622.000000  0.017163
 623.000000  0.019555
 624.000000  0.018530
 625.000000  0.017236
 626.000000  0.016968
 627.000000  0.020043
 628.000000  0.018433
 629.000000  0.018310
 630.000000  0.016992
 631.000000  0.019409
 632.000000  0.021948
 633.000000  0.020825
 634.000000  0.017090
 635.000000  0.019482
 636.000000  0.019727
 637.000000  0.025098
 638.000000  0.019604
 639.000000  0.019946
 640.000000  0.019604
 641.000000  0.029174
 642.000000  0.036279
 643.000000  0.021802
 644.000000  0.024145
 645.000000  0.031372
 646.000000  0.100659
 647.000000  0.114575
 648.000000  0.029346
 649.000000  0.024609
 650.000000  0.046997
 651.000000  0.215845
 652.000000  0.160303
 653.000000  0.030151
 654.000000  0.027319
 655.000000  0.060278
 656.000000  0.197949
 657.000000  0.093017
 658.000000  0.029346
 659.000000  0.031152
 660.000000  0.096631
 661.000000  0.283545
 662.000000  0.082129
 663.000000  0.029272
 664.000000  0.028857
 665.000000  0.056176
 666.000000  0.098266
 667.000000  0.031762
 668.000000  0.021509
 669.000000  0.019531
 670.000000  0.024829
 671.000000  0.026855
 672.000000  0.019507
 673.000000  0.019775
 674.000000  0.021411
 675.000000  0.024121
 676.000000  0.021973
 677.000000  0.019531
 678.000000  0.017090
 679.000000  0.019531
 680.000000  0.019531
 681.000000  0.017163
 682.000000  0.016846
 683.000000  0.017895
 684.000000  0.017090
 685.000000  0.019531
 686.000000  0.016675
 687.000000  0.014648
 688.000000  0.017919
 689.000000  0.014819
 690.000000  0.019531
 691.000000  0.017114
 692.000000  0.014795
 693.000000  0.017089
 694.000000  0.014990
 695.000000  0.017089
 696.000000  0.017089
 697.000000  0.016821
 698.000000  0.014648
 699.000000  0.016821
 700.000000  0.014648
 701.000000  0.012646
 702.000000  0.013965
 703.000000  0.012378
 704.000000  0.016894
 705.000000  0.014697
 706.000000  0.012524
 707.000000  0.012207
 708.000000  0.012573
 709.000000  0.014697
 710.000000  0.012549
 711.000000  0.014624
 712.000000  0.012207
 713.000000  0.014648
 714.000000  0.012402
 715.000000  0.014599
 716.000000  0.012207
 717.000000  0.014111
 718.000000  0.012207
 719.000000  0.014526
 720.000000  0.012183
 721.000000  0.013012
 722.000000  0.011572
 723.000000  0.012988
 724.000000  0.011963
 725.000000  0.012646
 726.000000  0.011108
 727.000000  0.012255
 728.000000  0.010596
 729.000000  0.009888
 730.000000  0.010059
 731.000000  0.012207
 732.000000  0.009814
 733.000000  0.012231
 734.000000  0.012524
 735.000000  0.012207
 736.000000  0.009766
 737.000000  0.012207
 738.000000  0.009790
 739.000000  0.012133
 740.000000  0.009766
 741.000000  0.012182
 742.000000  0.009766
 743.000000  0.009741
 744.000000  0.009790
 745.000000  0.012133
 746.000000  0.009766
 747.000000  0.009424
 748.000000  0.009766
 749.000000  0.011645
 750.000000  0.009766
 751.000000  0.011206
 752.000000  0.012207
 753.000000  0.011792
 754.000000  0.009692
 755.000000  0.010913
 756.000000  0.009595
 757.000000  0.010473
 758.000000  0.009692
 759.000000  0.008423
 760.000000  0.009497
 761.000000  0.010522
 762.000000  0.009228
 763.000000  0.010376
 764.000000  0.009424
 765.000000  0.010107
 766.000000  0.009155
 767.000000  0.007739
 768.000000  0.009326
 769.000000  0.010058
 770.000000  0.008887
 771.000000  0.009863
 772.000000  0.008618
 773.000000  0.009912
 774.000000  0.011059
 775.000000  0.009814
 776.000000  0.010693
 777.000000  0.009887
 778.000000  0.008447
 779.000000  0.007422
 780.000000  0.007812
 781.000000  0.007373
 782.000000  0.010351
 783.000000  0.009863
 784.000000  0.008057
 785.000000  0.009790
 786.000000  0.007959
 787.000000  0.009814
 788.000000  0.010449
 789.000000  0.009765
 790.000000  0.007788
 791.000000  0.009741
 792.000000  0.007812
 793.000000  0.009790
 794.000000  0.007788
 795.000000  0.009765
 796.000000  0.007519
 797.000000  0.009741
 798.000000  0.007666
 799.000000  0.009741
 800.000000  0.007642
 801.000000  0.009716
 802.000000  0.010034
 803.000000  0.009741
 804.000000  0.007544
 805.000000  0.009741
 806.000000  0.007471
 807.000000  0.009790
 808.000000  0.010009
 809.000000  0.007275
 810.000000  0.007519
 811.000000  0.007300
 812.000000  0.007471
 813.000000  0.007275
 814.000000  0.007495
 815.000000  0.009741
 816.000000  0.007422
 817.000000  0.009692
 818.000000  0.007446
 819.000000  0.009619
 820.000000  0.007300
 821.000000  0.009765
 822.000000  0.007349
 823.000000  0.009741
 824.000000  0.009790
 825.000000  0.009716
 826.000000  0.007373
 827.000000  0.009716
 828.000000  0.007324
 829.000000  0.009643
 830.000000  0.007349
 831.000000  0.009692
 832.000000  0.007324
 833.000000  0.009668
 834.000000  0.007324
 835.000000  0.009741
 836.000000  0.009790
 837.000000  0.009643
 838.000000  0.007324
 839.000000  0.009643
 840.000000  0.007349
 841.000000  0.009472
 842.000000  0.009765
 843.000000  0.009643
 844.000000  0.007349
 845.000000  0.007153
 846.000000  0.009765
 847.000000  0.009668
 848.000000  0.007324
 849.000000  0.009570
 850.000000  0.007324
 851.000000  0.009692
 852.000000  0.007324
 853.000000  0.007178
 854.000000  0.009765
 855.000000  0.009448
 856.000000  0.007324
 857.000000  0.007202
 858.000000  0.007324
 859.000000  0.007007
 860.000000  0.009765
 861.000000  0.009643
 862.000000  0.007324
 863.000000  0.007178
 864.000000  0.007324
 865.000000  0.009619
 866.000000  0.009765
 867.000000  0.007056
 868.000000  0.007324
 869.000000  0.009497
 870.000000  0.007324
 871.000000  0.009448
 872.000000  0.007324
 873.000000  0.009521
 874.000000  0.007324
 875.000000  0.009375
 876.000000  0.007324
 877.000000  0.006909
 878.000000  0.007324
 879.000000  0.006934
 880.000000  0.007324
 881.000000  0.009594
 882.000000  0.007324
 883.000000  0.009497
 884.000000  0.007324
 885.000000  0.009472
 886.000000  0.007324
 887.000000  0.006934
 888.000000  0.007324
 889.000000  0.009301
 890.000000  0.007324
 891.000000  0.009448
 892.000000  0.007324
 893.000000  0.009545
 894.000000  0.007324
 895.000000  0.009350
 896.000000  0.007324
 897.000000  0.009448
 898.000000  0.007324
 899.000000  0.009448
 900.000000  0.007324
 901.000000  0.009155
 902.000000  0.009765
 903.000000  0.009057
 904.000000  0.007324
 905.000000  0.009399
 906.000000  0.009765
 907.000000  0.009033
 908.000000  0.009741
 909.000000  0.009277
 910.000000  0.007300
 911.000000  0.009228
 912.000000  0.007324
 913.000000  0.009106
 914.000000  0.007275
 915.000000  0.009082
 916.000000  0.007300
 917.000000  0.009033
 918.000000  0.009716
 919.000000  0.008935
 920.000000  0.009716
 921.000000  0.009008
 922.000000  0.007300
 923.000000  0.009033
 924.000000  0.007275
 925.000000  0.008960
 926.000000  0.007324
 927.000000  0.009179
 928.000000  0.007324
 929.000000  0.009130
 930.000000  0.007275
 931.000000  0.009033
 932.000000  0.007251
 933.000000  0.009057
 934.000000  0.007275
 935.000000  0.008837
 936.000000  0.007324
 937.000000  0.008984
 938.000000  0.007227
 939.000000  0.008862
 940.000000  0.007227
 941.000000  0.009106
 942.000000  0.007275
 943.000000  0.009057
 944.000000  0.007275
 945.000000  0.006494
 946.000000  0.009692
 947.000000  0.008935
 948.000000  0.007227
 949.000000  0.009155
 950.000000  0.009692
 951.000000  0.008960
 952.000000  0.007300
 953.000000  0.009252
 954.000000  0.007324
 955.000000  0.008935
 956.000000  0.007251
 957.000000  0.009008
 958.000000  0.007178
 959.000000  0.006323
 960.000000  0.007275
 961.000000  0.006616
 962.000000  0.009594
 963.000000  0.006421
 964.000000  0.007227
 965.000000  0.009082
 966.000000  0.007202
 967.000000  0.008862
 968.000000  0.007349
 969.000000  0.008764
 970.000000  0.009716
 971.000000  0.008935
 972.000000  0.007373
 973.000000  0.008691
 974.000000  0.007202
 975.000000  0.008935
 976.000000  0.007251
 977.000000  0.008886
 978.000000  0.007251
 979.000000  0.008544
 980.000000  0.007251
 981.000000  0.009130
 982.000000  0.007251
 983.000000  0.006348
 984.000000  0.007300
 985.000000  0.009057
 986.000000  0.007275
 987.000000  0.008740
 988.000000  0.009716
 989.000000  0.008740
 990.000000  0.007300
 991.000000  0.008813
 992.000000  0.007300
 993.000000  0.008642
 994.000000  0.007275
 995.000000  0.008789
 996.000000  0.007251
 997.000000  0.008642
 998.000000  0.009692
 999.000000  0.008618
 1000.000000  0.009741
 1001.000000  0.008691
 1002.000000  0.007300
 1003.000000  0.008520
 1004.000000  0.007275
 1005.000000  0.008569
 1006.000000  0.007324
 1007.000000  0.008789
 1008.000000  0.007324
 1009.000000  0.009008
 1010.000000  0.007324
 1011.000000  0.008715
 1012.000000  0.007300
 1013.000000  0.008618
 1014.000000  0.007275
 1015.000000  0.008691
 1016.000000  0.007202
 1017.000000  0.008813
 1018.000000  0.007300
 1019.000000  0.008642
 1020.000000  0.007251
 1021.000000  0.008252
 1022.000000  0.007202
 1023.000000  0.008618
