 0.000000  0.007422
 1.000000  0.007300
 2.000000  0.007349
 3.000000  0.007275
 4.000000  0.007422
 5.000000  0.007300
 6.000000  0.007373
 7.000000  0.007300
 8.000000  0.007324
 9.000000  0.007324
 10.000000  0.007324
 11.000000  0.007324
 12.000000  0.007397
 13.000000  0.007324
 14.000000  0.007324
 15.000000  0.007275
 16.000000  0.007324
 17.000000  0.007324
 18.000000  0.007349
 19.000000  0.007324
 20.000000  0.007324
 21.000000  0.007300
 22.000000  0.007324
 23.000000  0.007324
 24.000000  0.007349
 25.000000  0.007324
 26.000000  0.007495
 27.000000  0.009741
 28.000000  0.007349
 29.000000  0.007324
 30.000000  0.007349
 31.000000  0.007324
 32.000000  0.007422
 33.000000  0.007300
 34.000000  0.007373
 35.000000  0.007324
 36.000000  0.007324
 37.000000  0.007324
 38.000000  0.007397
 39.000000  0.009765
 40.000000  0.007349
 41.000000  0.007324
 42.000000  0.007373
 43.000000  0.007324
 44.000000  0.007373
 45.000000  0.007324
 46.000000  0.007324
 47.000000  0.007275
 48.000000  0.007324
 49.000000  0.007324
 50.000000  0.007324
 51.000000  0.007300
 52.000000  0.007324
 53.000000  0.007324
 54.000000  0.007324
 55.000000  0.007324
 56.000000  0.007349
 57.000000  0.007324
 58.000000  0.007422
 59.000000  0.009765
 60.000000  0.007324
 61.000000  0.009741
 62.000000  0.007324
 63.000000  0.007324
 64.000000  0.007397
 65.000000  0.007324
 66.000000  0.007324
 67.000000  0.009765
 68.000000  0.007349
 69.000000  0.007300
 70.000000  0.007373
 71.000000  0.007324
 72.000000  0.007324
 73.000000  0.007251
 74.000000  0.007324
 75.000000  0.007300
 76.000000  0.007324
 77.000000  0.007300
 78.000000  0.007349
 79.000000  0.007300
 80.000000  0.007422
 81.000000  0.007324
 82.000000  0.007300
 83.000000  0.007251
 84.000000  0.007324
 85.000000  0.007275
 86.000000  0.007349
 87.000000  0.007275
 88.000000  0.007397
 89.000000  0.007251
 90.000000  0.007373
 91.000000  0.007275
 92.000000  0.007373
 93.000000  0.007251
 94.000000  0.007422
 95.000000  0.007227
 96.000000  0.007373
 97.000000  0.007227
 98.000000  0.007349
 99.000000  0.007275
 100.000000  0.007446
 101.000000  0.009716
 102.000000  0.007373
 103.000000  0.009692
 104.000000  0.007349
 105.000000  0.007202
 106.000000  0.007422
 107.000000  0.007227
 108.000000  0.007397
 109.000000  0.009741
 110.000000  0.007349
 111.000000  0.007251
 112.000000  0.007446
 113.000000  0.007202
 114.000000  0.007446
 115.000000  0.007275
 116.000000  0.007349
 117.000000  0.007300
 118.000000  0.007519
 119.000000  0.007178
 120.000000  0.007495
 121.000000  0.007251
 122.000000  0.007446
 123.000000  0.007275
 124.000000  0.007446
 125.000000  0.007178
 126.000000  0.007446
 127.000000  0.009716
 128.000000  0.007373
 129.000000  0.007227
 130.000000  0.007373
 131.000000  0.009668
 132.000000  0.007397
 133.000000  0.007202
 134.000000  0.007422
 135.000000  0.009643
 136.000000  0.007446
 137.000000  0.007227
 138.000000  0.007373
 139.000000  0.007275
 140.000000  0.007397
 141.000000  0.007227
 142.000000  0.007446
 143.000000  0.007251
 144.000000  0.007373
 145.000000  0.009765
 146.000000  0.007422
 147.000000  0.007275
 148.000000  0.007471
 149.000000  0.009692
 150.000000  0.007373
 151.000000  0.007275
 152.000000  0.007373
 153.000000  0.007251
 154.000000  0.007373
 155.000000  0.007251
 156.000000  0.007373
 157.000000  0.009765
 158.000000  0.007349
 159.000000  0.007324
 160.000000  0.007349
 161.000000  0.007300
 162.000000  0.007324
 163.000000  0.007251
 164.000000  0.007349
 165.000000  0.007275
 166.000000  0.007324
 167.000000  0.007251
 168.000000  0.007324
 169.000000  0.009716
 170.000000  0.007349
 171.000000  0.007275
 172.000000  0.007324
 173.000000  0.007324
 174.000000  0.007324
 175.000000  0.007227
 176.000000  0.007349
 177.000000  0.007275
 178.000000  0.007324
 179.000000  0.009716
 180.000000  0.007324
 181.000000  0.007300
 182.000000  0.007324
 183.000000  0.007324
 184.000000  0.007373
 185.000000  0.007275
 186.000000  0.007324
 187.000000  0.007300
 188.000000  0.007349
 189.000000  0.007275
 190.000000  0.007324
 191.000000  0.007251
 192.000000  0.007324
 193.000000  0.007300
 194.000000  0.007349
 195.000000  0.007300
 196.000000  0.009765
 197.000000  0.007275
 198.000000  0.007349
 199.000000  0.009741
 200.000000  0.007324
 201.000000  0.009741
 202.000000  0.007324
 203.000000  0.007251
 204.000000  0.007324
 205.000000  0.007056
 206.000000  0.007324
 207.000000  0.007251
 208.000000  0.007324
 209.000000  0.009692
 210.000000  0.007349
 211.000000  0.007153
 212.000000  0.007324
 213.000000  0.009643
 214.000000  0.007324
 215.000000  0.007227
 216.000000  0.007349
 217.000000  0.007251
 218.000000  0.007349
 219.000000  0.009765
 220.000000  0.007324
 221.000000  0.007300
 222.000000  0.007324
 223.000000  0.007275
 224.000000  0.007349
 225.000000  0.007300
 226.000000  0.007324
 227.000000  0.009741
 228.000000  0.007324
 229.000000  0.009716
 230.000000  0.007324
 231.000000  0.007227
 232.000000  0.007349
 233.000000  0.009668
 234.000000  0.007349
 235.000000  0.007202
 236.000000  0.007275
 237.000000  0.007202
 238.000000  0.007373
 239.000000  0.009692
 240.000000  0.007324
 241.000000  0.007129
 242.000000  0.007349
 243.000000  0.009594
 244.000000  0.007373
 245.000000  0.007275
 246.000000  0.007397
 247.000000  0.007129
 248.000000  0.007373
 249.000000  0.007178
 250.000000  0.007324
 251.000000  0.007104
 252.000000  0.007349
 253.000000  0.007227
 254.000000  0.007373
 255.000000  0.009692
 256.000000  0.007422
 257.000000  0.007202
 258.000000  0.007324
 259.000000  0.007056
 260.000000  0.007373
 261.000000  0.007129
 262.000000  0.007422
 263.000000  0.009594
 264.000000  0.007349
 265.000000  0.009619
 266.000000  0.007349
 267.000000  0.009692
 268.000000  0.007373
 269.000000  0.009545
 270.000000  0.007422
 271.000000  0.007178
 272.000000  0.007397
 273.000000  0.007251
 274.000000  0.007373
 275.000000  0.009545
 276.000000  0.007373
 277.000000  0.009594
 278.000000  0.007349
 279.000000  0.007178
 280.000000  0.007397
 281.000000  0.009668
 282.000000  0.007422
 283.000000  0.009545
 284.000000  0.007300
 285.000000  0.007251
 286.000000  0.007373
 287.000000  0.007251
 288.000000  0.007397
 289.000000  0.009643
 290.000000  0.007349
 291.000000  0.007275
 292.000000  0.007397
 293.000000  0.007104
 294.000000  0.007397
 295.000000  0.009668
 296.000000  0.007373
 297.000000  0.009692
 298.000000  0.007422
 299.000000  0.009692
 300.000000  0.007349
 301.000000  0.007251
 302.000000  0.007373
 303.000000  0.009716
 304.000000  0.007373
 305.000000  0.007251
 306.000000  0.007324
 307.000000  0.009692
 308.000000  0.007324
 309.000000  0.009668
 310.000000  0.007397
 311.000000  0.007275
 312.000000  0.007349
 313.000000  0.007300
 314.000000  0.007397
 315.000000  0.009716
 316.000000  0.007349
 317.000000  0.007275
 318.000000  0.007324
 319.000000  0.007227
 320.000000  0.007349
 321.000000  0.009765
 322.000000  0.007324
 323.000000  0.009668
 324.000000  0.007324
 325.000000  0.007300
 326.000000  0.007324
 327.000000  0.007275
 328.000000  0.007349
 329.000000  0.009741
 330.000000  0.007373
 331.000000  0.009741
 332.000000  0.007349
 333.000000  0.009765
 334.000000  0.007324
 335.000000  0.009765
 336.000000  0.007324
 337.000000  0.007300
 338.000000  0.007324
 339.000000  0.007324
 340.000000  0.007349
 341.000000  0.009765
 342.000000  0.009814
 343.000000  0.009741
 344.000000  0.007324
 345.000000  0.009765
 346.000000  0.007397
 347.000000  0.007324
 348.000000  0.007324
 349.000000  0.009741
 350.000000  0.007349
 351.000000  0.009741
 352.000000  0.007349
 353.000000  0.009765
 354.000000  0.007349
 355.000000  0.007324
 356.000000  0.007349
 357.000000  0.007324
 358.000000  0.007349
 359.000000  0.009765
 360.000000  0.007373
 361.000000  0.007300
 362.000000  0.007324
 363.000000  0.009741
 364.000000  0.007324
 365.000000  0.007324
 366.000000  0.007324
 367.000000  0.007324
 368.000000  0.007349
 369.000000  0.007324
 370.000000  0.007349
 371.000000  0.009765
 372.000000  0.007349
 373.000000  0.009765
 374.000000  0.007324
 375.000000  0.009765
 376.000000  0.007324
 377.000000  0.007324
 378.000000  0.007422
 379.000000  0.007324
 380.000000  0.007373
 381.000000  0.009765
 382.000000  0.007324
 383.000000  0.007324
 384.000000  0.007373
 385.000000  0.007300
 386.000000  0.007422
 387.000000  0.009765
 388.000000  0.007349
 389.000000  0.009741
 390.000000  0.007397
 391.000000  0.009765
 392.000000  0.007471
 393.000000  0.007324
 394.000000  0.007495
 395.000000  0.007275
 396.000000  0.007373
 397.000000  0.007349
 398.000000  0.007422
 399.000000  0.007300
 400.000000  0.007544
 401.000000  0.009668
 402.000000  0.007471
 403.000000  0.007324
 404.000000  0.007446
 405.000000  0.007349
 406.000000  0.007446
 407.000000  0.007275
 408.000000  0.007519
 409.000000  0.009741
 410.000000  0.007642
 411.000000  0.009692
 412.000000  0.007495
 413.000000  0.007324
 414.000000  0.007666
 415.000000  0.009765
 416.000000  0.007471
 417.000000  0.007275
 418.000000  0.007568
 419.000000  0.007349
 420.000000  0.007739
 421.000000  0.007349
 422.000000  0.007568
 423.000000  0.007275
 424.000000  0.007519
 425.000000  0.009790
 426.000000  0.007495
 427.000000  0.009765
 428.000000  0.007861
 429.000000  0.009741
 430.000000  0.007812
 431.000000  0.009765
 432.000000  0.007617
 433.000000  0.007300
 434.000000  0.007642
 435.000000  0.009741
 436.000000  0.007593
 437.000000  0.009716
 438.000000  0.007568
 439.000000  0.009838
 440.000000  0.007764
 441.000000  0.009790
 442.000000  0.007739
 443.000000  0.009790
 444.000000  0.007837
 445.000000  0.009741
 446.000000  0.007861
 447.000000  0.007349
 448.000000  0.007764
 449.000000  0.009765
 450.000000  0.007666
 451.000000  0.009790
 452.000000  0.007910
 453.000000  0.009814
 454.000000  0.008179
 455.000000  0.009863
 456.000000  0.008032
 457.000000  0.009814
 458.000000  0.007910
 459.000000  0.009765
 460.000000  0.008301
 461.000000  0.009814
 462.000000  0.008105
 463.000000  0.009814
 464.000000  0.008227
 465.000000  0.009814
 466.000000  0.008325
 467.000000  0.007324
 468.000000  0.008179
 469.000000  0.007397
 470.000000  0.008350
 471.000000  0.009863
 472.000000  0.008301
 473.000000  0.007349
 474.000000  0.008716
 475.000000  0.009765
 476.000000  0.008545
 477.000000  0.007446
 478.000000  0.008472
 479.000000  0.009790
 480.000000  0.008740
 481.000000  0.009936
 482.000000  0.008765
 483.000000  0.007471
 484.000000  0.008667
 485.000000  0.009912
 486.000000  0.008789
 487.000000  0.007446
 488.000000  0.009155
 489.000000  0.007471
 490.000000  0.008984
 491.000000  0.009838
 492.000000  0.009228
 493.000000  0.009912
 494.000000  0.009228
 495.000000  0.010009
 496.000000  0.009424
 497.000000  0.007471
 498.000000  0.009204
 499.000000  0.009912
 500.000000  0.009473
 501.000000  0.010180
 502.000000  0.009399
 503.000000  0.009985
 504.000000  0.009473
 505.000000  0.010571
 506.000000  0.009668
 507.000000  0.007739
 508.000000  0.009692
 509.000000  0.007935
 510.000000  0.009668
 511.000000  0.010620
 512.000000  0.009644
 513.000000  0.008081
 514.000000  0.009741
 515.000000  0.008472
 516.000000  0.009717
 517.000000  0.008130
 518.000000  0.009692
 519.000000  0.008520
 520.000000  0.009766
 521.000000  0.008740
 522.000000  0.009717
 523.000000  0.010986
 524.000000  0.009741
 525.000000  0.011596
 526.000000  0.009717
 527.000000  0.011084
 528.000000  0.009766
 529.000000  0.011987
 530.000000  0.009766
 531.000000  0.012133
 532.000000  0.009766
 533.000000  0.009741
 534.000000  0.009766
 535.000000  0.009717
 536.000000  0.009766
 537.000000  0.012133
 538.000000  0.009766
 539.000000  0.012109
 540.000000  0.009741
 541.000000  0.009692
 542.000000  0.009766
 543.000000  0.009766
 544.000000  0.009766
 545.000000  0.009692
 546.000000  0.009863
 547.000000  0.012207
 548.000000  0.009961
 549.000000  0.012182
 550.000000  0.009863
 551.000000  0.012182
 552.000000  0.010132
 553.000000  0.009814
 554.000000  0.010083
 555.000000  0.009814
 556.000000  0.010840
 557.000000  0.012451
 558.000000  0.011060
 559.000000  0.012304
 560.000000  0.010840
 561.000000  0.010254
 562.000000  0.011841
 563.000000  0.013305
 564.000000  0.011401
 565.000000  0.013330
 566.000000  0.011865
 567.000000  0.013720
 568.000000  0.012012
 569.000000  0.013330
 570.000000  0.012036
 571.000000  0.014379
 572.000000  0.012231
 573.000000  0.014209
 574.000000  0.012183
 575.000000  0.014379
 576.000000  0.012402
 577.000000  0.014599
 578.000000  0.012231
 579.000000  0.014599
 580.000000  0.012769
 581.000000  0.012305
 582.000000  0.012573
 583.000000  0.014624
 584.000000  0.012646
 585.000000  0.014819
 586.000000  0.013550
 587.000000  0.014746
 588.000000  0.012695
 589.000000  0.012378
 590.000000  0.014185
 591.000000  0.015576
 592.000000  0.013696
 593.000000  0.012769
 594.000000  0.014502
 595.000000  0.016699
 596.000000  0.014624
 597.000000  0.015600
 598.000000  0.014404
 599.000000  0.016552
 600.000000  0.014697
 601.000000  0.016699
 602.000000  0.014624
 603.000000  0.016918
 604.000000  0.015381
 605.000000  0.017236
 606.000000  0.014868
 607.000000  0.017114
 608.000000  0.015698
 609.000000  0.017651
 610.000000  0.016992
 611.000000  0.017163
 612.000000  0.018750
 613.000000  0.018066
 614.000000  0.019580
 615.000000  0.018920
 616.000000  0.016577
 617.000000  0.015698
 618.000000  0.017261
 619.000000  0.019995
 620.000000  0.017163
 621.000000  0.019409
 622.000000  0.017383
 623.000000  0.020336
 624.000000  0.022265
 625.000000  0.019848
 626.000000  0.018481
 627.000000  0.020629
 628.000000  0.020264
 629.000000  0.022119
 630.000000  0.019360
 631.000000  0.019946
 632.000000  0.019531
 633.000000  0.024487
 634.000000  0.022021
 635.000000  0.021875
 636.000000  0.019653
 637.000000  0.020825
 638.000000  0.026855
 639.000000  0.024804
 640.000000  0.021704
 641.000000  0.023120
 642.000000  0.024976
 643.000000  0.034961
 644.000000  0.029272
 645.000000  0.024853
 646.000000  0.029174
 647.000000  0.050561
 648.000000  0.083374
 649.000000  0.033740
 650.000000  0.026929
 651.000000  0.036035
 652.000000  0.133887
 653.000000  0.176270
 654.000000  0.039478
 655.000000  0.031591
 656.000000  0.042798
 657.000000  0.153857
 658.000000  0.124365
 659.000000  0.034595
 660.000000  0.033057
 661.000000  0.056591
 662.000000  0.181006
 663.000000  0.111718
 664.000000  0.041674
 665.000000  0.049780
 666.000000  0.177514
 667.000000  0.675098
 668.000000  0.220190
 669.000000  0.040625
 670.000000  0.031592
 671.000000  0.035254
 672.000000  0.045776
 673.000000  0.030957
 674.000000  0.027490
 675.000000  0.026855
 676.000000  0.029126
 677.000000  0.033642
 678.000000  0.024414
 679.000000  0.024414
 680.000000  0.022461
 681.000000  0.024341
 682.000000  0.025513
 683.000000  0.023510
 684.000000  0.021753
 685.000000  0.022680
 686.000000  0.022021
 687.000000  0.020483
 688.000000  0.021972
 689.000000  0.019482
 690.000000  0.022387
 691.000000  0.022119
 692.000000  0.019678
 693.000000  0.020532
 694.000000  0.019385
 695.000000  0.020727
 696.000000  0.021948
 697.000000  0.019775
 698.000000  0.017773
 699.000000  0.019531
 700.000000  0.018335
 701.000000  0.017187
 702.000000  0.017139
 703.000000  0.017065
 704.000000  0.019531
 705.000000  0.019506
 706.000000  0.017139
 707.000000  0.016626
 708.000000  0.017090
 709.000000  0.018481
 710.000000  0.017041
 711.000000  0.017675
 712.000000  0.016406
 713.000000  0.017236
 714.000000  0.015649
 715.000000  0.017163
 716.000000  0.015430
 717.000000  0.017041
 718.000000  0.014746
 719.000000  0.016772
 720.000000  0.014697
 721.000000  0.016845
 722.000000  0.014600
 723.000000  0.015942
 724.000000  0.014502
 725.000000  0.015795
 726.000000  0.014087
 727.000000  0.014819
 728.000000  0.013184
 729.000000  0.012451
 730.000000  0.013892
 731.000000  0.014892
 732.000000  0.012524
 733.000000  0.014624
 734.000000  0.015258
 735.000000  0.014697
 736.000000  0.012427
 737.000000  0.014599
 738.000000  0.012280
 739.000000  0.014599
 740.000000  0.012378
 741.000000  0.014331
 742.000000  0.012134
 743.000000  0.011645
 744.000000  0.012134
 745.000000  0.014160
 746.000000  0.011841
 747.000000  0.010840
 748.000000  0.011645
 749.000000  0.013525
 750.000000  0.011816
 751.000000  0.012622
 752.000000  0.012988
 753.000000  0.012329
 754.000000  0.010669
 755.000000  0.012353
 756.000000  0.010107
 757.000000  0.012304
 758.000000  0.010010
 759.000000  0.009766
 760.000000  0.009985
 761.000000  0.012231
 762.000000  0.009790
 763.000000  0.012158
 764.000000  0.009839
 765.000000  0.012133
 766.000000  0.009790
 767.000000  0.009546
 768.000000  0.009766
 769.000000  0.012036
 770.000000  0.009814
 771.000000  0.011767
 772.000000  0.009717
 773.000000  0.011645
 774.000000  0.012207
 775.000000  0.011572
 776.000000  0.012182
 777.000000  0.011132
 778.000000  0.009717
 779.000000  0.008984
 780.000000  0.009668
 781.000000  0.008105
 782.000000  0.012060
 783.000000  0.010669
 784.000000  0.009668
 785.000000  0.010522
 786.000000  0.009570
 787.000000  0.010376
 788.000000  0.011938
 789.000000  0.010131
 790.000000  0.009351
 791.000000  0.009912
 792.000000  0.009058
 793.000000  0.009936
 794.000000  0.009326
 795.000000  0.010009
 796.000000  0.009106
 797.000000  0.009814
 798.000000  0.009033
 799.000000  0.009887
 800.000000  0.008936
 801.000000  0.009790
 802.000000  0.011059
 803.000000  0.009838
 804.000000  0.008545
 805.000000  0.009838
 806.000000  0.008203
 807.000000  0.009790
 808.000000  0.011035
 809.000000  0.007349
 810.000000  0.008252
 811.000000  0.007324
 812.000000  0.007715
 813.000000  0.007324
 814.000000  0.008227
 815.000000  0.009765
 816.000000  0.007861
 817.000000  0.009765
 818.000000  0.007812
 819.000000  0.009790
 820.000000  0.007739
 821.000000  0.009765
 822.000000  0.007593
 823.000000  0.009765
 824.000000  0.009985
 825.000000  0.009765
 826.000000  0.007544
 827.000000  0.009765
 828.000000  0.007446
 829.000000  0.009765
 830.000000  0.007397
 831.000000  0.009765
 832.000000  0.007349
 833.000000  0.009765
 834.000000  0.007324
 835.000000  0.009765
 836.000000  0.009790
 837.000000  0.009765
 838.000000  0.007373
 839.000000  0.009765
 840.000000  0.007324
 841.000000  0.009765
 842.000000  0.009863
 843.000000  0.009765
 844.000000  0.007373
 845.000000  0.007324
 846.000000  0.009765
 847.000000  0.009765
 848.000000  0.007397
 849.000000  0.009765
 850.000000  0.007324
 851.000000  0.009765
 852.000000  0.007324
 853.000000  0.007324
 854.000000  0.009790
 855.000000  0.009741
 856.000000  0.007324
 857.000000  0.007324
 858.000000  0.007349
 859.000000  0.007275
 860.000000  0.009790
 861.000000  0.009643
 862.000000  0.007324
 863.000000  0.007202
 864.000000  0.007373
 865.000000  0.009716
 866.000000  0.009741
 867.000000  0.007227
 868.000000  0.007422
 869.000000  0.009594
 870.000000  0.007349
 871.000000  0.009619
 872.000000  0.007373
 873.000000  0.009643
 874.000000  0.007373
 875.000000  0.009619
 876.000000  0.007324
 877.000000  0.007104
 878.000000  0.007349
 879.000000  0.007104
 880.000000  0.007373
 881.000000  0.009619
 882.000000  0.007446
 883.000000  0.009570
 884.000000  0.007349
 885.000000  0.009570
 886.000000  0.007349
 887.000000  0.007007
 888.000000  0.007349
 889.000000  0.009350
 890.000000  0.007275
 891.000000  0.009521
 892.000000  0.007300
 893.000000  0.009448
 894.000000  0.007324
 895.000000  0.009570
 896.000000  0.007349
 897.000000  0.009570
 898.000000  0.007300
 899.000000  0.009472
 900.000000  0.007275
 901.000000  0.009570
 902.000000  0.009765
 903.000000  0.009399
 904.000000  0.007349
 905.000000  0.009179
 906.000000  0.009814
 907.000000  0.009106
 908.000000  0.009765
 909.000000  0.009350
 910.000000  0.007300
 911.000000  0.009155
 912.000000  0.007349
 913.000000  0.009204
 914.000000  0.007324
 915.000000  0.009375
 916.000000  0.007251
 917.000000  0.009448
 918.000000  0.009790
 919.000000  0.009130
 920.000000  0.009790
 921.000000  0.009033
 922.000000  0.007324
 923.000000  0.009155
 924.000000  0.007300
 925.000000  0.009277
 926.000000  0.007324
 927.000000  0.009252
 928.000000  0.007349
 929.000000  0.009375
 930.000000  0.007300
 931.000000  0.009277
 932.000000  0.007324
 933.000000  0.009399
 934.000000  0.007349
 935.000000  0.009228
 936.000000  0.007300
 937.000000  0.009350
 938.000000  0.007324
 939.000000  0.009155
 940.000000  0.007324
 941.000000  0.009423
 942.000000  0.007324
 943.000000  0.009179
 944.000000  0.007349
 945.000000  0.006836
 946.000000  0.009765
 947.000000  0.009497
 948.000000  0.007349
 949.000000  0.009252
 950.000000  0.009741
 951.000000  0.009375
 952.000000  0.007324
 953.000000  0.009277
 954.000000  0.007300
 955.000000  0.009301
 956.000000  0.007324
 957.000000  0.009326
 958.000000  0.007275
 959.000000  0.006836
 960.000000  0.007324
 961.000000  0.006934
 962.000000  0.009741
 963.000000  0.006885
 964.000000  0.007300
 965.000000  0.009252
 966.000000  0.007324
 967.000000  0.009375
 968.000000  0.007275
 969.000000  0.009106
 970.000000  0.009765
 971.000000  0.009448
 972.000000  0.007324
 973.000000  0.008984
 974.000000  0.007275
 975.000000  0.009326
 976.000000  0.007324
 977.000000  0.009179
 978.000000  0.007324
 979.000000  0.009082
 980.000000  0.007324
 981.000000  0.009399
 982.000000  0.007324
 983.000000  0.006787
 984.000000  0.007324
 985.000000  0.009301
 986.000000  0.007300
 987.000000  0.009008
 988.000000  0.009765
 989.000000  0.008886
 990.000000  0.007324
 991.000000  0.008886
 992.000000  0.007324
 993.000000  0.009179
 994.000000  0.007324
 995.000000  0.009204
 996.000000  0.007251
 997.000000  0.009179
 998.000000  0.009765
 999.000000  0.008960
 1000.000000  0.009765
 1001.000000  0.009008
 1002.000000  0.007324
 1003.000000  0.009008
 1004.000000  0.007324
 1005.000000  0.008984
 1006.000000  0.007324
 1007.000000  0.008618
 1008.000000  0.007300
 1009.000000  0.008911
 1010.000000  0.007300
 1011.000000  0.008960
 1012.000000  0.007251
 1013.000000  0.008935
 1014.000000  0.007275
 1015.000000  0.009106
 1016.000000  0.007227
 1017.000000  0.009301
 1018.000000  0.007300
 1019.000000  0.008569
 1020.000000  0.007251
 1021.000000  0.008544
 1022.000000  0.007275
 1023.000000  0.008789
