 0.000000  0.007422
 1.000000  0.007324
 2.000000  0.007349
 3.000000  0.007373
 4.000000  0.007495
 5.000000  0.007349
 6.000000  0.007373
 7.000000  0.007324
 8.000000  0.007324
 9.000000  0.007275
 10.000000  0.007446
 11.000000  0.007275
 12.000000  0.007519
 13.000000  0.007300
 14.000000  0.007495
 15.000000  0.007275
 16.000000  0.007544
 17.000000  0.007300
 18.000000  0.007422
 19.000000  0.007300
 20.000000  0.007471
 21.000000  0.007227
 22.000000  0.007471
 23.000000  0.007300
 24.000000  0.007519
 25.000000  0.007251
 26.000000  0.007666
 27.000000  0.009643
 28.000000  0.007446
 29.000000  0.007300
 30.000000  0.007471
 31.000000  0.007324
 32.000000  0.007471
 33.000000  0.007153
 34.000000  0.007617
 35.000000  0.007178
 36.000000  0.007519
 37.000000  0.007275
 38.000000  0.007544
 39.000000  0.009643
 40.000000  0.007617
 41.000000  0.007202
 42.000000  0.007568
 43.000000  0.007300
 44.000000  0.007568
 45.000000  0.007129
 46.000000  0.007593
 47.000000  0.007251
 48.000000  0.007471
 49.000000  0.007227
 50.000000  0.007446
 51.000000  0.007275
 52.000000  0.007446
 53.000000  0.007300
 54.000000  0.007373
 55.000000  0.007300
 56.000000  0.007495
 57.000000  0.007300
 58.000000  0.007495
 59.000000  0.009668
 60.000000  0.007397
 61.000000  0.009716
 62.000000  0.007397
 63.000000  0.007251
 64.000000  0.007422
 65.000000  0.007324
 66.000000  0.007471
 67.000000  0.009741
 68.000000  0.007422
 69.000000  0.007275
 70.000000  0.007349
 71.000000  0.007300
 72.000000  0.007349
 73.000000  0.007251
 74.000000  0.007373
 75.000000  0.007300
 76.000000  0.007324
 77.000000  0.007300
 78.000000  0.007397
 79.000000  0.007324
 80.000000  0.007373
 81.000000  0.007300
 82.000000  0.007349
 83.000000  0.007300
 84.000000  0.007373
 85.000000  0.007324
 86.000000  0.007349
 87.000000  0.007300
 88.000000  0.007397
 89.000000  0.007300
 90.000000  0.007397
 91.000000  0.007300
 92.000000  0.007324
 93.000000  0.007324
 94.000000  0.007324
 95.000000  0.007324
 96.000000  0.007349
 97.000000  0.007300
 98.000000  0.007397
 99.000000  0.007324
 100.000000  0.007373
 101.000000  0.009765
 102.000000  0.007324
 103.000000  0.009765
 104.000000  0.007324
 105.000000  0.007324
 106.000000  0.007373
 107.000000  0.007324
 108.000000  0.007324
 109.000000  0.009716
 110.000000  0.007373
 111.000000  0.007324
 112.000000  0.007324
 113.000000  0.007324
 114.000000  0.007324
 115.000000  0.007324
 116.000000  0.007349
 117.000000  0.007300
 118.000000  0.007324
 119.000000  0.007324
 120.000000  0.007324
 121.000000  0.007324
 122.000000  0.007373
 123.000000  0.007300
 124.000000  0.007349
 125.000000  0.007300
 126.000000  0.007324
 127.000000  0.009765
 128.000000  0.007324
 129.000000  0.007324
 130.000000  0.007373
 131.000000  0.009741
 132.000000  0.007324
 133.000000  0.007324
 134.000000  0.007324
 135.000000  0.009765
 136.000000  0.007324
 137.000000  0.007300
 138.000000  0.007373
 139.000000  0.007275
 140.000000  0.007373
 141.000000  0.007324
 142.000000  0.007349
 143.000000  0.007324
 144.000000  0.007349
 145.000000  0.009765
 146.000000  0.007349
 147.000000  0.007300
 148.000000  0.007349
 149.000000  0.009765
 150.000000  0.007324
 151.000000  0.007324
 152.000000  0.007324
 153.000000  0.007300
 154.000000  0.007324
 155.000000  0.007300
 156.000000  0.007324
 157.000000  0.009765
 158.000000  0.007349
 159.000000  0.007300
 160.000000  0.007373
 161.000000  0.007275
 162.000000  0.007373
 163.000000  0.007300
 164.000000  0.007324
 165.000000  0.007275
 166.000000  0.007422
 167.000000  0.007275
 168.000000  0.007397
 169.000000  0.009692
 170.000000  0.007446
 171.000000  0.007275
 172.000000  0.007446
 173.000000  0.007227
 174.000000  0.007373
 175.000000  0.007275
 176.000000  0.007397
 177.000000  0.007251
 178.000000  0.007495
 179.000000  0.009643
 180.000000  0.007422
 181.000000  0.007300
 182.000000  0.007495
 183.000000  0.007275
 184.000000  0.007446
 185.000000  0.007275
 186.000000  0.007471
 187.000000  0.007300
 188.000000  0.007568
 189.000000  0.007202
 190.000000  0.007617
 191.000000  0.007227
 192.000000  0.007446
 193.000000  0.007275
 194.000000  0.007593
 195.000000  0.007202
 196.000000  0.009961
 197.000000  0.007104
 198.000000  0.007593
 199.000000  0.009668
 200.000000  0.007495
 201.000000  0.009643
 202.000000  0.007471
 203.000000  0.007349
 204.000000  0.007495
 205.000000  0.007178
 206.000000  0.007373
 207.000000  0.007275
 208.000000  0.007422
 209.000000  0.009668
 210.000000  0.007397
 211.000000  0.007202
 212.000000  0.007422
 213.000000  0.009741
 214.000000  0.007422
 215.000000  0.007300
 216.000000  0.007471
 217.000000  0.007275
 218.000000  0.007471
 219.000000  0.009741
 220.000000  0.007446
 221.000000  0.007275
 222.000000  0.007397
 223.000000  0.007324
 224.000000  0.007397
 225.000000  0.007153
 226.000000  0.007349
 227.000000  0.009716
 228.000000  0.007397
 229.000000  0.009716
 230.000000  0.007422
 231.000000  0.007324
 232.000000  0.007373
 233.000000  0.009765
 234.000000  0.007324
 235.000000  0.007324
 236.000000  0.007422
 237.000000  0.007324
 238.000000  0.007349
 239.000000  0.009765
 240.000000  0.007397
 241.000000  0.007300
 242.000000  0.007397
 243.000000  0.009765
 244.000000  0.007373
 245.000000  0.007324
 246.000000  0.007324
 247.000000  0.007300
 248.000000  0.007324
 249.000000  0.007324
 250.000000  0.007349
 251.000000  0.007300
 252.000000  0.007349
 253.000000  0.007324
 254.000000  0.007324
 255.000000  0.009765
 256.000000  0.007373
 257.000000  0.007324
 258.000000  0.007324
 259.000000  0.007300
 260.000000  0.007373
 261.000000  0.007324
 262.000000  0.007349
 263.000000  0.009765
 264.000000  0.007324
 265.000000  0.009765
 266.000000  0.007349
 267.000000  0.009765
 268.000000  0.007324
 269.000000  0.009741
 270.000000  0.007349
 271.000000  0.007324
 272.000000  0.007349
 273.000000  0.007324
 274.000000  0.007324
 275.000000  0.009765
 276.000000  0.007373
 277.000000  0.009765
 278.000000  0.007324
 279.000000  0.007324
 280.000000  0.007373
 281.000000  0.009765
 282.000000  0.007324
 283.000000  0.009765
 284.000000  0.007373
 285.000000  0.007324
 286.000000  0.007324
 287.000000  0.007324
 288.000000  0.007397
 289.000000  0.009765
 290.000000  0.007349
 291.000000  0.007275
 292.000000  0.007324
 293.000000  0.007324
 294.000000  0.007349
 295.000000  0.009741
 296.000000  0.007349
 297.000000  0.009765
 298.000000  0.007349
 299.000000  0.009741
 300.000000  0.007446
 301.000000  0.007300
 302.000000  0.007422
 303.000000  0.009741
 304.000000  0.007349
 305.000000  0.007324
 306.000000  0.007373
 307.000000  0.009741
 308.000000  0.007422
 309.000000  0.009765
 310.000000  0.007373
 311.000000  0.007324
 312.000000  0.007349
 313.000000  0.007324
 314.000000  0.007446
 315.000000  0.009765
 316.000000  0.007446
 317.000000  0.007349
 318.000000  0.007397
 319.000000  0.007324
 320.000000  0.007373
 321.000000  0.009716
 322.000000  0.007495
 323.000000  0.009765
 324.000000  0.007568
 325.000000  0.007324
 326.000000  0.007519
 327.000000  0.007275
 328.000000  0.007519
 329.000000  0.009765
 330.000000  0.007544
 331.000000  0.009741
 332.000000  0.007617
 333.000000  0.009765
 334.000000  0.007568
 335.000000  0.009716
 336.000000  0.007568
 337.000000  0.007300
 338.000000  0.007764
 339.000000  0.007349
 340.000000  0.007568
 341.000000  0.009863
 342.000000  0.010058
 343.000000  0.009741
 344.000000  0.007886
 345.000000  0.009814
 346.000000  0.007959
 347.000000  0.007275
 348.000000  0.007593
 349.000000  0.009790
 350.000000  0.007812
 351.000000  0.009765
 352.000000  0.007764
 353.000000  0.009863
 354.000000  0.007886
 355.000000  0.007349
 356.000000  0.007715
 357.000000  0.007324
 358.000000  0.007935
 359.000000  0.009814
 360.000000  0.008008
 361.000000  0.007349
 362.000000  0.007666
 363.000000  0.009814
 364.000000  0.007690
 365.000000  0.007397
 366.000000  0.007715
 367.000000  0.007324
 368.000000  0.007739
 369.000000  0.007349
 370.000000  0.007690
 371.000000  0.009765
 372.000000  0.007666
 373.000000  0.009765
 374.000000  0.007812
 375.000000  0.009765
 376.000000  0.008130
 377.000000  0.007349
 378.000000  0.008203
 379.000000  0.007349
 380.000000  0.007886
 381.000000  0.009790
 382.000000  0.008008
 383.000000  0.007349
 384.000000  0.008057
 385.000000  0.007373
 386.000000  0.007959
 387.000000  0.009790
 388.000000  0.007959
 389.000000  0.009790
 390.000000  0.008301
 391.000000  0.009765
 392.000000  0.008008
 393.000000  0.007324
 394.000000  0.007983
 395.000000  0.007324
 396.000000  0.008008
 397.000000  0.007324
 398.000000  0.008057
 399.000000  0.007324
 400.000000  0.008057
 401.000000  0.009790
 402.000000  0.007935
 403.000000  0.007324
 404.000000  0.007788
 405.000000  0.007324
 406.000000  0.008081
 407.000000  0.007349
 408.000000  0.008057
 409.000000  0.009765
 410.000000  0.008227
 411.000000  0.009790
 412.000000  0.008105
 413.000000  0.007324
 414.000000  0.008667
 415.000000  0.009790
 416.000000  0.008496
 417.000000  0.007324
 418.000000  0.008667
 419.000000  0.007397
 420.000000  0.008520
 421.000000  0.007373
 422.000000  0.008569
 423.000000  0.007349
 424.000000  0.008569
 425.000000  0.009765
 426.000000  0.008374
 427.000000  0.009790
 428.000000  0.008862
 429.000000  0.009790
 430.000000  0.008887
 431.000000  0.009790
 432.000000  0.008838
 433.000000  0.007373
 434.000000  0.008618
 435.000000  0.009814
 436.000000  0.008789
 437.000000  0.009790
 438.000000  0.009009
 439.000000  0.009985
 440.000000  0.009082
 441.000000  0.009936
 442.000000  0.009375
 443.000000  0.009887
 444.000000  0.009131
 445.000000  0.009838
 446.000000  0.009521
 447.000000  0.007495
 448.000000  0.009302
 449.000000  0.009961
 450.000000  0.009375
 451.000000  0.009961
 452.000000  0.009424
 453.000000  0.010034
 454.000000  0.009448
 455.000000  0.010156
 456.000000  0.009570
 457.000000  0.010278
 458.000000  0.009741
 459.000000  0.010253
 460.000000  0.009741
 461.000000  0.010595
 462.000000  0.009741
 463.000000  0.010327
 464.000000  0.009717
 465.000000  0.010913
 466.000000  0.009668
 467.000000  0.008398
 468.000000  0.009741
 469.000000  0.008936
 470.000000  0.009717
 471.000000  0.011181
 472.000000  0.009741
 473.000000  0.008618
 474.000000  0.009717
 475.000000  0.011523
 476.000000  0.009741
 477.000000  0.009009
 478.000000  0.009741
 479.000000  0.011572
 480.000000  0.009741
 481.000000  0.011840
 482.000000  0.009741
 483.000000  0.009546
 484.000000  0.009741
 485.000000  0.012036
 486.000000  0.009717
 487.000000  0.009497
 488.000000  0.009790
 489.000000  0.009497
 490.000000  0.009717
 491.000000  0.011840
 492.000000  0.009766
 493.000000  0.012060
 494.000000  0.009814
 495.000000  0.012060
 496.000000  0.009863
 497.000000  0.009619
 498.000000  0.009790
 499.000000  0.012011
 500.000000  0.009936
 501.000000  0.012133
 502.000000  0.009839
 503.000000  0.012036
 504.000000  0.009888
 505.000000  0.012158
 506.000000  0.009839
 507.000000  0.009717
 508.000000  0.009961
 509.000000  0.009741
 510.000000  0.010181
 511.000000  0.012280
 512.000000  0.010107
 513.000000  0.009863
 514.000000  0.010327
 515.000000  0.009985
 516.000000  0.010620
 517.000000  0.010010
 518.000000  0.010815
 519.000000  0.009936
 520.000000  0.010864
 521.000000  0.010083
 522.000000  0.011108
 523.000000  0.012524
 524.000000  0.010913
 525.000000  0.012500
 526.000000  0.011108
 527.000000  0.012500
 528.000000  0.011572
 529.000000  0.012744
 530.000000  0.011645
 531.000000  0.013305
 532.000000  0.011938
 533.000000  0.011011
 534.000000  0.011841
 535.000000  0.011182
 536.000000  0.011841
 537.000000  0.013403
 538.000000  0.011938
 539.000000  0.013794
 540.000000  0.012183
 541.000000  0.011914
 542.000000  0.012231
 543.000000  0.011963
 544.000000  0.012231
 545.000000  0.012158
 546.000000  0.012280
 547.000000  0.014624
 548.000000  0.012231
 549.000000  0.014624
 550.000000  0.012524
 551.000000  0.014672
 552.000000  0.012476
 553.000000  0.012207
 554.000000  0.013086
 555.000000  0.012280
 556.000000  0.013892
 557.000000  0.014892
 558.000000  0.014233
 559.000000  0.015356
 560.000000  0.014600
 561.000000  0.013306
 562.000000  0.014551
 563.000000  0.016601
 564.000000  0.014624
 565.000000  0.017016
 566.000000  0.014673
 567.000000  0.016601
 568.000000  0.014648
 569.000000  0.017089
 570.000000  0.014795
 571.000000  0.017089
 572.000000  0.014648
 573.000000  0.017089
 574.000000  0.015063
 575.000000  0.017089
 576.000000  0.014868
 577.000000  0.017089
 578.000000  0.016064
 579.000000  0.017578
 580.000000  0.016748
 581.000000  0.014746
 582.000000  0.016992
 583.000000  0.018994
 584.000000  0.017090
 585.000000  0.018823
 586.000000  0.017065
 587.000000  0.019433
 588.000000  0.017090
 589.000000  0.017065
 590.000000  0.017090
 591.000000  0.019506
 592.000000  0.017358
 593.000000  0.017090
 594.000000  0.017432
 595.000000  0.019531
 596.000000  0.017847
 597.000000  0.020092
 598.000000  0.019214
 599.000000  0.020288
 600.000000  0.018530
 601.000000  0.019799
 602.000000  0.019531
 603.000000  0.021948
 604.000000  0.019531
 605.000000  0.021777
 606.000000  0.019629
 607.000000  0.022021
 608.000000  0.021387
 609.000000  0.022021
 610.000000  0.020239
 611.000000  0.022070
 612.000000  0.024072
 613.000000  0.023291
 614.000000  0.023901
 615.000000  0.023217
 616.000000  0.021948
 617.000000  0.021973
 618.000000  0.022241
 619.000000  0.023217
 620.000000  0.022192
 621.000000  0.024560
 622.000000  0.024341
 623.000000  0.025317
 624.000000  0.025195
 625.000000  0.025732
 626.000000  0.024536
 627.000000  0.027294
 628.000000  0.024780
 629.000000  0.026635
 630.000000  0.025854
 631.000000  0.029077
 632.000000  0.028833
 633.000000  0.027294
 634.000000  0.025391
 635.000000  0.029174
 636.000000  0.029663
 637.000000  0.031299
 638.000000  0.027490
 639.000000  0.029272
 640.000000  0.029321
 641.000000  0.034619
 642.000000  0.034888
 643.000000  0.027661
 644.000000  0.031860
 645.000000  0.033178
 646.000000  0.047802
 647.000000  0.043066
 648.000000  0.031616
 649.000000  0.032593
 650.000000  0.048218
 651.000000  0.118384
 652.000000  0.066870
 653.000000  0.034888
 654.000000  0.037134
 655.000000  0.061035
 656.000000  0.117651
 657.000000  0.054174
 658.000000  0.037061
 659.000000  0.041162
 660.000000  0.076099
 661.000000  0.118579
 662.000000  0.049341
 663.000000  0.046923
 664.000000  0.065673
 665.000000  0.219531
 666.000000  0.251123
 667.000000  0.064990
 668.000000  0.070630
 669.000000  0.224561
 670.000000  1.376782
 671.000000  1.111035
 672.000000  0.112109
 673.000000  0.054663
 674.000000  0.050805
 675.000000  0.064086
 676.000000  0.047583
 677.000000  0.038916
 678.000000  0.036133
 679.000000  0.038769
 680.000000  0.041797
 681.000000  0.034375
 682.000000  0.033765
 683.000000  0.034619
 684.000000  0.033105
 685.000000  0.036694
 686.000000  0.031372
 687.000000  0.029346
 688.000000  0.033203
 689.000000  0.029932
 690.000000  0.034277
 691.000000  0.031103
 692.000000  0.029004
 693.000000  0.030151
 694.000000  0.028320
 695.000000  0.030126
 696.000000  0.029370
 697.000000  0.029296
 698.000000  0.026929
 699.000000  0.028247
 700.000000  0.025781
 701.000000  0.024438
 702.000000  0.024951
 703.000000  0.024634
 704.000000  0.027539
 705.000000  0.026782
 706.000000  0.024609
 707.000000  0.024512
 708.000000  0.024683
 709.000000  0.025732
 710.000000  0.023828
 711.000000  0.024829
 712.000000  0.024048
 713.000000  0.025537
 714.000000  0.023267
 715.000000  0.024365
 716.000000  0.021924
 717.000000  0.023046
 718.000000  0.021704
 719.000000  0.022265
 720.000000  0.020068
 721.000000  0.021972
 722.000000  0.020410
 723.000000  0.021972
 724.000000  0.019531
 725.000000  0.021801
 726.000000  0.019531
 727.000000  0.021044
 728.000000  0.019482
 729.000000  0.017358
 730.000000  0.017529
 731.000000  0.019580
 732.000000  0.018066
 733.000000  0.019653
 734.000000  0.020874
 735.000000  0.019555
 736.000000  0.017383
 737.000000  0.019531
 738.000000  0.017090
 739.000000  0.019409
 740.000000  0.017114
 741.000000  0.019311
 742.000000  0.017090
 743.000000  0.015259
 744.000000  0.017041
 745.000000  0.017285
 746.000000  0.015942
 747.000000  0.014648
 748.000000  0.014697
 749.000000  0.017065
 750.000000  0.014722
 751.000000  0.017089
 752.000000  0.017114
 753.000000  0.017089
 754.000000  0.014648
 755.000000  0.017089
 756.000000  0.014648
 757.000000  0.017089
 758.000000  0.014648
 759.000000  0.013745
 760.000000  0.014648
 761.000000  0.016040
 762.000000  0.014648
 763.000000  0.014770
 764.000000  0.013940
 765.000000  0.014770
 766.000000  0.013745
 767.000000  0.012207
 768.000000  0.012402
 769.000000  0.014648
 770.000000  0.012549
 771.000000  0.014648
 772.000000  0.012280
 773.000000  0.014624
 774.000000  0.014648
 775.000000  0.014502
 776.000000  0.014648
 777.000000  0.014648
 778.000000  0.012207
 779.000000  0.011987
 780.000000  0.012158
 781.000000  0.011597
 782.000000  0.014599
 783.000000  0.014209
 784.000000  0.012183
 785.000000  0.013354
 786.000000  0.011816
 787.000000  0.012915
 788.000000  0.013378
 789.000000  0.012377
 790.000000  0.010644
 791.000000  0.012255
 792.000000  0.010449
 793.000000  0.012304
 794.000000  0.010278
 795.000000  0.012304
 796.000000  0.010474
 797.000000  0.012329
 798.000000  0.010205
 799.000000  0.012207
 800.000000  0.010010
 801.000000  0.012207
 802.000000  0.012329
 803.000000  0.012182
 804.000000  0.009814
 805.000000  0.012158
 806.000000  0.009936
 807.000000  0.012207
 808.000000  0.012353
 809.000000  0.009741
 810.000000  0.009863
 811.000000  0.009570
 812.000000  0.009839
 813.000000  0.009668
 814.000000  0.009766
 815.000000  0.011914
 816.000000  0.009814
 817.000000  0.011889
 818.000000  0.009766
 819.000000  0.011767
 820.000000  0.009766
 821.000000  0.011816
 822.000000  0.009644
 823.000000  0.011645
 824.000000  0.012133
 825.000000  0.011328
 826.000000  0.009595
 827.000000  0.011401
 828.000000  0.009668
 829.000000  0.010913
 830.000000  0.009497
 831.000000  0.010937
 832.000000  0.009644
 833.000000  0.010693
 834.000000  0.009351
 835.000000  0.010644
 836.000000  0.012060
 837.000000  0.010546
 838.000000  0.009448
 839.000000  0.010400
 840.000000  0.009473
 841.000000  0.010180
 842.000000  0.011962
 843.000000  0.010229
 844.000000  0.009351
 845.000000  0.007788
 846.000000  0.011425
 847.000000  0.010253
 848.000000  0.008887
 849.000000  0.009912
 850.000000  0.008838
 851.000000  0.010009
 852.000000  0.008813
 853.000000  0.007446
 854.000000  0.011523
 855.000000  0.009814
 856.000000  0.008887
 857.000000  0.007397
 858.000000  0.008643
 859.000000  0.007373
 860.000000  0.011059
 861.000000  0.009790
 862.000000  0.008032
 863.000000  0.007324
 864.000000  0.007837
 865.000000  0.009765
 866.000000  0.010449
 867.000000  0.007349
 868.000000  0.008301
 869.000000  0.009790
 870.000000  0.008081
 871.000000  0.009790
 872.000000  0.008252
 873.000000  0.009765
 874.000000  0.007886
 875.000000  0.009790
 876.000000  0.007642
 877.000000  0.007349
 878.000000  0.007861
 879.000000  0.007324
 880.000000  0.007642
 881.000000  0.009790
 882.000000  0.007642
 883.000000  0.009765
 884.000000  0.007788
 885.000000  0.009765
 886.000000  0.007617
 887.000000  0.007324
 888.000000  0.007617
 889.000000  0.009765
 890.000000  0.007495
 891.000000  0.009765
 892.000000  0.007471
 893.000000  0.009765
 894.000000  0.007471
 895.000000  0.009765
 896.000000  0.007422
 897.000000  0.009765
 898.000000  0.007397
 899.000000  0.009765
 900.000000  0.007397
 901.000000  0.009765
 902.000000  0.009765
 903.000000  0.009765
 904.000000  0.007373
 905.000000  0.009765
 906.000000  0.009814
 907.000000  0.009765
 908.000000  0.009790
 909.000000  0.009765
 910.000000  0.007324
 911.000000  0.009765
 912.000000  0.007324
 913.000000  0.009790
 914.000000  0.007324
 915.000000  0.009765
 916.000000  0.007397
 917.000000  0.009765
 918.000000  0.009814
 919.000000  0.009741
 920.000000  0.009814
 921.000000  0.009741
 922.000000  0.007349
 923.000000  0.009741
 924.000000  0.007349
 925.000000  0.009741
 926.000000  0.007324
 927.000000  0.009716
 928.000000  0.007349
 929.000000  0.009765
 930.000000  0.007349
 931.000000  0.009765
 932.000000  0.007349
 933.000000  0.009741
 934.000000  0.007324
 935.000000  0.009668
 936.000000  0.007373
 937.000000  0.009692
 938.000000  0.007373
 939.000000  0.009668
 940.000000  0.007349
 941.000000  0.009765
 942.000000  0.007349
 943.000000  0.009668
 944.000000  0.007324
 945.000000  0.007251
 946.000000  0.009765
 947.000000  0.009668
 948.000000  0.007349
 949.000000  0.009716
 950.000000  0.009790
 951.000000  0.009643
 952.000000  0.007324
 953.000000  0.009497
 954.000000  0.007300
 955.000000  0.009594
 956.000000  0.007349
 957.000000  0.009497
 958.000000  0.007349
 959.000000  0.007080
 960.000000  0.007349
 961.000000  0.007104
 962.000000  0.009814
 963.000000  0.007080
 964.000000  0.007422
 965.000000  0.009619
 966.000000  0.007349
 967.000000  0.009521
 968.000000  0.007324
 969.000000  0.009497
 970.000000  0.009863
 971.000000  0.009423
 972.000000  0.007349
 973.000000  0.009619
 974.000000  0.007373
 975.000000  0.009545
 976.000000  0.007349
 977.000000  0.009472
 978.000000  0.007349
 979.000000  0.009448
 980.000000  0.007471
 981.000000  0.009497
 982.000000  0.007373
 983.000000  0.006885
 984.000000  0.007324
 985.000000  0.009545
 986.000000  0.007202
 987.000000  0.009326
 988.000000  0.009765
 989.000000  0.009350
 990.000000  0.007373
 991.000000  0.009472
 992.000000  0.007300
 993.000000  0.009545
 994.000000  0.007349
 995.000000  0.009375
 996.000000  0.007300
 997.000000  0.009472
 998.000000  0.009765
 999.000000  0.009497
 1000.000000  0.009765
 1001.000000  0.009375
 1002.000000  0.007324
 1003.000000  0.009350
 1004.000000  0.007324
 1005.000000  0.009497
 1006.000000  0.007324
 1007.000000  0.009423
 1008.000000  0.007324
 1009.000000  0.009399
 1010.000000  0.007324
 1011.000000  0.009423
 1012.000000  0.007300
 1013.000000  0.009423
 1014.000000  0.007324
 1015.000000  0.009448
 1016.000000  0.007324
 1017.000000  0.009521
 1018.000000  0.007324
 1019.000000  0.009375
 1020.000000  0.007300
 1021.000000  0.009155
 1022.000000  0.007324
 1023.000000  0.009448
