 0.000000  0.007349
 1.000000  0.007324
 2.000000  0.007373
 3.000000  0.007324
 4.000000  0.007373
 5.000000  0.007324
 6.000000  0.007446
 7.000000  0.007324
 8.000000  0.007422
 9.000000  0.007324
 10.000000  0.007373
 11.000000  0.007324
 12.000000  0.007397
 13.000000  0.007324
 14.000000  0.007324
 15.000000  0.007324
 16.000000  0.007397
 17.000000  0.007300
 18.000000  0.007397
 19.000000  0.007324
 20.000000  0.007373
 21.000000  0.007324
 22.000000  0.007397
 23.000000  0.007324
 24.000000  0.007446
 25.000000  0.007300
 26.000000  0.007495
 27.000000  0.009765
 28.000000  0.007373
 29.000000  0.007300
 30.000000  0.007373
 31.000000  0.007324
 32.000000  0.007422
 33.000000  0.007324
 34.000000  0.007471
 35.000000  0.007324
 36.000000  0.007373
 37.000000  0.007275
 38.000000  0.007349
 39.000000  0.009765
 40.000000  0.007397
 41.000000  0.007300
 42.000000  0.007446
 43.000000  0.007349
 44.000000  0.007471
 45.000000  0.007300
 46.000000  0.007373
 47.000000  0.007275
 48.000000  0.007397
 49.000000  0.007251
 50.000000  0.007373
 51.000000  0.007324
 52.000000  0.007373
 53.000000  0.007251
 54.000000  0.007446
 55.000000  0.007275
 56.000000  0.007397
 57.000000  0.007251
 58.000000  0.007519
 59.000000  0.009692
 60.000000  0.007397
 61.000000  0.009741
 62.000000  0.007373
 63.000000  0.007275
 64.000000  0.007446
 65.000000  0.007324
 66.000000  0.007471
 67.000000  0.009668
 68.000000  0.007446
 69.000000  0.007324
 70.000000  0.007471
 71.000000  0.007275
 72.000000  0.007471
 73.000000  0.007227
 74.000000  0.007373
 75.000000  0.007300
 76.000000  0.007397
 77.000000  0.007227
 78.000000  0.007471
 79.000000  0.007251
 80.000000  0.007519
 81.000000  0.007300
 82.000000  0.007397
 83.000000  0.007300
 84.000000  0.007373
 85.000000  0.007300
 86.000000  0.007373
 87.000000  0.007251
 88.000000  0.007471
 89.000000  0.007227
 90.000000  0.007446
 91.000000  0.007324
 92.000000  0.007373
 93.000000  0.007251
 94.000000  0.007422
 95.000000  0.007251
 96.000000  0.007397
 97.000000  0.007275
 98.000000  0.007422
 99.000000  0.007300
 100.000000  0.007349
 101.000000  0.009765
 102.000000  0.007373
 103.000000  0.009765
 104.000000  0.007397
 105.000000  0.007251
 106.000000  0.007495
 107.000000  0.007275
 108.000000  0.007373
 109.000000  0.009716
 110.000000  0.007471
 111.000000  0.007275
 112.000000  0.007373
 113.000000  0.007275
 114.000000  0.007373
 115.000000  0.007227
 116.000000  0.007397
 117.000000  0.007251
 118.000000  0.007446
 119.000000  0.007251
 120.000000  0.007373
 121.000000  0.007324
 122.000000  0.007422
 123.000000  0.007178
 124.000000  0.007373
 125.000000  0.007300
 126.000000  0.007422
 127.000000  0.009570
 128.000000  0.007349
 129.000000  0.007227
 130.000000  0.007397
 131.000000  0.009692
 132.000000  0.007397
 133.000000  0.007300
 134.000000  0.007373
 135.000000  0.009741
 136.000000  0.007349
 137.000000  0.007275
 138.000000  0.007373
 139.000000  0.007202
 140.000000  0.007373
 141.000000  0.007251
 142.000000  0.007349
 143.000000  0.007300
 144.000000  0.007349
 145.000000  0.009741
 146.000000  0.007349
 147.000000  0.007300
 148.000000  0.007349
 149.000000  0.009741
 150.000000  0.007349
 151.000000  0.007300
 152.000000  0.007324
 153.000000  0.007300
 154.000000  0.007324
 155.000000  0.007324
 156.000000  0.007349
 157.000000  0.009716
 158.000000  0.007349
 159.000000  0.007324
 160.000000  0.007349
 161.000000  0.007251
 162.000000  0.007324
 163.000000  0.007324
 164.000000  0.007324
 165.000000  0.007300
 166.000000  0.007324
 167.000000  0.007227
 168.000000  0.007349
 169.000000  0.009741
 170.000000  0.007324
 171.000000  0.007300
 172.000000  0.007324
 173.000000  0.007275
 174.000000  0.007324
 175.000000  0.007300
 176.000000  0.007349
 177.000000  0.007227
 178.000000  0.007324
 179.000000  0.009716
 180.000000  0.007324
 181.000000  0.007300
 182.000000  0.007349
 183.000000  0.007275
 184.000000  0.007324
 185.000000  0.007324
 186.000000  0.007349
 187.000000  0.007300
 188.000000  0.007349
 189.000000  0.007275
 190.000000  0.007324
 191.000000  0.007251
 192.000000  0.007349
 193.000000  0.007275
 194.000000  0.007349
 195.000000  0.007300
 196.000000  0.009790
 197.000000  0.007227
 198.000000  0.007324
 199.000000  0.009692
 200.000000  0.007324
 201.000000  0.009716
 202.000000  0.007373
 203.000000  0.007275
 204.000000  0.007373
 205.000000  0.007227
 206.000000  0.007324
 207.000000  0.007251
 208.000000  0.007349
 209.000000  0.009765
 210.000000  0.007373
 211.000000  0.007202
 212.000000  0.007397
 213.000000  0.009643
 214.000000  0.007324
 215.000000  0.007202
 216.000000  0.007349
 217.000000  0.007178
 218.000000  0.007349
 219.000000  0.009643
 220.000000  0.007349
 221.000000  0.007202
 222.000000  0.007324
 223.000000  0.007300
 224.000000  0.007324
 225.000000  0.007153
 226.000000  0.007373
 227.000000  0.009570
 228.000000  0.007324
 229.000000  0.009668
 230.000000  0.007397
 231.000000  0.007300
 232.000000  0.007349
 233.000000  0.009692
 234.000000  0.007349
 235.000000  0.007178
 236.000000  0.007324
 237.000000  0.007202
 238.000000  0.007446
 239.000000  0.009643
 240.000000  0.007349
 241.000000  0.007275
 242.000000  0.007373
 243.000000  0.009594
 244.000000  0.007373
 245.000000  0.007275
 246.000000  0.007300
 247.000000  0.007251
 248.000000  0.007349
 249.000000  0.007275
 250.000000  0.007324
 251.000000  0.007178
 252.000000  0.007349
 253.000000  0.007202
 254.000000  0.007373
 255.000000  0.009716
 256.000000  0.007349
 257.000000  0.007202
 258.000000  0.007324
 259.000000  0.007202
 260.000000  0.007349
 261.000000  0.007227
 262.000000  0.007373
 263.000000  0.009619
 264.000000  0.007324
 265.000000  0.009692
 266.000000  0.007373
 267.000000  0.009594
 268.000000  0.007324
 269.000000  0.009643
 270.000000  0.007397
 271.000000  0.007104
 272.000000  0.007397
 273.000000  0.007227
 274.000000  0.007300
 275.000000  0.009643
 276.000000  0.007373
 277.000000  0.009619
 278.000000  0.007397
 279.000000  0.007202
 280.000000  0.007373
 281.000000  0.009594
 282.000000  0.007300
 283.000000  0.009619
 284.000000  0.007397
 285.000000  0.007227
 286.000000  0.007324
 287.000000  0.007300
 288.000000  0.007373
 289.000000  0.009741
 290.000000  0.007349
 291.000000  0.007202
 292.000000  0.007349
 293.000000  0.007202
 294.000000  0.007349
 295.000000  0.009594
 296.000000  0.007324
 297.000000  0.009765
 298.000000  0.007324
 299.000000  0.009741
 300.000000  0.007324
 301.000000  0.007300
 302.000000  0.007324
 303.000000  0.009643
 304.000000  0.007324
 305.000000  0.007300
 306.000000  0.007349
 307.000000  0.009716
 308.000000  0.007324
 309.000000  0.009668
 310.000000  0.007324
 311.000000  0.007251
 312.000000  0.007324
 313.000000  0.007300
 314.000000  0.007324
 315.000000  0.009741
 316.000000  0.007324
 317.000000  0.007300
 318.000000  0.007324
 319.000000  0.007300
 320.000000  0.007324
 321.000000  0.009716
 322.000000  0.007349
 323.000000  0.009765
 324.000000  0.007349
 325.000000  0.007251
 326.000000  0.007324
 327.000000  0.007275
 328.000000  0.007324
 329.000000  0.009716
 330.000000  0.007324
 331.000000  0.009765
 332.000000  0.007324
 333.000000  0.009741
 334.000000  0.007324
 335.000000  0.009765
 336.000000  0.007324
 337.000000  0.007202
 338.000000  0.007324
 339.000000  0.007275
 340.000000  0.007324
 341.000000  0.009765
 342.000000  0.009765
 343.000000  0.009716
 344.000000  0.007373
 345.000000  0.009741
 346.000000  0.007373
 347.000000  0.007251
 348.000000  0.007373
 349.000000  0.009668
 350.000000  0.007397
 351.000000  0.009741
 352.000000  0.007397
 353.000000  0.009692
 354.000000  0.007373
 355.000000  0.007251
 356.000000  0.007349
 357.000000  0.007251
 358.000000  0.007349
 359.000000  0.009741
 360.000000  0.007422
 361.000000  0.007300
 362.000000  0.007324
 363.000000  0.009619
 364.000000  0.007373
 365.000000  0.007178
 366.000000  0.007373
 367.000000  0.007275
 368.000000  0.007349
 369.000000  0.007251
 370.000000  0.007324
 371.000000  0.009716
 372.000000  0.007446
 373.000000  0.009692
 374.000000  0.007349
 375.000000  0.009521
 376.000000  0.007373
 377.000000  0.007227
 378.000000  0.007397
 379.000000  0.007227
 380.000000  0.007373
 381.000000  0.009668
 382.000000  0.007373
 383.000000  0.007275
 384.000000  0.007397
 385.000000  0.007202
 386.000000  0.007349
 387.000000  0.009741
 388.000000  0.007397
 389.000000  0.009619
 390.000000  0.007324
 391.000000  0.009692
 392.000000  0.007324
 393.000000  0.007202
 394.000000  0.007397
 395.000000  0.007275
 396.000000  0.007373
 397.000000  0.007153
 398.000000  0.007349
 399.000000  0.007227
 400.000000  0.007373
 401.000000  0.009790
 402.000000  0.007324
 403.000000  0.007251
 404.000000  0.007349
 405.000000  0.007251
 406.000000  0.007324
 407.000000  0.007251
 408.000000  0.007397
 409.000000  0.009668
 410.000000  0.007397
 411.000000  0.009716
 412.000000  0.007349
 413.000000  0.007202
 414.000000  0.007422
 415.000000  0.009545
 416.000000  0.007349
 417.000000  0.007324
 418.000000  0.007422
 419.000000  0.007202
 420.000000  0.007373
 421.000000  0.007300
 422.000000  0.007446
 423.000000  0.007251
 424.000000  0.007397
 425.000000  0.009692
 426.000000  0.007349
 427.000000  0.009692
 428.000000  0.007373
 429.000000  0.009692
 430.000000  0.007373
 431.000000  0.009716
 432.000000  0.007422
 433.000000  0.007275
 434.000000  0.007397
 435.000000  0.009741
 436.000000  0.007397
 437.000000  0.009741
 438.000000  0.007397
 439.000000  0.009765
 440.000000  0.007397
 441.000000  0.009692
 442.000000  0.007422
 443.000000  0.009716
 444.000000  0.007446
 445.000000  0.009643
 446.000000  0.007397
 447.000000  0.007300
 448.000000  0.007373
 449.000000  0.009765
 450.000000  0.007397
 451.000000  0.009765
 452.000000  0.007324
 453.000000  0.009716
 454.000000  0.007349
 455.000000  0.009716
 456.000000  0.007349
 457.000000  0.009741
 458.000000  0.007324
 459.000000  0.009716
 460.000000  0.007397
 461.000000  0.009765
 462.000000  0.007349
 463.000000  0.009765
 464.000000  0.007373
 465.000000  0.009765
 466.000000  0.007324
 467.000000  0.007300
 468.000000  0.007324
 469.000000  0.007300
 470.000000  0.007324
 471.000000  0.009741
 472.000000  0.007446
 473.000000  0.007324
 474.000000  0.007471
 475.000000  0.009741
 476.000000  0.007349
 477.000000  0.007300
 478.000000  0.007324
 479.000000  0.009765
 480.000000  0.007397
 481.000000  0.009741
 482.000000  0.007349
 483.000000  0.007324
 484.000000  0.007349
 485.000000  0.009765
 486.000000  0.007324
 487.000000  0.007324
 488.000000  0.007373
 489.000000  0.007324
 490.000000  0.007349
 491.000000  0.009765
 492.000000  0.007373
 493.000000  0.009765
 494.000000  0.007397
 495.000000  0.009765
 496.000000  0.007471
 497.000000  0.007324
 498.000000  0.007446
 499.000000  0.009765
 500.000000  0.007422
 501.000000  0.009765
 502.000000  0.007422
 503.000000  0.009741
 504.000000  0.007446
 505.000000  0.009790
 506.000000  0.007519
 507.000000  0.007324
 508.000000  0.007446
 509.000000  0.007324
 510.000000  0.007642
 511.000000  0.009741
 512.000000  0.007471
 513.000000  0.007349
 514.000000  0.007519
 515.000000  0.007275
 516.000000  0.007446
 517.000000  0.007324
 518.000000  0.007617
 519.000000  0.007324
 520.000000  0.007642
 521.000000  0.007349
 522.000000  0.007544
 523.000000  0.009790
 524.000000  0.007739
 525.000000  0.009741
 526.000000  0.007861
 527.000000  0.009716
 528.000000  0.007666
 529.000000  0.009741
 530.000000  0.007739
 531.000000  0.009765
 532.000000  0.007690
 533.000000  0.007373
 534.000000  0.007544
 535.000000  0.007300
 536.000000  0.007715
 537.000000  0.009814
 538.000000  0.008008
 539.000000  0.009790
 540.000000  0.007910
 541.000000  0.007373
 542.000000  0.008276
 543.000000  0.007300
 544.000000  0.007715
 545.000000  0.007349
 546.000000  0.008227
 547.000000  0.009863
 548.000000  0.008179
 549.000000  0.009790
 550.000000  0.007935
 551.000000  0.009912
 552.000000  0.008374
 553.000000  0.007422
 554.000000  0.008105
 555.000000  0.007373
 556.000000  0.009106
 557.000000  0.009912
 558.000000  0.008154
 559.000000  0.009838
 560.000000  0.008936
 561.000000  0.007422
 562.000000  0.008936
 563.000000  0.009863
 564.000000  0.008325
 565.000000  0.010034
 566.000000  0.009351
 567.000000  0.009912
 568.000000  0.008667
 569.000000  0.009887
 570.000000  0.009448
 571.000000  0.010180
 572.000000  0.008667
 573.000000  0.009863
 574.000000  0.009131
 575.000000  0.010546
 576.000000  0.009326
 577.000000  0.009863
 578.000000  0.009155
 579.000000  0.010376
 580.000000  0.009497
 581.000000  0.007935
 582.000000  0.008911
 583.000000  0.010180
 584.000000  0.009668
 585.000000  0.011596
 586.000000  0.009228
 587.000000  0.010351
 588.000000  0.009644
 589.000000  0.009277
 590.000000  0.009717
 591.000000  0.010253
 592.000000  0.009521
 593.000000  0.008765
 594.000000  0.009766
 595.000000  0.011450
 596.000000  0.009741
 597.000000  0.011059
 598.000000  0.009766
 599.000000  0.011474
 600.000000  0.009570
 601.000000  0.010083
 602.000000  0.009717
 603.000000  0.012207
 604.000000  0.009814
 605.000000  0.011401
 606.000000  0.009766
 607.000000  0.012011
 608.000000  0.010083
 609.000000  0.012207
 610.000000  0.009766
 611.000000  0.011816
 612.000000  0.012231
 613.000000  0.012207
 614.000000  0.012231
 615.000000  0.012109
 616.000000  0.009766
 617.000000  0.009814
 618.000000  0.011792
 619.000000  0.012231
 620.000000  0.009766
 621.000000  0.012207
 622.000000  0.010962
 623.000000  0.013208
 624.000000  0.012719
 625.000000  0.012207
 626.000000  0.010596
 627.000000  0.013745
 628.000000  0.012134
 629.000000  0.012231
 630.000000  0.009936
 631.000000  0.012622
 632.000000  0.012378
 633.000000  0.014453
 634.000000  0.011645
 635.000000  0.012548
 636.000000  0.012207
 637.000000  0.012720
 638.000000  0.012207
 639.000000  0.012768
 640.000000  0.012207
 641.000000  0.014648
 642.000000  0.014648
 643.000000  0.012183
 644.000000  0.014648
 645.000000  0.014624
 646.000000  0.017089
 647.000000  0.017089
 648.000000  0.012329
 649.000000  0.012207
 650.000000  0.013428
 651.000000  0.015112
 652.000000  0.015015
 653.000000  0.012207
 654.000000  0.013818
 655.000000  0.017041
 656.000000  0.017285
 657.000000  0.017114
 658.000000  0.014478
 659.000000  0.013379
 660.000000  0.016675
 661.000000  0.021923
 662.000000  0.016333
 663.000000  0.017065
 664.000000  0.017724
 665.000000  0.019531
 666.000000  0.024365
 667.000000  0.017871
 668.000000  0.016235
 669.000000  0.016553
 670.000000  0.021997
 671.000000  0.023999
 672.000000  0.017456
 673.000000  0.019433
 674.000000  0.021948
 675.000000  0.028930
 676.000000  0.026831
 677.000000  0.020849
 678.000000  0.019531
 679.000000  0.024365
 680.000000  0.034229
 681.000000  0.027661
 682.000000  0.021997
 683.000000  0.024438
 684.000000  0.027978
 685.000000  0.048437
 686.000000  0.031738
 687.000000  0.025415
 688.000000  0.031420
 689.000000  0.040747
 690.000000  0.073291
 691.000000  0.043994
 692.000000  0.038232
 693.000000  0.050415
 694.000000  0.107788
 695.000000  0.218677
 696.000000  0.076269
 697.000000  0.055078
 698.000000  0.062280
 699.000000  0.112133
 700.000000  0.145947
 701.000000  0.070557
 702.000000  0.069971
 703.000000  0.092017
 704.000000  0.193262
 705.000000  0.186621
 706.000000  0.152100
 707.000000  0.252881
 708.000000  0.739819
 709.000000  1.472314
 710.000000  1.459644
 711.000000  0.442383
 712.000000  0.223364
 713.000000  0.197510
 714.000000  0.306543
 715.000000  0.186670
 716.000000  0.086060
 717.000000  0.066064
 718.000000  0.061279
 719.000000  0.090454
 720.000000  0.053735
 721.000000  0.043383
 722.000000  0.038770
 723.000000  0.044189
 724.000000  0.055054
 725.000000  0.038916
 726.000000  0.031714
 727.000000  0.031713
 728.000000  0.034131
 729.000000  0.041357
 730.000000  0.027075
 731.000000  0.026831
 732.000000  0.024365
 733.000000  0.030468
 734.000000  0.034716
 735.000000  0.024340
 736.000000  0.020337
 737.000000  0.022827
 738.000000  0.024536
 739.000000  0.027539
 740.000000  0.019629
 741.000000  0.020825
 742.000000  0.019531
 743.000000  0.021899
 744.000000  0.021826
 745.000000  0.019482
 746.000000  0.017114
 747.000000  0.017139
 748.000000  0.019629
 749.000000  0.019653
 750.000000  0.016479
 751.000000  0.017211
 752.000000  0.019482
 753.000000  0.020117
 754.000000  0.017041
 755.000000  0.017065
 756.000000  0.014673
 757.000000  0.017089
 758.000000  0.017090
 759.000000  0.014600
 760.000000  0.014331
 761.000000  0.014892
 762.000000  0.014624
 763.000000  0.017089
 764.000000  0.014136
 765.000000  0.014648
 766.000000  0.012207
 767.000000  0.012573
 768.000000  0.014648
 769.000000  0.014599
 770.000000  0.012207
 771.000000  0.014135
 772.000000  0.012427
 773.000000  0.014819
 774.000000  0.014624
 775.000000  0.012451
 776.000000  0.013964
 777.000000  0.014526
 778.000000  0.012500
 779.000000  0.009936
 780.000000  0.009936
 781.000000  0.009790
 782.000000  0.014306
 783.000000  0.014282
 784.000000  0.010352
 785.000000  0.012207
 786.000000  0.009839
 787.000000  0.012329
 788.000000  0.013794
 789.000000  0.012182
 790.000000  0.009766
 791.000000  0.012158
 792.000000  0.010400
 793.000000  0.012304
 794.000000  0.009766
 795.000000  0.011914
 796.000000  0.009766
 797.000000  0.012207
 798.000000  0.009839
 799.000000  0.011450
 800.000000  0.009692
 801.000000  0.011669
 802.000000  0.012255
 803.000000  0.012158
 804.000000  0.009741
 805.000000  0.010424
 806.000000  0.009741
 807.000000  0.012207
 808.000000  0.012207
 809.000000  0.007886
 810.000000  0.009570
 811.000000  0.008301
 812.000000  0.009766
 813.000000  0.008984
 814.000000  0.009424
 815.000000  0.009961
 816.000000  0.009619
 817.000000  0.011254
 818.000000  0.009668
 819.000000  0.009985
 820.000000  0.008618
 821.000000  0.010009
 822.000000  0.009668
 823.000000  0.010351
 824.000000  0.010937
 825.000000  0.009814
 826.000000  0.009009
 827.000000  0.010180
 828.000000  0.008984
 829.000000  0.009863
 830.000000  0.007935
 831.000000  0.009863
 832.000000  0.009180
 833.000000  0.009887
 834.000000  0.007593
 835.000000  0.009765
 836.000000  0.010766
 837.000000  0.009887
 838.000000  0.008179
 839.000000  0.009790
 840.000000  0.007666
 841.000000  0.009765
 842.000000  0.010791
 843.000000  0.009814
 844.000000  0.007544
 845.000000  0.007373
 846.000000  0.009985
 847.000000  0.009838
 848.000000  0.007568
 849.000000  0.009765
 850.000000  0.007495
 851.000000  0.009814
 852.000000  0.007666
 853.000000  0.007324
 854.000000  0.010107
 855.000000  0.009741
 856.000000  0.007519
 857.000000  0.007349
 858.000000  0.007690
 859.000000  0.007251
 860.000000  0.009912
 861.000000  0.009741
 862.000000  0.007519
 863.000000  0.007275
 864.000000  0.007397
 865.000000  0.009765
 866.000000  0.009814
 867.000000  0.007300
 868.000000  0.007568
 869.000000  0.009741
 870.000000  0.007397
 871.000000  0.009716
 872.000000  0.007544
 873.000000  0.009765
 874.000000  0.007397
 875.000000  0.009716
 876.000000  0.007397
 877.000000  0.007349
 878.000000  0.007495
 879.000000  0.007202
 880.000000  0.007349
 881.000000  0.009716
 882.000000  0.007373
 883.000000  0.009765
 884.000000  0.007373
 885.000000  0.009692
 886.000000  0.007422
 887.000000  0.007251
 888.000000  0.007446
 889.000000  0.009668
 890.000000  0.007397
 891.000000  0.009619
 892.000000  0.007373
 893.000000  0.009692
 894.000000  0.007373
 895.000000  0.009692
 896.000000  0.007373
 897.000000  0.009692
 898.000000  0.007373
 899.000000  0.009668
 900.000000  0.007324
 901.000000  0.009545
 902.000000  0.009765
 903.000000  0.009692
 904.000000  0.007397
 905.000000  0.009521
 906.000000  0.009814
 907.000000  0.009692
 908.000000  0.009838
 909.000000  0.009594
 910.000000  0.007300
 911.000000  0.009497
 912.000000  0.007373
 913.000000  0.009643
 914.000000  0.007324
 915.000000  0.009545
 916.000000  0.007324
 917.000000  0.009668
 918.000000  0.009765
 919.000000  0.009570
 920.000000  0.009765
 921.000000  0.009497
 922.000000  0.007397
 923.000000  0.009643
 924.000000  0.007349
 925.000000  0.009619
 926.000000  0.007324
 927.000000  0.009692
 928.000000  0.007324
 929.000000  0.009692
 930.000000  0.007324
 931.000000  0.009619
 932.000000  0.007300
 933.000000  0.009741
 934.000000  0.007324
 935.000000  0.009472
 936.000000  0.007324
 937.000000  0.009521
 938.000000  0.007324
 939.000000  0.009594
 940.000000  0.007324
 941.000000  0.009521
 942.000000  0.007324
 943.000000  0.009521
 944.000000  0.007324
 945.000000  0.007104
 946.000000  0.009765
 947.000000  0.009570
 948.000000  0.007324
 949.000000  0.009619
 950.000000  0.009765
 951.000000  0.009472
 952.000000  0.007324
 953.000000  0.009643
 954.000000  0.007324
 955.000000  0.009423
 956.000000  0.007324
 957.000000  0.009497
 958.000000  0.007324
 959.000000  0.007153
 960.000000  0.007324
 961.000000  0.007056
 962.000000  0.009765
 963.000000  0.007056
 964.000000  0.007324
 965.000000  0.009594
 966.000000  0.007300
 967.000000  0.009521
 968.000000  0.007324
 969.000000  0.009521
 970.000000  0.009765
 971.000000  0.009448
 972.000000  0.007324
 973.000000  0.009082
 974.000000  0.007300
 975.000000  0.009521
 976.000000  0.007300
 977.000000  0.009277
 978.000000  0.007324
 979.000000  0.009179
 980.000000  0.007324
 981.000000  0.009497
 982.000000  0.007324
 983.000000  0.006934
 984.000000  0.007324
 985.000000  0.009350
 986.000000  0.007275
 987.000000  0.009057
 988.000000  0.009741
 989.000000  0.009277
 990.000000  0.007275
 991.000000  0.009179
 992.000000  0.007275
 993.000000  0.009179
 994.000000  0.007202
 995.000000  0.009252
 996.000000  0.007251
 997.000000  0.009375
 998.000000  0.009716
 999.000000  0.008837
 1000.000000  0.009741
 1001.000000  0.009130
 1002.000000  0.007275
 1003.000000  0.009057
 1004.000000  0.007251
 1005.000000  0.009106
 1006.000000  0.007251
 1007.000000  0.009106
 1008.000000  0.007275
 1009.000000  0.009082
 1010.000000  0.007251
 1011.000000  0.009033
 1012.000000  0.007251
 1013.000000  0.009082
 1014.000000  0.007251
 1015.000000  0.009155
 1016.000000  0.007251
 1017.000000  0.009228
 1018.000000  0.007275
 1019.000000  0.009008
 1020.000000  0.007227
 1021.000000  0.008862
 1022.000000  0.007251
 1023.000000  0.008984
