 0.000000  0.007474
 1.000000  0.007274
 2.000000  0.007399
 3.000000  0.007175
 4.000000  0.007424
 5.000000  0.007249
 6.000000  0.007623
 7.000000  0.007249
 8.000000  0.007548
 9.000000  0.007150
 10.000000  0.007573
 11.000000  0.007225
 12.000000  0.007548
 13.000000  0.007274
 14.000000  0.007449
 15.000000  0.007125
 16.000000  0.007598
 17.000000  0.007249
 18.000000  0.007623
 19.000000  0.007274
 20.000000  0.007474
 21.000000  0.007225
 22.000000  0.007474
 23.000000  0.007150
 24.000000  0.007573
 25.000000  0.007100
 26.000000  0.007723
 27.000000  0.009765
 28.000000  0.007474
 29.000000  0.007299
 30.000000  0.007449
 31.000000  0.007324
 32.000000  0.007424
 33.000000  0.007299
 34.000000  0.007374
 35.000000  0.007299
 36.000000  0.007474
 37.000000  0.007324
 38.000000  0.007474
 39.000000  0.009790
 40.000000  0.007449
 41.000000  0.007299
 42.000000  0.007474
 43.000000  0.007324
 44.000000  0.007474
 45.000000  0.007274
 46.000000  0.007424
 47.000000  0.007249
 48.000000  0.007449
 49.000000  0.007324
 50.000000  0.007349
 51.000000  0.007324
 52.000000  0.007349
 53.000000  0.007324
 54.000000  0.007349
 55.000000  0.007324
 56.000000  0.007374
 57.000000  0.007324
 58.000000  0.007474
 59.000000  0.009740
 60.000000  0.007399
 61.000000  0.009765
 62.000000  0.007399
 63.000000  0.007299
 64.000000  0.007374
 65.000000  0.007299
 66.000000  0.007374
 67.000000  0.009740
 68.000000  0.007374
 69.000000  0.007299
 70.000000  0.007324
 71.000000  0.007324
 72.000000  0.007324
 73.000000  0.007324
 74.000000  0.007374
 75.000000  0.007324
 76.000000  0.007324
 77.000000  0.007324
 78.000000  0.007324
 79.000000  0.007299
 80.000000  0.007349
 81.000000  0.007299
 82.000000  0.007324
 83.000000  0.007299
 84.000000  0.007324
 85.000000  0.007324
 86.000000  0.007324
 87.000000  0.007324
 88.000000  0.007324
 89.000000  0.007324
 90.000000  0.007324
 91.000000  0.007324
 92.000000  0.007349
 93.000000  0.007299
 94.000000  0.007324
 95.000000  0.007324
 96.000000  0.007349
 97.000000  0.007324
 98.000000  0.007324
 99.000000  0.007324
 100.000000  0.007324
 101.000000  0.009765
 102.000000  0.007324
 103.000000  0.009765
 104.000000  0.007324
 105.000000  0.007324
 106.000000  0.007374
 107.000000  0.007299
 108.000000  0.007349
 109.000000  0.009765
 110.000000  0.007349
 111.000000  0.007324
 112.000000  0.007349
 113.000000  0.007324
 114.000000  0.007324
 115.000000  0.007324
 116.000000  0.007349
 117.000000  0.007324
 118.000000  0.007324
 119.000000  0.007299
 120.000000  0.007374
 121.000000  0.007299
 122.000000  0.007324
 123.000000  0.007299
 124.000000  0.007324
 125.000000  0.007324
 126.000000  0.007374
 127.000000  0.009715
 128.000000  0.007324
 129.000000  0.007324
 130.000000  0.007324
 131.000000  0.009740
 132.000000  0.007324
 133.000000  0.007299
 134.000000  0.007324
 135.000000  0.009765
 136.000000  0.007324
 137.000000  0.007324
 138.000000  0.007324
 139.000000  0.007324
 140.000000  0.007324
 141.000000  0.007299
 142.000000  0.007324
 143.000000  0.007324
 144.000000  0.007324
 145.000000  0.009740
 146.000000  0.007324
 147.000000  0.007299
 148.000000  0.007324
 149.000000  0.009765
 150.000000  0.007324
 151.000000  0.007274
 152.000000  0.007324
 153.000000  0.007249
 154.000000  0.007399
 155.000000  0.007225
 156.000000  0.007349
 157.000000  0.009641
 158.000000  0.007474
 159.000000  0.007175
 160.000000  0.007449
 161.000000  0.007200
 162.000000  0.007424
 163.000000  0.007075
 164.000000  0.007374
 165.000000  0.007175
 166.000000  0.007449
 167.000000  0.007175
 168.000000  0.007499
 169.000000  0.009591
 170.000000  0.007499
 171.000000  0.007100
 172.000000  0.007424
 173.000000  0.007000
 174.000000  0.007399
 175.000000  0.007075
 176.000000  0.007449
 177.000000  0.007225
 178.000000  0.007548
 179.000000  0.009516
 180.000000  0.007523
 181.000000  0.007225
 182.000000  0.007399
 183.000000  0.007075
 184.000000  0.007474
 185.000000  0.007274
 186.000000  0.007399
 187.000000  0.007274
 188.000000  0.007324
 189.000000  0.007200
 190.000000  0.007324
 191.000000  0.007200
 192.000000  0.007374
 193.000000  0.007274
 194.000000  0.007324
 195.000000  0.007249
 196.000000  0.009790
 197.000000  0.007225
 198.000000  0.007349
 199.000000  0.009616
 200.000000  0.007324
 201.000000  0.009566
 202.000000  0.007324
 203.000000  0.007274
 204.000000  0.007324
 205.000000  0.007299
 206.000000  0.007324
 207.000000  0.007175
 208.000000  0.007324
 209.000000  0.009690
 210.000000  0.007324
 211.000000  0.007125
 212.000000  0.007324
 213.000000  0.009666
 214.000000  0.007349
 215.000000  0.007274
 216.000000  0.007324
 217.000000  0.007274
 218.000000  0.007324
 219.000000  0.009641
 220.000000  0.007324
 221.000000  0.007274
 222.000000  0.007324
 223.000000  0.007200
 224.000000  0.007324
 225.000000  0.007299
 226.000000  0.007324
 227.000000  0.009740
 228.000000  0.007349
 229.000000  0.009715
 230.000000  0.007349
 231.000000  0.007299
 232.000000  0.007324
 233.000000  0.009666
 234.000000  0.007324
 235.000000  0.007249
 236.000000  0.007324
 237.000000  0.007200
 238.000000  0.007324
 239.000000  0.009690
 240.000000  0.007324
 241.000000  0.007299
 242.000000  0.007324
 243.000000  0.009616
 244.000000  0.007324
 245.000000  0.007324
 246.000000  0.007324
 247.000000  0.007324
 248.000000  0.007324
 249.000000  0.007299
 250.000000  0.007324
 251.000000  0.007175
 252.000000  0.007324
 253.000000  0.007299
 254.000000  0.007324
 255.000000  0.009740
 256.000000  0.007324
 257.000000  0.007299
 258.000000  0.007349
 259.000000  0.007274
 260.000000  0.007324
 261.000000  0.007200
 262.000000  0.007324
 263.000000  0.009666
 264.000000  0.007324
 265.000000  0.009740
 266.000000  0.007324
 267.000000  0.009740
 268.000000  0.007324
 269.000000  0.009715
 270.000000  0.007324
 271.000000  0.007299
 272.000000  0.007324
 273.000000  0.007249
 274.000000  0.007324
 275.000000  0.009690
 276.000000  0.007324
 277.000000  0.009666
 278.000000  0.007349
 279.000000  0.007249
 280.000000  0.007324
 281.000000  0.009690
 282.000000  0.007324
 283.000000  0.009666
 284.000000  0.007324
 285.000000  0.007274
 286.000000  0.007324
 287.000000  0.007200
 288.000000  0.007349
 289.000000  0.009690
 290.000000  0.007324
 291.000000  0.007274
 292.000000  0.007349
 293.000000  0.007225
 294.000000  0.007324
 295.000000  0.009666
 296.000000  0.007324
 297.000000  0.009740
 298.000000  0.007324
 299.000000  0.009641
 300.000000  0.007324
 301.000000  0.007225
 302.000000  0.007349
 303.000000  0.009591
 304.000000  0.007324
 305.000000  0.007175
 306.000000  0.007324
 307.000000  0.009641
 308.000000  0.007324
 309.000000  0.009715
 310.000000  0.007399
 311.000000  0.007050
 312.000000  0.007399
 313.000000  0.007200
 314.000000  0.007424
 315.000000  0.009591
 316.000000  0.007449
 317.000000  0.007150
 318.000000  0.007374
 319.000000  0.007175
 320.000000  0.007424
 321.000000  0.009616
 322.000000  0.007424
 323.000000  0.009591
 324.000000  0.007374
 325.000000  0.007075
 326.000000  0.007424
 327.000000  0.006876
 328.000000  0.007499
 329.000000  0.009416
 330.000000  0.007299
 331.000000  0.009616
 332.000000  0.007474
 333.000000  0.009591
 334.000000  0.007324
 335.000000  0.009466
 336.000000  0.007324
 337.000000  0.006851
 338.000000  0.007324
 339.000000  0.007225
 340.000000  0.007399
 341.000000  0.009740
 342.000000  0.009765
 343.000000  0.009666
 344.000000  0.007374
 345.000000  0.009641
 346.000000  0.007399
 347.000000  0.007200
 348.000000  0.007349
 349.000000  0.009516
 350.000000  0.007399
 351.000000  0.009740
 352.000000  0.007399
 353.000000  0.009740
 354.000000  0.007324
 355.000000  0.007324
 356.000000  0.007324
 357.000000  0.007274
 358.000000  0.007399
 359.000000  0.009666
 360.000000  0.007349
 361.000000  0.007225
 362.000000  0.007324
 363.000000  0.009715
 364.000000  0.007324
 365.000000  0.007150
 366.000000  0.007349
 367.000000  0.007175
 368.000000  0.007374
 369.000000  0.007249
 370.000000  0.007349
 371.000000  0.009641
 372.000000  0.007324
 373.000000  0.009666
 374.000000  0.007349
 375.000000  0.009740
 376.000000  0.007349
 377.000000  0.007225
 378.000000  0.007374
 379.000000  0.007274
 380.000000  0.007324
 381.000000  0.009690
 382.000000  0.007324
 383.000000  0.007299
 384.000000  0.007324
 385.000000  0.007324
 386.000000  0.007324
 387.000000  0.009765
 388.000000  0.007324
 389.000000  0.009740
 390.000000  0.007324
 391.000000  0.009740
 392.000000  0.007324
 393.000000  0.007299
 394.000000  0.007349
 395.000000  0.007324
 396.000000  0.007324
 397.000000  0.007299
 398.000000  0.007349
 399.000000  0.007249
 400.000000  0.007324
 401.000000  0.009740
 402.000000  0.007324
 403.000000  0.007324
 404.000000  0.007324
 405.000000  0.007324
 406.000000  0.007324
 407.000000  0.007299
 408.000000  0.007324
 409.000000  0.009765
 410.000000  0.007349
 411.000000  0.009765
 412.000000  0.007324
 413.000000  0.007324
 414.000000  0.007324
 415.000000  0.009740
 416.000000  0.007324
 417.000000  0.007299
 418.000000  0.007324
 419.000000  0.007324
 420.000000  0.007324
 421.000000  0.007299
 422.000000  0.007324
 423.000000  0.007324
 424.000000  0.007349
 425.000000  0.009740
 426.000000  0.007324
 427.000000  0.009765
 428.000000  0.007324
 429.000000  0.009740
 430.000000  0.007324
 431.000000  0.009715
 432.000000  0.007324
 433.000000  0.007299
 434.000000  0.007324
 435.000000  0.009765
 436.000000  0.007324
 437.000000  0.009765
 438.000000  0.007324
 439.000000  0.009765
 440.000000  0.007324
 441.000000  0.009765
 442.000000  0.007349
 443.000000  0.009765
 444.000000  0.007349
 445.000000  0.009765
 446.000000  0.007324
 447.000000  0.007324
 448.000000  0.007374
 449.000000  0.009765
 450.000000  0.007324
 451.000000  0.009740
 452.000000  0.007349
 453.000000  0.009740
 454.000000  0.007324
 455.000000  0.009765
 456.000000  0.007324
 457.000000  0.009765
 458.000000  0.007399
 459.000000  0.009765
 460.000000  0.007374
 461.000000  0.009765
 462.000000  0.007349
 463.000000  0.009740
 464.000000  0.007374
 465.000000  0.009765
 466.000000  0.007324
 467.000000  0.007249
 468.000000  0.007474
 469.000000  0.007274
 470.000000  0.007474
 471.000000  0.009690
 472.000000  0.007548
 473.000000  0.007200
 474.000000  0.007598
 475.000000  0.009666
 476.000000  0.007449
 477.000000  0.007299
 478.000000  0.007598
 479.000000  0.009641
 480.000000  0.007673
 481.000000  0.009815
 482.000000  0.007648
 483.000000  0.007274
 484.000000  0.007648
 485.000000  0.009715
 486.000000  0.007573
 487.000000  0.007225
 488.000000  0.007673
 489.000000  0.007175
 490.000000  0.007523
 491.000000  0.009790
 492.000000  0.007748
 493.000000  0.009840
 494.000000  0.007673
 495.000000  0.009690
 496.000000  0.007648
 497.000000  0.007299
 498.000000  0.007424
 499.000000  0.009740
 500.000000  0.007499
 501.000000  0.009740
 502.000000  0.007523
 503.000000  0.009765
 504.000000  0.007748
 505.000000  0.009765
 506.000000  0.007623
 507.000000  0.007324
 508.000000  0.007474
 509.000000  0.007324
 510.000000  0.007773
 511.000000  0.009765
 512.000000  0.007648
 513.000000  0.007324
 514.000000  0.007449
 515.000000  0.007324
 516.000000  0.007548
 517.000000  0.007374
 518.000000  0.007598
 519.000000  0.007324
 520.000000  0.007673
 521.000000  0.007349
 522.000000  0.007499
 523.000000  0.009790
 524.000000  0.007773
 525.000000  0.009765
 526.000000  0.007897
 527.000000  0.009765
 528.000000  0.007897
 529.000000  0.009765
 530.000000  0.007673
 531.000000  0.009765
 532.000000  0.007648
 533.000000  0.007324
 534.000000  0.007573
 535.000000  0.007324
 536.000000  0.007648
 537.000000  0.009765
 538.000000  0.008121
 539.000000  0.009765
 540.000000  0.007798
 541.000000  0.007349
 542.000000  0.008221
 543.000000  0.007324
 544.000000  0.007798
 545.000000  0.007324
 546.000000  0.008445
 547.000000  0.009815
 548.000000  0.008445
 549.000000  0.009765
 550.000000  0.007872
 551.000000  0.009790
 552.000000  0.008395
 553.000000  0.007374
 554.000000  0.008096
 555.000000  0.007324
 556.000000  0.008894
 557.000000  0.009865
 558.000000  0.008719
 559.000000  0.009765
 560.000000  0.008819
 561.000000  0.007449
 562.000000  0.009267
 563.000000  0.009765
 564.000000  0.008445
 565.000000  0.009840
 566.000000  0.009467
 567.000000  0.009890
 568.000000  0.008894
 569.000000  0.009865
 570.000000  0.009516
 571.000000  0.010488
 572.000000  0.009292
 573.000000  0.010014
 574.000000  0.009242
 575.000000  0.010662
 576.000000  0.009716
 577.000000  0.009964
 578.000000  0.009467
 579.000000  0.010413
 580.000000  0.009766
 581.000000  0.008545
 582.000000  0.009591
 583.000000  0.010612
 584.000000  0.009766
 585.000000  0.012157
 586.000000  0.009741
 587.000000  0.011036
 588.000000  0.009766
 589.000000  0.009541
 590.000000  0.009766
 591.000000  0.011110
 592.000000  0.009741
 593.000000  0.009591
 594.000000  0.009766
 595.000000  0.012132
 596.000000  0.009766
 597.000000  0.011659
 598.000000  0.009766
 599.000000  0.012207
 600.000000  0.009766
 601.000000  0.011733
 602.000000  0.009766
 603.000000  0.012157
 604.000000  0.010737
 605.000000  0.012207
 606.000000  0.009815
 607.000000  0.012182
 608.000000  0.010737
 609.000000  0.012431
 610.000000  0.010114
 611.000000  0.012207
 612.000000  0.012755
 613.000000  0.013054
 614.000000  0.014150
 615.000000  0.012256
 616.000000  0.010040
 617.000000  0.010214
 618.000000  0.012207
 619.000000  0.013203
 620.000000  0.010787
 621.000000  0.012580
 622.000000  0.012107
 623.000000  0.014648
 624.000000  0.014648
 625.000000  0.012780
 626.000000  0.011833
 627.000000  0.014523
 628.000000  0.013851
 629.000000  0.014025
 630.000000  0.012132
 631.000000  0.014499
 632.000000  0.014599
 633.000000  0.016217
 634.000000  0.012606
 635.000000  0.014698
 636.000000  0.013378
 637.000000  0.014648
 638.000000  0.014673
 639.000000  0.014723
 640.000000  0.013378
 641.000000  0.016716
 642.000000  0.016891
 643.000000  0.014424
 644.000000  0.016890
 645.000000  0.016467
 646.000000  0.018609
 647.000000  0.019705
 648.000000  0.015172
 649.000000  0.014399
 650.000000  0.016193
 651.000000  0.017115
 652.000000  0.019880
 653.000000  0.015022
 654.000000  0.016268
 655.000000  0.019232
 656.000000  0.020578
 657.000000  0.023243
 658.000000  0.017264
 659.000000  0.017065
 660.000000  0.019158
 661.000000  0.025186
 662.000000  0.023617
 663.000000  0.020702
 664.000000  0.021723
 665.000000  0.022246
 666.000000  0.030741
 667.000000  0.025958
 668.000000  0.021400
 669.000000  0.020029
 670.000000  0.024613
 671.000000  0.036372
 672.000000  0.026880
 673.000000  0.025958
 674.000000  0.028898
 675.000000  0.034952
 676.000000  0.048554
 677.000000  0.033556
 678.000000  0.029471
 679.000000  0.034154
 680.000000  0.043895
 681.000000  0.056750
 682.000000  0.038539
 683.000000  0.043920
 684.000000  0.049102
 685.000000  0.089709
 686.000000  0.104432
 687.000000  0.084104
 688.000000  0.128398
 689.000000  0.346904
 690.000000  1.458890
 691.000000  1.404805
 692.000000  0.231958
 693.000000  0.117685
 694.000000  0.091627
 695.000000  0.123864
 696.000000  0.096933
 697.000000  0.053910
 698.000000  0.047010
 699.000000  0.051742
 700.000000  0.071673
 701.000000  0.048454
 702.000000  0.037593
 703.000000  0.031863
 704.000000  0.038639
 705.000000  0.046386
 706.000000  0.031140
 707.000000  0.026806
 708.000000  0.026756
 709.000000  0.031813
 710.000000  0.034254
 711.000000  0.026930
 712.000000  0.023866
 713.000000  0.024588
 714.000000  0.025435
 715.000000  0.029022
 716.000000  0.021400
 717.000000  0.021972
 718.000000  0.019531
 719.000000  0.024463
 720.000000  0.022620
 721.000000  0.020776
 722.000000  0.018012
 723.000000  0.019630
 724.000000  0.020876
 725.000000  0.021823
 726.000000  0.017115
 727.000000  0.018061
 728.000000  0.017140
 729.000000  0.018734
 730.000000  0.017513
 731.000000  0.017089
 732.000000  0.014972
 733.000000  0.017164
 734.000000  0.019780
 735.000000  0.017388
 736.000000  0.014648
 737.000000  0.016292
 738.000000  0.014648
 739.000000  0.017214
 740.000000  0.014574
 741.000000  0.014723
 742.000000  0.012481
 743.000000  0.012257
 744.000000  0.014648
 745.000000  0.014673
 746.000000  0.012207
 747.000000  0.012132
 748.000000  0.012431
 749.000000  0.014673
 750.000000  0.012207
 751.000000  0.013228
 752.000000  0.014499
 753.000000  0.014648
 754.000000  0.012655
 755.000000  0.013926
 756.000000  0.011684
 757.000000  0.012730
 758.000000  0.012132
 759.000000  0.011260
 760.000000  0.010613
 761.000000  0.012207
 762.000000  0.009965
 763.000000  0.012232
 764.000000  0.010837
 765.000000  0.012207
 766.000000  0.009766
 767.000000  0.009766
 768.000000  0.010513
 769.000000  0.012306
 770.000000  0.009790
 771.000000  0.012157
 772.000000  0.009766
 773.000000  0.012207
 774.000000  0.012207
 775.000000  0.011559
 776.000000  0.012207
 777.000000  0.012007
 778.000000  0.009716
 779.000000  0.009367
 780.000000  0.009691
 781.000000  0.008470
 782.000000  0.012182
 783.000000  0.011982
 784.000000  0.009641
 785.000000  0.010562
 786.000000  0.009541
 787.000000  0.010861
 788.000000  0.012132
 789.000000  0.010787
 790.000000  0.009143
 791.000000  0.010189
 792.000000  0.009442
 793.000000  0.011310
 794.000000  0.009367
 795.000000  0.010288
 796.000000  0.008794
 797.000000  0.010463
 798.000000  0.009093
 799.000000  0.010164
 800.000000  0.008495
 801.000000  0.009964
 802.000000  0.011683
 803.000000  0.010438
 804.000000  0.008943
 805.000000  0.010064
 806.000000  0.008246
 807.000000  0.010139
 808.000000  0.011634
 809.000000  0.007474
 810.000000  0.007822
 811.000000  0.007349
 812.000000  0.008246
 813.000000  0.007424
 814.000000  0.007947
 815.000000  0.009765
 816.000000  0.007872
 817.000000  0.009815
 818.000000  0.008196
 819.000000  0.009790
 820.000000  0.007499
 821.000000  0.009790
 822.000000  0.007798
 823.000000  0.009790
 824.000000  0.009964
 825.000000  0.009765
 826.000000  0.007598
 827.000000  0.009790
 828.000000  0.007798
 829.000000  0.009790
 830.000000  0.007449
 831.000000  0.009765
 832.000000  0.007449
 833.000000  0.009765
 834.000000  0.007399
 835.000000  0.009740
 836.000000  0.009890
 837.000000  0.009765
 838.000000  0.007424
 839.000000  0.009740
 840.000000  0.007324
 841.000000  0.009765
 842.000000  0.009790
 843.000000  0.009765
 844.000000  0.007324
 845.000000  0.007324
 846.000000  0.009765
 847.000000  0.009740
 848.000000  0.007324
 849.000000  0.009740
 850.000000  0.007324
 851.000000  0.009715
 852.000000  0.007374
 853.000000  0.007299
 854.000000  0.009790
 855.000000  0.009740
 856.000000  0.007324
 857.000000  0.007324
 858.000000  0.007349
 859.000000  0.007274
 860.000000  0.009765
 861.000000  0.009690
 862.000000  0.007324
 863.000000  0.007249
 864.000000  0.007324
 865.000000  0.009740
 866.000000  0.009765
 867.000000  0.007274
 868.000000  0.007349
 869.000000  0.009666
 870.000000  0.007324
 871.000000  0.009715
 872.000000  0.007324
 873.000000  0.009740
 874.000000  0.007324
 875.000000  0.009641
 876.000000  0.007324
 877.000000  0.007125
 878.000000  0.007324
 879.000000  0.007249
 880.000000  0.007324
 881.000000  0.009715
 882.000000  0.007324
 883.000000  0.009690
 884.000000  0.007324
 885.000000  0.009690
 886.000000  0.007324
 887.000000  0.007249
 888.000000  0.007324
 889.000000  0.009516
 890.000000  0.007324
 891.000000  0.009491
 892.000000  0.007324
 893.000000  0.009616
 894.000000  0.007324
 895.000000  0.009516
 896.000000  0.007299
 897.000000  0.009641
 898.000000  0.007324
 899.000000  0.009616
 900.000000  0.007324
 901.000000  0.009491
 902.000000  0.009765
 903.000000  0.009641
 904.000000  0.007324
 905.000000  0.009367
 906.000000  0.009765
 907.000000  0.009566
 908.000000  0.009765
 909.000000  0.009491
 910.000000  0.007324
 911.000000  0.009491
 912.000000  0.007324
 913.000000  0.009466
 914.000000  0.007324
 915.000000  0.009416
 916.000000  0.007324
 917.000000  0.009367
 918.000000  0.009790
 919.000000  0.009342
 920.000000  0.009765
 921.000000  0.009466
 922.000000  0.007324
 923.000000  0.009192
 924.000000  0.007299
 925.000000  0.009192
 926.000000  0.007324
 927.000000  0.009167
 928.000000  0.007324
 929.000000  0.009267
 930.000000  0.007324
 931.000000  0.009242
 932.000000  0.007324
 933.000000  0.009566
 934.000000  0.007374
 935.000000  0.009491
 936.000000  0.007324
 937.000000  0.008968
 938.000000  0.007324
 939.000000  0.008968
 940.000000  0.007249
 941.000000  0.009043
 942.000000  0.007249
 943.000000  0.008843
 944.000000  0.007200
 945.000000  0.006577
 946.000000  0.009666
 947.000000  0.009043
 948.000000  0.007274
 949.000000  0.009043
 950.000000  0.009715
 951.000000  0.009018
 952.000000  0.007175
 953.000000  0.008993
 954.000000  0.007225
 955.000000  0.009267
 956.000000  0.007324
 957.000000  0.008943
 958.000000  0.007249
 959.000000  0.006452
 960.000000  0.007175
 961.000000  0.006402
 962.000000  0.009591
 963.000000  0.006602
 964.000000  0.007299
 965.000000  0.009242
 966.000000  0.007299
 967.000000  0.009217
 968.000000  0.007324
 969.000000  0.009242
 970.000000  0.009765
 971.000000  0.009192
 972.000000  0.007324
 973.000000  0.008843
 974.000000  0.007274
 975.000000  0.009167
 976.000000  0.007324
 977.000000  0.009068
 978.000000  0.007324
 979.000000  0.009043
 980.000000  0.007249
 981.000000  0.009416
 982.000000  0.007324
 983.000000  0.006751
 984.000000  0.007299
 985.000000  0.009043
 986.000000  0.007274
 987.000000  0.008993
 988.000000  0.009765
 989.000000  0.008918
 990.000000  0.007324
 991.000000  0.009117
 992.000000  0.007299
 993.000000  0.009043
 994.000000  0.007274
 995.000000  0.008993
 996.000000  0.007299
 997.000000  0.009117
 998.000000  0.009715
 999.000000  0.008769
 1000.000000  0.009740
 1001.000000  0.008619
 1002.000000  0.007299
 1003.000000  0.008819
 1004.000000  0.007324
 1005.000000  0.008794
 1006.000000  0.007324
 1007.000000  0.008669
 1008.000000  0.007299
 1009.000000  0.008719
 1010.000000  0.007324
 1011.000000  0.008868
 1012.000000  0.007324
 1013.000000  0.008843
 1014.000000  0.007274
 1015.000000  0.008843
 1016.000000  0.007299
 1017.000000  0.009018
 1018.000000  0.007299
 1019.000000  0.008644
 1020.000000  0.007274
 1021.000000  0.008420
 1022.000000  0.007225
 1023.000000  0.008893
