 0.000000  0.007373
 1.000000  0.007324
 2.000000  0.007324
 3.000000  0.007300
 4.000000  0.007349
 5.000000  0.007324
 6.000000  0.007397
 7.000000  0.007324
 8.000000  0.007373
 9.000000  0.007324
 10.000000  0.007324
 11.000000  0.007275
 12.000000  0.007397
 13.000000  0.007300
 14.000000  0.007324
 15.000000  0.007300
 16.000000  0.007349
 17.000000  0.007324
 18.000000  0.007324
 19.000000  0.007300
 20.000000  0.007324
 21.000000  0.007324
 22.000000  0.007349
 23.000000  0.007324
 24.000000  0.007397
 25.000000  0.007324
 26.000000  0.007471
 27.000000  0.009741
 28.000000  0.007373
 29.000000  0.007324
 30.000000  0.007373
 31.000000  0.007300
 32.000000  0.007397
 33.000000  0.007300
 34.000000  0.007397
 35.000000  0.007300
 36.000000  0.007397
 37.000000  0.007300
 38.000000  0.007495
 39.000000  0.009741
 40.000000  0.007471
 41.000000  0.007275
 42.000000  0.007422
 43.000000  0.007202
 44.000000  0.007446
 45.000000  0.007324
 46.000000  0.007495
 47.000000  0.007251
 48.000000  0.007471
 49.000000  0.007300
 50.000000  0.007446
 51.000000  0.007275
 52.000000  0.007397
 53.000000  0.007300
 54.000000  0.007422
 55.000000  0.007227
 56.000000  0.007544
 57.000000  0.007104
 58.000000  0.007642
 59.000000  0.009497
 60.000000  0.007666
 61.000000  0.009643
 62.000000  0.007446
 63.000000  0.007080
 64.000000  0.007446
 65.000000  0.006934
 66.000000  0.007471
 67.000000  0.009692
 68.000000  0.007471
 69.000000  0.007227
 70.000000  0.007422
 71.000000  0.007300
 72.000000  0.007397
 73.000000  0.007275
 74.000000  0.007422
 75.000000  0.007104
 76.000000  0.007446
 77.000000  0.007227
 78.000000  0.007373
 79.000000  0.007300
 80.000000  0.007397
 81.000000  0.007300
 82.000000  0.007373
 83.000000  0.007300
 84.000000  0.007397
 85.000000  0.007300
 86.000000  0.007349
 87.000000  0.007300
 88.000000  0.007349
 89.000000  0.007300
 90.000000  0.007397
 91.000000  0.007275
 92.000000  0.007349
 93.000000  0.007324
 94.000000  0.007373
 95.000000  0.007275
 96.000000  0.007349
 97.000000  0.007300
 98.000000  0.007349
 99.000000  0.007275
 100.000000  0.007373
 101.000000  0.009741
 102.000000  0.007349
 103.000000  0.009716
 104.000000  0.007324
 105.000000  0.007300
 106.000000  0.007397
 107.000000  0.007275
 108.000000  0.007324
 109.000000  0.009692
 110.000000  0.007373
 111.000000  0.007300
 112.000000  0.007373
 113.000000  0.007324
 114.000000  0.007324
 115.000000  0.007324
 116.000000  0.007324
 117.000000  0.007300
 118.000000  0.007349
 119.000000  0.007275
 120.000000  0.007373
 121.000000  0.007300
 122.000000  0.007373
 123.000000  0.007300
 124.000000  0.007324
 125.000000  0.007324
 126.000000  0.007324
 127.000000  0.009765
 128.000000  0.007324
 129.000000  0.007324
 130.000000  0.007324
 131.000000  0.009741
 132.000000  0.007324
 133.000000  0.007324
 134.000000  0.007324
 135.000000  0.009765
 136.000000  0.007324
 137.000000  0.007300
 138.000000  0.007349
 139.000000  0.007300
 140.000000  0.007349
 141.000000  0.007251
 142.000000  0.007349
 143.000000  0.007275
 144.000000  0.007324
 145.000000  0.009765
 146.000000  0.007324
 147.000000  0.007300
 148.000000  0.007324
 149.000000  0.009741
 150.000000  0.007324
 151.000000  0.007275
 152.000000  0.007324
 153.000000  0.007300
 154.000000  0.007324
 155.000000  0.007300
 156.000000  0.007324
 157.000000  0.009716
 158.000000  0.007324
 159.000000  0.007324
 160.000000  0.007324
 161.000000  0.007275
 162.000000  0.007324
 163.000000  0.007275
 164.000000  0.007324
 165.000000  0.007324
 166.000000  0.007324
 167.000000  0.007300
 168.000000  0.007324
 169.000000  0.009692
 170.000000  0.007324
 171.000000  0.007227
 172.000000  0.007324
 173.000000  0.007324
 174.000000  0.007349
 175.000000  0.007202
 176.000000  0.007324
 177.000000  0.007300
 178.000000  0.007324
 179.000000  0.009692
 180.000000  0.007349
 181.000000  0.007300
 182.000000  0.007349
 183.000000  0.007275
 184.000000  0.007349
 185.000000  0.007275
 186.000000  0.007324
 187.000000  0.007300
 188.000000  0.007349
 189.000000  0.007227
 190.000000  0.007324
 191.000000  0.007227
 192.000000  0.007324
 193.000000  0.007251
 194.000000  0.007324
 195.000000  0.007251
 196.000000  0.009790
 197.000000  0.007251
 198.000000  0.007349
 199.000000  0.009716
 200.000000  0.007373
 201.000000  0.009594
 202.000000  0.007300
 203.000000  0.007202
 204.000000  0.007349
 205.000000  0.007104
 206.000000  0.007349
 207.000000  0.007129
 208.000000  0.007275
 209.000000  0.009497
 210.000000  0.007422
 211.000000  0.007080
 212.000000  0.007397
 213.000000  0.009594
 214.000000  0.007300
 215.000000  0.006836
 216.000000  0.007324
 217.000000  0.006909
 218.000000  0.007519
 219.000000  0.009423
 220.000000  0.007471
 221.000000  0.006958
 222.000000  0.007495
 223.000000  0.006934
 224.000000  0.007373
 225.000000  0.006885
 226.000000  0.007373
 227.000000  0.009350
 228.000000  0.007373
 229.000000  0.009423
 230.000000  0.007349
 231.000000  0.007080
 232.000000  0.007349
 233.000000  0.009619
 234.000000  0.007324
 235.000000  0.007227
 236.000000  0.007349
 237.000000  0.007153
 238.000000  0.007324
 239.000000  0.009594
 240.000000  0.007324
 241.000000  0.007129
 242.000000  0.007397
 243.000000  0.009594
 244.000000  0.007324
 245.000000  0.007178
 246.000000  0.007324
 247.000000  0.007129
 248.000000  0.007324
 249.000000  0.007178
 250.000000  0.007324
 251.000000  0.007227
 252.000000  0.007324
 253.000000  0.007104
 254.000000  0.007300
 255.000000  0.009668
 256.000000  0.007324
 257.000000  0.007275
 258.000000  0.007324
 259.000000  0.007153
 260.000000  0.007324
 261.000000  0.007153
 262.000000  0.007349
 263.000000  0.009619
 264.000000  0.007324
 265.000000  0.009448
 266.000000  0.007324
 267.000000  0.009545
 268.000000  0.007324
 269.000000  0.009668
 270.000000  0.007324
 271.000000  0.007056
 272.000000  0.007324
 273.000000  0.007178
 274.000000  0.007324
 275.000000  0.009668
 276.000000  0.007324
 277.000000  0.009521
 278.000000  0.007324
 279.000000  0.007251
 280.000000  0.007324
 281.000000  0.009619
 282.000000  0.007349
 283.000000  0.009619
 284.000000  0.007324
 285.000000  0.007129
 286.000000  0.007324
 287.000000  0.007275
 288.000000  0.007324
 289.000000  0.009692
 290.000000  0.007324
 291.000000  0.007153
 292.000000  0.007324
 293.000000  0.007129
 294.000000  0.007324
 295.000000  0.009643
 296.000000  0.007324
 297.000000  0.009619
 298.000000  0.007324
 299.000000  0.009692
 300.000000  0.007324
 301.000000  0.007227
 302.000000  0.007324
 303.000000  0.009643
 304.000000  0.007324
 305.000000  0.007275
 306.000000  0.007324
 307.000000  0.009668
 308.000000  0.007324
 309.000000  0.009643
 310.000000  0.007324
 311.000000  0.007202
 312.000000  0.007300
 313.000000  0.007251
 314.000000  0.007324
 315.000000  0.009692
 316.000000  0.007324
 317.000000  0.007178
 318.000000  0.007300
 319.000000  0.007251
 320.000000  0.007324
 321.000000  0.009765
 322.000000  0.007324
 323.000000  0.009692
 324.000000  0.007324
 325.000000  0.007104
 326.000000  0.007324
 327.000000  0.007104
 328.000000  0.007324
 329.000000  0.009716
 330.000000  0.007324
 331.000000  0.009765
 332.000000  0.007324
 333.000000  0.009692
 334.000000  0.007324
 335.000000  0.009692
 336.000000  0.007324
 337.000000  0.007104
 338.000000  0.007324
 339.000000  0.007080
 340.000000  0.007324
 341.000000  0.009594
 342.000000  0.009790
 343.000000  0.009545
 344.000000  0.007324
 345.000000  0.009570
 346.000000  0.007349
 347.000000  0.007080
 348.000000  0.007324
 349.000000  0.009423
 350.000000  0.007373
 351.000000  0.009521
 352.000000  0.007373
 353.000000  0.009570
 354.000000  0.007300
 355.000000  0.007031
 356.000000  0.007397
 357.000000  0.007056
 358.000000  0.007349
 359.000000  0.009399
 360.000000  0.007349
 361.000000  0.006836
 362.000000  0.007373
 363.000000  0.009472
 364.000000  0.007349
 365.000000  0.007202
 366.000000  0.007446
 367.000000  0.006934
 368.000000  0.007349
 369.000000  0.006982
 370.000000  0.007397
 371.000000  0.009423
 372.000000  0.007422
 373.000000  0.009472
 374.000000  0.007324
 375.000000  0.009155
 376.000000  0.007275
 377.000000  0.006592
 378.000000  0.007227
 379.000000  0.006982
 380.000000  0.007471
 381.000000  0.009521
 382.000000  0.007324
 383.000000  0.007227
 384.000000  0.007349
 385.000000  0.007056
 386.000000  0.007324
 387.000000  0.009594
 388.000000  0.007300
 389.000000  0.009521
 390.000000  0.007349
 391.000000  0.009570
 392.000000  0.007324
 393.000000  0.007080
 394.000000  0.007324
 395.000000  0.007104
 396.000000  0.007349
 397.000000  0.007129
 398.000000  0.007349
 399.000000  0.006934
 400.000000  0.007349
 401.000000  0.009692
 402.000000  0.007324
 403.000000  0.007227
 404.000000  0.007349
 405.000000  0.007153
 406.000000  0.007373
 407.000000  0.007153
 408.000000  0.007373
 409.000000  0.009448
 410.000000  0.007324
 411.000000  0.009545
 412.000000  0.007349
 413.000000  0.007251
 414.000000  0.007324
 415.000000  0.009668
 416.000000  0.007324
 417.000000  0.007227
 418.000000  0.007324
 419.000000  0.007202
 420.000000  0.007349
 421.000000  0.007202
 422.000000  0.007324
 423.000000  0.007080
 424.000000  0.007324
 425.000000  0.009594
 426.000000  0.007324
 427.000000  0.009570
 428.000000  0.007300
 429.000000  0.009472
 430.000000  0.007324
 431.000000  0.009619
 432.000000  0.007324
 433.000000  0.007153
 434.000000  0.007324
 435.000000  0.009594
 436.000000  0.007324
 437.000000  0.009668
 438.000000  0.007324
 439.000000  0.009692
 440.000000  0.007324
 441.000000  0.009692
 442.000000  0.007324
 443.000000  0.009594
 444.000000  0.007324
 445.000000  0.009545
 446.000000  0.007324
 447.000000  0.007202
 448.000000  0.007324
 449.000000  0.009765
 450.000000  0.007324
 451.000000  0.009716
 452.000000  0.007324
 453.000000  0.009643
 454.000000  0.007324
 455.000000  0.009692
 456.000000  0.007324
 457.000000  0.009619
 458.000000  0.007324
 459.000000  0.009643
 460.000000  0.007324
 461.000000  0.009692
 462.000000  0.007324
 463.000000  0.009594
 464.000000  0.007324
 465.000000  0.009692
 466.000000  0.007324
 467.000000  0.007178
 468.000000  0.007324
 469.000000  0.007251
 470.000000  0.007300
 471.000000  0.009668
 472.000000  0.007324
 473.000000  0.007129
 474.000000  0.007324
 475.000000  0.009668
 476.000000  0.007324
 477.000000  0.007202
 478.000000  0.007324
 479.000000  0.009741
 480.000000  0.007324
 481.000000  0.009619
 482.000000  0.007324
 483.000000  0.007300
 484.000000  0.007324
 485.000000  0.009643
 486.000000  0.007324
 487.000000  0.007227
 488.000000  0.007324
 489.000000  0.007275
 490.000000  0.007324
 491.000000  0.009668
 492.000000  0.007324
 493.000000  0.009692
 494.000000  0.007324
 495.000000  0.009619
 496.000000  0.007324
 497.000000  0.007227
 498.000000  0.007324
 499.000000  0.009545
 500.000000  0.007324
 501.000000  0.009643
 502.000000  0.007324
 503.000000  0.009692
 504.000000  0.007300
 505.000000  0.009668
 506.000000  0.007324
 507.000000  0.007251
 508.000000  0.007373
 509.000000  0.007153
 510.000000  0.007324
 511.000000  0.009619
 512.000000  0.007349
 513.000000  0.007202
 514.000000  0.007275
 515.000000  0.007202
 516.000000  0.007349
 517.000000  0.007275
 518.000000  0.007349
 519.000000  0.007202
 520.000000  0.007324
 521.000000  0.007178
 522.000000  0.007422
 523.000000  0.009472
 524.000000  0.007324
 525.000000  0.009619
 526.000000  0.007397
 527.000000  0.009350
 528.000000  0.007324
 529.000000  0.009350
 530.000000  0.007495
 531.000000  0.009594
 532.000000  0.007568
 533.000000  0.007007
 534.000000  0.007666
 535.000000  0.007153
 536.000000  0.007349
 537.000000  0.009252
 538.000000  0.007373
 539.000000  0.009716
 540.000000  0.007349
 541.000000  0.007153
 542.000000  0.007324
 543.000000  0.007227
 544.000000  0.007373
 545.000000  0.007300
 546.000000  0.007422
 547.000000  0.009668
 548.000000  0.007397
 549.000000  0.009765
 550.000000  0.007397
 551.000000  0.009692
 552.000000  0.007300
 553.000000  0.007251
 554.000000  0.007519
 555.000000  0.007324
 556.000000  0.007349
 557.000000  0.009521
 558.000000  0.007397
 559.000000  0.009765
 560.000000  0.007422
 561.000000  0.007202
 562.000000  0.007373
 563.000000  0.009765
 564.000000  0.007397
 565.000000  0.009692
 566.000000  0.007349
 567.000000  0.009716
 568.000000  0.007519
 569.000000  0.009765
 570.000000  0.007300
 571.000000  0.009692
 572.000000  0.007349
 573.000000  0.009765
 574.000000  0.007324
 575.000000  0.009741
 576.000000  0.007373
 577.000000  0.009741
 578.000000  0.007886
 579.000000  0.009765
 580.000000  0.007324
 581.000000  0.007300
 582.000000  0.007886
 583.000000  0.009765
 584.000000  0.007349
 585.000000  0.009765
 586.000000  0.007373
 587.000000  0.009765
 588.000000  0.007422
 589.000000  0.007324
 590.000000  0.007324
 591.000000  0.009765
 592.000000  0.009326
 593.000000  0.007324
 594.000000  0.007349
 595.000000  0.009765
 596.000000  0.009253
 597.000000  0.009838
 598.000000  0.007349
 599.000000  0.009741
 600.000000  0.007397
 601.000000  0.009863
 602.000000  0.008398
 603.000000  0.009765
 604.000000  0.007397
 605.000000  0.009765
 606.000000  0.009766
 607.000000  0.009838
 608.000000  0.007519
 609.000000  0.009765
 610.000000  0.009595
 611.000000  0.012158
 612.000000  0.010498
 613.000000  0.009765
 614.000000  0.009838
 615.000000  0.011669
 616.000000  0.009766
 617.000000  0.007324
 618.000000  0.007422
 619.000000  0.009790
 620.000000  0.009766
 621.000000  0.011914
 622.000000  0.007690
 623.000000  0.009765
 624.000000  0.012085
 625.000000  0.012426
 626.000000  0.009766
 627.000000  0.009765
 628.000000  0.008398
 629.000000  0.011962
 630.000000  0.012207
 631.000000  0.011743
 632.000000  0.008227
 633.000000  0.009838
 634.000000  0.010278
 635.000000  0.014648
 636.000000  0.009741
 637.000000  0.007324
 638.000000  0.009570
 639.000000  0.014575
 640.000000  0.012964
 641.000000  0.011377
 642.000000  0.009058
 643.000000  0.009448
 644.000000  0.017236
 645.000000  0.014721
 646.000000  0.012207
 647.000000  0.010376
 648.000000  0.010498
 649.000000  0.017139
 650.000000  0.012305
 651.000000  0.009448
 652.000000  0.009766
 653.000000  0.012134
 654.000000  0.021973
 655.000000  0.014233
 656.000000  0.009790
 657.000000  0.012158
 658.000000  0.016162
 659.000000  0.023560
 660.000000  0.012207
 661.000000  0.012231
 662.000000  0.010791
 663.000000  0.023364
 664.000000  0.029028
 665.000000  0.013037
 666.000000  0.012646
 667.000000  0.014526
 668.000000  0.032935
 669.000000  0.029883
 670.000000  0.012207
 671.000000  0.010962
 672.000000  0.017114
 673.000000  0.058813
 674.000000  0.035766
 675.000000  0.014648
 676.000000  0.012329
 677.000000  0.022265
 678.000000  0.061646
 679.000000  0.027417
 680.000000  0.014185
 681.000000  0.014673
 682.000000  0.040234
 683.000000  0.124560
 684.000000  0.032861
 685.000000  0.017382
 686.000000  0.017725
 687.000000  0.049731
 688.000000  0.095874
 689.000000  0.025830
 690.000000  0.017871
 691.000000  0.017065
 692.000000  0.026855
 693.000000  0.034155
 694.000000  0.014624
 695.000000  0.014648
 696.000000  0.016406
 697.000000  0.028442
 698.000000  0.024609
 699.000000  0.014575
 700.000000  0.011963
 701.000000  0.012109
 702.000000  0.019922
 703.000000  0.015454
 704.000000  0.014209
 705.000000  0.012231
 706.000000  0.012183
 707.000000  0.017139
 708.000000  0.014087
 709.000000  0.012182
 710.000000  0.009766
 711.000000  0.013037
 712.000000  0.015112
 713.000000  0.014331
 714.000000  0.009790
 715.000000  0.011669
 716.000000  0.010254
 717.000000  0.015698
 718.000000  0.010059
 719.000000  0.010815
 720.000000  0.009644
 721.000000  0.012207
 722.000000  0.012207
 723.000000  0.012060
 724.000000  0.009326
 725.000000  0.010302
 726.000000  0.009814
 727.000000  0.012402
 728.000000  0.009351
 729.000000  0.007422
 730.000000  0.008789
 731.000000  0.012133
 732.000000  0.009790
 733.000000  0.009814
 734.000000  0.010766
 735.000000  0.009838
 736.000000  0.009766
 737.000000  0.012060
 738.000000  0.007739
 739.000000  0.009765
 740.000000  0.008472
 741.000000  0.011987
 742.000000  0.009717
 743.000000  0.007300
 744.000000  0.007422
 745.000000  0.009765
 746.000000  0.009741
 747.000000  0.007349
 748.000000  0.007397
 749.000000  0.009765
 750.000000  0.007739
 751.000000  0.010546
 752.000000  0.010058
 753.000000  0.009765
 754.000000  0.007324
 755.000000  0.009765
 756.000000  0.009204
 757.000000  0.009765
 758.000000  0.007349
 759.000000  0.007324
 760.000000  0.007495
 761.000000  0.009887
 762.000000  0.007349
 763.000000  0.009765
 764.000000  0.007349
 765.000000  0.009765
 766.000000  0.008179
 767.000000  0.007324
 768.000000  0.007324
 769.000000  0.009716
 770.000000  0.007446
 771.000000  0.009765
 772.000000  0.007349
 773.000000  0.009643
 774.000000  0.009765
 775.000000  0.009741
 776.000000  0.010009
 777.000000  0.009741
 778.000000  0.007324
 779.000000  0.007178
 780.000000  0.007324
 781.000000  0.007324
 782.000000  0.009765
 783.000000  0.009570
 784.000000  0.007324
 785.000000  0.009765
 786.000000  0.007324
 787.000000  0.009594
 788.000000  0.009765
 789.000000  0.009423
 790.000000  0.007324
 791.000000  0.009741
 792.000000  0.007324
 793.000000  0.009472
 794.000000  0.007324
 795.000000  0.009765
 796.000000  0.007349
 797.000000  0.009521
 798.000000  0.007324
 799.000000  0.009643
 800.000000  0.007324
 801.000000  0.009741
 802.000000  0.009765
 803.000000  0.009301
 804.000000  0.007324
 805.000000  0.009741
 806.000000  0.007324
 807.000000  0.009423
 808.000000  0.009741
 809.000000  0.007031
 810.000000  0.007324
 811.000000  0.007251
 812.000000  0.007324
 813.000000  0.006885
 814.000000  0.007324
 815.000000  0.009643
 816.000000  0.007324
 817.000000  0.009155
 818.000000  0.007300
 819.000000  0.009350
 820.000000  0.007324
 821.000000  0.009545
 822.000000  0.007300
 823.000000  0.009277
 824.000000  0.009741
 825.000000  0.009545
 826.000000  0.007300
 827.000000  0.009130
 828.000000  0.007251
 829.000000  0.009082
 830.000000  0.007324
 831.000000  0.009375
 832.000000  0.007227
 833.000000  0.009057
 834.000000  0.007178
 835.000000  0.009130
 836.000000  0.009741
 837.000000  0.008960
 838.000000  0.007275
 839.000000  0.008691
 840.000000  0.007349
 841.000000  0.008960
 842.000000  0.009594
 843.000000  0.008960
 844.000000  0.007202
 845.000000  0.006909
 846.000000  0.009741
 847.000000  0.009106
 848.000000  0.007056
 849.000000  0.008691
 850.000000  0.007227
 851.000000  0.009375
 852.000000  0.007202
 853.000000  0.006299
 854.000000  0.009692
 855.000000  0.008935
 856.000000  0.007324
 857.000000  0.006470
 858.000000  0.007275
 859.000000  0.006348
 860.000000  0.009741
 861.000000  0.009057
 862.000000  0.007300
 863.000000  0.006201
 864.000000  0.007251
 865.000000  0.009033
 866.000000  0.009741
 867.000000  0.006445
 868.000000  0.007324
 869.000000  0.008862
 870.000000  0.007275
 871.000000  0.008764
 872.000000  0.007275
 873.000000  0.008837
 874.000000  0.007275
 875.000000  0.008935
 876.000000  0.007324
 877.000000  0.006226
 878.000000  0.007300
 879.000000  0.006372
 880.000000  0.007275
 881.000000  0.009252
 882.000000  0.007300
 883.000000  0.008520
 884.000000  0.007275
 885.000000  0.009130
 886.000000  0.007300
 887.000000  0.006323
 888.000000  0.007300
 889.000000  0.008691
 890.000000  0.007275
 891.000000  0.008960
 892.000000  0.007300
 893.000000  0.008935
 894.000000  0.007275
 895.000000  0.008935
 896.000000  0.007324
 897.000000  0.009057
 898.000000  0.007251
 899.000000  0.008642
 900.000000  0.007324
 901.000000  0.008837
 902.000000  0.009765
 903.000000  0.008593
 904.000000  0.007324
 905.000000  0.008691
 906.000000  0.009741
 907.000000  0.008544
 908.000000  0.009741
 909.000000  0.008593
 910.000000  0.007324
 911.000000  0.008520
 912.000000  0.007300
 913.000000  0.008398
 914.000000  0.007275
 915.000000  0.008496
 916.000000  0.007300
 917.000000  0.008691
 918.000000  0.009741
 919.000000  0.008496
 920.000000  0.009765
 921.000000  0.008374
 922.000000  0.007324
 923.000000  0.008203
 924.000000  0.007300
 925.000000  0.008618
 926.000000  0.007251
 927.000000  0.008862
 928.000000  0.007300
 929.000000  0.008447
 930.000000  0.007300
 931.000000  0.008398
 932.000000  0.007300
 933.000000  0.008911
 934.000000  0.007300
 935.000000  0.008618
 936.000000  0.007324
 937.000000  0.008789
 938.000000  0.007324
 939.000000  0.008276
 940.000000  0.007300
 941.000000  0.008715
 942.000000  0.007300
 943.000000  0.009008
 944.000000  0.007300
 945.000000  0.006055
 946.000000  0.009716
 947.000000  0.008911
 948.000000  0.007324
 949.000000  0.008813
 950.000000  0.009741
 951.000000  0.008471
 952.000000  0.007324
 953.000000  0.008740
 954.000000  0.007251
 955.000000  0.008667
 956.000000  0.007300
 957.000000  0.008544
 958.000000  0.007300
 959.000000  0.006323
 960.000000  0.007251
 961.000000  0.006055
 962.000000  0.009716
 963.000000  0.006543
 964.000000  0.007178
 965.000000  0.008911
 966.000000  0.007300
 967.000000  0.008422
 968.000000  0.007300
 969.000000  0.008520
 970.000000  0.009643
 971.000000  0.008422
 972.000000  0.007300
 973.000000  0.008349
 974.000000  0.007202
 975.000000  0.008740
 976.000000  0.007251
 977.000000  0.008520
 978.000000  0.007178
 979.000000  0.008398
 980.000000  0.007227
 981.000000  0.008935
 982.000000  0.007178
 983.000000  0.006274
 984.000000  0.007202
 985.000000  0.008471
 986.000000  0.007178
 987.000000  0.008544
 988.000000  0.009643
 989.000000  0.008325
 990.000000  0.007178
 991.000000  0.008618
 992.000000  0.007202
 993.000000  0.008447
 994.000000  0.007080
 995.000000  0.008300
 996.000000  0.007031
 997.000000  0.008642
 998.000000  0.009497
 999.000000  0.008227
 1000.000000  0.009277
 1001.000000  0.008252
 1002.000000  0.006714
 1003.000000  0.008129
 1004.000000  0.007031
 1005.000000  0.008715
 1006.000000  0.007202
 1007.000000  0.008496
 1008.000000  0.007227
 1009.000000  0.008422
 1010.000000  0.007153
 1011.000000  0.008520
 1012.000000  0.007153
 1013.000000  0.008203
 1014.000000  0.007056
 1015.000000  0.008398
 1016.000000  0.007202
 1017.000000  0.008374
 1018.000000  0.007178
 1019.000000  0.008129
 1020.000000  0.007104
 1021.000000  0.008105
 1022.000000  0.007153
 1023.000000  0.008300
