 0.000000  0.007739
 1.000000  0.007324
 2.000000  0.007519
 3.000000  0.007324
 4.000000  0.007471
 5.000000  0.007275
 6.000000  0.007471
 7.000000  0.007324
 8.000000  0.007446
 9.000000  0.007300
 10.000000  0.007593
 11.000000  0.007349
 12.000000  0.007519
 13.000000  0.007324
 14.000000  0.007519
 15.000000  0.007324
 16.000000  0.007471
 17.000000  0.007324
 18.000000  0.007446
 19.000000  0.007324
 20.000000  0.007373
 21.000000  0.007324
 22.000000  0.007422
 23.000000  0.007349
 24.000000  0.007471
 25.000000  0.007324
 26.000000  0.007495
 27.000000  0.009765
 28.000000  0.007397
 29.000000  0.007349
 30.000000  0.007397
 31.000000  0.007300
 32.000000  0.007446
 33.000000  0.007324
 34.000000  0.007422
 35.000000  0.007324
 36.000000  0.007519
 37.000000  0.007324
 38.000000  0.007349
 39.000000  0.009765
 40.000000  0.007397
 41.000000  0.007275
 42.000000  0.007373
 43.000000  0.007324
 44.000000  0.007422
 45.000000  0.007324
 46.000000  0.007373
 47.000000  0.007324
 48.000000  0.007373
 49.000000  0.007324
 50.000000  0.007324
 51.000000  0.007324
 52.000000  0.007324
 53.000000  0.007275
 54.000000  0.007373
 55.000000  0.007324
 56.000000  0.007324
 57.000000  0.007324
 58.000000  0.007422
 59.000000  0.009741
 60.000000  0.007324
 61.000000  0.009741
 62.000000  0.007373
 63.000000  0.007324
 64.000000  0.007373
 65.000000  0.007324
 66.000000  0.007397
 67.000000  0.009765
 68.000000  0.007349
 69.000000  0.007324
 70.000000  0.007324
 71.000000  0.007324
 72.000000  0.007324
 73.000000  0.007324
 74.000000  0.007324
 75.000000  0.007324
 76.000000  0.007373
 77.000000  0.007275
 78.000000  0.007324
 79.000000  0.007324
 80.000000  0.007373
 81.000000  0.007324
 82.000000  0.007349
 83.000000  0.007324
 84.000000  0.007373
 85.000000  0.007324
 86.000000  0.007349
 87.000000  0.007324
 88.000000  0.007422
 89.000000  0.007324
 90.000000  0.007446
 91.000000  0.007324
 92.000000  0.007373
 93.000000  0.007300
 94.000000  0.007349
 95.000000  0.007275
 96.000000  0.007324
 97.000000  0.007324
 98.000000  0.007397
 99.000000  0.007324
 100.000000  0.007422
 101.000000  0.009765
 102.000000  0.007349
 103.000000  0.009741
 104.000000  0.007324
 105.000000  0.007324
 106.000000  0.007373
 107.000000  0.007300
 108.000000  0.007349
 109.000000  0.009741
 110.000000  0.007373
 111.000000  0.007324
 112.000000  0.007349
 113.000000  0.007324
 114.000000  0.007422
 115.000000  0.007324
 116.000000  0.007397
 117.000000  0.007275
 118.000000  0.007397
 119.000000  0.007275
 120.000000  0.007422
 121.000000  0.007251
 122.000000  0.007422
 123.000000  0.007251
 124.000000  0.007471
 125.000000  0.007324
 126.000000  0.007446
 127.000000  0.009765
 128.000000  0.007373
 129.000000  0.007202
 130.000000  0.007397
 131.000000  0.009692
 132.000000  0.007397
 133.000000  0.007300
 134.000000  0.007373
 135.000000  0.009741
 136.000000  0.007593
 137.000000  0.007519
 138.000000  0.007544
 139.000000  0.007202
 140.000000  0.007446
 141.000000  0.007007
 142.000000  0.007397
 143.000000  0.007129
 144.000000  0.007642
 145.000000  0.009790
 146.000000  0.007397
 147.000000  0.007178
 148.000000  0.007642
 149.000000  0.009570
 150.000000  0.007715
 151.000000  0.007129
 152.000000  0.007349
 153.000000  0.007056
 154.000000  0.007446
 155.000000  0.007178
 156.000000  0.007519
 157.000000  0.009643
 158.000000  0.007495
 159.000000  0.007275
 160.000000  0.007519
 161.000000  0.007178
 162.000000  0.007373
 163.000000  0.007153
 164.000000  0.007373
 165.000000  0.007300
 166.000000  0.007373
 167.000000  0.007251
 168.000000  0.007373
 169.000000  0.009716
 170.000000  0.007349
 171.000000  0.007300
 172.000000  0.007373
 173.000000  0.007251
 174.000000  0.007397
 175.000000  0.007202
 176.000000  0.007349
 177.000000  0.007227
 178.000000  0.007349
 179.000000  0.009765
 180.000000  0.007373
 181.000000  0.007251
 182.000000  0.007373
 183.000000  0.007275
 184.000000  0.007349
 185.000000  0.007324
 186.000000  0.007324
 187.000000  0.007227
 188.000000  0.007324
 189.000000  0.007251
 190.000000  0.007397
 191.000000  0.007153
 192.000000  0.007324
 193.000000  0.007275
 194.000000  0.007349
 195.000000  0.007275
 196.000000  0.009765
 197.000000  0.007324
 198.000000  0.007349
 199.000000  0.009692
 200.000000  0.007373
 201.000000  0.009643
 202.000000  0.007349
 203.000000  0.007300
 204.000000  0.007349
 205.000000  0.007251
 206.000000  0.007324
 207.000000  0.007275
 208.000000  0.007324
 209.000000  0.009716
 210.000000  0.007324
 211.000000  0.007324
 212.000000  0.007324
 213.000000  0.009741
 214.000000  0.007324
 215.000000  0.007324
 216.000000  0.007324
 217.000000  0.007300
 218.000000  0.007324
 219.000000  0.009765
 220.000000  0.007324
 221.000000  0.007324
 222.000000  0.007324
 223.000000  0.007324
 224.000000  0.007324
 225.000000  0.007324
 226.000000  0.007349
 227.000000  0.009765
 228.000000  0.007397
 229.000000  0.009765
 230.000000  0.007324
 231.000000  0.007275
 232.000000  0.007324
 233.000000  0.009741
 234.000000  0.007324
 235.000000  0.007300
 236.000000  0.007324
 237.000000  0.007324
 238.000000  0.007324
 239.000000  0.009692
 240.000000  0.007324
 241.000000  0.007324
 242.000000  0.007324
 243.000000  0.009765
 244.000000  0.007349
 245.000000  0.007300
 246.000000  0.007324
 247.000000  0.007324
 248.000000  0.007324
 249.000000  0.007300
 250.000000  0.007324
 251.000000  0.007324
 252.000000  0.007349
 253.000000  0.007324
 254.000000  0.007324
 255.000000  0.009765
 256.000000  0.007324
 257.000000  0.007324
 258.000000  0.007324
 259.000000  0.007324
 260.000000  0.007373
 261.000000  0.007324
 262.000000  0.007324
 263.000000  0.009692
 264.000000  0.007324
 265.000000  0.009741
 266.000000  0.007324
 267.000000  0.009741
 268.000000  0.007324
 269.000000  0.009765
 270.000000  0.007349
 271.000000  0.007300
 272.000000  0.007349
 273.000000  0.007300
 274.000000  0.007373
 275.000000  0.009692
 276.000000  0.007349
 277.000000  0.009765
 278.000000  0.007349
 279.000000  0.007300
 280.000000  0.007349
 281.000000  0.009741
 282.000000  0.007324
 283.000000  0.009765
 284.000000  0.007397
 285.000000  0.007324
 286.000000  0.007349
 287.000000  0.007324
 288.000000  0.007373
 289.000000  0.009765
 290.000000  0.007373
 291.000000  0.007324
 292.000000  0.007349
 293.000000  0.006860
 294.000000  0.007373
 295.000000  0.009692
 296.000000  0.007422
 297.000000  0.009668
 298.000000  0.007935
 299.000000  0.009643
 300.000000  0.007422
 301.000000  0.006982
 302.000000  0.007544
 303.000000  0.009594
 304.000000  0.007422
 305.000000  0.007080
 306.000000  0.007446
 307.000000  0.009497
 308.000000  0.007544
 309.000000  0.009668
 310.000000  0.007617
 311.000000  0.007275
 312.000000  0.007471
 313.000000  0.007324
 314.000000  0.007471
 315.000000  0.009741
 316.000000  0.007495
 317.000000  0.007251
 318.000000  0.007349
 319.000000  0.007275
 320.000000  0.007446
 321.000000  0.009692
 322.000000  0.007422
 323.000000  0.009741
 324.000000  0.007471
 325.000000  0.007324
 326.000000  0.007349
 327.000000  0.007275
 328.000000  0.007422
 329.000000  0.009741
 330.000000  0.007422
 331.000000  0.009765
 332.000000  0.007471
 333.000000  0.009765
 334.000000  0.007349
 335.000000  0.009765
 336.000000  0.007324
 337.000000  0.007251
 338.000000  0.007422
 339.000000  0.007324
 340.000000  0.007422
 341.000000  0.009765
 342.000000  0.009814
 343.000000  0.009741
 344.000000  0.007397
 345.000000  0.009716
 346.000000  0.007422
 347.000000  0.007324
 348.000000  0.007373
 349.000000  0.009741
 350.000000  0.007324
 351.000000  0.009765
 352.000000  0.007422
 353.000000  0.009765
 354.000000  0.007324
 355.000000  0.007324
 356.000000  0.007349
 357.000000  0.007275
 358.000000  0.007422
 359.000000  0.009765
 360.000000  0.007349
 361.000000  0.007324
 362.000000  0.007324
 363.000000  0.009741
 364.000000  0.007324
 365.000000  0.007324
 366.000000  0.007373
 367.000000  0.007300
 368.000000  0.007349
 369.000000  0.007300
 370.000000  0.007349
 371.000000  0.009765
 372.000000  0.007373
 373.000000  0.009765
 374.000000  0.007324
 375.000000  0.009765
 376.000000  0.007349
 377.000000  0.007324
 378.000000  0.007422
 379.000000  0.007324
 380.000000  0.007324
 381.000000  0.009765
 382.000000  0.007324
 383.000000  0.007324
 384.000000  0.007397
 385.000000  0.007324
 386.000000  0.007397
 387.000000  0.009765
 388.000000  0.007349
 389.000000  0.009765
 390.000000  0.007422
 391.000000  0.009765
 392.000000  0.007324
 393.000000  0.007324
 394.000000  0.007373
 395.000000  0.007324
 396.000000  0.007373
 397.000000  0.007324
 398.000000  0.007446
 399.000000  0.007324
 400.000000  0.007422
 401.000000  0.009765
 402.000000  0.007349
 403.000000  0.007324
 404.000000  0.007397
 405.000000  0.007324
 406.000000  0.007446
 407.000000  0.007324
 408.000000  0.007422
 409.000000  0.009765
 410.000000  0.007349
 411.000000  0.009765
 412.000000  0.007397
 413.000000  0.007324
 414.000000  0.007519
 415.000000  0.009765
 416.000000  0.007422
 417.000000  0.007300
 418.000000  0.007422
 419.000000  0.007324
 420.000000  0.007471
 421.000000  0.007324
 422.000000  0.007397
 423.000000  0.007324
 424.000000  0.007397
 425.000000  0.009765
 426.000000  0.007642
 427.000000  0.009765
 428.000000  0.007642
 429.000000  0.009765
 430.000000  0.007812
 431.000000  0.009765
 432.000000  0.007495
 433.000000  0.007324
 434.000000  0.007568
 435.000000  0.009765
 436.000000  0.007544
 437.000000  0.009741
 438.000000  0.007495
 439.000000  0.009765
 440.000000  0.007617
 441.000000  0.009765
 442.000000  0.007861
 443.000000  0.009765
 444.000000  0.007617
 445.000000  0.009765
 446.000000  0.007666
 447.000000  0.007324
 448.000000  0.007544
 449.000000  0.010058
 450.000000  0.008130
 451.000000  0.009863
 452.000000  0.007568
 453.000000  0.009790
 454.000000  0.007593
 455.000000  0.009716
 456.000000  0.008154
 457.000000  0.009912
 458.000000  0.008154
 459.000000  0.009790
 460.000000  0.008057
 461.000000  0.009936
 462.000000  0.008545
 463.000000  0.009912
 464.000000  0.008081
 465.000000  0.009887
 466.000000  0.008350
 467.000000  0.007471
 468.000000  0.008057
 469.000000  0.007373
 470.000000  0.008032
 471.000000  0.009838
 472.000000  0.008252
 473.000000  0.007422
 474.000000  0.008105
 475.000000  0.009838
 476.000000  0.008301
 477.000000  0.007397
 478.000000  0.008081
 479.000000  0.009790
 480.000000  0.008472
 481.000000  0.009814
 482.000000  0.008618
 483.000000  0.007471
 484.000000  0.008179
 485.000000  0.009863
 486.000000  0.008350
 487.000000  0.007422
 488.000000  0.008545
 489.000000  0.007422
 490.000000  0.008350
 491.000000  0.009912
 492.000000  0.008472
 493.000000  0.009936
 494.000000  0.008423
 495.000000  0.009838
 496.000000  0.008984
 497.000000  0.007397
 498.000000  0.008227
 499.000000  0.009838
 500.000000  0.008887
 501.000000  0.009790
 502.000000  0.008447
 503.000000  0.009790
 504.000000  0.008838
 505.000000  0.009887
 506.000000  0.008740
 507.000000  0.007397
 508.000000  0.009082
 509.000000  0.007373
 510.000000  0.009106
 511.000000  0.009887
 512.000000  0.008984
 513.000000  0.007495
 514.000000  0.009228
 515.000000  0.007397
 516.000000  0.009253
 517.000000  0.007519
 518.000000  0.009351
 519.000000  0.007422
 520.000000  0.009448
 521.000000  0.007812
 522.000000  0.009497
 523.000000  0.010156
 524.000000  0.009546
 525.000000  0.010156
 526.000000  0.009668
 527.000000  0.009912
 528.000000  0.009644
 529.000000  0.010424
 530.000000  0.009668
 531.000000  0.010327
 532.000000  0.009644
 533.000000  0.007959
 534.000000  0.009644
 535.000000  0.007788
 536.000000  0.009521
 537.000000  0.010595
 538.000000  0.009741
 539.000000  0.010815
 540.000000  0.009717
 541.000000  0.008374
 542.000000  0.009766
 543.000000  0.008594
 544.000000  0.009741
 545.000000  0.008472
 546.000000  0.009766
 547.000000  0.011718
 548.000000  0.009766
 549.000000  0.011450
 550.000000  0.009741
 551.000000  0.011792
 552.000000  0.009766
 553.000000  0.009473
 554.000000  0.009766
 555.000000  0.009497
 556.000000  0.009766
 557.000000  0.011962
 558.000000  0.009766
 559.000000  0.011962
 560.000000  0.009766
 561.000000  0.009595
 562.000000  0.009766
 563.000000  0.012182
 564.000000  0.009766
 565.000000  0.012207
 566.000000  0.009766
 567.000000  0.012182
 568.000000  0.009766
 569.000000  0.012207
 570.000000  0.009790
 571.000000  0.012207
 572.000000  0.009766
 573.000000  0.012207
 574.000000  0.009814
 575.000000  0.012207
 576.000000  0.009985
 577.000000  0.012207
 578.000000  0.009936
 579.000000  0.012207
 580.000000  0.010254
 581.000000  0.009814
 582.000000  0.009985
 583.000000  0.012207
 584.000000  0.010522
 585.000000  0.012426
 586.000000  0.010791
 587.000000  0.012304
 588.000000  0.010791
 589.000000  0.010229
 590.000000  0.011816
 591.000000  0.012841
 592.000000  0.011450
 593.000000  0.010767
 594.000000  0.012158
 595.000000  0.014233
 596.000000  0.012207
 597.000000  0.013452
 598.000000  0.012183
 599.000000  0.014111
 600.000000  0.012207
 601.000000  0.013671
 602.000000  0.012036
 603.000000  0.014502
 604.000000  0.012329
 605.000000  0.014306
 606.000000  0.012012
 607.000000  0.014453
 608.000000  0.013110
 609.000000  0.014721
 610.000000  0.013477
 611.000000  0.014746
 612.000000  0.015747
 613.000000  0.015039
 614.000000  0.016479
 615.000000  0.015063
 616.000000  0.013525
 617.000000  0.013599
 618.000000  0.014355
 619.000000  0.016137
 620.000000  0.014087
 621.000000  0.015527
 622.000000  0.014600
 623.000000  0.016626
 624.000000  0.017285
 625.000000  0.016528
 626.000000  0.014697
 627.000000  0.017138
 628.000000  0.015283
 629.000000  0.017065
 630.000000  0.014673
 631.000000  0.017138
 632.000000  0.016479
 633.000000  0.017749
 634.000000  0.015796
 635.000000  0.017211
 636.000000  0.016870
 637.000000  0.016064
 638.000000  0.017114
 639.000000  0.017358
 640.000000  0.016968
 641.000000  0.019311
 642.000000  0.017505
 643.000000  0.017358
 644.000000  0.019531
 645.000000  0.019360
 646.000000  0.020385
 647.000000  0.021020
 648.000000  0.019263
 649.000000  0.017163
 650.000000  0.018848
 651.000000  0.019360
 652.000000  0.020654
 653.000000  0.019531
 654.000000  0.019507
 655.000000  0.021899
 656.000000  0.020850
 657.000000  0.024365
 658.000000  0.020557
 659.000000  0.019580
 660.000000  0.021924
 661.000000  0.024438
 662.000000  0.024707
 663.000000  0.023950
 664.000000  0.024511
 665.000000  0.025219
 666.000000  0.027685
 667.000000  0.029296
 668.000000  0.024268
 669.000000  0.023193
 670.000000  0.026855
 671.000000  0.029102
 672.000000  0.030640
 673.000000  0.028198
 674.000000  0.029394
 675.000000  0.031567
 676.000000  0.035010
 677.000000  0.035253
 678.000000  0.029468
 679.000000  0.032251
 680.000000  0.034204
 681.000000  0.043286
 682.000000  0.039111
 683.000000  0.036621
 684.000000  0.037280
 685.000000  0.044677
 686.000000  0.060474
 687.000000  0.047534
 688.000000  0.050073
 689.000000  0.054590
 690.000000  0.088842
 691.000000  0.157934
 692.000000  0.086768
 693.000000  0.089160
 694.000000  0.138135
 695.000000  0.513476
 696.000000  1.090478
 697.000000  0.234643
 698.000000  0.140405
 699.000000  0.165722
 700.000000  0.401855
 701.000000  0.521606
 702.000000  0.190747
 703.000000  0.162451
 704.000000  0.239526
 705.000000  0.667700
 706.000000  0.625781
 707.000000  0.233545
 708.000000  0.247217
 709.000000  0.615503
 710.000000  1.460303
 711.000000  1.300342
 712.000000  0.435889
 713.000000  0.219092
 714.000000  0.143457
 715.000000  0.165503
 716.000000  0.114868
 717.000000  0.072998
 718.000000  0.059229
 719.000000  0.059594
 720.000000  0.066235
 721.000000  0.053759
 722.000000  0.046362
 723.000000  0.045703
 724.000000  0.044214
 725.000000  0.049975
 726.000000  0.039648
 727.000000  0.038061
 728.000000  0.036597
 729.000000  0.034985
 730.000000  0.038013
 731.000000  0.033642
 732.000000  0.031152
 733.000000  0.032153
 734.000000  0.034057
 735.000000  0.033520
 736.000000  0.026953
 737.000000  0.027587
 738.000000  0.026929
 739.000000  0.029272
 740.000000  0.028003
 741.000000  0.026831
 742.000000  0.024463
 743.000000  0.024463
 744.000000  0.025073
 745.000000  0.026367
 746.000000  0.022021
 747.000000  0.021777
 748.000000  0.022583
 749.000000  0.024389
 750.000000  0.021948
 751.000000  0.022143
 752.000000  0.023657
 753.000000  0.022363
 754.000000  0.021924
 755.000000  0.022119
 756.000000  0.019531
 757.000000  0.021460
 758.000000  0.019507
 759.000000  0.019043
 760.000000  0.018457
 761.000000  0.019702
 762.000000  0.018164
 763.000000  0.019726
 764.000000  0.017358
 765.000000  0.018676
 766.000000  0.016626
 767.000000  0.015942
 768.000000  0.016919
 769.000000  0.019043
 770.000000  0.016504
 771.000000  0.017480
 772.000000  0.016235
 773.000000  0.017724
 774.000000  0.018920
 775.000000  0.016918
 776.000000  0.017358
 777.000000  0.017138
 778.000000  0.015112
 779.000000  0.014673
 780.000000  0.014575
 781.000000  0.013501
 782.000000  0.017114
 783.000000  0.016381
 784.000000  0.014551
 785.000000  0.015405
 786.000000  0.013843
 787.000000  0.015600
 788.000000  0.016748
 789.000000  0.014917
 790.000000  0.012769
 791.000000  0.014648
 792.000000  0.013672
 793.000000  0.014672
 794.000000  0.012817
 795.000000  0.014550
 796.000000  0.012183
 797.000000  0.014624
 798.000000  0.012207
 799.000000  0.014526
 800.000000  0.012207
 801.000000  0.014062
 802.000000  0.014648
 803.000000  0.014038
 804.000000  0.011938
 805.000000  0.012890
 806.000000  0.011182
 807.000000  0.013134
 808.000000  0.013964
 809.000000  0.010376
 810.000000  0.010840
 811.000000  0.009790
 812.000000  0.011035
 813.000000  0.009814
 814.000000  0.010229
 815.000000  0.012207
 816.000000  0.009839
 817.000000  0.012207
 818.000000  0.009985
 819.000000  0.012207
 820.000000  0.009766
 821.000000  0.012182
 822.000000  0.009814
 823.000000  0.012207
 824.000000  0.012231
 825.000000  0.012085
 826.000000  0.009766
 827.000000  0.012182
 828.000000  0.009766
 829.000000  0.012109
 830.000000  0.009766
 831.000000  0.011938
 832.000000  0.009741
 833.000000  0.011962
 834.000000  0.009741
 835.000000  0.011621
 836.000000  0.012207
 837.000000  0.011914
 838.000000  0.009741
 839.000000  0.011352
 840.000000  0.009766
 841.000000  0.010717
 842.000000  0.012182
 843.000000  0.010864
 844.000000  0.009668
 845.000000  0.008032
 846.000000  0.011962
 847.000000  0.011157
 848.000000  0.009595
 849.000000  0.010498
 850.000000  0.009570
 851.000000  0.010253
 852.000000  0.009619
 853.000000  0.007593
 854.000000  0.012036
 855.000000  0.009912
 856.000000  0.009326
 857.000000  0.007715
 858.000000  0.009375
 859.000000  0.007593
 860.000000  0.011450
 861.000000  0.009790
 862.000000  0.008911
 863.000000  0.007373
 864.000000  0.008789
 865.000000  0.009814
 866.000000  0.011279
 867.000000  0.007495
 868.000000  0.008960
 869.000000  0.009814
 870.000000  0.008740
 871.000000  0.009790
 872.000000  0.008740
 873.000000  0.009765
 874.000000  0.008398
 875.000000  0.009765
 876.000000  0.007959
 877.000000  0.007324
 878.000000  0.008447
 879.000000  0.007324
 880.000000  0.007959
 881.000000  0.009765
 882.000000  0.008154
 883.000000  0.009765
 884.000000  0.008130
 885.000000  0.009765
 886.000000  0.007910
 887.000000  0.007324
 888.000000  0.008130
 889.000000  0.009765
 890.000000  0.007861
 891.000000  0.009765
 892.000000  0.007666
 893.000000  0.009765
 894.000000  0.007666
 895.000000  0.009765
 896.000000  0.007422
 897.000000  0.009765
 898.000000  0.007495
 899.000000  0.009765
 900.000000  0.007617
 901.000000  0.009765
 902.000000  0.009936
 903.000000  0.009765
 904.000000  0.007568
 905.000000  0.009765
 906.000000  0.009838
 907.000000  0.009765
 908.000000  0.009887
 909.000000  0.009765
 910.000000  0.007471
 911.000000  0.009765
 912.000000  0.007422
 913.000000  0.009765
 914.000000  0.007397
 915.000000  0.009741
 916.000000  0.007495
 917.000000  0.009765
 918.000000  0.009814
 919.000000  0.009375
 920.000000  0.010083
 921.000000  0.009765
 922.000000  0.007739
 923.000000  0.009814
 924.000000  0.007983
 925.000000  0.009448
 926.000000  0.007593
 927.000000  0.009692
 928.000000  0.007642
 929.000000  0.009668
 930.000000  0.007593
 931.000000  0.009521
 932.000000  0.007446
 933.000000  0.009692
 934.000000  0.007788
 935.000000  0.009692
 936.000000  0.007642
 937.000000  0.009643
 938.000000  0.007568
 939.000000  0.009643
 940.000000  0.007519
 941.000000  0.009545
 942.000000  0.007422
 943.000000  0.009619
 944.000000  0.007373
 945.000000  0.007300
 946.000000  0.009790
 947.000000  0.009716
 948.000000  0.007397
 949.000000  0.009692
 950.000000  0.009814
 951.000000  0.009668
 952.000000  0.007324
 953.000000  0.009716
 954.000000  0.007373
 955.000000  0.009668
 956.000000  0.007349
 957.000000  0.009692
 958.000000  0.007324
 959.000000  0.007275
 960.000000  0.007349
 961.000000  0.007129
 962.000000  0.009765
 963.000000  0.007227
 964.000000  0.007349
 965.000000  0.009668
 966.000000  0.007324
 967.000000  0.009692
 968.000000  0.007349
 969.000000  0.009668
 970.000000  0.009790
 971.000000  0.009570
 972.000000  0.007324
 973.000000  0.009692
 974.000000  0.007349
 975.000000  0.009716
 976.000000  0.007349
 977.000000  0.009741
 978.000000  0.007324
 979.000000  0.009619
 980.000000  0.007324
 981.000000  0.009741
 982.000000  0.007324
 983.000000  0.007251
 984.000000  0.007324
 985.000000  0.009692
 986.000000  0.007324
 987.000000  0.009570
 988.000000  0.009765
 989.000000  0.009521
 990.000000  0.007324
 991.000000  0.009619
 992.000000  0.007324
 993.000000  0.009594
 994.000000  0.007324
 995.000000  0.009643
 996.000000  0.007324
 997.000000  0.009716
 998.000000  0.009765
 999.000000  0.009545
 1000.000000  0.009765
 1001.000000  0.009594
 1002.000000  0.007324
 1003.000000  0.009643
 1004.000000  0.007324
 1005.000000  0.009594
 1006.000000  0.007324
 1007.000000  0.009570
 1008.000000  0.007324
 1009.000000  0.009545
 1010.000000  0.007324
 1011.000000  0.009594
 1012.000000  0.007324
 1013.000000  0.009472
 1014.000000  0.007324
 1015.000000  0.009545
 1016.000000  0.007324
 1017.000000  0.009594
 1018.000000  0.007324
 1019.000000  0.009448
 1020.000000  0.007324
 1021.000000  0.009179
 1022.000000  0.007324
 1023.000000  0.009497
