 0.000000  0.007373
 1.000000  0.007324
 2.000000  0.007324
 3.000000  0.007324
 4.000000  0.007324
 5.000000  0.007324
 6.000000  0.007349
 7.000000  0.007300
 8.000000  0.007373
 9.000000  0.007300
 10.000000  0.007324
 11.000000  0.007300
 12.000000  0.007446
 13.000000  0.007324
 14.000000  0.007471
 15.000000  0.007300
 16.000000  0.007471
 17.000000  0.007251
 18.000000  0.007495
 19.000000  0.007324
 20.000000  0.007397
 21.000000  0.007227
 22.000000  0.007422
 23.000000  0.007275
 24.000000  0.007495
 25.000000  0.007300
 26.000000  0.007666
 27.000000  0.009668
 28.000000  0.007471
 29.000000  0.007275
 30.000000  0.007495
 31.000000  0.007251
 32.000000  0.007422
 33.000000  0.007300
 34.000000  0.007568
 35.000000  0.007251
 36.000000  0.007568
 37.000000  0.007202
 38.000000  0.007593
 39.000000  0.009668
 40.000000  0.007642
 41.000000  0.007202
 42.000000  0.007593
 43.000000  0.007104
 44.000000  0.007715
 45.000000  0.007324
 46.000000  0.007568
 47.000000  0.007300
 48.000000  0.007373
 49.000000  0.007275
 50.000000  0.007324
 51.000000  0.007324
 52.000000  0.007471
 53.000000  0.007251
 54.000000  0.007349
 55.000000  0.007324
 56.000000  0.007422
 57.000000  0.007275
 58.000000  0.007471
 59.000000  0.009716
 60.000000  0.007471
 61.000000  0.009741
 62.000000  0.007349
 63.000000  0.007300
 64.000000  0.007373
 65.000000  0.007275
 66.000000  0.007373
 67.000000  0.009716
 68.000000  0.007349
 69.000000  0.007300
 70.000000  0.007373
 71.000000  0.007202
 72.000000  0.007349
 73.000000  0.007300
 74.000000  0.007373
 75.000000  0.007324
 76.000000  0.007397
 77.000000  0.007300
 78.000000  0.007349
 79.000000  0.007300
 80.000000  0.007349
 81.000000  0.007300
 82.000000  0.007324
 83.000000  0.007324
 84.000000  0.007349
 85.000000  0.007300
 86.000000  0.007373
 87.000000  0.007300
 88.000000  0.007324
 89.000000  0.007300
 90.000000  0.007324
 91.000000  0.007324
 92.000000  0.007397
 93.000000  0.007275
 94.000000  0.007324
 95.000000  0.007275
 96.000000  0.007324
 97.000000  0.007300
 98.000000  0.007349
 99.000000  0.007324
 100.000000  0.007324
 101.000000  0.009741
 102.000000  0.007324
 103.000000  0.009765
 104.000000  0.007324
 105.000000  0.007300
 106.000000  0.007373
 107.000000  0.007324
 108.000000  0.007324
 109.000000  0.009741
 110.000000  0.007373
 111.000000  0.007300
 112.000000  0.007349
 113.000000  0.007324
 114.000000  0.007324
 115.000000  0.007300
 116.000000  0.007373
 117.000000  0.007324
 118.000000  0.007324
 119.000000  0.007300
 120.000000  0.007324
 121.000000  0.007324
 122.000000  0.007397
 123.000000  0.007300
 124.000000  0.007324
 125.000000  0.007324
 126.000000  0.007349
 127.000000  0.009716
 128.000000  0.007349
 129.000000  0.007324
 130.000000  0.007324
 131.000000  0.009741
 132.000000  0.007324
 133.000000  0.007300
 134.000000  0.007324
 135.000000  0.009741
 136.000000  0.007324
 137.000000  0.007324
 138.000000  0.007373
 139.000000  0.007275
 140.000000  0.007349
 141.000000  0.007251
 142.000000  0.007349
 143.000000  0.007275
 144.000000  0.007349
 145.000000  0.009741
 146.000000  0.007324
 147.000000  0.007275
 148.000000  0.007349
 149.000000  0.009692
 150.000000  0.007373
 151.000000  0.007300
 152.000000  0.007373
 153.000000  0.007251
 154.000000  0.007324
 155.000000  0.007251
 156.000000  0.007349
 157.000000  0.009765
 158.000000  0.007349
 159.000000  0.007251
 160.000000  0.007349
 161.000000  0.007300
 162.000000  0.007349
 163.000000  0.007324
 164.000000  0.007349
 165.000000  0.007227
 166.000000  0.007349
 167.000000  0.007227
 168.000000  0.007373
 169.000000  0.009619
 170.000000  0.007446
 171.000000  0.007178
 172.000000  0.007373
 173.000000  0.007227
 174.000000  0.007349
 175.000000  0.007178
 176.000000  0.007373
 177.000000  0.007031
 178.000000  0.007471
 179.000000  0.009570
 180.000000  0.007349
 181.000000  0.007178
 182.000000  0.007422
 183.000000  0.007251
 184.000000  0.007373
 185.000000  0.007202
 186.000000  0.007397
 187.000000  0.007104
 188.000000  0.007397
 189.000000  0.007202
 190.000000  0.007422
 191.000000  0.006860
 192.000000  0.007373
 193.000000  0.007202
 194.000000  0.007324
 195.000000  0.006958
 196.000000  0.009765
 197.000000  0.006958
 198.000000  0.007397
 199.000000  0.009301
 200.000000  0.007397
 201.000000  0.009399
 202.000000  0.007275
 203.000000  0.006909
 204.000000  0.007373
 205.000000  0.007227
 206.000000  0.007397
 207.000000  0.007104
 208.000000  0.007422
 209.000000  0.009570
 210.000000  0.007300
 211.000000  0.007202
 212.000000  0.007397
 213.000000  0.009716
 214.000000  0.007373
 215.000000  0.007104
 216.000000  0.007349
 217.000000  0.007202
 218.000000  0.007373
 219.000000  0.009643
 220.000000  0.007349
 221.000000  0.007227
 222.000000  0.007324
 223.000000  0.007202
 224.000000  0.007373
 225.000000  0.007227
 226.000000  0.007324
 227.000000  0.009521
 228.000000  0.007373
 229.000000  0.009594
 230.000000  0.007324
 231.000000  0.007104
 232.000000  0.007349
 233.000000  0.009570
 234.000000  0.007349
 235.000000  0.007227
 236.000000  0.007349
 237.000000  0.007251
 238.000000  0.007324
 239.000000  0.009521
 240.000000  0.007349
 241.000000  0.007227
 242.000000  0.007324
 243.000000  0.009643
 244.000000  0.007324
 245.000000  0.007178
 246.000000  0.007324
 247.000000  0.007202
 248.000000  0.007324
 249.000000  0.007202
 250.000000  0.007324
 251.000000  0.007202
 252.000000  0.007324
 253.000000  0.007227
 254.000000  0.007324
 255.000000  0.009643
 256.000000  0.007349
 257.000000  0.007227
 258.000000  0.007324
 259.000000  0.007251
 260.000000  0.007324
 261.000000  0.007251
 262.000000  0.007324
 263.000000  0.009668
 264.000000  0.007324
 265.000000  0.009643
 266.000000  0.007324
 267.000000  0.009594
 268.000000  0.007324
 269.000000  0.009643
 270.000000  0.007324
 271.000000  0.007080
 272.000000  0.007324
 273.000000  0.007129
 274.000000  0.007324
 275.000000  0.009619
 276.000000  0.007324
 277.000000  0.009545
 278.000000  0.007324
 279.000000  0.007227
 280.000000  0.007324
 281.000000  0.009668
 282.000000  0.007324
 283.000000  0.009692
 284.000000  0.007324
 285.000000  0.007275
 286.000000  0.007324
 287.000000  0.007227
 288.000000  0.007324
 289.000000  0.009741
 290.000000  0.007324
 291.000000  0.007129
 292.000000  0.007324
 293.000000  0.007251
 294.000000  0.007324
 295.000000  0.009643
 296.000000  0.007324
 297.000000  0.009692
 298.000000  0.007324
 299.000000  0.009765
 300.000000  0.007324
 301.000000  0.007275
 302.000000  0.007324
 303.000000  0.009741
 304.000000  0.007324
 305.000000  0.007251
 306.000000  0.007324
 307.000000  0.009716
 308.000000  0.007349
 309.000000  0.009619
 310.000000  0.007324
 311.000000  0.007275
 312.000000  0.007324
 313.000000  0.007324
 314.000000  0.007324
 315.000000  0.009643
 316.000000  0.007324
 317.000000  0.007300
 318.000000  0.007324
 319.000000  0.007202
 320.000000  0.007349
 321.000000  0.009692
 322.000000  0.007300
 323.000000  0.009668
 324.000000  0.007397
 325.000000  0.007251
 326.000000  0.007373
 327.000000  0.007080
 328.000000  0.007397
 329.000000  0.009594
 330.000000  0.007349
 331.000000  0.009521
 332.000000  0.007324
 333.000000  0.009643
 334.000000  0.007349
 335.000000  0.009643
 336.000000  0.007300
 337.000000  0.007080
 338.000000  0.007349
 339.000000  0.007056
 340.000000  0.007397
 341.000000  0.009668
 342.000000  0.009838
 343.000000  0.009570
 344.000000  0.007422
 345.000000  0.009668
 346.000000  0.007373
 347.000000  0.007007
 348.000000  0.007349
 349.000000  0.009423
 350.000000  0.007422
 351.000000  0.009375
 352.000000  0.007349
 353.000000  0.009570
 354.000000  0.007373
 355.000000  0.007031
 356.000000  0.007471
 357.000000  0.007153
 358.000000  0.007666
 359.000000  0.009521
 360.000000  0.007471
 361.000000  0.007031
 362.000000  0.007324
 363.000000  0.009545
 364.000000  0.007324
 365.000000  0.007056
 366.000000  0.007324
 367.000000  0.007129
 368.000000  0.007349
 369.000000  0.007251
 370.000000  0.007300
 371.000000  0.009594
 372.000000  0.007349
 373.000000  0.009570
 374.000000  0.007349
 375.000000  0.009472
 376.000000  0.007324
 377.000000  0.007202
 378.000000  0.007349
 379.000000  0.007153
 380.000000  0.007349
 381.000000  0.009472
 382.000000  0.007324
 383.000000  0.007251
 384.000000  0.007324
 385.000000  0.007275
 386.000000  0.007324
 387.000000  0.009692
 388.000000  0.007324
 389.000000  0.009594
 390.000000  0.007397
 391.000000  0.009692
 392.000000  0.007397
 393.000000  0.007178
 394.000000  0.007324
 395.000000  0.007202
 396.000000  0.007324
 397.000000  0.007251
 398.000000  0.007324
 399.000000  0.007178
 400.000000  0.007349
 401.000000  0.009716
 402.000000  0.007349
 403.000000  0.007324
 404.000000  0.007324
 405.000000  0.007202
 406.000000  0.007324
 407.000000  0.007275
 408.000000  0.007324
 409.000000  0.009668
 410.000000  0.007324
 411.000000  0.009692
 412.000000  0.007324
 413.000000  0.007251
 414.000000  0.007324
 415.000000  0.009716
 416.000000  0.007324
 417.000000  0.007275
 418.000000  0.007349
 419.000000  0.007300
 420.000000  0.007324
 421.000000  0.007178
 422.000000  0.007324
 423.000000  0.007275
 424.000000  0.007324
 425.000000  0.009668
 426.000000  0.007324
 427.000000  0.009692
 428.000000  0.007324
 429.000000  0.009716
 430.000000  0.007324
 431.000000  0.009668
 432.000000  0.007324
 433.000000  0.007227
 434.000000  0.007324
 435.000000  0.009716
 436.000000  0.007324
 437.000000  0.009716
 438.000000  0.007324
 439.000000  0.009692
 440.000000  0.007324
 441.000000  0.009692
 442.000000  0.007324
 443.000000  0.009692
 444.000000  0.007324
 445.000000  0.009643
 446.000000  0.007324
 447.000000  0.007227
 448.000000  0.007324
 449.000000  0.009594
 450.000000  0.007324
 451.000000  0.009741
 452.000000  0.007324
 453.000000  0.009619
 454.000000  0.007324
 455.000000  0.009716
 456.000000  0.007324
 457.000000  0.009716
 458.000000  0.007349
 459.000000  0.009545
 460.000000  0.007324
 461.000000  0.009668
 462.000000  0.007324
 463.000000  0.009692
 464.000000  0.007324
 465.000000  0.009765
 466.000000  0.007324
 467.000000  0.007056
 468.000000  0.007324
 469.000000  0.007300
 470.000000  0.007324
 471.000000  0.009692
 472.000000  0.007324
 473.000000  0.007275
 474.000000  0.007324
 475.000000  0.009643
 476.000000  0.007373
 477.000000  0.007056
 478.000000  0.007373
 479.000000  0.009692
 480.000000  0.007300
 481.000000  0.009643
 482.000000  0.007373
 483.000000  0.007227
 484.000000  0.007349
 485.000000  0.009594
 486.000000  0.007397
 487.000000  0.007080
 488.000000  0.007373
 489.000000  0.007275
 490.000000  0.007349
 491.000000  0.009399
 492.000000  0.007373
 493.000000  0.009570
 494.000000  0.007397
 495.000000  0.009643
 496.000000  0.007373
 497.000000  0.007031
 498.000000  0.007373
 499.000000  0.009472
 500.000000  0.007349
 501.000000  0.009545
 502.000000  0.007324
 503.000000  0.009594
 504.000000  0.007397
 505.000000  0.009643
 506.000000  0.007373
 507.000000  0.007178
 508.000000  0.007397
 509.000000  0.007056
 510.000000  0.007446
 511.000000  0.009497
 512.000000  0.007397
 513.000000  0.007129
 514.000000  0.007349
 515.000000  0.007104
 516.000000  0.007324
 517.000000  0.007300
 518.000000  0.007373
 519.000000  0.007104
 520.000000  0.007397
 521.000000  0.007324
 522.000000  0.007324
 523.000000  0.009619
 524.000000  0.007349
 525.000000  0.009716
 526.000000  0.007373
 527.000000  0.009521
 528.000000  0.007446
 529.000000  0.009716
 530.000000  0.007349
 531.000000  0.009741
 532.000000  0.007349
 533.000000  0.007275
 534.000000  0.007422
 535.000000  0.007251
 536.000000  0.007324
 537.000000  0.009668
 538.000000  0.007349
 539.000000  0.009741
 540.000000  0.007422
 541.000000  0.007251
 542.000000  0.007373
 543.000000  0.007300
 544.000000  0.007349
 545.000000  0.007300
 546.000000  0.007373
 547.000000  0.009668
 548.000000  0.007349
 549.000000  0.009765
 550.000000  0.007397
 551.000000  0.009741
 552.000000  0.007373
 553.000000  0.007324
 554.000000  0.007617
 555.000000  0.007300
 556.000000  0.007349
 557.000000  0.009741
 558.000000  0.007446
 559.000000  0.009765
 560.000000  0.007397
 561.000000  0.007324
 562.000000  0.007397
 563.000000  0.009765
 564.000000  0.007471
 565.000000  0.009765
 566.000000  0.007349
 567.000000  0.009765
 568.000000  0.007812
 569.000000  0.009765
 570.000000  0.007324
 571.000000  0.009765
 572.000000  0.007519
 573.000000  0.009765
 574.000000  0.007397
 575.000000  0.009765
 576.000000  0.007349
 577.000000  0.009765
 578.000000  0.007886
 579.000000  0.009765
 580.000000  0.007373
 581.000000  0.007324
 582.000000  0.008716
 583.000000  0.009765
 584.000000  0.007422
 585.000000  0.009765
 586.000000  0.007959
 587.000000  0.009985
 588.000000  0.007568
 589.000000  0.007324
 590.000000  0.007568
 591.000000  0.009863
 592.000000  0.009497
 593.000000  0.007324
 594.000000  0.007471
 595.000000  0.009765
 596.000000  0.009766
 597.000000  0.009838
 598.000000  0.007519
 599.000000  0.009765
 600.000000  0.007642
 601.000000  0.009838
 602.000000  0.008227
 603.000000  0.009765
 604.000000  0.008130
 605.000000  0.010278
 606.000000  0.009766
 607.000000  0.009765
 608.000000  0.008350
 609.000000  0.009765
 610.000000  0.009766
 611.000000  0.011694
 612.000000  0.010742
 613.000000  0.009765
 614.000000  0.011743
 615.000000  0.012207
 616.000000  0.009766
 617.000000  0.007397
 618.000000  0.008691
 619.000000  0.010815
 620.000000  0.009912
 621.000000  0.010815
 622.000000  0.008887
 623.000000  0.009912
 624.000000  0.012207
 625.000000  0.012280
 626.000000  0.009619
 627.000000  0.009912
 628.000000  0.009741
 629.000000  0.012255
 630.000000  0.011743
 631.000000  0.011425
 632.000000  0.009619
 633.000000  0.011865
 634.000000  0.012085
 635.000000  0.013110
 636.000000  0.009766
 637.000000  0.008398
 638.000000  0.009888
 639.000000  0.014648
 640.000000  0.011890
 641.000000  0.011914
 642.000000  0.009790
 643.000000  0.009985
 644.000000  0.017138
 645.000000  0.012524
 646.000000  0.012182
 647.000000  0.012085
 648.000000  0.012524
 649.000000  0.014844
 650.000000  0.011255
 651.000000  0.009692
 652.000000  0.010425
 653.000000  0.014697
 654.000000  0.016797
 655.000000  0.012573
 656.000000  0.010644
 657.000000  0.013842
 658.000000  0.018481
 659.000000  0.015381
 660.000000  0.012061
 661.000000  0.013281
 662.000000  0.013745
 663.000000  0.023559
 664.000000  0.018310
 665.000000  0.014355
 666.000000  0.014843
 667.000000  0.018090
 668.000000  0.026807
 669.000000  0.014917
 670.000000  0.013452
 671.000000  0.013721
 672.000000  0.021875
 673.000000  0.034179
 674.000000  0.019043
 675.000000  0.016943
 676.000000  0.017041
 677.000000  0.035620
 678.000000  0.041455
 679.000000  0.019726
 680.000000  0.017090
 681.000000  0.019678
 682.000000  0.046558
 683.000000  0.047070
 684.000000  0.023535
 685.000000  0.027099
 686.000000  0.038989
 687.000000  0.111719
 688.000000  0.079223
 689.000000  0.048511
 690.000000  0.072656
 691.000000  0.237402
 692.000000  0.915991
 693.000000  0.337891
 694.000000  0.086377
 695.000000  0.058789
 696.000000  0.073657
 697.000000  0.143921
 698.000000  0.058081
 699.000000  0.039038
 700.000000  0.040259
 701.000000  0.090186
 702.000000  0.184180
 703.000000  0.058643
 704.000000  0.035156
 705.000000  0.035205
 706.000000  0.061353
 707.000000  0.083911
 708.000000  0.031519
 709.000000  0.024414
 710.000000  0.024487
 711.000000  0.045532
 712.000000  0.044116
 713.000000  0.024316
 714.000000  0.017554
 715.000000  0.021484
 716.000000  0.029248
 717.000000  0.029931
 718.000000  0.016797
 719.000000  0.017089
 720.000000  0.017090
 721.000000  0.027099
 722.000000  0.020703
 723.000000  0.016162
 724.000000  0.014502
 725.000000  0.017114
 726.000000  0.021973
 727.000000  0.018969
 728.000000  0.012231
 729.000000  0.012158
 730.000000  0.014600
 731.000000  0.021557
 732.000000  0.014062
 733.000000  0.013623
 734.000000  0.014477
 735.000000  0.014819
 736.000000  0.017090
 737.000000  0.014599
 738.000000  0.010596
 739.000000  0.012231
 740.000000  0.012256
 741.000000  0.017089
 742.000000  0.012061
 743.000000  0.009766
 744.000000  0.009790
 745.000000  0.014379
 746.000000  0.012842
 747.000000  0.009766
 748.000000  0.009766
 749.000000  0.012036
 750.000000  0.011963
 751.000000  0.013818
 752.000000  0.012207
 753.000000  0.011010
 754.000000  0.009766
 755.000000  0.012207
 756.000000  0.010644
 757.000000  0.010327
 758.000000  0.009302
 759.000000  0.008984
 760.000000  0.009985
 761.000000  0.012207
 762.000000  0.009033
 763.000000  0.009790
 764.000000  0.009619
 765.000000  0.012207
 766.000000  0.009766
 767.000000  0.007349
 768.000000  0.008423
 769.000000  0.010131
 770.000000  0.009814
 771.000000  0.011010
 772.000000  0.008008
 773.000000  0.009790
 774.000000  0.011621
 775.000000  0.011962
 776.000000  0.011792
 777.000000  0.009765
 778.000000  0.007617
 779.000000  0.007373
 780.000000  0.009766
 781.000000  0.007397
 782.000000  0.010034
 783.000000  0.009765
 784.000000  0.008081
 785.000000  0.011181
 786.000000  0.008227
 787.000000  0.009765
 788.000000  0.009887
 789.000000  0.009814
 790.000000  0.009399
 791.000000  0.009765
 792.000000  0.007349
 793.000000  0.009668
 794.000000  0.008105
 795.000000  0.010620
 796.000000  0.007568
 797.000000  0.009692
 798.000000  0.007349
 799.000000  0.009765
 800.000000  0.009009
 801.000000  0.009765
 802.000000  0.009814
 803.000000  0.009643
 804.000000  0.007715
 805.000000  0.009912
 806.000000  0.007519
 807.000000  0.009619
 808.000000  0.009863
 809.000000  0.007397
 810.000000  0.008203
 811.000000  0.007300
 812.000000  0.007397
 813.000000  0.007178
 814.000000  0.007617
 815.000000  0.009765
 816.000000  0.007471
 817.000000  0.009326
 818.000000  0.007422
 819.000000  0.009668
 820.000000  0.007739
 821.000000  0.009668
 822.000000  0.007275
 823.000000  0.009448
 824.000000  0.009838
 825.000000  0.009643
 826.000000  0.007324
 827.000000  0.009106
 828.000000  0.007227
 829.000000  0.009643
 830.000000  0.007568
 831.000000  0.009448
 832.000000  0.007300
 833.000000  0.009521
 834.000000  0.007324
 835.000000  0.009741
 836.000000  0.009765
 837.000000  0.009399
 838.000000  0.007324
 839.000000  0.009594
 840.000000  0.007422
 841.000000  0.009350
 842.000000  0.009765
 843.000000  0.009472
 844.000000  0.007349
 845.000000  0.007300
 846.000000  0.009765
 847.000000  0.009472
 848.000000  0.007324
 849.000000  0.009545
 850.000000  0.007349
 851.000000  0.009472
 852.000000  0.007349
 853.000000  0.006763
 854.000000  0.009814
 855.000000  0.009545
 856.000000  0.007275
 857.000000  0.006811
 858.000000  0.007324
 859.000000  0.007007
 860.000000  0.009765
 861.000000  0.009399
 862.000000  0.007324
 863.000000  0.006909
 864.000000  0.007324
 865.000000  0.009619
 866.000000  0.009765
 867.000000  0.006934
 868.000000  0.007324
 869.000000  0.009497
 870.000000  0.007324
 871.000000  0.009228
 872.000000  0.007324
 873.000000  0.009106
 874.000000  0.007324
 875.000000  0.009619
 876.000000  0.007324
 877.000000  0.006641
 878.000000  0.007300
 879.000000  0.006982
 880.000000  0.007324
 881.000000  0.009497
 882.000000  0.007300
 883.000000  0.009130
 884.000000  0.007324
 885.000000  0.009497
 886.000000  0.007324
 887.000000  0.006665
 888.000000  0.007324
 889.000000  0.009130
 890.000000  0.007300
 891.000000  0.009497
 892.000000  0.007324
 893.000000  0.009277
 894.000000  0.007324
 895.000000  0.009375
 896.000000  0.007324
 897.000000  0.009375
 898.000000  0.007324
 899.000000  0.009326
 900.000000  0.007324
 901.000000  0.009423
 902.000000  0.009765
 903.000000  0.009228
 904.000000  0.007324
 905.000000  0.009301
 906.000000  0.009765
 907.000000  0.009130
 908.000000  0.009765
 909.000000  0.009179
 910.000000  0.007324
 911.000000  0.009204
 912.000000  0.007324
 913.000000  0.008935
 914.000000  0.007324
 915.000000  0.009057
 916.000000  0.007300
 917.000000  0.009057
 918.000000  0.009765
 919.000000  0.008837
 920.000000  0.009765
 921.000000  0.008935
 922.000000  0.007324
 923.000000  0.008813
 924.000000  0.007324
 925.000000  0.009008
 926.000000  0.007324
 927.000000  0.009204
 928.000000  0.007324
 929.000000  0.008886
 930.000000  0.007324
 931.000000  0.009155
 932.000000  0.007300
 933.000000  0.009350
 934.000000  0.007324
 935.000000  0.009130
 936.000000  0.007324
 937.000000  0.009228
 938.000000  0.007324
 939.000000  0.008764
 940.000000  0.007324
 941.000000  0.009130
 942.000000  0.007324
 943.000000  0.008911
 944.000000  0.007300
 945.000000  0.006665
 946.000000  0.009741
 947.000000  0.009497
 948.000000  0.007300
 949.000000  0.009082
 950.000000  0.009741
 951.000000  0.009277
 952.000000  0.007202
 953.000000  0.009204
 954.000000  0.007275
 955.000000  0.008911
 956.000000  0.007251
 957.000000  0.009277
 958.000000  0.007251
 959.000000  0.006567
 960.000000  0.007275
 961.000000  0.006616
 962.000000  0.009668
 963.000000  0.006665
 964.000000  0.007153
 965.000000  0.009106
 966.000000  0.007300
 967.000000  0.009082
 968.000000  0.007227
 969.000000  0.008740
 970.000000  0.009692
 971.000000  0.008984
 972.000000  0.007178
 973.000000  0.008862
 974.000000  0.007129
 975.000000  0.009008
 976.000000  0.007104
 977.000000  0.008960
 978.000000  0.007104
 979.000000  0.008715
 980.000000  0.007129
 981.000000  0.009204
 982.000000  0.007178
 983.000000  0.006470
 984.000000  0.007178
 985.000000  0.008813
 986.000000  0.007178
 987.000000  0.008642
 988.000000  0.009668
 989.000000  0.008667
 990.000000  0.007300
 991.000000  0.008618
 992.000000  0.007300
 993.000000  0.009082
 994.000000  0.007275
 995.000000  0.008960
 996.000000  0.007251
 997.000000  0.008764
 998.000000  0.009716
 999.000000  0.008935
 1000.000000  0.009594
 1001.000000  0.008789
 1002.000000  0.007275
 1003.000000  0.008862
 1004.000000  0.007275
 1005.000000  0.008715
 1006.000000  0.007324
 1007.000000  0.008544
 1008.000000  0.007275
 1009.000000  0.008789
 1010.000000  0.007202
 1011.000000  0.008642
 1012.000000  0.007300
 1013.000000  0.008569
 1014.000000  0.007251
 1015.000000  0.008715
 1016.000000  0.007300
 1017.000000  0.008813
 1018.000000  0.007251
 1019.000000  0.008496
 1020.000000  0.007300
 1021.000000  0.008300
 1022.000000  0.007324
 1023.000000  0.008960
