 0.000000  0.007397
 1.000000  0.007300
 2.000000  0.007349
 3.000000  0.007227
 4.000000  0.007373
 5.000000  0.007300
 6.000000  0.007422
 7.000000  0.007300
 8.000000  0.007373
 9.000000  0.007275
 10.000000  0.007422
 11.000000  0.007275
 12.000000  0.007349
 13.000000  0.007324
 14.000000  0.007349
 15.000000  0.007300
 16.000000  0.007446
 17.000000  0.007275
 18.000000  0.007422
 19.000000  0.007324
 20.000000  0.007349
 21.000000  0.007324
 22.000000  0.007373
 23.000000  0.007300
 24.000000  0.007373
 25.000000  0.007300
 26.000000  0.007544
 27.000000  0.009716
 28.000000  0.007446
 29.000000  0.007324
 30.000000  0.007324
 31.000000  0.007300
 32.000000  0.007422
 33.000000  0.007324
 34.000000  0.007324
 35.000000  0.007275
 36.000000  0.007373
 37.000000  0.007324
 38.000000  0.007373
 39.000000  0.009741
 40.000000  0.007324
 41.000000  0.007324
 42.000000  0.007324
 43.000000  0.007324
 44.000000  0.007324
 45.000000  0.007324
 46.000000  0.007471
 47.000000  0.007324
 48.000000  0.007373
 49.000000  0.007324
 50.000000  0.007324
 51.000000  0.007324
 52.000000  0.007324
 53.000000  0.007324
 54.000000  0.007349
 55.000000  0.007324
 56.000000  0.007422
 57.000000  0.007300
 58.000000  0.007422
 59.000000  0.009765
 60.000000  0.007373
 61.000000  0.009765
 62.000000  0.007349
 63.000000  0.007324
 64.000000  0.007349
 65.000000  0.007324
 66.000000  0.007324
 67.000000  0.009741
 68.000000  0.007349
 69.000000  0.007300
 70.000000  0.007349
 71.000000  0.007324
 72.000000  0.007349
 73.000000  0.007324
 74.000000  0.007324
 75.000000  0.007324
 76.000000  0.007349
 77.000000  0.007324
 78.000000  0.007324
 79.000000  0.007324
 80.000000  0.007349
 81.000000  0.007324
 82.000000  0.007324
 83.000000  0.007324
 84.000000  0.007324
 85.000000  0.007324
 86.000000  0.007324
 87.000000  0.007324
 88.000000  0.007324
 89.000000  0.007324
 90.000000  0.007349
 91.000000  0.007324
 92.000000  0.007349
 93.000000  0.007275
 94.000000  0.007373
 95.000000  0.007300
 96.000000  0.007324
 97.000000  0.007300
 98.000000  0.007373
 99.000000  0.007324
 100.000000  0.007349
 101.000000  0.009765
 102.000000  0.007349
 103.000000  0.009765
 104.000000  0.007349
 105.000000  0.007324
 106.000000  0.007349
 107.000000  0.007275
 108.000000  0.007373
 109.000000  0.009716
 110.000000  0.007324
 111.000000  0.007251
 112.000000  0.007349
 113.000000  0.007324
 114.000000  0.007324
 115.000000  0.007275
 116.000000  0.007373
 117.000000  0.007324
 118.000000  0.007373
 119.000000  0.007300
 120.000000  0.007349
 121.000000  0.007300
 122.000000  0.007373
 123.000000  0.007324
 124.000000  0.007349
 125.000000  0.007275
 126.000000  0.007397
 127.000000  0.009716
 128.000000  0.007397
 129.000000  0.007202
 130.000000  0.007153
 131.000000  0.009472
 132.000000  0.007471
 133.000000  0.007178
 134.000000  0.007837
 135.000000  0.009887
 136.000000  0.007837
 137.000000  0.006738
 138.000000  0.007715
 139.000000  0.007056
 140.000000  0.007519
 141.000000  0.007104
 142.000000  0.007446
 143.000000  0.007275
 144.000000  0.007397
 145.000000  0.009594
 146.000000  0.007349
 147.000000  0.007251
 148.000000  0.007349
 149.000000  0.009741
 150.000000  0.007397
 151.000000  0.007202
 152.000000  0.007471
 153.000000  0.007324
 154.000000  0.007471
 155.000000  0.007227
 156.000000  0.007397
 157.000000  0.009741
 158.000000  0.007349
 159.000000  0.007178
 160.000000  0.007422
 161.000000  0.007202
 162.000000  0.007349
 163.000000  0.007153
 164.000000  0.007349
 165.000000  0.007275
 166.000000  0.007397
 167.000000  0.007227
 168.000000  0.007324
 169.000000  0.009692
 170.000000  0.007349
 171.000000  0.007300
 172.000000  0.007324
 173.000000  0.007275
 174.000000  0.007349
 175.000000  0.007153
 176.000000  0.007349
 177.000000  0.007275
 178.000000  0.007349
 179.000000  0.009643
 180.000000  0.007324
 181.000000  0.007324
 182.000000  0.007349
 183.000000  0.007275
 184.000000  0.007324
 185.000000  0.007300
 186.000000  0.007324
 187.000000  0.007300
 188.000000  0.007324
 189.000000  0.007178
 190.000000  0.007324
 191.000000  0.007227
 192.000000  0.007324
 193.000000  0.007300
 194.000000  0.007324
 195.000000  0.007251
 196.000000  0.009765
 197.000000  0.007300
 198.000000  0.007349
 199.000000  0.009741
 200.000000  0.007324
 201.000000  0.009643
 202.000000  0.007324
 203.000000  0.007251
 204.000000  0.007324
 205.000000  0.007227
 206.000000  0.007324
 207.000000  0.007251
 208.000000  0.007324
 209.000000  0.009692
 210.000000  0.007324
 211.000000  0.007300
 212.000000  0.007324
 213.000000  0.009741
 214.000000  0.007324
 215.000000  0.007300
 216.000000  0.007324
 217.000000  0.007275
 218.000000  0.007324
 219.000000  0.009668
 220.000000  0.007324
 221.000000  0.007251
 222.000000  0.007324
 223.000000  0.007300
 224.000000  0.007324
 225.000000  0.007178
 226.000000  0.007324
 227.000000  0.009716
 228.000000  0.007324
 229.000000  0.009716
 230.000000  0.007324
 231.000000  0.007275
 232.000000  0.007324
 233.000000  0.009668
 234.000000  0.007324
 235.000000  0.007275
 236.000000  0.007324
 237.000000  0.007300
 238.000000  0.007324
 239.000000  0.009741
 240.000000  0.007324
 241.000000  0.007275
 242.000000  0.007324
 243.000000  0.009692
 244.000000  0.007324
 245.000000  0.007300
 246.000000  0.007349
 247.000000  0.007300
 248.000000  0.007324
 249.000000  0.007251
 250.000000  0.007324
 251.000000  0.007202
 252.000000  0.007324
 253.000000  0.007300
 254.000000  0.007324
 255.000000  0.009619
 256.000000  0.007324
 257.000000  0.007227
 258.000000  0.007324
 259.000000  0.007104
 260.000000  0.007324
 261.000000  0.007202
 262.000000  0.007324
 263.000000  0.009399
 264.000000  0.007324
 265.000000  0.009594
 266.000000  0.007349
 267.000000  0.009497
 268.000000  0.007324
 269.000000  0.009472
 270.000000  0.007349
 271.000000  0.007178
 272.000000  0.007324
 273.000000  0.007153
 274.000000  0.007373
 275.000000  0.009545
 276.000000  0.007324
 277.000000  0.009472
 278.000000  0.007324
 279.000000  0.007251
 280.000000  0.007324
 281.000000  0.009545
 282.000000  0.007324
 283.000000  0.009545
 284.000000  0.007324
 285.000000  0.007104
 286.000000  0.007642
 287.000000  0.007153
 288.000000  0.007544
 289.000000  0.009594
 290.000000  0.007275
 291.000000  0.006128
 292.000000  0.007275
 293.000000  0.006714
 294.000000  0.007544
 295.000000  0.009204
 296.000000  0.007568
 297.000000  0.009521
 298.000000  0.007495
 299.000000  0.009545
 300.000000  0.007373
 301.000000  0.007129
 302.000000  0.007349
 303.000000  0.009570
 304.000000  0.007300
 305.000000  0.007080
 306.000000  0.007349
 307.000000  0.009619
 308.000000  0.007324
 309.000000  0.009594
 310.000000  0.007324
 311.000000  0.007202
 312.000000  0.007324
 313.000000  0.007178
 314.000000  0.007349
 315.000000  0.009619
 316.000000  0.007349
 317.000000  0.007251
 318.000000  0.007324
 319.000000  0.007153
 320.000000  0.007300
 321.000000  0.009521
 322.000000  0.007349
 323.000000  0.009521
 324.000000  0.007300
 325.000000  0.007202
 326.000000  0.007324
 327.000000  0.007178
 328.000000  0.007324
 329.000000  0.009716
 330.000000  0.007324
 331.000000  0.009668
 332.000000  0.007373
 333.000000  0.009619
 334.000000  0.007324
 335.000000  0.009692
 336.000000  0.007324
 337.000000  0.007129
 338.000000  0.007349
 339.000000  0.007153
 340.000000  0.007324
 341.000000  0.009594
 342.000000  0.009765
 343.000000  0.009594
 344.000000  0.007324
 345.000000  0.009668
 346.000000  0.007324
 347.000000  0.007227
 348.000000  0.007324
 349.000000  0.009716
 350.000000  0.007373
 351.000000  0.009692
 352.000000  0.007324
 353.000000  0.009716
 354.000000  0.007324
 355.000000  0.007202
 356.000000  0.007324
 357.000000  0.007202
 358.000000  0.007324
 359.000000  0.009692
 360.000000  0.007324
 361.000000  0.007129
 362.000000  0.007324
 363.000000  0.009716
 364.000000  0.007324
 365.000000  0.007227
 366.000000  0.007324
 367.000000  0.007275
 368.000000  0.007324
 369.000000  0.007300
 370.000000  0.007324
 371.000000  0.009716
 372.000000  0.007324
 373.000000  0.009741
 374.000000  0.007324
 375.000000  0.009619
 376.000000  0.007324
 377.000000  0.007324
 378.000000  0.007324
 379.000000  0.007324
 380.000000  0.007324
 381.000000  0.009741
 382.000000  0.007324
 383.000000  0.007251
 384.000000  0.007324
 385.000000  0.007300
 386.000000  0.007324
 387.000000  0.009692
 388.000000  0.007324
 389.000000  0.009692
 390.000000  0.007324
 391.000000  0.009716
 392.000000  0.007324
 393.000000  0.007251
 394.000000  0.007324
 395.000000  0.007275
 396.000000  0.007324
 397.000000  0.007251
 398.000000  0.007324
 399.000000  0.007227
 400.000000  0.007324
 401.000000  0.009716
 402.000000  0.007324
 403.000000  0.007324
 404.000000  0.007324
 405.000000  0.007251
 406.000000  0.007324
 407.000000  0.007300
 408.000000  0.007324
 409.000000  0.009741
 410.000000  0.007324
 411.000000  0.009765
 412.000000  0.007324
 413.000000  0.007324
 414.000000  0.007349
 415.000000  0.009692
 416.000000  0.007324
 417.000000  0.007324
 418.000000  0.007324
 419.000000  0.007324
 420.000000  0.007324
 421.000000  0.007227
 422.000000  0.007349
 423.000000  0.007251
 424.000000  0.007324
 425.000000  0.009741
 426.000000  0.007324
 427.000000  0.009741
 428.000000  0.007324
 429.000000  0.009741
 430.000000  0.007324
 431.000000  0.009668
 432.000000  0.007324
 433.000000  0.007251
 434.000000  0.007324
 435.000000  0.009765
 436.000000  0.007324
 437.000000  0.009668
 438.000000  0.007324
 439.000000  0.009741
 440.000000  0.007349
 441.000000  0.009619
 442.000000  0.007031
 443.000000  0.009423
 444.000000  0.007373
 445.000000  0.009594
 446.000000  0.007519
 447.000000  0.007324
 448.000000  0.007642
 449.000000  0.009252
 450.000000  0.007300
 451.000000  0.009448
 452.000000  0.007373
 453.000000  0.009497
 454.000000  0.007446
 455.000000  0.009545
 456.000000  0.007373
 457.000000  0.009521
 458.000000  0.007349
 459.000000  0.009521
 460.000000  0.007349
 461.000000  0.009765
 462.000000  0.007397
 463.000000  0.009716
 464.000000  0.007397
 465.000000  0.009765
 466.000000  0.007373
 467.000000  0.007251
 468.000000  0.007349
 469.000000  0.007227
 470.000000  0.007349
 471.000000  0.009741
 472.000000  0.007471
 473.000000  0.007178
 474.000000  0.007373
 475.000000  0.009716
 476.000000  0.007349
 477.000000  0.007251
 478.000000  0.007397
 479.000000  0.009643
 480.000000  0.007397
 481.000000  0.009741
 482.000000  0.007349
 483.000000  0.007251
 484.000000  0.007324
 485.000000  0.009741
 486.000000  0.007324
 487.000000  0.007275
 488.000000  0.007373
 489.000000  0.007300
 490.000000  0.007349
 491.000000  0.009692
 492.000000  0.007373
 493.000000  0.009741
 494.000000  0.007373
 495.000000  0.009765
 496.000000  0.007373
 497.000000  0.007275
 498.000000  0.007324
 499.000000  0.009741
 500.000000  0.007324
 501.000000  0.009716
 502.000000  0.007324
 503.000000  0.009765
 504.000000  0.007349
 505.000000  0.009765
 506.000000  0.007324
 507.000000  0.007324
 508.000000  0.007324
 509.000000  0.007324
 510.000000  0.007373
 511.000000  0.009765
 512.000000  0.007324
 513.000000  0.007324
 514.000000  0.007324
 515.000000  0.007324
 516.000000  0.007349
 517.000000  0.007300
 518.000000  0.007324
 519.000000  0.007324
 520.000000  0.007324
 521.000000  0.007300
 522.000000  0.007349
 523.000000  0.009765
 524.000000  0.007349
 525.000000  0.009741
 526.000000  0.007397
 527.000000  0.009741
 528.000000  0.007373
 529.000000  0.009741
 530.000000  0.007373
 531.000000  0.009765
 532.000000  0.007373
 533.000000  0.007324
 534.000000  0.007324
 535.000000  0.007324
 536.000000  0.007349
 537.000000  0.009765
 538.000000  0.007324
 539.000000  0.009765
 540.000000  0.007446
 541.000000  0.007324
 542.000000  0.007397
 543.000000  0.007324
 544.000000  0.007397
 545.000000  0.007324
 546.000000  0.007690
 547.000000  0.009765
 548.000000  0.007349
 549.000000  0.009765
 550.000000  0.007422
 551.000000  0.009790
 552.000000  0.007349
 553.000000  0.007324
 554.000000  0.007593
 555.000000  0.007324
 556.000000  0.007446
 557.000000  0.009765
 558.000000  0.007422
 559.000000  0.009765
 560.000000  0.008447
 561.000000  0.007324
 562.000000  0.007373
 563.000000  0.009765
 564.000000  0.007910
 565.000000  0.009814
 566.000000  0.007544
 567.000000  0.009765
 568.000000  0.007812
 569.000000  0.009814
 570.000000  0.008423
 571.000000  0.009765
 572.000000  0.007422
 573.000000  0.009765
 574.000000  0.008960
 575.000000  0.009765
 576.000000  0.007593
 577.000000  0.009765
 578.000000  0.008667
 579.000000  0.010083
 580.000000  0.008130
 581.000000  0.007349
 582.000000  0.008032
 583.000000  0.010107
 584.000000  0.009497
 585.000000  0.009790
 586.000000  0.007812
 587.000000  0.009863
 588.000000  0.009619
 589.000000  0.007715
 590.000000  0.008838
 591.000000  0.009863
 592.000000  0.009351
 593.000000  0.008838
 594.000000  0.009399
 595.000000  0.009838
 596.000000  0.009302
 597.000000  0.010888
 598.000000  0.009888
 599.000000  0.010376
 600.000000  0.008496
 601.000000  0.010131
 602.000000  0.009326
 603.000000  0.010913
 604.000000  0.008472
 605.000000  0.010498
 606.000000  0.009473
 607.000000  0.012109
 608.000000  0.009766
 609.000000  0.010327
 610.000000  0.009497
 611.000000  0.011743
 612.000000  0.012866
 613.000000  0.011840
 614.000000  0.012085
 615.000000  0.011230
 616.000000  0.009863
 617.000000  0.009936
 618.000000  0.009717
 619.000000  0.011450
 620.000000  0.009766
 621.000000  0.012207
 622.000000  0.011060
 623.000000  0.012036
 624.000000  0.012207
 625.000000  0.012182
 626.000000  0.012158
 627.000000  0.013183
 628.000000  0.009839
 629.000000  0.012182
 630.000000  0.010376
 631.000000  0.014746
 632.000000  0.012036
 633.000000  0.012231
 634.000000  0.009936
 635.000000  0.013427
 636.000000  0.014575
 637.000000  0.011499
 638.000000  0.010791
 639.000000  0.012353
 640.000000  0.012573
 641.000000  0.017089
 642.000000  0.012207
 643.000000  0.010718
 644.000000  0.014599
 645.000000  0.017089
 646.000000  0.018090
 647.000000  0.014575
 648.000000  0.012207
 649.000000  0.012207
 650.000000  0.017187
 651.000000  0.015112
 652.000000  0.012524
 653.000000  0.012231
 654.000000  0.014673
 655.000000  0.023559
 656.000000  0.016895
 657.000000  0.014965
 658.000000  0.014478
 659.000000  0.015845
 660.000000  0.024365
 661.000000  0.018676
 662.000000  0.014648
 663.000000  0.017089
 664.000000  0.022021
 665.000000  0.030712
 666.000000  0.019531
 667.000000  0.017163
 668.000000  0.017090
 669.000000  0.026050
 670.000000  0.034521
 671.000000  0.017895
 672.000000  0.018384
 673.000000  0.022314
 674.000000  0.044482
 675.000000  0.046118
 676.000000  0.021582
 677.000000  0.022192
 678.000000  0.025391
 679.000000  0.054077
 680.000000  0.040430
 681.000000  0.025293
 682.000000  0.028418
 683.000000  0.045751
 684.000000  0.129687
 685.000000  0.073925
 686.000000  0.052124
 687.000000  0.089282
 688.000000  0.369141
 689.000000  1.162622
 690.000000  0.369238
 691.000000  0.085083
 692.000000  0.052515
 693.000000  0.056127
 694.000000  0.076196
 695.000000  0.041137
 696.000000  0.032226
 697.000000  0.029907
 698.000000  0.037988
 699.000000  0.048974
 700.000000  0.026953
 701.000000  0.022339
 702.000000  0.022290
 703.000000  0.029395
 704.000000  0.031567
 705.000000  0.021923
 706.000000  0.019507
 707.000000  0.019434
 708.000000  0.026782
 709.000000  0.025195
 710.000000  0.017090
 711.000000  0.018408
 712.000000  0.017383
 713.000000  0.023876
 714.000000  0.019531
 715.000000  0.017089
 716.000000  0.014648
 717.000000  0.017089
 718.000000  0.019531
 719.000000  0.017187
 720.000000  0.014648
 721.000000  0.015234
 722.000000  0.014648
 723.000000  0.019531
 724.000000  0.014624
 725.000000  0.014648
 726.000000  0.013061
 727.000000  0.015600
 728.000000  0.016357
 729.000000  0.012207
 730.000000  0.012207
 731.000000  0.014648
 732.000000  0.012524
 733.000000  0.016650
 734.000000  0.014648
 735.000000  0.012524
 736.000000  0.010889
 737.000000  0.014477
 738.000000  0.013086
 739.000000  0.012255
 740.000000  0.010010
 741.000000  0.012231
 742.000000  0.012061
 743.000000  0.011963
 744.000000  0.009888
 745.000000  0.012158
 746.000000  0.009766
 747.000000  0.009888
 748.000000  0.010205
 749.000000  0.012011
 750.000000  0.009741
 751.000000  0.012109
 752.000000  0.012622
 753.000000  0.012207
 754.000000  0.009668
 755.000000  0.011132
 756.000000  0.009595
 757.000000  0.012036
 758.000000  0.009692
 759.000000  0.008936
 760.000000  0.009619
 761.000000  0.011499
 762.000000  0.009839
 763.000000  0.010888
 764.000000  0.009155
 765.000000  0.010351
 766.000000  0.009351
 767.000000  0.009277
 768.000000  0.009351
 769.000000  0.010180
 770.000000  0.009082
 771.000000  0.010498
 772.000000  0.009692
 773.000000  0.010205
 774.000000  0.011206
 775.000000  0.009814
 776.000000  0.011767
 777.000000  0.011010
 778.000000  0.008765
 779.000000  0.007324
 780.000000  0.008374
 781.000000  0.007519
 782.000000  0.011718
 783.000000  0.009790
 784.000000  0.007764
 785.000000  0.009765
 786.000000  0.008643
 787.000000  0.009912
 788.000000  0.010131
 789.000000  0.009765
 790.000000  0.007690
 791.000000  0.009765
 792.000000  0.008545
 793.000000  0.009765
 794.000000  0.007544
 795.000000  0.009765
 796.000000  0.008105
 797.000000  0.009814
 798.000000  0.007373
 799.000000  0.009765
 800.000000  0.007519
 801.000000  0.009765
 802.000000  0.010351
 803.000000  0.009765
 804.000000  0.007397
 805.000000  0.009765
 806.000000  0.007495
 807.000000  0.009765
 808.000000  0.009790
 809.000000  0.007275
 810.000000  0.007397
 811.000000  0.007324
 812.000000  0.007471
 813.000000  0.007300
 814.000000  0.007349
 815.000000  0.009765
 816.000000  0.007373
 817.000000  0.009765
 818.000000  0.007324
 819.000000  0.009716
 820.000000  0.007324
 821.000000  0.009765
 822.000000  0.007349
 823.000000  0.009692
 824.000000  0.009765
 825.000000  0.009643
 826.000000  0.007324
 827.000000  0.009716
 828.000000  0.007324
 829.000000  0.009594
 830.000000  0.007324
 831.000000  0.009692
 832.000000  0.007324
 833.000000  0.009668
 834.000000  0.007324
 835.000000  0.009692
 836.000000  0.009790
 837.000000  0.009741
 838.000000  0.007324
 839.000000  0.009521
 840.000000  0.007324
 841.000000  0.009497
 842.000000  0.009765
 843.000000  0.009448
 844.000000  0.007324
 845.000000  0.007056
 846.000000  0.009765
 847.000000  0.009741
 848.000000  0.007324
 849.000000  0.009521
 850.000000  0.007324
 851.000000  0.009765
 852.000000  0.007324
 853.000000  0.007056
 854.000000  0.009765
 855.000000  0.009521
 856.000000  0.007324
 857.000000  0.007129
 858.000000  0.007324
 859.000000  0.006982
 860.000000  0.009765
 861.000000  0.009619
 862.000000  0.007324
 863.000000  0.006885
 864.000000  0.007324
 865.000000  0.009301
 866.000000  0.009765
 867.000000  0.007153
 868.000000  0.007324
 869.000000  0.009448
 870.000000  0.007324
 871.000000  0.009521
 872.000000  0.007324
 873.000000  0.009399
 874.000000  0.007324
 875.000000  0.009423
 876.000000  0.007324
 877.000000  0.007178
 878.000000  0.007324
 879.000000  0.006958
 880.000000  0.007324
 881.000000  0.009423
 882.000000  0.007324
 883.000000  0.009375
 884.000000  0.007275
 885.000000  0.009423
 886.000000  0.007324
 887.000000  0.006885
 888.000000  0.007324
 889.000000  0.008813
 890.000000  0.007300
 891.000000  0.009106
 892.000000  0.007324
 893.000000  0.009204
 894.000000  0.007300
 895.000000  0.009179
 896.000000  0.007324
 897.000000  0.009326
 898.000000  0.007324
 899.000000  0.009008
 900.000000  0.007300
 901.000000  0.009033
 902.000000  0.009765
 903.000000  0.009057
 904.000000  0.007324
 905.000000  0.008789
 906.000000  0.009765
 907.000000  0.008813
 908.000000  0.009741
 909.000000  0.009008
 910.000000  0.007300
 911.000000  0.009155
 912.000000  0.007422
 913.000000  0.008837
 914.000000  0.007324
 915.000000  0.008105
 916.000000  0.006616
 917.000000  0.008447
 918.000000  0.009545
 919.000000  0.008862
 920.000000  0.009545
 921.000000  0.008642
 922.000000  0.007275
 923.000000  0.008862
 924.000000  0.007275
 925.000000  0.009057
 926.000000  0.007227
 927.000000  0.008813
 928.000000  0.007324
 929.000000  0.008886
 930.000000  0.007227
 931.000000  0.008813
 932.000000  0.007202
 933.000000  0.009204
 934.000000  0.007324
 935.000000  0.008789
 936.000000  0.007324
 937.000000  0.008837
 938.000000  0.007300
 939.000000  0.008764
 940.000000  0.007275
 941.000000  0.008789
 942.000000  0.007324
 943.000000  0.008911
 944.000000  0.007373
 945.000000  0.006543
 946.000000  0.009716
 947.000000  0.009008
 948.000000  0.007324
 949.000000  0.008667
 950.000000  0.009716
 951.000000  0.008789
 952.000000  0.007178
 953.000000  0.008935
 954.000000  0.007300
 955.000000  0.008691
 956.000000  0.007275
 957.000000  0.009057
 958.000000  0.007275
 959.000000  0.006494
 960.000000  0.007324
 961.000000  0.006177
 962.000000  0.009716
 963.000000  0.006592
 964.000000  0.007251
 965.000000  0.009057
 966.000000  0.007275
 967.000000  0.008837
 968.000000  0.007275
 969.000000  0.008813
 970.000000  0.009765
 971.000000  0.008984
 972.000000  0.007324
 973.000000  0.008862
 974.000000  0.007324
 975.000000  0.009082
 976.000000  0.007300
 977.000000  0.008691
 978.000000  0.007324
 979.000000  0.008593
 980.000000  0.007324
 981.000000  0.009106
 982.000000  0.007275
 983.000000  0.006494
 984.000000  0.007324
 985.000000  0.009252
 986.000000  0.007324
 987.000000  0.008764
 988.000000  0.009765
 989.000000  0.008569
 990.000000  0.007324
 991.000000  0.008691
 992.000000  0.007300
 993.000000  0.008862
 994.000000  0.007300
 995.000000  0.009008
 996.000000  0.007324
 997.000000  0.008886
 998.000000  0.009765
 999.000000  0.008960
 1000.000000  0.009765
 1001.000000  0.008984
 1002.000000  0.007324
 1003.000000  0.008593
 1004.000000  0.007324
 1005.000000  0.008764
 1006.000000  0.007324
 1007.000000  0.008447
 1008.000000  0.007275
 1009.000000  0.008593
 1010.000000  0.007324
 1011.000000  0.008691
 1012.000000  0.007275
 1013.000000  0.008398
 1014.000000  0.007300
 1015.000000  0.008667
 1016.000000  0.007275
 1017.000000  0.008740
 1018.000000  0.007324
 1019.000000  0.008520
 1020.000000  0.007275
 1021.000000  0.008129
 1022.000000  0.007227
 1023.000000  0.008691
