 0.000000  0.007397
 1.000000  0.007324
 2.000000  0.007349
 3.000000  0.007324
 4.000000  0.007446
 5.000000  0.007324
 6.000000  0.007373
 7.000000  0.007300
 8.000000  0.007349
 9.000000  0.007324
 10.000000  0.007397
 11.000000  0.007324
 12.000000  0.007397
 13.000000  0.007324
 14.000000  0.007349
 15.000000  0.007300
 16.000000  0.007373
 17.000000  0.007324
 18.000000  0.007422
 19.000000  0.007324
 20.000000  0.007324
 21.000000  0.007324
 22.000000  0.007324
 23.000000  0.007300
 24.000000  0.007422
 25.000000  0.007324
 26.000000  0.007471
 27.000000  0.009765
 28.000000  0.007349
 29.000000  0.007324
 30.000000  0.007373
 31.000000  0.007324
 32.000000  0.007397
 33.000000  0.007300
 34.000000  0.007397
 35.000000  0.007300
 36.000000  0.007397
 37.000000  0.007324
 38.000000  0.007373
 39.000000  0.009765
 40.000000  0.007446
 41.000000  0.007324
 42.000000  0.007349
 43.000000  0.007300
 44.000000  0.007397
 45.000000  0.007324
 46.000000  0.007349
 47.000000  0.007300
 48.000000  0.007373
 49.000000  0.007300
 50.000000  0.007397
 51.000000  0.007324
 52.000000  0.007324
 53.000000  0.007324
 54.000000  0.007397
 55.000000  0.007349
 56.000000  0.007495
 57.000000  0.007275
 58.000000  0.007422
 59.000000  0.009692
 60.000000  0.007349
 61.000000  0.009643
 62.000000  0.007397
 63.000000  0.007275
 64.000000  0.007471
 65.000000  0.007275
 66.000000  0.007471
 67.000000  0.009692
 68.000000  0.007471
 69.000000  0.007227
 70.000000  0.007397
 71.000000  0.007275
 72.000000  0.007422
 73.000000  0.007202
 74.000000  0.007397
 75.000000  0.007251
 76.000000  0.007495
 77.000000  0.007275
 78.000000  0.007446
 79.000000  0.007178
 80.000000  0.007422
 81.000000  0.007202
 82.000000  0.007373
 83.000000  0.007251
 84.000000  0.007422
 85.000000  0.007275
 86.000000  0.007422
 87.000000  0.007300
 88.000000  0.007519
 89.000000  0.007251
 90.000000  0.007519
 91.000000  0.007251
 92.000000  0.007397
 93.000000  0.007251
 94.000000  0.007495
 95.000000  0.007300
 96.000000  0.007397
 97.000000  0.007300
 98.000000  0.007422
 99.000000  0.007275
 100.000000  0.007397
 101.000000  0.009692
 102.000000  0.007446
 103.000000  0.009741
 104.000000  0.007397
 105.000000  0.007251
 106.000000  0.007471
 107.000000  0.007275
 108.000000  0.007397
 109.000000  0.009716
 110.000000  0.007373
 111.000000  0.007227
 112.000000  0.007397
 113.000000  0.007300
 114.000000  0.007471
 115.000000  0.007275
 116.000000  0.007349
 117.000000  0.007324
 118.000000  0.007422
 119.000000  0.007251
 120.000000  0.007495
 121.000000  0.007275
 122.000000  0.007446
 123.000000  0.007300
 124.000000  0.007397
 125.000000  0.007251
 126.000000  0.007397
 127.000000  0.009716
 128.000000  0.007397
 129.000000  0.007251
 130.000000  0.007446
 131.000000  0.009716
 132.000000  0.007349
 133.000000  0.007227
 134.000000  0.007397
 135.000000  0.009716
 136.000000  0.007397
 137.000000  0.007300
 138.000000  0.007446
 139.000000  0.007300
 140.000000  0.007397
 141.000000  0.007251
 142.000000  0.007349
 143.000000  0.007324
 144.000000  0.007349
 145.000000  0.009741
 146.000000  0.007397
 147.000000  0.007227
 148.000000  0.007422
 149.000000  0.009765
 150.000000  0.007373
 151.000000  0.007300
 152.000000  0.007373
 153.000000  0.007324
 154.000000  0.007397
 155.000000  0.007251
 156.000000  0.007324
 157.000000  0.009765
 158.000000  0.007349
 159.000000  0.007300
 160.000000  0.007324
 161.000000  0.007324
 162.000000  0.007373
 163.000000  0.007324
 164.000000  0.007324
 165.000000  0.007275
 166.000000  0.007324
 167.000000  0.007324
 168.000000  0.007324
 169.000000  0.009741
 170.000000  0.007349
 171.000000  0.007275
 172.000000  0.007324
 173.000000  0.007324
 174.000000  0.007324
 175.000000  0.007324
 176.000000  0.007324
 177.000000  0.007324
 178.000000  0.007324
 179.000000  0.009716
 180.000000  0.007324
 181.000000  0.007227
 182.000000  0.007324
 183.000000  0.007300
 184.000000  0.007324
 185.000000  0.007324
 186.000000  0.007324
 187.000000  0.007324
 188.000000  0.007349
 189.000000  0.007300
 190.000000  0.007324
 191.000000  0.007300
 192.000000  0.007324
 193.000000  0.007324
 194.000000  0.007349
 195.000000  0.007324
 196.000000  0.009790
 197.000000  0.007324
 198.000000  0.007349
 199.000000  0.009741
 200.000000  0.007349
 201.000000  0.009741
 202.000000  0.007324
 203.000000  0.007275
 204.000000  0.007349
 205.000000  0.007324
 206.000000  0.007324
 207.000000  0.007324
 208.000000  0.007324
 209.000000  0.009765
 210.000000  0.007324
 211.000000  0.007227
 212.000000  0.007324
 213.000000  0.009716
 214.000000  0.007300
 215.000000  0.007251
 216.000000  0.007446
 217.000000  0.007300
 218.000000  0.007373
 219.000000  0.009692
 220.000000  0.007324
 221.000000  0.007251
 222.000000  0.007349
 223.000000  0.007227
 224.000000  0.007373
 225.000000  0.007178
 226.000000  0.007349
 227.000000  0.009643
 228.000000  0.007519
 229.000000  0.009692
 230.000000  0.007446
 231.000000  0.007251
 232.000000  0.007373
 233.000000  0.009619
 234.000000  0.007373
 235.000000  0.007251
 236.000000  0.007373
 237.000000  0.007153
 238.000000  0.007349
 239.000000  0.009643
 240.000000  0.007349
 241.000000  0.007227
 242.000000  0.007422
 243.000000  0.009668
 244.000000  0.007373
 245.000000  0.007202
 246.000000  0.007324
 247.000000  0.007275
 248.000000  0.007373
 249.000000  0.007275
 250.000000  0.007324
 251.000000  0.007251
 252.000000  0.007446
 253.000000  0.007251
 254.000000  0.007397
 255.000000  0.009716
 256.000000  0.007373
 257.000000  0.007227
 258.000000  0.007373
 259.000000  0.007275
 260.000000  0.007397
 261.000000  0.007227
 262.000000  0.007397
 263.000000  0.009643
 264.000000  0.007397
 265.000000  0.009594
 266.000000  0.007300
 267.000000  0.009668
 268.000000  0.007373
 269.000000  0.009668
 270.000000  0.007397
 271.000000  0.007275
 272.000000  0.007324
 273.000000  0.007251
 274.000000  0.007324
 275.000000  0.009692
 276.000000  0.007422
 277.000000  0.009643
 278.000000  0.007397
 279.000000  0.007251
 280.000000  0.007422
 281.000000  0.009716
 282.000000  0.007397
 283.000000  0.009692
 284.000000  0.007324
 285.000000  0.007227
 286.000000  0.007324
 287.000000  0.007300
 288.000000  0.007349
 289.000000  0.009741
 290.000000  0.007373
 291.000000  0.007300
 292.000000  0.007373
 293.000000  0.007178
 294.000000  0.007397
 295.000000  0.009741
 296.000000  0.007349
 297.000000  0.009765
 298.000000  0.007349
 299.000000  0.009692
 300.000000  0.007349
 301.000000  0.007324
 302.000000  0.007349
 303.000000  0.009716
 304.000000  0.007397
 305.000000  0.007251
 306.000000  0.007324
 307.000000  0.009716
 308.000000  0.007349
 309.000000  0.009716
 310.000000  0.007373
 311.000000  0.007300
 312.000000  0.007324
 313.000000  0.007300
 314.000000  0.007373
 315.000000  0.009765
 316.000000  0.007349
 317.000000  0.007300
 318.000000  0.007324
 319.000000  0.007251
 320.000000  0.007349
 321.000000  0.009765
 322.000000  0.007373
 323.000000  0.009741
 324.000000  0.007349
 325.000000  0.007324
 326.000000  0.007324
 327.000000  0.007324
 328.000000  0.007324
 329.000000  0.009765
 330.000000  0.007349
 331.000000  0.009765
 332.000000  0.007349
 333.000000  0.009765
 334.000000  0.007324
 335.000000  0.009765
 336.000000  0.007324
 337.000000  0.007300
 338.000000  0.007373
 339.000000  0.007324
 340.000000  0.007349
 341.000000  0.009765
 342.000000  0.009790
 343.000000  0.009765
 344.000000  0.007349
 345.000000  0.009765
 346.000000  0.007349
 347.000000  0.007300
 348.000000  0.007349
 349.000000  0.009765
 350.000000  0.007324
 351.000000  0.009765
 352.000000  0.007324
 353.000000  0.009765
 354.000000  0.007349
 355.000000  0.007324
 356.000000  0.007324
 357.000000  0.007324
 358.000000  0.007349
 359.000000  0.009716
 360.000000  0.007324
 361.000000  0.007300
 362.000000  0.007373
 363.000000  0.009741
 364.000000  0.007397
 365.000000  0.007324
 366.000000  0.007324
 367.000000  0.007324
 368.000000  0.007397
 369.000000  0.007324
 370.000000  0.007373
 371.000000  0.009765
 372.000000  0.007422
 373.000000  0.009692
 374.000000  0.007397
 375.000000  0.009692
 376.000000  0.007471
 377.000000  0.007324
 378.000000  0.007495
 379.000000  0.007275
 380.000000  0.007544
 381.000000  0.009692
 382.000000  0.007446
 383.000000  0.007251
 384.000000  0.007471
 385.000000  0.007275
 386.000000  0.007446
 387.000000  0.009692
 388.000000  0.007495
 389.000000  0.009741
 390.000000  0.007544
 391.000000  0.009716
 392.000000  0.007519
 393.000000  0.007275
 394.000000  0.007446
 395.000000  0.007300
 396.000000  0.007446
 397.000000  0.007324
 398.000000  0.007544
 399.000000  0.007251
 400.000000  0.007446
 401.000000  0.009594
 402.000000  0.007373
 403.000000  0.007349
 404.000000  0.007495
 405.000000  0.007275
 406.000000  0.007519
 407.000000  0.007251
 408.000000  0.007471
 409.000000  0.009765
 410.000000  0.007593
 411.000000  0.009741
 412.000000  0.007422
 413.000000  0.007324
 414.000000  0.007544
 415.000000  0.009765
 416.000000  0.007617
 417.000000  0.007300
 418.000000  0.007519
 419.000000  0.007300
 420.000000  0.007495
 421.000000  0.007300
 422.000000  0.007373
 423.000000  0.007324
 424.000000  0.007373
 425.000000  0.009692
 426.000000  0.007471
 427.000000  0.009716
 428.000000  0.007422
 429.000000  0.009790
 430.000000  0.007593
 431.000000  0.009765
 432.000000  0.007593
 433.000000  0.007275
 434.000000  0.007519
 435.000000  0.009765
 436.000000  0.007422
 437.000000  0.009741
 438.000000  0.007471
 439.000000  0.009741
 440.000000  0.007568
 441.000000  0.009716
 442.000000  0.007617
 443.000000  0.009741
 444.000000  0.007617
 445.000000  0.009716
 446.000000  0.007471
 447.000000  0.007300
 448.000000  0.007446
 449.000000  0.009790
 450.000000  0.007568
 451.000000  0.009765
 452.000000  0.007471
 453.000000  0.009765
 454.000000  0.007568
 455.000000  0.009765
 456.000000  0.007519
 457.000000  0.009765
 458.000000  0.007495
 459.000000  0.009741
 460.000000  0.007764
 461.000000  0.009765
 462.000000  0.007690
 463.000000  0.009790
 464.000000  0.007519
 465.000000  0.009790
 466.000000  0.007935
 467.000000  0.007324
 468.000000  0.007715
 469.000000  0.007324
 470.000000  0.007568
 471.000000  0.009765
 472.000000  0.007715
 473.000000  0.007324
 474.000000  0.007837
 475.000000  0.009765
 476.000000  0.008057
 477.000000  0.007324
 478.000000  0.007690
 479.000000  0.009765
 480.000000  0.007935
 481.000000  0.009765
 482.000000  0.007910
 483.000000  0.007324
 484.000000  0.007666
 485.000000  0.009765
 486.000000  0.007910
 487.000000  0.007349
 488.000000  0.007935
 489.000000  0.007349
 490.000000  0.008203
 491.000000  0.009765
 492.000000  0.007837
 493.000000  0.009765
 494.000000  0.007935
 495.000000  0.009765
 496.000000  0.007959
 497.000000  0.007324
 498.000000  0.008105
 499.000000  0.009765
 500.000000  0.008203
 501.000000  0.009790
 502.000000  0.007910
 503.000000  0.009765
 504.000000  0.008398
 505.000000  0.009765
 506.000000  0.008057
 507.000000  0.007324
 508.000000  0.008667
 509.000000  0.007324
 510.000000  0.008911
 511.000000  0.009765
 512.000000  0.008447
 513.000000  0.007349
 514.000000  0.008691
 515.000000  0.007397
 516.000000  0.008423
 517.000000  0.007446
 518.000000  0.008789
 519.000000  0.007397
 520.000000  0.009033
 521.000000  0.007397
 522.000000  0.008984
 523.000000  0.009838
 524.000000  0.009131
 525.000000  0.009814
 526.000000  0.009106
 527.000000  0.009838
 528.000000  0.009253
 529.000000  0.010156
 530.000000  0.009253
 531.000000  0.010083
 532.000000  0.009131
 533.000000  0.007788
 534.000000  0.009302
 535.000000  0.007812
 536.000000  0.009277
 537.000000  0.010229
 538.000000  0.009448
 539.000000  0.010205
 540.000000  0.009399
 541.000000  0.008154
 542.000000  0.009473
 543.000000  0.008057
 544.000000  0.009473
 545.000000  0.008081
 546.000000  0.009546
 547.000000  0.010791
 548.000000  0.009546
 549.000000  0.010839
 550.000000  0.009570
 551.000000  0.011352
 552.000000  0.009619
 553.000000  0.008398
 554.000000  0.009668
 555.000000  0.009082
 556.000000  0.009717
 557.000000  0.010961
 558.000000  0.009741
 559.000000  0.011425
 560.000000  0.009766
 561.000000  0.009302
 562.000000  0.009741
 563.000000  0.011816
 564.000000  0.009741
 565.000000  0.011938
 566.000000  0.009717
 567.000000  0.011987
 568.000000  0.009790
 569.000000  0.012060
 570.000000  0.009790
 571.000000  0.012060
 572.000000  0.009790
 573.000000  0.012085
 574.000000  0.009839
 575.000000  0.012207
 576.000000  0.009839
 577.000000  0.012109
 578.000000  0.009814
 579.000000  0.012182
 580.000000  0.009912
 581.000000  0.009717
 582.000000  0.009814
 583.000000  0.012280
 584.000000  0.010254
 585.000000  0.012280
 586.000000  0.009888
 587.000000  0.012255
 588.000000  0.010229
 589.000000  0.009839
 590.000000  0.010522
 591.000000  0.012280
 592.000000  0.010644
 593.000000  0.010107
 594.000000  0.011523
 595.000000  0.012524
 596.000000  0.011377
 597.000000  0.012915
 598.000000  0.011987
 599.000000  0.013330
 600.000000  0.011377
 601.000000  0.012573
 602.000000  0.011938
 603.000000  0.014184
 604.000000  0.012207
 605.000000  0.013720
 606.000000  0.012207
 607.000000  0.014624
 608.000000  0.012646
 609.000000  0.014599
 610.000000  0.012207
 611.000000  0.014599
 612.000000  0.015576
 613.000000  0.014746
 614.000000  0.014794
 615.000000  0.014721
 616.000000  0.012915
 617.000000  0.012891
 618.000000  0.014453
 619.000000  0.014648
 620.000000  0.013379
 621.000000  0.015014
 622.000000  0.014648
 623.000000  0.016357
 624.000000  0.016674
 625.000000  0.015625
 626.000000  0.014648
 627.000000  0.017089
 628.000000  0.014648
 629.000000  0.016479
 630.000000  0.014648
 631.000000  0.017163
 632.000000  0.016089
 633.000000  0.017016
 634.000000  0.014648
 635.000000  0.017114
 636.000000  0.016528
 637.000000  0.015430
 638.000000  0.015063
 639.000000  0.017089
 640.000000  0.017065
 641.000000  0.019360
 642.000000  0.017090
 643.000000  0.014746
 644.000000  0.019433
 645.000000  0.019531
 646.000000  0.021704
 647.000000  0.019604
 648.000000  0.017090
 649.000000  0.017090
 650.000000  0.019092
 651.000000  0.019531
 652.000000  0.019507
 653.000000  0.017090
 654.000000  0.019458
 655.000000  0.021972
 656.000000  0.021973
 657.000000  0.021899
 658.000000  0.019531
 659.000000  0.019531
 660.000000  0.021973
 661.000000  0.026513
 662.000000  0.021655
 663.000000  0.022290
 664.000000  0.024414
 665.000000  0.026464
 666.000000  0.029248
 667.000000  0.024389
 668.000000  0.022021
 669.000000  0.024341
 670.000000  0.029321
 671.000000  0.029077
 672.000000  0.024829
 673.000000  0.027514
 674.000000  0.031689
 675.000000  0.036474
 676.000000  0.031738
 677.000000  0.029321
 678.000000  0.029321
 679.000000  0.035522
 680.000000  0.043970
 681.000000  0.035010
 682.000000  0.033398
 683.000000  0.036621
 684.000000  0.042358
 685.000000  0.063134
 686.000000  0.046021
 687.000000  0.045093
 688.000000  0.056665
 689.000000  0.092700
 690.000000  0.153344
 691.000000  0.084912
 692.000000  0.094116
 693.000000  0.180835
 694.000000  0.667749
 695.000000  1.128101
 696.000000  0.237573
 697.000000  0.146484
 698.000000  0.179468
 699.000000  0.473682
 700.000000  0.489233
 701.000000  0.201099
 702.000000  0.226318
 703.000000  0.447388
 704.000000  1.412768
 705.000000  0.829761
 706.000000  0.304492
 707.000000  0.220020
 708.000000  0.324512
 709.000000  1.022339
 710.000000  0.535547
 711.000000  0.161035
 712.000000  0.103906
 713.000000  0.094360
 714.000000  0.107886
 715.000000  0.074877
 716.000000  0.052637
 717.000000  0.049633
 718.000000  0.048633
 719.000000  0.057788
 720.000000  0.041602
 721.000000  0.038867
 722.000000  0.036401
 723.000000  0.038964
 724.000000  0.041455
 725.000000  0.034448
 726.000000  0.031812
 727.000000  0.033715
 728.000000  0.032056
 729.000000  0.033130
 730.000000  0.027002
 731.000000  0.028564
 732.000000  0.026685
 733.000000  0.029345
 734.000000  0.031005
 735.000000  0.025903
 736.000000  0.023853
 737.000000  0.026293
 738.000000  0.025098
 739.000000  0.026782
 740.000000  0.022021
 741.000000  0.023876
 742.000000  0.022192
 743.000000  0.022095
 744.000000  0.021973
 745.000000  0.021972
 746.000000  0.019849
 747.000000  0.019580
 748.000000  0.021436
 749.000000  0.021826
 750.000000  0.019385
 751.000000  0.020263
 752.000000  0.021850
 753.000000  0.021899
 754.000000  0.018481
 755.000000  0.019506
 756.000000  0.017163
 757.000000  0.019506
 758.000000  0.017700
 759.000000  0.016186
 760.000000  0.016455
 761.000000  0.017602
 762.000000  0.017017
 763.000000  0.017675
 764.000000  0.015063
 765.000000  0.017065
 766.000000  0.014819
 767.000000  0.014697
 768.000000  0.015454
 769.000000  0.016992
 770.000000  0.014624
 771.000000  0.017041
 772.000000  0.014648
 773.000000  0.016943
 774.000000  0.016479
 775.000000  0.014697
 776.000000  0.016992
 777.000000  0.015991
 778.000000  0.014453
 779.000000  0.012207
 780.000000  0.012256
 781.000000  0.012256
 782.000000  0.014990
 783.000000  0.014648
 784.000000  0.012207
 785.000000  0.014209
 786.000000  0.012280
 787.000000  0.014648
 788.000000  0.014648
 789.000000  0.013476
 790.000000  0.012109
 791.000000  0.014355
 792.000000  0.012207
 793.000000  0.013867
 794.000000  0.011597
 795.000000  0.012670
 796.000000  0.012158
 797.000000  0.013159
 798.000000  0.011182
 799.000000  0.012207
 800.000000  0.009912
 801.000000  0.012231
 802.000000  0.012817
 803.000000  0.012207
 804.000000  0.009790
 805.000000  0.012207
 806.000000  0.009888
 807.000000  0.012207
 808.000000  0.012231
 809.000000  0.009741
 810.000000  0.009766
 811.000000  0.009766
 812.000000  0.009766
 813.000000  0.009692
 814.000000  0.009766
 815.000000  0.012182
 816.000000  0.009766
 817.000000  0.012133
 818.000000  0.009766
 819.000000  0.011743
 820.000000  0.009741
 821.000000  0.012109
 822.000000  0.009741
 823.000000  0.011840
 824.000000  0.012182
 825.000000  0.010791
 826.000000  0.009766
 827.000000  0.011572
 828.000000  0.009741
 829.000000  0.010693
 830.000000  0.009692
 831.000000  0.011206
 832.000000  0.009668
 833.000000  0.010791
 834.000000  0.009351
 835.000000  0.010376
 836.000000  0.012133
 837.000000  0.010351
 838.000000  0.009399
 839.000000  0.009961
 840.000000  0.009351
 841.000000  0.010302
 842.000000  0.011962
 843.000000  0.010009
 844.000000  0.008643
 845.000000  0.007715
 846.000000  0.011474
 847.000000  0.009961
 848.000000  0.008496
 849.000000  0.009936
 850.000000  0.008325
 851.000000  0.009863
 852.000000  0.008643
 853.000000  0.007446
 854.000000  0.011157
 855.000000  0.009814
 856.000000  0.008789
 857.000000  0.007495
 858.000000  0.008520
 859.000000  0.007324
 860.000000  0.010473
 861.000000  0.009863
 862.000000  0.008130
 863.000000  0.007324
 864.000000  0.007837
 865.000000  0.009814
 866.000000  0.010644
 867.000000  0.007446
 868.000000  0.008350
 869.000000  0.009741
 870.000000  0.007983
 871.000000  0.009838
 872.000000  0.008032
 873.000000  0.009790
 874.000000  0.007764
 875.000000  0.009790
 876.000000  0.007715
 877.000000  0.007349
 878.000000  0.007886
 879.000000  0.007349
 880.000000  0.007593
 881.000000  0.009790
 882.000000  0.007690
 883.000000  0.009814
 884.000000  0.007788
 885.000000  0.009741
 886.000000  0.007519
 887.000000  0.007275
 888.000000  0.007642
 889.000000  0.009765
 890.000000  0.007544
 891.000000  0.009790
 892.000000  0.007617
 893.000000  0.009814
 894.000000  0.007422
 895.000000  0.009765
 896.000000  0.007446
 897.000000  0.009741
 898.000000  0.007495
 899.000000  0.009741
 900.000000  0.007495
 901.000000  0.009765
 902.000000  0.009887
 903.000000  0.009741
 904.000000  0.007422
 905.000000  0.009741
 906.000000  0.009814
 907.000000  0.009692
 908.000000  0.009912
 909.000000  0.009716
 910.000000  0.007324
 911.000000  0.009692
 912.000000  0.007373
 913.000000  0.009741
 914.000000  0.007397
 915.000000  0.009692
 916.000000  0.007349
 917.000000  0.009765
 918.000000  0.009838
 919.000000  0.009741
 920.000000  0.009814
 921.000000  0.009716
 922.000000  0.007324
 923.000000  0.009619
 924.000000  0.007349
 925.000000  0.009741
 926.000000  0.007324
 927.000000  0.009741
 928.000000  0.007324
 929.000000  0.009765
 930.000000  0.007349
 931.000000  0.009692
 932.000000  0.007324
 933.000000  0.009716
 934.000000  0.007324
 935.000000  0.009692
 936.000000  0.007349
 937.000000  0.009668
 938.000000  0.007373
 939.000000  0.009741
 940.000000  0.007324
 941.000000  0.009692
 942.000000  0.007324
 943.000000  0.009741
 944.000000  0.007324
 945.000000  0.007227
 946.000000  0.009790
 947.000000  0.009716
 948.000000  0.007324
 949.000000  0.009741
 950.000000  0.009765
 951.000000  0.009765
 952.000000  0.007324
 953.000000  0.009643
 954.000000  0.007324
 955.000000  0.009741
 956.000000  0.007324
 957.000000  0.009668
 958.000000  0.007324
 959.000000  0.007300
 960.000000  0.007324
 961.000000  0.007178
 962.000000  0.009765
 963.000000  0.007251
 964.000000  0.007324
 965.000000  0.009643
 966.000000  0.007324
 967.000000  0.009692
 968.000000  0.007324
 969.000000  0.009741
 970.000000  0.009765
 971.000000  0.009643
 972.000000  0.007324
 973.000000  0.009521
 974.000000  0.007324
 975.000000  0.009741
 976.000000  0.007324
 977.000000  0.009594
 978.000000  0.007324
 979.000000  0.009448
 980.000000  0.007324
 981.000000  0.009692
 982.000000  0.007324
 983.000000  0.007227
 984.000000  0.007324
 985.000000  0.009521
 986.000000  0.007324
 987.000000  0.009448
 988.000000  0.009741
 989.000000  0.009375
 990.000000  0.007324
 991.000000  0.009350
 992.000000  0.007349
 993.000000  0.009399
 994.000000  0.007349
 995.000000  0.009497
 996.000000  0.007324
 997.000000  0.009375
 998.000000  0.009643
 999.000000  0.009497
 1000.000000  0.009790
 1001.000000  0.009277
 1002.000000  0.007324
 1003.000000  0.009179
 1004.000000  0.007324
 1005.000000  0.009301
 1006.000000  0.007300
 1007.000000  0.009277
 1008.000000  0.007275
 1009.000000  0.009301
 1010.000000  0.007251
 1011.000000  0.009301
 1012.000000  0.007300
 1013.000000  0.009155
 1014.000000  0.007178
 1015.000000  0.009155
 1016.000000  0.007324
 1017.000000  0.009375
 1018.000000  0.007227
 1019.000000  0.009082
 1020.000000  0.007202
 1021.000000  0.008960
 1022.000000  0.007300
 1023.000000  0.009106
