 0.000000  0.007373
 1.000000  0.007324
 2.000000  0.007373
 3.000000  0.007324
 4.000000  0.007373
 5.000000  0.007300
 6.000000  0.007373
 7.000000  0.007324
 8.000000  0.007373
 9.000000  0.007300
 10.000000  0.007349
 11.000000  0.007275
 12.000000  0.007422
 13.000000  0.007300
 14.000000  0.007397
 15.000000  0.007300
 16.000000  0.007422
 17.000000  0.007324
 18.000000  0.007373
 19.000000  0.007324
 20.000000  0.007324
 21.000000  0.007324
 22.000000  0.007373
 23.000000  0.007324
 24.000000  0.007349
 25.000000  0.007324
 26.000000  0.007349
 27.000000  0.009765
 28.000000  0.007349
 29.000000  0.007324
 30.000000  0.007349
 31.000000  0.007324
 32.000000  0.007422
 33.000000  0.007324
 34.000000  0.007349
 35.000000  0.007324
 36.000000  0.007349
 37.000000  0.007300
 38.000000  0.007349
 39.000000  0.009765
 40.000000  0.007349
 41.000000  0.007324
 42.000000  0.007397
 43.000000  0.007324
 44.000000  0.007397
 45.000000  0.007324
 46.000000  0.007349
 47.000000  0.007324
 48.000000  0.007349
 49.000000  0.007324
 50.000000  0.007324
 51.000000  0.007324
 52.000000  0.007324
 53.000000  0.007300
 54.000000  0.007349
 55.000000  0.007275
 56.000000  0.007373
 57.000000  0.007300
 58.000000  0.007397
 59.000000  0.009741
 60.000000  0.007373
 61.000000  0.009716
 62.000000  0.007324
 63.000000  0.007300
 64.000000  0.007349
 65.000000  0.007300
 66.000000  0.007397
 67.000000  0.009692
 68.000000  0.007324
 69.000000  0.007324
 70.000000  0.007300
 71.000000  0.007251
 72.000000  0.007422
 73.000000  0.007251
 74.000000  0.007349
 75.000000  0.007227
 76.000000  0.007397
 77.000000  0.007227
 78.000000  0.007422
 79.000000  0.007275
 80.000000  0.007422
 81.000000  0.007300
 82.000000  0.007397
 83.000000  0.007275
 84.000000  0.007397
 85.000000  0.007251
 86.000000  0.007397
 87.000000  0.007227
 88.000000  0.007446
 89.000000  0.007251
 90.000000  0.007373
 91.000000  0.007227
 92.000000  0.007422
 93.000000  0.007275
 94.000000  0.007446
 95.000000  0.007227
 96.000000  0.007349
 97.000000  0.007227
 98.000000  0.007422
 99.000000  0.007275
 100.000000  0.007446
 101.000000  0.009741
 102.000000  0.007495
 103.000000  0.009765
 104.000000  0.007373
 105.000000  0.007251
 106.000000  0.007593
 107.000000  0.007275
 108.000000  0.007446
 109.000000  0.009643
 110.000000  0.007446
 111.000000  0.007324
 112.000000  0.007324
 113.000000  0.007275
 114.000000  0.007422
 115.000000  0.007251
 116.000000  0.007422
 117.000000  0.007251
 118.000000  0.007446
 119.000000  0.007227
 120.000000  0.007495
 121.000000  0.007275
 122.000000  0.007373
 123.000000  0.007227
 124.000000  0.007373
 125.000000  0.007251
 126.000000  0.007471
 127.000000  0.009741
 128.000000  0.007349
 129.000000  0.007202
 130.000000  0.007397
 131.000000  0.009643
 132.000000  0.007397
 133.000000  0.007300
 134.000000  0.007471
 135.000000  0.009741
 136.000000  0.007397
 137.000000  0.007275
 138.000000  0.007397
 139.000000  0.007300
 140.000000  0.007324
 141.000000  0.007324
 142.000000  0.007324
 143.000000  0.007324
 144.000000  0.007349
 145.000000  0.009741
 146.000000  0.007349
 147.000000  0.007251
 148.000000  0.007324
 149.000000  0.009741
 150.000000  0.007324
 151.000000  0.007275
 152.000000  0.007373
 153.000000  0.007324
 154.000000  0.007349
 155.000000  0.007324
 156.000000  0.007324
 157.000000  0.009716
 158.000000  0.007349
 159.000000  0.007300
 160.000000  0.007349
 161.000000  0.007275
 162.000000  0.007349
 163.000000  0.007300
 164.000000  0.007324
 165.000000  0.007324
 166.000000  0.007324
 167.000000  0.007300
 168.000000  0.007324
 169.000000  0.009668
 170.000000  0.007324
 171.000000  0.007251
 172.000000  0.007324
 173.000000  0.007300
 174.000000  0.007324
 175.000000  0.007251
 176.000000  0.007349
 177.000000  0.007300
 178.000000  0.007324
 179.000000  0.009741
 180.000000  0.007324
 181.000000  0.007227
 182.000000  0.007324
 183.000000  0.007251
 184.000000  0.007349
 185.000000  0.007324
 186.000000  0.007324
 187.000000  0.007275
 188.000000  0.007324
 189.000000  0.007300
 190.000000  0.007349
 191.000000  0.007300
 192.000000  0.007324
 193.000000  0.007300
 194.000000  0.007324
 195.000000  0.007251
 196.000000  0.009765
 197.000000  0.007251
 198.000000  0.007349
 199.000000  0.009716
 200.000000  0.007349
 201.000000  0.009741
 202.000000  0.007324
 203.000000  0.007275
 204.000000  0.007324
 205.000000  0.007202
 206.000000  0.007349
 207.000000  0.007202
 208.000000  0.007324
 209.000000  0.009741
 210.000000  0.007324
 211.000000  0.007227
 212.000000  0.007324
 213.000000  0.009692
 214.000000  0.007324
 215.000000  0.007300
 216.000000  0.007349
 217.000000  0.007153
 218.000000  0.007324
 219.000000  0.009716
 220.000000  0.007349
 221.000000  0.007275
 222.000000  0.007349
 223.000000  0.007324
 224.000000  0.007349
 225.000000  0.007300
 226.000000  0.007373
 227.000000  0.009545
 228.000000  0.007324
 229.000000  0.009594
 230.000000  0.007300
 231.000000  0.007153
 232.000000  0.007300
 233.000000  0.009545
 234.000000  0.007324
 235.000000  0.007153
 236.000000  0.007373
 237.000000  0.007202
 238.000000  0.007471
 239.000000  0.009545
 240.000000  0.007446
 241.000000  0.007080
 242.000000  0.007422
 243.000000  0.009472
 244.000000  0.007349
 245.000000  0.007080
 246.000000  0.007349
 247.000000  0.007178
 248.000000  0.007422
 249.000000  0.007153
 250.000000  0.007324
 251.000000  0.007031
 252.000000  0.007422
 253.000000  0.007178
 254.000000  0.007300
 255.000000  0.009643
 256.000000  0.007373
 257.000000  0.007153
 258.000000  0.007397
 259.000000  0.007031
 260.000000  0.007446
 261.000000  0.007056
 262.000000  0.007373
 263.000000  0.009545
 264.000000  0.007324
 265.000000  0.009497
 266.000000  0.007422
 267.000000  0.009570
 268.000000  0.007397
 269.000000  0.009570
 270.000000  0.007373
 271.000000  0.006982
 272.000000  0.007324
 273.000000  0.007129
 274.000000  0.007373
 275.000000  0.009692
 276.000000  0.007397
 277.000000  0.009448
 278.000000  0.007373
 279.000000  0.007153
 280.000000  0.007349
 281.000000  0.009643
 282.000000  0.007373
 283.000000  0.009448
 284.000000  0.007349
 285.000000  0.007056
 286.000000  0.007324
 287.000000  0.007080
 288.000000  0.007324
 289.000000  0.009619
 290.000000  0.007349
 291.000000  0.007104
 292.000000  0.007300
 293.000000  0.007129
 294.000000  0.007373
 295.000000  0.009594
 296.000000  0.007324
 297.000000  0.009692
 298.000000  0.007324
 299.000000  0.009692
 300.000000  0.007349
 301.000000  0.007227
 302.000000  0.007324
 303.000000  0.009716
 304.000000  0.007324
 305.000000  0.007227
 306.000000  0.007349
 307.000000  0.009692
 308.000000  0.007324
 309.000000  0.009643
 310.000000  0.007324
 311.000000  0.007227
 312.000000  0.007324
 313.000000  0.007324
 314.000000  0.007324
 315.000000  0.009692
 316.000000  0.007349
 317.000000  0.007275
 318.000000  0.007349
 319.000000  0.007275
 320.000000  0.007324
 321.000000  0.009741
 322.000000  0.007324
 323.000000  0.009668
 324.000000  0.007324
 325.000000  0.007227
 326.000000  0.007324
 327.000000  0.007275
 328.000000  0.007324
 329.000000  0.009716
 330.000000  0.007349
 331.000000  0.009692
 332.000000  0.007324
 333.000000  0.009716
 334.000000  0.007324
 335.000000  0.009741
 336.000000  0.007324
 337.000000  0.007251
 338.000000  0.007324
 339.000000  0.007300
 340.000000  0.007324
 341.000000  0.009765
 342.000000  0.009765
 343.000000  0.009619
 344.000000  0.007324
 345.000000  0.009716
 346.000000  0.007324
 347.000000  0.007275
 348.000000  0.007324
 349.000000  0.009692
 350.000000  0.007324
 351.000000  0.009643
 352.000000  0.007324
 353.000000  0.009741
 354.000000  0.007324
 355.000000  0.007300
 356.000000  0.007324
 357.000000  0.007275
 358.000000  0.007324
 359.000000  0.009741
 360.000000  0.007324
 361.000000  0.007300
 362.000000  0.007324
 363.000000  0.009692
 364.000000  0.007324
 365.000000  0.007251
 366.000000  0.007324
 367.000000  0.007275
 368.000000  0.007324
 369.000000  0.007300
 370.000000  0.007324
 371.000000  0.009741
 372.000000  0.007324
 373.000000  0.009692
 374.000000  0.007324
 375.000000  0.009716
 376.000000  0.007324
 377.000000  0.007227
 378.000000  0.007324
 379.000000  0.007227
 380.000000  0.007300
 381.000000  0.009741
 382.000000  0.007300
 383.000000  0.007227
 384.000000  0.007397
 385.000000  0.007227
 386.000000  0.007373
 387.000000  0.009668
 388.000000  0.007349
 389.000000  0.009619
 390.000000  0.007397
 391.000000  0.009668
 392.000000  0.007373
 393.000000  0.007153
 394.000000  0.007349
 395.000000  0.007251
 396.000000  0.007300
 397.000000  0.007129
 398.000000  0.007373
 399.000000  0.007129
 400.000000  0.007373
 401.000000  0.009619
 402.000000  0.007373
 403.000000  0.007227
 404.000000  0.007373
 405.000000  0.007275
 406.000000  0.007373
 407.000000  0.007227
 408.000000  0.007373
 409.000000  0.009619
 410.000000  0.007349
 411.000000  0.009619
 412.000000  0.007373
 413.000000  0.007251
 414.000000  0.007422
 415.000000  0.009619
 416.000000  0.007373
 417.000000  0.007251
 418.000000  0.007397
 419.000000  0.007251
 420.000000  0.007422
 421.000000  0.007080
 422.000000  0.007397
 423.000000  0.007202
 424.000000  0.007373
 425.000000  0.009619
 426.000000  0.007373
 427.000000  0.009716
 428.000000  0.007349
 429.000000  0.009570
 430.000000  0.007349
 431.000000  0.009716
 432.000000  0.007373
 433.000000  0.007202
 434.000000  0.007422
 435.000000  0.009668
 436.000000  0.007349
 437.000000  0.009619
 438.000000  0.007397
 439.000000  0.009643
 440.000000  0.007349
 441.000000  0.009594
 442.000000  0.007349
 443.000000  0.009643
 444.000000  0.007397
 445.000000  0.009668
 446.000000  0.007397
 447.000000  0.007178
 448.000000  0.007397
 449.000000  0.009692
 450.000000  0.007397
 451.000000  0.009692
 452.000000  0.007324
 453.000000  0.009668
 454.000000  0.007349
 455.000000  0.009741
 456.000000  0.007324
 457.000000  0.009716
 458.000000  0.007324
 459.000000  0.009741
 460.000000  0.007422
 461.000000  0.009765
 462.000000  0.007324
 463.000000  0.009716
 464.000000  0.007324
 465.000000  0.009716
 466.000000  0.007324
 467.000000  0.007251
 468.000000  0.007349
 469.000000  0.007251
 470.000000  0.007349
 471.000000  0.009765
 472.000000  0.007373
 473.000000  0.007324
 474.000000  0.007349
 475.000000  0.009716
 476.000000  0.007349
 477.000000  0.007251
 478.000000  0.007349
 479.000000  0.009741
 480.000000  0.007349
 481.000000  0.009765
 482.000000  0.007324
 483.000000  0.007324
 484.000000  0.007349
 485.000000  0.009765
 486.000000  0.007324
 487.000000  0.007324
 488.000000  0.007324
 489.000000  0.007324
 490.000000  0.007324
 491.000000  0.009741
 492.000000  0.007324
 493.000000  0.009741
 494.000000  0.007324
 495.000000  0.009765
 496.000000  0.007349
 497.000000  0.007324
 498.000000  0.007324
 499.000000  0.009741
 500.000000  0.007349
 501.000000  0.009765
 502.000000  0.007324
 503.000000  0.009741
 504.000000  0.007349
 505.000000  0.009765
 506.000000  0.007324
 507.000000  0.007300
 508.000000  0.007373
 509.000000  0.007300
 510.000000  0.007397
 511.000000  0.009765
 512.000000  0.007349
 513.000000  0.007324
 514.000000  0.007349
 515.000000  0.007324
 516.000000  0.007349
 517.000000  0.007324
 518.000000  0.007373
 519.000000  0.007324
 520.000000  0.007349
 521.000000  0.007324
 522.000000  0.007422
 523.000000  0.009765
 524.000000  0.007349
 525.000000  0.009765
 526.000000  0.007471
 527.000000  0.009765
 528.000000  0.007422
 529.000000  0.009765
 530.000000  0.007519
 531.000000  0.009741
 532.000000  0.007397
 533.000000  0.007324
 534.000000  0.007373
 535.000000  0.007349
 536.000000  0.007495
 537.000000  0.009765
 538.000000  0.007373
 539.000000  0.009790
 540.000000  0.007617
 541.000000  0.007275
 542.000000  0.007471
 543.000000  0.007324
 544.000000  0.007471
 545.000000  0.007349
 546.000000  0.007788
 547.000000  0.009716
 548.000000  0.007544
 549.000000  0.009790
 550.000000  0.007910
 551.000000  0.009790
 552.000000  0.007519
 553.000000  0.007349
 554.000000  0.007788
 555.000000  0.007324
 556.000000  0.007764
 557.000000  0.009741
 558.000000  0.007837
 559.000000  0.009765
 560.000000  0.008374
 561.000000  0.007300
 562.000000  0.007690
 563.000000  0.009790
 564.000000  0.008032
 565.000000  0.009838
 566.000000  0.007739
 567.000000  0.009838
 568.000000  0.008276
 569.000000  0.010034
 570.000000  0.008276
 571.000000  0.009838
 572.000000  0.008008
 573.000000  0.009936
 574.000000  0.009106
 575.000000  0.009936
 576.000000  0.007935
 577.000000  0.009912
 578.000000  0.009058
 579.000000  0.010034
 580.000000  0.008057
 581.000000  0.007373
 582.000000  0.008594
 583.000000  0.010693
 584.000000  0.009277
 585.000000  0.009912
 586.000000  0.008227
 587.000000  0.010229
 588.000000  0.009570
 589.000000  0.007568
 590.000000  0.008765
 591.000000  0.010009
 592.000000  0.009717
 593.000000  0.008716
 594.000000  0.009058
 595.000000  0.009961
 596.000000  0.009375
 597.000000  0.011669
 598.000000  0.009399
 599.000000  0.009863
 600.000000  0.008911
 601.000000  0.010058
 602.000000  0.009692
 603.000000  0.011157
 604.000000  0.009448
 605.000000  0.010449
 606.000000  0.009766
 607.000000  0.012133
 608.000000  0.009741
 609.000000  0.010229
 610.000000  0.009717
 611.000000  0.012158
 612.000000  0.012207
 613.000000  0.011035
 614.000000  0.012158
 615.000000  0.011938
 616.000000  0.010278
 617.000000  0.009790
 618.000000  0.009741
 619.000000  0.011328
 620.000000  0.009790
 621.000000  0.012207
 622.000000  0.009790
 623.000000  0.011840
 624.000000  0.012207
 625.000000  0.012207
 626.000000  0.012183
 627.000000  0.012207
 628.000000  0.009766
 629.000000  0.012109
 630.000000  0.011963
 631.000000  0.014624
 632.000000  0.010083
 633.000000  0.012207
 634.000000  0.010132
 635.000000  0.014599
 636.000000  0.012256
 637.000000  0.009814
 638.000000  0.009961
 639.000000  0.012402
 640.000000  0.013818
 641.000000  0.014648
 642.000000  0.011230
 643.000000  0.009790
 644.000000  0.014648
 645.000000  0.017089
 646.000000  0.014770
 647.000000  0.013110
 648.000000  0.012085
 649.000000  0.013208
 650.000000  0.017090
 651.000000  0.012207
 652.000000  0.012207
 653.000000  0.012207
 654.000000  0.016504
 655.000000  0.019531
 656.000000  0.013257
 657.000000  0.014648
 658.000000  0.014648
 659.000000  0.017432
 660.000000  0.017529
 661.000000  0.015283
 662.000000  0.014575
 663.000000  0.017089
 664.000000  0.024438
 665.000000  0.019653
 666.000000  0.017089
 667.000000  0.017089
 668.000000  0.017505
 669.000000  0.025537
 670.000000  0.019458
 671.000000  0.015356
 672.000000  0.017090
 673.000000  0.024292
 674.000000  0.034936
 675.000000  0.021972
 676.000000  0.019019
 677.000000  0.021923
 678.000000  0.030835
 679.000000  0.041626
 680.000000  0.022852
 681.000000  0.021606
 682.000000  0.025171
 683.000000  0.046411
 684.000000  0.048853
 685.000000  0.031787
 686.000000  0.032251
 687.000000  0.043530
 688.000000  0.098217
 689.000000  0.086890
 690.000000  0.068359
 691.000000  0.095019
 692.000000  0.283911
 693.000000  1.209668
 694.000000  0.616650
 695.000000  0.135547
 696.000000  0.086084
 697.000000  0.101928
 698.000000  0.201782
 699.000000  0.108764
 700.000000  0.081348
 701.000000  0.099707
 702.000000  0.305518
 703.000000  0.662402
 704.000000  0.208325
 705.000000  0.100586
 706.000000  0.108813
 707.000000  0.275757
 708.000000  0.519629
 709.000000  0.134448
 710.000000  0.057910
 711.000000  0.053588
 712.000000  0.074707
 713.000000  0.085864
 714.000000  0.041992
 715.000000  0.033569
 716.000000  0.029639
 717.000000  0.043896
 718.000000  0.046460
 719.000000  0.027124
 720.000000  0.022168
 721.000000  0.025293
 722.000000  0.035767
 723.000000  0.032885
 724.000000  0.020239
 725.000000  0.021142
 726.000000  0.020801
 727.000000  0.030346
 728.000000  0.023633
 729.000000  0.016943
 730.000000  0.016968
 731.000000  0.019653
 732.000000  0.024341
 733.000000  0.019775
 734.000000  0.017407
 735.000000  0.017041
 736.000000  0.016943
 737.000000  0.022094
 738.000000  0.016333
 739.000000  0.015722
 740.000000  0.014380
 741.000000  0.017114
 742.000000  0.018506
 743.000000  0.013354
 744.000000  0.012646
 745.000000  0.014672
 746.000000  0.014575
 747.000000  0.015088
 748.000000  0.012451
 749.000000  0.014135
 750.000000  0.012207
 751.000000  0.015405
 752.000000  0.016967
 753.000000  0.014038
 754.000000  0.011182
 755.000000  0.012793
 756.000000  0.012500
 757.000000  0.014672
 758.000000  0.010791
 759.000000  0.009839
 760.000000  0.010132
 761.000000  0.014257
 762.000000  0.012183
 763.000000  0.012207
 764.000000  0.009766
 765.000000  0.012182
 766.000000  0.012012
 767.000000  0.010547
 768.000000  0.009741
 769.000000  0.011865
 770.000000  0.009766
 771.000000  0.012500
 772.000000  0.009961
 773.000000  0.011377
 774.000000  0.012207
 775.000000  0.012036
 776.000000  0.012817
 777.000000  0.012182
 778.000000  0.009644
 779.000000  0.007910
 780.000000  0.009766
 781.000000  0.009766
 782.000000  0.012207
 783.000000  0.009985
 784.000000  0.009302
 785.000000  0.010937
 786.000000  0.009790
 787.000000  0.011108
 788.000000  0.011450
 789.000000  0.009887
 790.000000  0.009570
 791.000000  0.012158
 792.000000  0.009424
 793.000000  0.009814
 794.000000  0.008740
 795.000000  0.010644
 796.000000  0.009766
 797.000000  0.009961
 798.000000  0.007788
 799.000000  0.009790
 800.000000  0.009424
 801.000000  0.011425
 802.000000  0.011303
 803.000000  0.009765
 804.000000  0.007568
 805.000000  0.009912
 806.000000  0.009644
 807.000000  0.009765
 808.000000  0.010009
 809.000000  0.007324
 810.000000  0.008740
 811.000000  0.007544
 812.000000  0.007690
 813.000000  0.007324
 814.000000  0.007495
 815.000000  0.009790
 816.000000  0.009228
 817.000000  0.009765
 818.000000  0.007373
 819.000000  0.009765
 820.000000  0.007812
 821.000000  0.009765
 822.000000  0.007446
 823.000000  0.009765
 824.000000  0.009814
 825.000000  0.009765
 826.000000  0.007886
 827.000000  0.009765
 828.000000  0.007349
 829.000000  0.009741
 830.000000  0.007544
 831.000000  0.009790
 832.000000  0.007349
 833.000000  0.009765
 834.000000  0.007324
 835.000000  0.009765
 836.000000  0.010107
 837.000000  0.009765
 838.000000  0.007349
 839.000000  0.009716
 840.000000  0.007446
 841.000000  0.009741
 842.000000  0.009765
 843.000000  0.009643
 844.000000  0.007373
 845.000000  0.007324
 846.000000  0.009790
 847.000000  0.009692
 848.000000  0.007373
 849.000000  0.009692
 850.000000  0.007397
 851.000000  0.009814
 852.000000  0.007349
 853.000000  0.007129
 854.000000  0.009790
 855.000000  0.009643
 856.000000  0.007422
 857.000000  0.007104
 858.000000  0.007324
 859.000000  0.007056
 860.000000  0.009790
 861.000000  0.009692
 862.000000  0.007349
 863.000000  0.006982
 864.000000  0.007324
 865.000000  0.009643
 866.000000  0.009838
 867.000000  0.007129
 868.000000  0.007349
 869.000000  0.009497
 870.000000  0.007324
 871.000000  0.009716
 872.000000  0.007324
 873.000000  0.009399
 874.000000  0.007349
 875.000000  0.009545
 876.000000  0.007373
 877.000000  0.006982
 878.000000  0.007349
 879.000000  0.006811
 880.000000  0.007324
 881.000000  0.009570
 882.000000  0.007324
 883.000000  0.009497
 884.000000  0.007300
 885.000000  0.009448
 886.000000  0.007397
 887.000000  0.006958
 888.000000  0.007349
 889.000000  0.009228
 890.000000  0.007373
 891.000000  0.009545
 892.000000  0.007300
 893.000000  0.009545
 894.000000  0.007300
 895.000000  0.009301
 896.000000  0.007275
 897.000000  0.009594
 898.000000  0.007324
 899.000000  0.009301
 900.000000  0.007275
 901.000000  0.009545
 902.000000  0.009765
 903.000000  0.009179
 904.000000  0.007349
 905.000000  0.009179
 906.000000  0.009741
 907.000000  0.009326
 908.000000  0.009790
 909.000000  0.009301
 910.000000  0.007300
 911.000000  0.009155
 912.000000  0.007300
 913.000000  0.009252
 914.000000  0.007324
 915.000000  0.009106
 916.000000  0.007275
 917.000000  0.009570
 918.000000  0.009765
 919.000000  0.009057
 920.000000  0.009765
 921.000000  0.009277
 922.000000  0.007324
 923.000000  0.009301
 924.000000  0.007324
 925.000000  0.009179
 926.000000  0.007300
 927.000000  0.009448
 928.000000  0.007324
 929.000000  0.009301
 930.000000  0.007349
 931.000000  0.009179
 932.000000  0.007300
 933.000000  0.009594
 934.000000  0.007324
 935.000000  0.009301
 936.000000  0.007300
 937.000000  0.009497
 938.000000  0.007324
 939.000000  0.009082
 940.000000  0.007324
 941.000000  0.009350
 942.000000  0.007324
 943.000000  0.009350
 944.000000  0.007324
 945.000000  0.006836
 946.000000  0.009765
 947.000000  0.009399
 948.000000  0.007324
 949.000000  0.009350
 950.000000  0.009765
 951.000000  0.009448
 952.000000  0.007324
 953.000000  0.009350
 954.000000  0.007324
 955.000000  0.009277
 956.000000  0.007324
 957.000000  0.009301
 958.000000  0.007324
 959.000000  0.006689
 960.000000  0.007300
 961.000000  0.006567
 962.000000  0.009765
 963.000000  0.006909
 964.000000  0.007324
 965.000000  0.009423
 966.000000  0.007324
 967.000000  0.009277
 968.000000  0.007324
 969.000000  0.009301
 970.000000  0.009765
 971.000000  0.008886
 972.000000  0.007324
 973.000000  0.009057
 974.000000  0.007324
 975.000000  0.009252
 976.000000  0.007324
 977.000000  0.009204
 978.000000  0.007324
 979.000000  0.009130
 980.000000  0.007324
 981.000000  0.009497
 982.000000  0.007300
 983.000000  0.006763
 984.000000  0.007324
 985.000000  0.009326
 986.000000  0.007324
 987.000000  0.008862
 988.000000  0.009765
 989.000000  0.009057
 990.000000  0.007324
 991.000000  0.009033
 992.000000  0.007324
 993.000000  0.009204
 994.000000  0.007324
 995.000000  0.009130
 996.000000  0.007251
 997.000000  0.009008
 998.000000  0.009716
 999.000000  0.009130
 1000.000000  0.009765
 1001.000000  0.009106
 1002.000000  0.007275
 1003.000000  0.009033
 1004.000000  0.007300
 1005.000000  0.009130
 1006.000000  0.007275
 1007.000000  0.008935
 1008.000000  0.007300
 1009.000000  0.008935
 1010.000000  0.007300
 1011.000000  0.009082
 1012.000000  0.007202
 1013.000000  0.008764
 1014.000000  0.007251
 1015.000000  0.008813
 1016.000000  0.007202
 1017.000000  0.008984
 1018.000000  0.007251
 1019.000000  0.008886
 1020.000000  0.007251
 1021.000000  0.008593
 1022.000000  0.007275
 1023.000000  0.008911
