 0.000000  0.007471
 1.000000  0.007300
 2.000000  0.007397
 3.000000  0.007275
 4.000000  0.007397
 5.000000  0.007251
 6.000000  0.007446
 7.000000  0.007324
 8.000000  0.007471
 9.000000  0.007300
 10.000000  0.007349
 11.000000  0.007275
 12.000000  0.007422
 13.000000  0.007227
 14.000000  0.007422
 15.000000  0.007251
 16.000000  0.007373
 17.000000  0.007227
 18.000000  0.007422
 19.000000  0.007324
 20.000000  0.007397
 21.000000  0.007324
 22.000000  0.007422
 23.000000  0.007275
 24.000000  0.007397
 25.000000  0.007300
 26.000000  0.007544
 27.000000  0.009692
 28.000000  0.007373
 29.000000  0.007275
 30.000000  0.007397
 31.000000  0.007251
 32.000000  0.007422
 33.000000  0.007202
 34.000000  0.007422
 35.000000  0.007349
 36.000000  0.007446
 37.000000  0.007275
 38.000000  0.007519
 39.000000  0.009692
 40.000000  0.007446
 41.000000  0.007227
 42.000000  0.007446
 43.000000  0.007251
 44.000000  0.007422
 45.000000  0.007300
 46.000000  0.007471
 47.000000  0.007251
 48.000000  0.007422
 49.000000  0.007300
 50.000000  0.007446
 51.000000  0.007324
 52.000000  0.007373
 53.000000  0.007202
 54.000000  0.007373
 55.000000  0.007275
 56.000000  0.007349
 57.000000  0.007275
 58.000000  0.007471
 59.000000  0.009668
 60.000000  0.007397
 61.000000  0.009668
 62.000000  0.007471
 63.000000  0.007300
 64.000000  0.007397
 65.000000  0.007251
 66.000000  0.007397
 67.000000  0.009765
 68.000000  0.007373
 69.000000  0.007275
 70.000000  0.007349
 71.000000  0.007251
 72.000000  0.007373
 73.000000  0.007227
 74.000000  0.007349
 75.000000  0.007275
 76.000000  0.007422
 77.000000  0.007300
 78.000000  0.007397
 79.000000  0.007300
 80.000000  0.007397
 81.000000  0.007300
 82.000000  0.007373
 83.000000  0.007300
 84.000000  0.007324
 85.000000  0.007324
 86.000000  0.007373
 87.000000  0.007300
 88.000000  0.007349
 89.000000  0.007324
 90.000000  0.007324
 91.000000  0.007227
 92.000000  0.007349
 93.000000  0.007324
 94.000000  0.007324
 95.000000  0.007275
 96.000000  0.007373
 97.000000  0.007251
 98.000000  0.007324
 99.000000  0.007300
 100.000000  0.007349
 101.000000  0.009716
 102.000000  0.007349
 103.000000  0.009741
 104.000000  0.007349
 105.000000  0.007300
 106.000000  0.007397
 107.000000  0.007251
 108.000000  0.007446
 109.000000  0.009741
 110.000000  0.007324
 111.000000  0.007300
 112.000000  0.007349
 113.000000  0.007275
 114.000000  0.007324
 115.000000  0.007324
 116.000000  0.007373
 117.000000  0.007324
 118.000000  0.007373
 119.000000  0.007300
 120.000000  0.007324
 121.000000  0.007251
 122.000000  0.007324
 123.000000  0.007300
 124.000000  0.007349
 125.000000  0.007275
 126.000000  0.007324
 127.000000  0.009741
 128.000000  0.007324
 129.000000  0.007275
 130.000000  0.007324
 131.000000  0.009765
 132.000000  0.007324
 133.000000  0.007324
 134.000000  0.007324
 135.000000  0.009716
 136.000000  0.007324
 137.000000  0.007275
 138.000000  0.007324
 139.000000  0.007275
 140.000000  0.007349
 141.000000  0.007251
 142.000000  0.007373
 143.000000  0.007300
 144.000000  0.007324
 145.000000  0.009716
 146.000000  0.007397
 147.000000  0.007251
 148.000000  0.007373
 149.000000  0.009643
 150.000000  0.007397
 151.000000  0.007227
 152.000000  0.007349
 153.000000  0.007251
 154.000000  0.007422
 155.000000  0.007227
 156.000000  0.007324
 157.000000  0.009668
 158.000000  0.007422
 159.000000  0.007153
 160.000000  0.007373
 161.000000  0.007227
 162.000000  0.007373
 163.000000  0.007227
 164.000000  0.007373
 165.000000  0.007227
 166.000000  0.007373
 167.000000  0.007275
 168.000000  0.007397
 169.000000  0.009594
 170.000000  0.007324
 171.000000  0.007202
 172.000000  0.007324
 173.000000  0.007202
 174.000000  0.007324
 175.000000  0.007202
 176.000000  0.007349
 177.000000  0.007251
 178.000000  0.007397
 179.000000  0.009716
 180.000000  0.007422
 181.000000  0.007251
 182.000000  0.007324
 183.000000  0.007300
 184.000000  0.007349
 185.000000  0.007202
 186.000000  0.007446
 187.000000  0.007251
 188.000000  0.007397
 189.000000  0.007129
 190.000000  0.007397
 191.000000  0.007104
 192.000000  0.007373
 193.000000  0.007178
 194.000000  0.007349
 195.000000  0.007227
 196.000000  0.009887
 197.000000  0.007153
 198.000000  0.007397
 199.000000  0.009545
 200.000000  0.007275
 201.000000  0.009643
 202.000000  0.007349
 203.000000  0.007251
 204.000000  0.007373
 205.000000  0.007178
 206.000000  0.007324
 207.000000  0.007178
 208.000000  0.007373
 209.000000  0.009570
 210.000000  0.007349
 211.000000  0.007031
 212.000000  0.007324
 213.000000  0.009570
 214.000000  0.007397
 215.000000  0.007129
 216.000000  0.007300
 217.000000  0.007031
 218.000000  0.007349
 219.000000  0.009497
 220.000000  0.007275
 221.000000  0.007104
 222.000000  0.007324
 223.000000  0.007104
 224.000000  0.007349
 225.000000  0.007104
 226.000000  0.007324
 227.000000  0.009545
 228.000000  0.007349
 229.000000  0.009594
 230.000000  0.007349
 231.000000  0.007178
 232.000000  0.007373
 233.000000  0.009570
 234.000000  0.007324
 235.000000  0.007178
 236.000000  0.007324
 237.000000  0.007153
 238.000000  0.007324
 239.000000  0.009619
 240.000000  0.007324
 241.000000  0.007251
 242.000000  0.007324
 243.000000  0.009472
 244.000000  0.007324
 245.000000  0.007178
 246.000000  0.007324
 247.000000  0.007202
 248.000000  0.007324
 249.000000  0.007129
 250.000000  0.007324
 251.000000  0.007153
 252.000000  0.007349
 253.000000  0.007153
 254.000000  0.007324
 255.000000  0.009668
 256.000000  0.007324
 257.000000  0.007178
 258.000000  0.007324
 259.000000  0.007129
 260.000000  0.007324
 261.000000  0.007178
 262.000000  0.007324
 263.000000  0.009570
 264.000000  0.007324
 265.000000  0.009643
 266.000000  0.007324
 267.000000  0.009570
 268.000000  0.007349
 269.000000  0.009570
 270.000000  0.007324
 271.000000  0.007153
 272.000000  0.007324
 273.000000  0.007104
 274.000000  0.007324
 275.000000  0.009594
 276.000000  0.007324
 277.000000  0.009619
 278.000000  0.007324
 279.000000  0.007275
 280.000000  0.007324
 281.000000  0.009545
 282.000000  0.007324
 283.000000  0.009545
 284.000000  0.007324
 285.000000  0.007251
 286.000000  0.007324
 287.000000  0.007227
 288.000000  0.007324
 289.000000  0.009716
 290.000000  0.007324
 291.000000  0.007056
 292.000000  0.007324
 293.000000  0.006982
 294.000000  0.007349
 295.000000  0.009545
 296.000000  0.007349
 297.000000  0.009643
 298.000000  0.007324
 299.000000  0.009619
 300.000000  0.007349
 301.000000  0.007129
 302.000000  0.007324
 303.000000  0.009692
 304.000000  0.007349
 305.000000  0.007056
 306.000000  0.007324
 307.000000  0.009497
 308.000000  0.007397
 309.000000  0.009423
 310.000000  0.007300
 311.000000  0.007129
 312.000000  0.007397
 313.000000  0.007202
 314.000000  0.007397
 315.000000  0.009668
 316.000000  0.007275
 317.000000  0.007153
 318.000000  0.007349
 319.000000  0.007080
 320.000000  0.007349
 321.000000  0.009472
 322.000000  0.007300
 323.000000  0.009668
 324.000000  0.007324
 325.000000  0.007031
 326.000000  0.007324
 327.000000  0.007031
 328.000000  0.007300
 329.000000  0.009472
 330.000000  0.007300
 331.000000  0.009521
 332.000000  0.007373
 333.000000  0.009619
 334.000000  0.007373
 335.000000  0.009521
 336.000000  0.007300
 337.000000  0.007007
 338.000000  0.007373
 339.000000  0.007153
 340.000000  0.007373
 341.000000  0.009570
 342.000000  0.009716
 343.000000  0.009619
 344.000000  0.007324
 345.000000  0.009521
 346.000000  0.007373
 347.000000  0.007104
 348.000000  0.007300
 349.000000  0.009448
 350.000000  0.007349
 351.000000  0.009423
 352.000000  0.007349
 353.000000  0.009692
 354.000000  0.007349
 355.000000  0.006982
 356.000000  0.007324
 357.000000  0.007104
 358.000000  0.007324
 359.000000  0.009545
 360.000000  0.007422
 361.000000  0.007031
 362.000000  0.007349
 363.000000  0.009448
 364.000000  0.007324
 365.000000  0.007031
 366.000000  0.007300
 367.000000  0.007080
 368.000000  0.007300
 369.000000  0.007153
 370.000000  0.007300
 371.000000  0.009497
 372.000000  0.007251
 373.000000  0.009570
 374.000000  0.007349
 375.000000  0.009521
 376.000000  0.007324
 377.000000  0.007031
 378.000000  0.007349
 379.000000  0.007153
 380.000000  0.007324
 381.000000  0.009570
 382.000000  0.007349
 383.000000  0.007178
 384.000000  0.007349
 385.000000  0.007080
 386.000000  0.007349
 387.000000  0.009448
 388.000000  0.007324
 389.000000  0.009545
 390.000000  0.007349
 391.000000  0.009521
 392.000000  0.007349
 393.000000  0.007056
 394.000000  0.007324
 395.000000  0.007178
 396.000000  0.007324
 397.000000  0.007007
 398.000000  0.007324
 399.000000  0.007080
 400.000000  0.007349
 401.000000  0.009619
 402.000000  0.007324
 403.000000  0.007178
 404.000000  0.007324
 405.000000  0.007153
 406.000000  0.007349
 407.000000  0.007202
 408.000000  0.007324
 409.000000  0.009326
 410.000000  0.007324
 411.000000  0.009619
 412.000000  0.007324
 413.000000  0.007129
 414.000000  0.007324
 415.000000  0.009594
 416.000000  0.007300
 417.000000  0.007251
 418.000000  0.007324
 419.000000  0.007300
 420.000000  0.007324
 421.000000  0.006982
 422.000000  0.007349
 423.000000  0.007300
 424.000000  0.007324
 425.000000  0.009594
 426.000000  0.007324
 427.000000  0.009668
 428.000000  0.007324
 429.000000  0.009570
 430.000000  0.007324
 431.000000  0.009643
 432.000000  0.007324
 433.000000  0.007178
 434.000000  0.007324
 435.000000  0.009521
 436.000000  0.007324
 437.000000  0.009594
 438.000000  0.007324
 439.000000  0.009716
 440.000000  0.007324
 441.000000  0.009668
 442.000000  0.007324
 443.000000  0.009643
 444.000000  0.007324
 445.000000  0.009497
 446.000000  0.007324
 447.000000  0.007202
 448.000000  0.007324
 449.000000  0.009594
 450.000000  0.007324
 451.000000  0.009594
 452.000000  0.007300
 453.000000  0.009570
 454.000000  0.007324
 455.000000  0.009570
 456.000000  0.007324
 457.000000  0.009521
 458.000000  0.007300
 459.000000  0.009448
 460.000000  0.007275
 461.000000  0.009570
 462.000000  0.007349
 463.000000  0.009399
 464.000000  0.007324
 465.000000  0.009545
 466.000000  0.007373
 467.000000  0.007104
 468.000000  0.007324
 469.000000  0.007007
 470.000000  0.007300
 471.000000  0.009497
 472.000000  0.007373
 473.000000  0.007153
 474.000000  0.007349
 475.000000  0.009423
 476.000000  0.007275
 477.000000  0.006934
 478.000000  0.007373
 479.000000  0.009399
 480.000000  0.007275
 481.000000  0.009399
 482.000000  0.007349
 483.000000  0.007104
 484.000000  0.007324
 485.000000  0.009594
 486.000000  0.007275
 487.000000  0.007104
 488.000000  0.007324
 489.000000  0.006982
 490.000000  0.007324
 491.000000  0.009448
 492.000000  0.007349
 493.000000  0.009521
 494.000000  0.007324
 495.000000  0.009521
 496.000000  0.007300
 497.000000  0.007129
 498.000000  0.007275
 499.000000  0.009350
 500.000000  0.007324
 501.000000  0.009619
 502.000000  0.007300
 503.000000  0.009350
 504.000000  0.007349
 505.000000  0.009570
 506.000000  0.007300
 507.000000  0.007056
 508.000000  0.007324
 509.000000  0.007031
 510.000000  0.007349
 511.000000  0.009570
 512.000000  0.007349
 513.000000  0.007300
 514.000000  0.007349
 515.000000  0.007080
 516.000000  0.007300
 517.000000  0.007153
 518.000000  0.007324
 519.000000  0.007031
 520.000000  0.007300
 521.000000  0.007251
 522.000000  0.007324
 523.000000  0.009570
 524.000000  0.007373
 525.000000  0.009570
 526.000000  0.007349
 527.000000  0.009423
 528.000000  0.007300
 529.000000  0.009594
 530.000000  0.007446
 531.000000  0.009545
 532.000000  0.007300
 533.000000  0.007153
 534.000000  0.007373
 535.000000  0.007104
 536.000000  0.007373
 537.000000  0.009448
 538.000000  0.007275
 539.000000  0.009668
 540.000000  0.007275
 541.000000  0.007031
 542.000000  0.007373
 543.000000  0.007251
 544.000000  0.007324
 545.000000  0.007080
 546.000000  0.007324
 547.000000  0.009643
 548.000000  0.007324
 549.000000  0.009521
 550.000000  0.007324
 551.000000  0.009619
 552.000000  0.007324
 553.000000  0.007300
 554.000000  0.007324
 555.000000  0.007056
 556.000000  0.007324
 557.000000  0.009692
 558.000000  0.007349
 559.000000  0.009399
 560.000000  0.007324
 561.000000  0.007202
 562.000000  0.007349
 563.000000  0.009570
 564.000000  0.007324
 565.000000  0.009668
 566.000000  0.007349
 567.000000  0.009765
 568.000000  0.007324
 569.000000  0.009594
 570.000000  0.007324
 571.000000  0.009765
 572.000000  0.007324
 573.000000  0.009570
 574.000000  0.007300
 575.000000  0.009765
 576.000000  0.007373
 577.000000  0.009765
 578.000000  0.007324
 579.000000  0.009521
 580.000000  0.007324
 581.000000  0.007324
 582.000000  0.007324
 583.000000  0.009643
 584.000000  0.007324
 585.000000  0.009765
 586.000000  0.007324
 587.000000  0.009692
 588.000000  0.007324
 589.000000  0.007300
 590.000000  0.007666
 591.000000  0.009765
 592.000000  0.007324
 593.000000  0.007129
 594.000000  0.007349
 595.000000  0.009814
 596.000000  0.007373
 597.000000  0.009570
 598.000000  0.007324
 599.000000  0.009765
 600.000000  0.007373
 601.000000  0.009692
 602.000000  0.007324
 603.000000  0.009692
 604.000000  0.008520
 605.000000  0.009765
 606.000000  0.007349
 607.000000  0.009545
 608.000000  0.007349
 609.000000  0.009912
 610.000000  0.007617
 611.000000  0.009545
 612.000000  0.009790
 613.000000  0.009814
 614.000000  0.011816
 615.000000  0.009765
 616.000000  0.007300
 617.000000  0.007300
 618.000000  0.008325
 619.000000  0.010156
 620.000000  0.007324
 621.000000  0.009545
 622.000000  0.007471
 623.000000  0.010620
 624.000000  0.011914
 625.000000  0.009594
 626.000000  0.007349
 627.000000  0.009814
 628.000000  0.009766
 629.000000  0.009887
 630.000000  0.007300
 631.000000  0.009692
 632.000000  0.008105
 633.000000  0.012158
 634.000000  0.007617
 635.000000  0.009643
 636.000000  0.007373
 637.000000  0.007983
 638.000000  0.009863
 639.000000  0.009716
 640.000000  0.007373
 641.000000  0.009716
 642.000000  0.009741
 643.000000  0.009766
 644.000000  0.009838
 645.000000  0.009594
 646.000000  0.010083
 647.000000  0.012231
 648.000000  0.009790
 649.000000  0.007275
 650.000000  0.007349
 651.000000  0.007495
 652.000000  0.012183
 653.000000  0.009351
 654.000000  0.007373
 655.000000  0.009643
 656.000000  0.009644
 657.000000  0.014404
 658.000000  0.009375
 659.000000  0.007227
 660.000000  0.007544
 661.000000  0.012036
 662.000000  0.012207
 663.000000  0.010107
 664.000000  0.009814
 665.000000  0.009765
 666.000000  0.013891
 667.000000  0.014379
 668.000000  0.008154
 669.000000  0.007178
 670.000000  0.008276
 671.000000  0.012256
 672.000000  0.012109
 673.000000  0.009790
 674.000000  0.009912
 675.000000  0.010229
 676.000000  0.014551
 677.000000  0.012377
 678.000000  0.007519
 679.000000  0.009741
 680.000000  0.009692
 681.000000  0.013696
 682.000000  0.009839
 683.000000  0.009716
 684.000000  0.007593
 685.000000  0.012182
 686.000000  0.014770
 687.000000  0.009546
 688.000000  0.010009
 689.000000  0.007349
 690.000000  0.014379
 691.000000  0.016723
 692.000000  0.009717
 693.000000  0.009741
 694.000000  0.009058
 695.000000  0.013452
 696.000000  0.015210
 697.000000  0.010546
 698.000000  0.007861
 699.000000  0.009961
 700.000000  0.012061
 701.000000  0.011328
 702.000000  0.009180
 703.000000  0.007349
 704.000000  0.012182
 705.000000  0.013794
 706.000000  0.010254
 707.000000  0.007471
 708.000000  0.007886
 709.000000  0.011303
 710.000000  0.012207
 711.000000  0.012182
 712.000000  0.008227
 713.000000  0.009765
 714.000000  0.009766
 715.000000  0.014038
 716.000000  0.009766
 717.000000  0.009765
 718.000000  0.007715
 719.000000  0.011840
 720.000000  0.012158
 721.000000  0.010571
 722.000000  0.007544
 723.000000  0.009765
 724.000000  0.009766
 725.000000  0.012207
 726.000000  0.008691
 727.000000  0.009765
 728.000000  0.007519
 729.000000  0.009619
 730.000000  0.009814
 731.000000  0.009765
 732.000000  0.007373
 733.000000  0.009765
 734.000000  0.012207
 735.000000  0.012109
 736.000000  0.007373
 737.000000  0.009741
 738.000000  0.007471
 739.000000  0.012182
 740.000000  0.009741
 741.000000  0.009765
 742.000000  0.007349
 743.000000  0.007324
 744.000000  0.009766
 745.000000  0.010131
 746.000000  0.007324
 747.000000  0.007275
 748.000000  0.007495
 749.000000  0.011059
 750.000000  0.007666
 751.000000  0.009765
 752.000000  0.009765
 753.000000  0.009765
 754.000000  0.009692
 755.000000  0.009765
 756.000000  0.007324
 757.000000  0.009692
 758.000000  0.007519
 759.000000  0.008008
 760.000000  0.007446
 761.000000  0.009668
 762.000000  0.007300
 763.000000  0.009741
 764.000000  0.009204
 765.000000  0.009741
 766.000000  0.007349
 767.000000  0.007300
 768.000000  0.007544
 769.000000  0.010131
 770.000000  0.007373
 771.000000  0.009497
 772.000000  0.007324
 773.000000  0.009790
 774.000000  0.011010
 775.000000  0.009594
 776.000000  0.009765
 777.000000  0.009350
 778.000000  0.007593
 779.000000  0.007397
 780.000000  0.007324
 781.000000  0.006787
 782.000000  0.009741
 783.000000  0.009692
 784.000000  0.007764
 785.000000  0.009497
 786.000000  0.007275
 787.000000  0.009423
 788.000000  0.009838
 789.000000  0.009741
 790.000000  0.007373
 791.000000  0.009082
 792.000000  0.007251
 793.000000  0.009790
 794.000000  0.007642
 795.000000  0.009448
 796.000000  0.007251
 797.000000  0.009375
 798.000000  0.007349
 799.000000  0.009741
 800.000000  0.007300
 801.000000  0.009033
 802.000000  0.009765
 803.000000  0.009692
 804.000000  0.007397
 805.000000  0.009301
 806.000000  0.007324
 807.000000  0.009326
 808.000000  0.009887
 809.000000  0.007275
 810.000000  0.007300
 811.000000  0.006738
 812.000000  0.007324
 813.000000  0.007202
 814.000000  0.007349
 815.000000  0.009179
 816.000000  0.007324
 817.000000  0.009057
 818.000000  0.007397
 819.000000  0.009619
 820.000000  0.007324
 821.000000  0.009008
 822.000000  0.007227
 823.000000  0.009594
 824.000000  0.009765
 825.000000  0.008960
 826.000000  0.007227
 827.000000  0.008960
 828.000000  0.007349
 829.000000  0.009472
 830.000000  0.007251
 831.000000  0.008935
 832.000000  0.007300
 833.000000  0.009545
 834.000000  0.007300
 835.000000  0.008960
 836.000000  0.009692
 837.000000  0.008911
 838.000000  0.007349
 839.000000  0.009326
 840.000000  0.007300
 841.000000  0.008471
 842.000000  0.009765
 843.000000  0.009277
 844.000000  0.007324
 845.000000  0.006689
 846.000000  0.009716
 847.000000  0.009106
 848.000000  0.007275
 849.000000  0.009277
 850.000000  0.007300
 851.000000  0.008862
 852.000000  0.007227
 853.000000  0.006763
 854.000000  0.009790
 855.000000  0.008740
 856.000000  0.007275
 857.000000  0.006470
 858.000000  0.007300
 859.000000  0.006567
 860.000000  0.009741
 861.000000  0.008447
 862.000000  0.007324
 863.000000  0.006665
 864.000000  0.007324
 865.000000  0.008886
 866.000000  0.009692
 867.000000  0.006396
 868.000000  0.007324
 869.000000  0.009228
 870.000000  0.007324
 871.000000  0.008618
 872.000000  0.007324
 873.000000  0.009057
 874.000000  0.007324
 875.000000  0.009008
 876.000000  0.007251
 877.000000  0.006274
 878.000000  0.007324
 879.000000  0.006689
 880.000000  0.007324
 881.000000  0.008862
 882.000000  0.007300
 883.000000  0.008764
 884.000000  0.007324
 885.000000  0.008935
 886.000000  0.007300
 887.000000  0.006348
 888.000000  0.007324
 889.000000  0.008813
 890.000000  0.007300
 891.000000  0.008764
 892.000000  0.007275
 893.000000  0.009033
 894.000000  0.007324
 895.000000  0.008911
 896.000000  0.007251
 897.000000  0.008960
 898.000000  0.007275
 899.000000  0.008911
 900.000000  0.007324
 901.000000  0.008789
 902.000000  0.009741
 903.000000  0.008789
 904.000000  0.007300
 905.000000  0.008667
 906.000000  0.009716
 907.000000  0.008544
 908.000000  0.009741
 909.000000  0.008911
 910.000000  0.007324
 911.000000  0.008569
 912.000000  0.007227
 913.000000  0.008398
 914.000000  0.007324
 915.000000  0.008886
 916.000000  0.007275
 917.000000  0.008471
 918.000000  0.009741
 919.000000  0.008691
 920.000000  0.009741
 921.000000  0.008471
 922.000000  0.007275
 923.000000  0.008349
 924.000000  0.007251
 925.000000  0.008813
 926.000000  0.007227
 927.000000  0.008642
 928.000000  0.007202
 929.000000  0.008764
 930.000000  0.007202
 931.000000  0.008715
 932.000000  0.007129
 933.000000  0.008715
 934.000000  0.007324
 935.000000  0.008715
 936.000000  0.007251
 937.000000  0.008667
 938.000000  0.007251
 939.000000  0.008496
 940.000000  0.007202
 941.000000  0.008911
 942.000000  0.007251
 943.000000  0.008569
 944.000000  0.007251
 945.000000  0.006348
 946.000000  0.009716
 947.000000  0.008496
 948.000000  0.007251
 949.000000  0.008740
 950.000000  0.009619
 951.000000  0.008886
 952.000000  0.007178
 953.000000  0.008544
 954.000000  0.007275
 955.000000  0.008764
 956.000000  0.007251
 957.000000  0.008667
 958.000000  0.007227
 959.000000  0.006250
 960.000000  0.007178
 961.000000  0.006299
 962.000000  0.009692
 963.000000  0.006201
 964.000000  0.007227
 965.000000  0.008715
 966.000000  0.007251
 967.000000  0.008618
 968.000000  0.007178
 969.000000  0.008789
 970.000000  0.009668
 971.000000  0.008691
 972.000000  0.007275
 973.000000  0.008422
 974.000000  0.007275
 975.000000  0.008667
 976.000000  0.007202
 977.000000  0.008618
 978.000000  0.007227
 979.000000  0.008471
 980.000000  0.007251
 981.000000  0.008813
 982.000000  0.007251
 983.000000  0.006152
 984.000000  0.007251
 985.000000  0.008715
 986.000000  0.007227
 987.000000  0.008471
 988.000000  0.009668
 989.000000  0.008447
 990.000000  0.007275
 991.000000  0.008349
 992.000000  0.007202
 993.000000  0.008618
 994.000000  0.007178
 995.000000  0.008691
 996.000000  0.007178
 997.000000  0.008764
 998.000000  0.009619
 999.000000  0.008691
 1000.000000  0.009668
 1001.000000  0.008178
 1002.000000  0.007178
 1003.000000  0.008447
 1004.000000  0.007227
 1005.000000  0.008374
 1006.000000  0.007202
 1007.000000  0.008252
 1008.000000  0.007153
 1009.000000  0.008422
 1010.000000  0.007153
 1011.000000  0.008447
 1012.000000  0.007202
 1013.000000  0.008642
 1014.000000  0.007080
 1015.000000  0.008300
 1016.000000  0.007227
 1017.000000  0.008544
 1018.000000  0.007227
 1019.000000  0.008447
 1020.000000  0.007129
 1021.000000  0.008007
 1022.000000  0.007153
 1023.000000  0.008276
