 0.000000  0.007422
 1.000000  0.007300
 2.000000  0.007373
 3.000000  0.007300
 4.000000  0.007397
 5.000000  0.007324
 6.000000  0.007446
 7.000000  0.007324
 8.000000  0.007373
 9.000000  0.007324
 10.000000  0.007373
 11.000000  0.007275
 12.000000  0.007422
 13.000000  0.007227
 14.000000  0.007373
 15.000000  0.007324
 16.000000  0.007544
 17.000000  0.007568
 18.000000  0.008179
 19.000000  0.007275
 20.000000  0.007373
 21.000000  0.007007
 22.000000  0.007251
 23.000000  0.006934
 24.000000  0.008398
 25.000000  0.007153
 26.000000  0.007617
 27.000000  0.009643
 28.000000  0.007642
 29.000000  0.007324
 30.000000  0.007617
 31.000000  0.007275
 32.000000  0.007642
 33.000000  0.007324
 34.000000  0.007495
 35.000000  0.007300
 36.000000  0.007422
 37.000000  0.007178
 38.000000  0.007397
 39.000000  0.009741
 40.000000  0.007422
 41.000000  0.007275
 42.000000  0.007397
 43.000000  0.007178
 44.000000  0.007397
 45.000000  0.007251
 46.000000  0.007471
 47.000000  0.007300
 48.000000  0.007495
 49.000000  0.007300
 50.000000  0.007397
 51.000000  0.007324
 52.000000  0.007446
 53.000000  0.007300
 54.000000  0.007324
 55.000000  0.007300
 56.000000  0.007397
 57.000000  0.007324
 58.000000  0.007446
 59.000000  0.009765
 60.000000  0.007349
 61.000000  0.009643
 62.000000  0.007349
 63.000000  0.007300
 64.000000  0.007324
 65.000000  0.007324
 66.000000  0.007324
 67.000000  0.009741
 68.000000  0.007324
 69.000000  0.007324
 70.000000  0.007373
 71.000000  0.007324
 72.000000  0.007397
 73.000000  0.007275
 74.000000  0.007422
 75.000000  0.007324
 76.000000  0.007397
 77.000000  0.007324
 78.000000  0.007349
 79.000000  0.007324
 80.000000  0.007324
 81.000000  0.007324
 82.000000  0.007349
 83.000000  0.007324
 84.000000  0.007324
 85.000000  0.007300
 86.000000  0.007324
 87.000000  0.007324
 88.000000  0.007349
 89.000000  0.007324
 90.000000  0.007373
 91.000000  0.007300
 92.000000  0.007349
 93.000000  0.007300
 94.000000  0.007324
 95.000000  0.007300
 96.000000  0.007373
 97.000000  0.007324
 98.000000  0.007397
 99.000000  0.007324
 100.000000  0.007324
 101.000000  0.009765
 102.000000  0.007324
 103.000000  0.009765
 104.000000  0.007324
 105.000000  0.007324
 106.000000  0.007324
 107.000000  0.007324
 108.000000  0.007349
 109.000000  0.009765
 110.000000  0.007324
 111.000000  0.007300
 112.000000  0.007324
 113.000000  0.007275
 114.000000  0.007324
 115.000000  0.007324
 116.000000  0.007349
 117.000000  0.007324
 118.000000  0.007349
 119.000000  0.007300
 120.000000  0.007349
 121.000000  0.007300
 122.000000  0.007324
 123.000000  0.007300
 124.000000  0.007324
 125.000000  0.007275
 126.000000  0.007324
 127.000000  0.009765
 128.000000  0.007324
 129.000000  0.007300
 130.000000  0.007324
 131.000000  0.009765
 132.000000  0.007324
 133.000000  0.007324
 134.000000  0.007324
 135.000000  0.009765
 136.000000  0.007324
 137.000000  0.007324
 138.000000  0.007373
 139.000000  0.007324
 140.000000  0.007373
 141.000000  0.007324
 142.000000  0.007349
 143.000000  0.007324
 144.000000  0.007373
 145.000000  0.009741
 146.000000  0.007349
 147.000000  0.007324
 148.000000  0.007349
 149.000000  0.009765
 150.000000  0.007324
 151.000000  0.007300
 152.000000  0.007324
 153.000000  0.007300
 154.000000  0.007324
 155.000000  0.007275
 156.000000  0.007349
 157.000000  0.009741
 158.000000  0.007349
 159.000000  0.007275
 160.000000  0.007373
 161.000000  0.007275
 162.000000  0.007324
 163.000000  0.007202
 164.000000  0.007324
 165.000000  0.007300
 166.000000  0.007324
 167.000000  0.007324
 168.000000  0.007349
 169.000000  0.009692
 170.000000  0.007349
 171.000000  0.007275
 172.000000  0.007373
 173.000000  0.007275
 174.000000  0.006714
 175.000000  0.007153
 176.000000  0.007495
 177.000000  0.007178
 178.000000  0.008203
 179.000000  0.009838
 180.000000  0.007544
 181.000000  0.006299
 182.000000  0.007690
 183.000000  0.007227
 184.000000  0.007446
 185.000000  0.007007
 186.000000  0.007349
 187.000000  0.007275
 188.000000  0.007373
 189.000000  0.007227
 190.000000  0.007373
 191.000000  0.007178
 192.000000  0.007422
 193.000000  0.007251
 194.000000  0.007397
 195.000000  0.007275
 196.000000  0.009765
 197.000000  0.007275
 198.000000  0.007324
 199.000000  0.009668
 200.000000  0.007397
 201.000000  0.009521
 202.000000  0.007422
 203.000000  0.007227
 204.000000  0.007422
 205.000000  0.007153
 206.000000  0.007324
 207.000000  0.007129
 208.000000  0.007324
 209.000000  0.009668
 210.000000  0.007397
 211.000000  0.007324
 212.000000  0.007349
 213.000000  0.009716
 214.000000  0.007397
 215.000000  0.007300
 216.000000  0.007373
 217.000000  0.007275
 218.000000  0.007324
 219.000000  0.009741
 220.000000  0.007324
 221.000000  0.007300
 222.000000  0.007349
 223.000000  0.007275
 224.000000  0.007324
 225.000000  0.007227
 226.000000  0.007324
 227.000000  0.009741
 228.000000  0.007324
 229.000000  0.009765
 230.000000  0.007324
 231.000000  0.007275
 232.000000  0.007324
 233.000000  0.009765
 234.000000  0.007324
 235.000000  0.007300
 236.000000  0.007324
 237.000000  0.007300
 238.000000  0.007324
 239.000000  0.009716
 240.000000  0.007324
 241.000000  0.007300
 242.000000  0.007324
 243.000000  0.009741
 244.000000  0.007324
 245.000000  0.007300
 246.000000  0.007324
 247.000000  0.007300
 248.000000  0.007349
 249.000000  0.007227
 250.000000  0.007324
 251.000000  0.007300
 252.000000  0.007324
 253.000000  0.007275
 254.000000  0.007324
 255.000000  0.009765
 256.000000  0.007324
 257.000000  0.007300
 258.000000  0.007324
 259.000000  0.007324
 260.000000  0.007324
 261.000000  0.007251
 262.000000  0.007324
 263.000000  0.009716
 264.000000  0.007324
 265.000000  0.009741
 266.000000  0.007349
 267.000000  0.009741
 268.000000  0.007324
 269.000000  0.009765
 270.000000  0.007324
 271.000000  0.007251
 272.000000  0.007324
 273.000000  0.007324
 274.000000  0.007349
 275.000000  0.009692
 276.000000  0.007324
 277.000000  0.009716
 278.000000  0.007349
 279.000000  0.007300
 280.000000  0.007324
 281.000000  0.009643
 282.000000  0.007349
 283.000000  0.009716
 284.000000  0.007324
 285.000000  0.007324
 286.000000  0.007324
 287.000000  0.007324
 288.000000  0.007324
 289.000000  0.009741
 290.000000  0.007349
 291.000000  0.007227
 292.000000  0.007349
 293.000000  0.007251
 294.000000  0.007324
 295.000000  0.009716
 296.000000  0.007324
 297.000000  0.009692
 298.000000  0.007324
 299.000000  0.009692
 300.000000  0.007349
 301.000000  0.007227
 302.000000  0.007349
 303.000000  0.009716
 304.000000  0.007373
 305.000000  0.007300
 306.000000  0.007349
 307.000000  0.009643
 308.000000  0.007349
 309.000000  0.009716
 310.000000  0.007373
 311.000000  0.007275
 312.000000  0.007397
 313.000000  0.007251
 314.000000  0.007422
 315.000000  0.009716
 316.000000  0.007324
 317.000000  0.007227
 318.000000  0.007349
 319.000000  0.007251
 320.000000  0.007349
 321.000000  0.009716
 322.000000  0.007373
 323.000000  0.009668
 324.000000  0.007349
 325.000000  0.007251
 326.000000  0.007349
 327.000000  0.007251
 328.000000  0.007373
 329.000000  0.009741
 330.000000  0.008618
 331.000000  0.009497
 332.000000  0.007349
 333.000000  0.009619
 334.000000  0.007324
 335.000000  0.008496
 336.000000  0.007422
 337.000000  0.007129
 338.000000  0.007642
 339.000000  0.006982
 340.000000  0.007349
 341.000000  0.009765
 342.000000  0.009985
 343.000000  0.009643
 344.000000  0.007373
 345.000000  0.009716
 346.000000  0.007422
 347.000000  0.007178
 348.000000  0.007373
 349.000000  0.009643
 350.000000  0.007373
 351.000000  0.009692
 352.000000  0.007349
 353.000000  0.009643
 354.000000  0.007397
 355.000000  0.007251
 356.000000  0.007422
 357.000000  0.007251
 358.000000  0.007422
 359.000000  0.009716
 360.000000  0.007422
 361.000000  0.007275
 362.000000  0.007397
 363.000000  0.009765
 364.000000  0.007373
 365.000000  0.007227
 366.000000  0.007446
 367.000000  0.007324
 368.000000  0.007373
 369.000000  0.007300
 370.000000  0.007373
 371.000000  0.009765
 372.000000  0.007349
 373.000000  0.009765
 374.000000  0.007422
 375.000000  0.009765
 376.000000  0.007349
 377.000000  0.007324
 378.000000  0.007519
 379.000000  0.007300
 380.000000  0.007373
 381.000000  0.009668
 382.000000  0.007446
 383.000000  0.007275
 384.000000  0.007349
 385.000000  0.007300
 386.000000  0.007422
 387.000000  0.009741
 388.000000  0.007373
 389.000000  0.009741
 390.000000  0.007373
 391.000000  0.009765
 392.000000  0.007373
 393.000000  0.007300
 394.000000  0.007373
 395.000000  0.007324
 396.000000  0.007349
 397.000000  0.007300
 398.000000  0.007324
 399.000000  0.007275
 400.000000  0.007349
 401.000000  0.009765
 402.000000  0.007324
 403.000000  0.007324
 404.000000  0.007324
 405.000000  0.007324
 406.000000  0.007324
 407.000000  0.007324
 408.000000  0.007324
 409.000000  0.009765
 410.000000  0.007373
 411.000000  0.009765
 412.000000  0.007349
 413.000000  0.007324
 414.000000  0.007373
 415.000000  0.009765
 416.000000  0.007373
 417.000000  0.007324
 418.000000  0.007373
 419.000000  0.007324
 420.000000  0.007373
 421.000000  0.007324
 422.000000  0.007324
 423.000000  0.007324
 424.000000  0.007324
 425.000000  0.009741
 426.000000  0.007349
 427.000000  0.009765
 428.000000  0.007349
 429.000000  0.009741
 430.000000  0.007373
 431.000000  0.009741
 432.000000  0.007397
 433.000000  0.007324
 434.000000  0.007349
 435.000000  0.009765
 436.000000  0.007349
 437.000000  0.009765
 438.000000  0.007349
 439.000000  0.009765
 440.000000  0.007397
 441.000000  0.009765
 442.000000  0.007397
 443.000000  0.009765
 444.000000  0.007397
 445.000000  0.009765
 446.000000  0.007422
 447.000000  0.007324
 448.000000  0.007324
 449.000000  0.009765
 450.000000  0.007422
 451.000000  0.009765
 452.000000  0.007446
 453.000000  0.009765
 454.000000  0.007397
 455.000000  0.009765
 456.000000  0.007446
 457.000000  0.009765
 458.000000  0.007349
 459.000000  0.009765
 460.000000  0.007568
 461.000000  0.009765
 462.000000  0.007593
 463.000000  0.009765
 464.000000  0.007471
 465.000000  0.009765
 466.000000  0.007837
 467.000000  0.007324
 468.000000  0.007519
 469.000000  0.007324
 470.000000  0.007495
 471.000000  0.009765
 472.000000  0.007642
 473.000000  0.007324
 474.000000  0.007837
 475.000000  0.009741
 476.000000  0.007666
 477.000000  0.007349
 478.000000  0.007593
 479.000000  0.009765
 480.000000  0.007690
 481.000000  0.009765
 482.000000  0.007666
 483.000000  0.007373
 484.000000  0.007788
 485.000000  0.009765
 486.000000  0.007495
 487.000000  0.007202
 488.000000  0.008423
 489.000000  0.007397
 490.000000  0.008618
 491.000000  0.010742
 492.000000  0.008423
 493.000000  0.009668
 494.000000  0.007935
 495.000000  0.009985
 496.000000  0.008594
 497.000000  0.007373
 498.000000  0.007764
 499.000000  0.009790
 500.000000  0.008081
 501.000000  0.009863
 502.000000  0.007983
 503.000000  0.009765
 504.000000  0.008447
 505.000000  0.009863
 506.000000  0.008227
 507.000000  0.007324
 508.000000  0.008130
 509.000000  0.007397
 510.000000  0.008520
 511.000000  0.009765
 512.000000  0.008643
 513.000000  0.007471
 514.000000  0.008057
 515.000000  0.007495
 516.000000  0.008447
 517.000000  0.007471
 518.000000  0.008423
 519.000000  0.007397
 520.000000  0.008618
 521.000000  0.007422
 522.000000  0.008569
 523.000000  0.009887
 524.000000  0.008740
 525.000000  0.009838
 526.000000  0.008960
 527.000000  0.009887
 528.000000  0.008984
 529.000000  0.009887
 530.000000  0.009106
 531.000000  0.010107
 532.000000  0.008813
 533.000000  0.007519
 534.000000  0.008984
 535.000000  0.007446
 536.000000  0.009302
 537.000000  0.009936
 538.000000  0.008936
 539.000000  0.009863
 540.000000  0.009521
 541.000000  0.007568
 542.000000  0.009351
 543.000000  0.007471
 544.000000  0.009204
 545.000000  0.007959
 546.000000  0.009644
 547.000000  0.009936
 548.000000  0.009448
 549.000000  0.010669
 550.000000  0.009692
 551.000000  0.010595
 552.000000  0.009521
 553.000000  0.008154
 554.000000  0.009741
 555.000000  0.008960
 556.000000  0.009692
 557.000000  0.010424
 558.000000  0.009766
 559.000000  0.011206
 560.000000  0.009766
 561.000000  0.008496
 562.000000  0.009741
 563.000000  0.011645
 564.000000  0.009766
 565.000000  0.011377
 566.000000  0.009766
 567.000000  0.011572
 568.000000  0.009766
 569.000000  0.012133
 570.000000  0.009766
 571.000000  0.011596
 572.000000  0.009766
 573.000000  0.012109
 574.000000  0.009766
 575.000000  0.012060
 576.000000  0.009766
 577.000000  0.012133
 578.000000  0.009766
 579.000000  0.012207
 580.000000  0.009766
 581.000000  0.009741
 582.000000  0.009790
 583.000000  0.012207
 584.000000  0.009790
 585.000000  0.012207
 586.000000  0.009790
 587.000000  0.012231
 588.000000  0.010156
 589.000000  0.009766
 590.000000  0.009912
 591.000000  0.012207
 592.000000  0.011011
 593.000000  0.009961
 594.000000  0.010327
 595.000000  0.012207
 596.000000  0.011279
 597.000000  0.012744
 598.000000  0.010815
 599.000000  0.012207
 600.000000  0.010132
 601.000000  0.012280
 602.000000  0.012012
 603.000000  0.013183
 604.000000  0.011816
 605.000000  0.013305
 606.000000  0.012207
 607.000000  0.014648
 608.000000  0.012207
 609.000000  0.013842
 610.000000  0.012207
 611.000000  0.014648
 612.000000  0.014843
 613.000000  0.014550
 614.000000  0.014672
 615.000000  0.014672
 616.000000  0.013452
 617.000000  0.012280
 618.000000  0.012280
 619.000000  0.014648
 620.000000  0.013550
 621.000000  0.014770
 622.000000  0.012695
 623.000000  0.014599
 624.000000  0.015893
 625.000000  0.016015
 626.000000  0.014648
 627.000000  0.015258
 628.000000  0.013892
 629.000000  0.015893
 630.000000  0.014673
 631.000000  0.017065
 632.000000  0.014624
 633.000000  0.016577
 634.000000  0.014673
 635.000000  0.017480
 636.000000  0.016016
 637.000000  0.014453
 638.000000  0.014868
 639.000000  0.017089
 640.000000  0.017114
 641.000000  0.017309
 642.000000  0.015308
 643.000000  0.015601
 644.000000  0.019433
 645.000000  0.019653
 646.000000  0.019238
 647.000000  0.017456
 648.000000  0.016553
 649.000000  0.017603
 650.000000  0.020190
 651.000000  0.016943
 652.000000  0.017163
 653.000000  0.017383
 654.000000  0.019702
 655.000000  0.023291
 656.000000  0.019189
 657.000000  0.019921
 658.000000  0.019702
 659.000000  0.021826
 660.000000  0.022046
 661.000000  0.021826
 662.000000  0.019727
 663.000000  0.024292
 664.000000  0.028369
 665.000000  0.026123
 666.000000  0.024316
 667.000000  0.023999
 668.000000  0.024390
 669.000000  0.029297
 670.000000  0.026538
 671.000000  0.023071
 672.000000  0.024853
 673.000000  0.030029
 674.000000  0.039013
 675.000000  0.030468
 676.000000  0.027148
 677.000000  0.030542
 678.000000  0.034424
 679.000000  0.046728
 680.000000  0.033301
 681.000000  0.031714
 682.000000  0.034473
 683.000000  0.048828
 684.000000  0.057178
 685.000000  0.045947
 686.000000  0.046777
 687.000000  0.060693
 688.000000  0.133374
 689.000000  0.136157
 690.000000  0.087231
 691.000000  0.102881
 692.000000  0.224219
 693.000000  0.984912
 694.000000  0.737744
 695.000000  0.182202
 696.000000  0.166528
 697.000000  0.350732
 698.000000  1.335156
 699.000000  0.633716
 700.000000  0.212158
 701.000000  0.194653
 702.000000  0.442236
 703.000000  1.266089
 704.000000  0.429346
 705.000000  0.172900
 706.000000  0.138452
 707.000000  0.161670
 708.000000  0.288965
 709.000000  0.108471
 710.000000  0.063501
 711.000000  0.057788
 712.000000  0.060254
 713.000000  0.067749
 714.000000  0.046240
 715.000000  0.041015
 716.000000  0.036621
 717.000000  0.041796
 718.000000  0.044092
 719.000000  0.034228
 720.000000  0.030127
 721.000000  0.031738
 722.000000  0.034131
 723.000000  0.035473
 724.000000  0.026880
 725.000000  0.028295
 726.000000  0.026855
 727.000000  0.030639
 728.000000  0.027075
 729.000000  0.022070
 730.000000  0.022266
 731.000000  0.024707
 732.000000  0.024829
 733.000000  0.024414
 734.000000  0.024365
 735.000000  0.021972
 736.000000  0.021973
 737.000000  0.024487
 738.000000  0.021020
 739.000000  0.021875
 740.000000  0.019507
 741.000000  0.021948
 742.000000  0.021533
 743.000000  0.017676
 744.000000  0.017310
 745.000000  0.019531
 746.000000  0.017383
 747.000000  0.017334
 748.000000  0.017065
 749.000000  0.017456
 750.000000  0.016943
 751.000000  0.018335
 752.000000  0.019531
 753.000000  0.017089
 754.000000  0.014697
 755.000000  0.017089
 756.000000  0.015601
 757.000000  0.017114
 758.000000  0.014648
 759.000000  0.013745
 760.000000  0.014648
 761.000000  0.017089
 762.000000  0.014673
 763.000000  0.015136
 764.000000  0.013721
 765.000000  0.015551
 766.000000  0.014648
 767.000000  0.013916
 768.000000  0.012915
 769.000000  0.014648
 770.000000  0.013525
 771.000000  0.014868
 772.000000  0.013452
 773.000000  0.014624
 774.000000  0.014648
 775.000000  0.014648
 776.000000  0.014794
 777.000000  0.014624
 778.000000  0.012207
 779.000000  0.011645
 780.000000  0.012183
 781.000000  0.012061
 782.000000  0.014624
 783.000000  0.012573
 784.000000  0.011304
 785.000000  0.013525
 786.000000  0.012109
 787.000000  0.012768
 788.000000  0.012793
 789.000000  0.012207
 790.000000  0.011182
 791.000000  0.012500
 792.000000  0.010229
 793.000000  0.012207
 794.000000  0.009839
 795.000000  0.012231
 796.000000  0.010132
 797.000000  0.012158
 798.000000  0.009668
 799.000000  0.011132
 800.000000  0.010400
 801.000000  0.012280
 802.000000  0.012280
 803.000000  0.011914
 804.000000  0.010059
 805.000000  0.012158
 806.000000  0.009863
 807.000000  0.011767
 808.000000  0.012231
 809.000000  0.008984
 810.000000  0.009692
 811.000000  0.008960
 812.000000  0.009619
 813.000000  0.008716
 814.000000  0.009692
 815.000000  0.011938
 816.000000  0.009766
 817.000000  0.010449
 818.000000  0.009619
 819.000000  0.010888
 820.000000  0.009766
 821.000000  0.011181
 822.000000  0.009570
 823.000000  0.010351
 824.000000  0.011914
 825.000000  0.010693
 826.000000  0.009546
 827.000000  0.010400
 828.000000  0.009082
 829.000000  0.010058
 830.000000  0.009375
 831.000000  0.010156
 832.000000  0.008862
 833.000000  0.009961
 834.000000  0.008618
 835.000000  0.010229
 836.000000  0.011840
 837.000000  0.009838
 838.000000  0.008398
 839.000000  0.009765
 840.000000  0.009180
 841.000000  0.009790
 842.000000  0.010864
 843.000000  0.009790
 844.000000  0.008276
 845.000000  0.007373
 846.000000  0.010888
 847.000000  0.009814
 848.000000  0.007764
 849.000000  0.009790
 850.000000  0.008105
 851.000000  0.009765
 852.000000  0.007739
 853.000000  0.007349
 854.000000  0.010498
 855.000000  0.009765
 856.000000  0.007739
 857.000000  0.007324
 858.000000  0.007495
 859.000000  0.007324
 860.000000  0.010302
 861.000000  0.009765
 862.000000  0.007471
 863.000000  0.007324
 864.000000  0.007397
 865.000000  0.009765
 866.000000  0.009961
 867.000000  0.007324
 868.000000  0.007373
 869.000000  0.009765
 870.000000  0.007519
 871.000000  0.009765
 872.000000  0.007495
 873.000000  0.009765
 874.000000  0.007349
 875.000000  0.009765
 876.000000  0.007373
 877.000000  0.007324
 878.000000  0.007349
 879.000000  0.007324
 880.000000  0.007349
 881.000000  0.009765
 882.000000  0.007373
 883.000000  0.009765
 884.000000  0.007324
 885.000000  0.009765
 886.000000  0.007373
 887.000000  0.007300
 888.000000  0.007324
 889.000000  0.009765
 890.000000  0.007397
 891.000000  0.009765
 892.000000  0.007349
 893.000000  0.009765
 894.000000  0.007373
 895.000000  0.009765
 896.000000  0.007349
 897.000000  0.009765
 898.000000  0.007324
 899.000000  0.009765
 900.000000  0.007324
 901.000000  0.009765
 902.000000  0.009790
 903.000000  0.009765
 904.000000  0.007324
 905.000000  0.009765
 906.000000  0.009765
 907.000000  0.009765
 908.000000  0.009765
 909.000000  0.009741
 910.000000  0.007349
 911.000000  0.009716
 912.000000  0.007324
 913.000000  0.009741
 914.000000  0.007324
 915.000000  0.009716
 916.000000  0.007324
 917.000000  0.009741
 918.000000  0.009790
 919.000000  0.009643
 920.000000  0.009765
 921.000000  0.009716
 922.000000  0.007373
 923.000000  0.009594
 924.000000  0.007324
 925.000000  0.009692
 926.000000  0.007324
 927.000000  0.009668
 928.000000  0.007324
 929.000000  0.009643
 930.000000  0.007324
 931.000000  0.009692
 932.000000  0.007349
 933.000000  0.009643
 934.000000  0.007324
 935.000000  0.009668
 936.000000  0.007373
 937.000000  0.009692
 938.000000  0.007397
 939.000000  0.009472
 940.000000  0.007324
 941.000000  0.009570
 942.000000  0.007324
 943.000000  0.009643
 944.000000  0.007324
 945.000000  0.007129
 946.000000  0.009741
 947.000000  0.009594
 948.000000  0.007349
 949.000000  0.009497
 950.000000  0.009741
 951.000000  0.009423
 952.000000  0.007300
 953.000000  0.009619
 954.000000  0.007373
 955.000000  0.009912
 956.000000  0.007397
 957.000000  0.008984
 958.000000  0.007397
 959.000000  0.006030
 960.000000  0.006787
 961.000000  0.006689
 962.000000  0.009838
 963.000000  0.006811
 964.000000  0.007202
 965.000000  0.009350
 966.000000  0.007422
 967.000000  0.009521
 968.000000  0.007300
 969.000000  0.009570
 970.000000  0.009765
 971.000000  0.009497
 972.000000  0.007324
 973.000000  0.009301
 974.000000  0.007324
 975.000000  0.009472
 976.000000  0.007324
 977.000000  0.009423
 978.000000  0.007300
 979.000000  0.009497
 980.000000  0.007324
 981.000000  0.009594
 982.000000  0.007300
 983.000000  0.006836
 984.000000  0.007300
 985.000000  0.009472
 986.000000  0.007300
 987.000000  0.009350
 988.000000  0.009741
 989.000000  0.009252
 990.000000  0.007324
 991.000000  0.009301
 992.000000  0.007324
 993.000000  0.009375
 994.000000  0.007324
 995.000000  0.009375
 996.000000  0.007324
 997.000000  0.009326
 998.000000  0.009716
 999.000000  0.009326
 1000.000000  0.009765
 1001.000000  0.009155
 1002.000000  0.007324
 1003.000000  0.009155
 1004.000000  0.007324
 1005.000000  0.009448
 1006.000000  0.007324
 1007.000000  0.009277
 1008.000000  0.007324
 1009.000000  0.009130
 1010.000000  0.007275
 1011.000000  0.009252
 1012.000000  0.007324
 1013.000000  0.009350
 1014.000000  0.007300
 1015.000000  0.009448
 1016.000000  0.007324
 1017.000000  0.009228
 1018.000000  0.007324
 1019.000000  0.009155
 1020.000000  0.007324
 1021.000000  0.008862
 1022.000000  0.007324
 1023.000000  0.009130
