 0.000000  0.007376
 1.000000  0.007350
 2.000000  0.007324
 3.000000  0.007324
 4.000000  0.007324
 5.000000  0.007324
 6.000000  0.007324
 7.000000  0.007298
 8.000000  0.007376
 9.000000  0.007324
 10.000000  0.007324
 11.000000  0.007324
 12.000000  0.007376
 13.000000  0.007324
 14.000000  0.007350
 15.000000  0.007324
 16.000000  0.007324
 17.000000  0.007324
 18.000000  0.007401
 19.000000  0.007324
 20.000000  0.007324
 21.000000  0.007298
 22.000000  0.007350
 23.000000  0.007324
 24.000000  0.007376
 25.000000  0.007324
 26.000000  0.007478
 27.000000  0.009765
 28.000000  0.007350
 29.000000  0.007324
 30.000000  0.007376
 31.000000  0.007324
 32.000000  0.007401
 33.000000  0.007324
 34.000000  0.007453
 35.000000  0.007324
 36.000000  0.007401
 37.000000  0.007324
 38.000000  0.007401
 39.000000  0.009791
 40.000000  0.007453
 41.000000  0.007324
 42.000000  0.007376
 43.000000  0.007298
 44.000000  0.007401
 45.000000  0.007273
 46.000000  0.007530
 47.000000  0.007324
 48.000000  0.007453
 49.000000  0.007376
 50.000000  0.007478
 51.000000  0.007273
 52.000000  0.007401
 53.000000  0.007298
 54.000000  0.007504
 55.000000  0.007196
 56.000000  0.007504
 57.000000  0.007298
 58.000000  0.007581
 59.000000  0.009739
 60.000000  0.007401
 61.000000  0.009688
 62.000000  0.007453
 63.000000  0.007298
 64.000000  0.007453
 65.000000  0.007196
 66.000000  0.007555
 67.000000  0.009662
 68.000000  0.007478
 69.000000  0.007273
 70.000000  0.007453
 71.000000  0.007247
 72.000000  0.007427
 73.000000  0.007273
 74.000000  0.007504
 75.000000  0.007144
 76.000000  0.007555
 77.000000  0.007273
 78.000000  0.007478
 79.000000  0.007298
 80.000000  0.007478
 81.000000  0.007247
 82.000000  0.007478
 83.000000  0.007247
 84.000000  0.007376
 85.000000  0.007324
 86.000000  0.007478
 87.000000  0.007273
 88.000000  0.007478
 89.000000  0.007247
 90.000000  0.007478
 91.000000  0.007247
 92.000000  0.007478
 93.000000  0.007221
 94.000000  0.007530
 95.000000  0.007221
 96.000000  0.007555
 97.000000  0.007170
 98.000000  0.007453
 99.000000  0.007273
 100.000000  0.007427
 101.000000  0.009739
 102.000000  0.007530
 103.000000  0.009765
 104.000000  0.007376
 105.000000  0.007273
 106.000000  0.007478
 107.000000  0.007324
 108.000000  0.007453
 109.000000  0.009765
 110.000000  0.007350
 111.000000  0.007298
 112.000000  0.007376
 113.000000  0.007298
 114.000000  0.007350
 115.000000  0.007298
 116.000000  0.007350
 117.000000  0.007298
 118.000000  0.007376
 119.000000  0.007298
 120.000000  0.007427
 121.000000  0.007324
 122.000000  0.007376
 123.000000  0.007324
 124.000000  0.007376
 125.000000  0.007298
 126.000000  0.007401
 127.000000  0.009739
 128.000000  0.007376
 129.000000  0.007324
 130.000000  0.007350
 131.000000  0.009739
 132.000000  0.007324
 133.000000  0.007324
 134.000000  0.007350
 135.000000  0.009765
 136.000000  0.007350
 137.000000  0.007247
 138.000000  0.007427
 139.000000  0.007298
 140.000000  0.007324
 141.000000  0.007298
 142.000000  0.007324
 143.000000  0.007324
 144.000000  0.007350
 145.000000  0.009765
 146.000000  0.007324
 147.000000  0.007324
 148.000000  0.007350
 149.000000  0.009765
 150.000000  0.007324
 151.000000  0.007324
 152.000000  0.007324
 153.000000  0.007324
 154.000000  0.007324
 155.000000  0.007324
 156.000000  0.007324
 157.000000  0.009765
 158.000000  0.007350
 159.000000  0.007324
 160.000000  0.007350
 161.000000  0.007298
 162.000000  0.007324
 163.000000  0.007273
 164.000000  0.007324
 165.000000  0.007324
 166.000000  0.007324
 167.000000  0.007324
 168.000000  0.007324
 169.000000  0.009714
 170.000000  0.007376
 171.000000  0.007324
 172.000000  0.007350
 173.000000  0.007298
 174.000000  0.007324
 175.000000  0.007324
 176.000000  0.007324
 177.000000  0.007324
 178.000000  0.007324
 179.000000  0.009739
 180.000000  0.007324
 181.000000  0.007298
 182.000000  0.007324
 183.000000  0.007324
 184.000000  0.007324
 185.000000  0.007324
 186.000000  0.007350
 187.000000  0.007298
 188.000000  0.007324
 189.000000  0.007324
 190.000000  0.007324
 191.000000  0.007273
 192.000000  0.007324
 193.000000  0.007298
 194.000000  0.007324
 195.000000  0.007324
 196.000000  0.009817
 197.000000  0.007273
 198.000000  0.007324
 199.000000  0.009688
 200.000000  0.007401
 201.000000  0.009739
 202.000000  0.007427
 203.000000  0.007196
 204.000000  0.007376
 205.000000  0.007273
 206.000000  0.007401
 207.000000  0.007221
 208.000000  0.007376
 209.000000  0.009534
 210.000000  0.007478
 211.000000  0.007221
 212.000000  0.007324
 213.000000  0.009637
 214.000000  0.007376
 215.000000  0.007221
 216.000000  0.007376
 217.000000  0.007196
 218.000000  0.007401
 219.000000  0.009714
 220.000000  0.007401
 221.000000  0.007196
 222.000000  0.007350
 223.000000  0.007221
 224.000000  0.007376
 225.000000  0.007170
 226.000000  0.007478
 227.000000  0.009560
 228.000000  0.007427
 229.000000  0.009662
 230.000000  0.007453
 231.000000  0.007196
 232.000000  0.007427
 233.000000  0.009662
 234.000000  0.007401
 235.000000  0.007144
 236.000000  0.007376
 237.000000  0.007144
 238.000000  0.007350
 239.000000  0.009637
 240.000000  0.007453
 241.000000  0.007196
 242.000000  0.007401
 243.000000  0.009637
 244.000000  0.007401
 245.000000  0.007298
 246.000000  0.007376
 247.000000  0.007273
 248.000000  0.007478
 249.000000  0.007170
 250.000000  0.007427
 251.000000  0.007144
 252.000000  0.007453
 253.000000  0.007298
 254.000000  0.007401
 255.000000  0.009714
 256.000000  0.007427
 257.000000  0.007247
 258.000000  0.007350
 259.000000  0.007298
 260.000000  0.007401
 261.000000  0.007273
 262.000000  0.007350
 263.000000  0.009739
 264.000000  0.007453
 265.000000  0.009739
 266.000000  0.007324
 267.000000  0.009714
 268.000000  0.007376
 269.000000  0.009765
 270.000000  0.007350
 271.000000  0.007247
 272.000000  0.007324
 273.000000  0.007273
 274.000000  0.007350
 275.000000  0.009765
 276.000000  0.007324
 277.000000  0.009765
 278.000000  0.007324
 279.000000  0.007324
 280.000000  0.007350
 281.000000  0.009765
 282.000000  0.007324
 283.000000  0.009688
 284.000000  0.007324
 285.000000  0.007298
 286.000000  0.007376
 287.000000  0.007298
 288.000000  0.007350
 289.000000  0.009765
 290.000000  0.007324
 291.000000  0.007273
 292.000000  0.007324
 293.000000  0.007324
 294.000000  0.007324
 295.000000  0.009714
 296.000000  0.007350
 297.000000  0.009765
 298.000000  0.007324
 299.000000  0.009765
 300.000000  0.007324
 301.000000  0.007273
 302.000000  0.007324
 303.000000  0.009739
 304.000000  0.007350
 305.000000  0.007273
 306.000000  0.007324
 307.000000  0.009765
 308.000000  0.007324
 309.000000  0.009714
 310.000000  0.007324
 311.000000  0.007324
 312.000000  0.007324
 313.000000  0.007324
 314.000000  0.007324
 315.000000  0.009765
 316.000000  0.007350
 317.000000  0.007324
 318.000000  0.007324
 319.000000  0.007324
 320.000000  0.007324
 321.000000  0.009739
 322.000000  0.007324
 323.000000  0.009739
 324.000000  0.007324
 325.000000  0.007273
 326.000000  0.007324
 327.000000  0.007247
 328.000000  0.007324
 329.000000  0.009739
 330.000000  0.007324
 331.000000  0.009739
 332.000000  0.007350
 333.000000  0.009739
 334.000000  0.007324
 335.000000  0.009765
 336.000000  0.007376
 337.000000  0.007273
 338.000000  0.007324
 339.000000  0.007324
 340.000000  0.007324
 341.000000  0.009765
 342.000000  0.009765
 343.000000  0.009765
 344.000000  0.007350
 345.000000  0.009739
 346.000000  0.007376
 347.000000  0.007273
 348.000000  0.007324
 349.000000  0.009765
 350.000000  0.007324
 351.000000  0.009739
 352.000000  0.007376
 353.000000  0.009714
 354.000000  0.007401
 355.000000  0.007273
 356.000000  0.007350
 357.000000  0.007221
 358.000000  0.007401
 359.000000  0.009688
 360.000000  0.007478
 361.000000  0.007196
 362.000000  0.007401
 363.000000  0.009688
 364.000000  0.007376
 365.000000  0.007273
 366.000000  0.007453
 367.000000  0.007196
 368.000000  0.007401
 369.000000  0.007221
 370.000000  0.007350
 371.000000  0.009714
 372.000000  0.007376
 373.000000  0.009662
 374.000000  0.007453
 375.000000  0.009662
 376.000000  0.007427
 377.000000  0.007273
 378.000000  0.007478
 379.000000  0.007170
 380.000000  0.007401
 381.000000  0.009714
 382.000000  0.007350
 383.000000  0.007273
 384.000000  0.007453
 385.000000  0.007221
 386.000000  0.007401
 387.000000  0.009662
 388.000000  0.007427
 389.000000  0.009585
 390.000000  0.007581
 391.000000  0.009714
 392.000000  0.007427
 393.000000  0.007247
 394.000000  0.007427
 395.000000  0.007273
 396.000000  0.007453
 397.000000  0.007273
 398.000000  0.007401
 399.000000  0.007247
 400.000000  0.007504
 401.000000  0.009662
 402.000000  0.007427
 403.000000  0.007273
 404.000000  0.007427
 405.000000  0.007273
 406.000000  0.007401
 407.000000  0.007221
 408.000000  0.007504
 409.000000  0.009714
 410.000000  0.007530
 411.000000  0.009688
 412.000000  0.007401
 413.000000  0.007298
 414.000000  0.007633
 415.000000  0.009688
 416.000000  0.007350
 417.000000  0.007324
 418.000000  0.007401
 419.000000  0.007298
 420.000000  0.007376
 421.000000  0.007324
 422.000000  0.007401
 423.000000  0.007298
 424.000000  0.007401
 425.000000  0.009739
 426.000000  0.007324
 427.000000  0.009688
 428.000000  0.007376
 429.000000  0.009739
 430.000000  0.007530
 431.000000  0.009714
 432.000000  0.007324
 433.000000  0.007324
 434.000000  0.007401
 435.000000  0.009765
 436.000000  0.007324
 437.000000  0.009765
 438.000000  0.007376
 439.000000  0.009739
 440.000000  0.007376
 441.000000  0.009765
 442.000000  0.007350
 443.000000  0.009765
 444.000000  0.007350
 445.000000  0.009765
 446.000000  0.007376
 447.000000  0.007324
 448.000000  0.007376
 449.000000  0.009765
 450.000000  0.007427
 451.000000  0.009765
 452.000000  0.007350
 453.000000  0.009765
 454.000000  0.007427
 455.000000  0.009765
 456.000000  0.007478
 457.000000  0.009739
 458.000000  0.007478
 459.000000  0.009739
 460.000000  0.007555
 461.000000  0.009765
 462.000000  0.007401
 463.000000  0.009765
 464.000000  0.007478
 465.000000  0.009765
 466.000000  0.007530
 467.000000  0.007324
 468.000000  0.007555
 469.000000  0.007324
 470.000000  0.007427
 471.000000  0.009765
 472.000000  0.007401
 473.000000  0.007324
 474.000000  0.007710
 475.000000  0.009765
 476.000000  0.007530
 477.000000  0.007324
 478.000000  0.007504
 479.000000  0.009765
 480.000000  0.007504
 481.000000  0.009765
 482.000000  0.007478
 483.000000  0.007324
 484.000000  0.007478
 485.000000  0.009765
 486.000000  0.007453
 487.000000  0.007324
 488.000000  0.007607
 489.000000  0.007324
 490.000000  0.007453
 491.000000  0.009765
 492.000000  0.007684
 493.000000  0.009765
 494.000000  0.007761
 495.000000  0.009765
 496.000000  0.007787
 497.000000  0.007324
 498.000000  0.007735
 499.000000  0.009765
 500.000000  0.007633
 501.000000  0.009765
 502.000000  0.007658
 503.000000  0.009765
 504.000000  0.007787
 505.000000  0.009765
 506.000000  0.007710
 507.000000  0.007324
 508.000000  0.007890
 509.000000  0.007324
 510.000000  0.007915
 511.000000  0.009791
 512.000000  0.007992
 513.000000  0.007350
 514.000000  0.007838
 515.000000  0.007350
 516.000000  0.007967
 517.000000  0.007324
 518.000000  0.007967
 519.000000  0.007401
 520.000000  0.008352
 521.000000  0.007401
 522.000000  0.008326
 523.000000  0.009894
 524.000000  0.008404
 525.000000  0.009842
 526.000000  0.008352
 527.000000  0.009817
 528.000000  0.008147
 529.000000  0.009842
 530.000000  0.008532
 531.000000  0.009919
 532.000000  0.008352
 533.000000  0.007376
 534.000000  0.008583
 535.000000  0.007581
 536.000000  0.008352
 537.000000  0.009868
 538.000000  0.008583
 539.000000  0.009894
 540.000000  0.009046
 541.000000  0.007555
 542.000000  0.008763
 543.000000  0.007530
 544.000000  0.008583
 545.000000  0.007555
 546.000000  0.009020
 547.000000  0.009868
 548.000000  0.009200
 549.000000  0.010074
 550.000000  0.008840
 551.000000  0.010279
 552.000000  0.008918
 553.000000  0.007838
 554.000000  0.009277
 555.000000  0.007761
 556.000000  0.009149
 557.000000  0.010151
 558.000000  0.009637
 559.000000  0.010510
 560.000000  0.009252
 561.000000  0.007761
 562.000000  0.009534
 563.000000  0.010793
 564.000000  0.009534
 565.000000  0.010588
 566.000000  0.009534
 567.000000  0.011153
 568.000000  0.009714
 569.000000  0.010793
 570.000000  0.009380
 571.000000  0.010408
 572.000000  0.009740
 573.000000  0.011461
 574.000000  0.009637
 575.000000  0.010690
 576.000000  0.009688
 577.000000  0.011513
 578.000000  0.009766
 579.000000  0.010999
 580.000000  0.009740
 581.000000  0.009431
 582.000000  0.009766
 583.000000  0.011975
 584.000000  0.009766
 585.000000  0.011795
 586.000000  0.009766
 587.000000  0.012104
 588.000000  0.009766
 589.000000  0.009431
 590.000000  0.009766
 591.000000  0.012207
 592.000000  0.009766
 593.000000  0.009663
 594.000000  0.009766
 595.000000  0.012181
 596.000000  0.009894
 597.000000  0.012207
 598.000000  0.009766
 599.000000  0.012155
 600.000000  0.009766
 601.000000  0.012207
 602.000000  0.009766
 603.000000  0.012207
 604.000000  0.009945
 605.000000  0.012207
 606.000000  0.011051
 607.000000  0.012232
 608.000000  0.009997
 609.000000  0.012207
 610.000000  0.011462
 611.000000  0.012721
 612.000000  0.012746
 613.000000  0.012232
 614.000000  0.013749
 615.000000  0.013800
 616.000000  0.012104
 617.000000  0.009920
 618.000000  0.010665
 619.000000  0.013337
 620.000000  0.012207
 621.000000  0.014160
 622.000000  0.011924
 623.000000  0.013723
 624.000000  0.014699
 625.000000  0.014648
 626.000000  0.012207
 627.000000  0.013594
 628.000000  0.012207
 629.000000  0.014648
 630.000000  0.013698
 631.000000  0.014597
 632.000000  0.012207
 633.000000  0.014648
 634.000000  0.014212
 635.000000  0.015162
 636.000000  0.012233
 637.000000  0.012207
 638.000000  0.014340
 639.000000  0.016935
 640.000000  0.014597
 641.000000  0.014674
 642.000000  0.013852
 643.000000  0.014571
 644.000000  0.017860
 645.000000  0.016498
 646.000000  0.016421
 647.000000  0.016473
 648.000000  0.015265
 649.000000  0.015702
 650.000000  0.014648
 651.000000  0.014340
 652.000000  0.014931
 653.000000  0.016345
 654.000000  0.017244
 655.000000  0.017089
 656.000000  0.015265
 657.000000  0.017706
 658.000000  0.017835
 659.000000  0.017193
 660.000000  0.016730
 661.000000  0.018734
 662.000000  0.017424
 663.000000  0.021972
 664.000000  0.021998
 665.000000  0.019274
 666.000000  0.019736
 667.000000  0.021690
 668.000000  0.022615
 669.000000  0.019531
 670.000000  0.019326
 671.000000  0.018940
 672.000000  0.021921
 673.000000  0.028757
 674.000000  0.023617
 675.000000  0.022024
 676.000000  0.021921
 677.000000  0.026906
 678.000000  0.030710
 679.000000  0.024491
 680.000000  0.021973
 681.000000  0.023540
 682.000000  0.030299
 683.000000  0.035824
 684.000000  0.025545
 685.000000  0.026855
 686.000000  0.029014
 687.000000  0.038446
 688.000000  0.040141
 689.000000  0.029323
 690.000000  0.033331
 691.000000  0.038008
 692.000000  0.060804
 693.000000  0.049624
 694.000000  0.037058
 695.000000  0.042300
 696.000000  0.062628
 697.000000  0.151958
 698.000000  0.077457
 699.000000  0.050190
 700.000000  0.051475
 701.000000  0.078870
 702.000000  0.162032
 703.000000  0.082622
 704.000000  0.064607
 705.000000  0.075143
 706.000000  0.139546
 707.000000  0.241776
 708.000000  0.110300
 709.000000  0.095934
 710.000000  0.119809
 711.000000  0.204358
 712.000000  0.275134
 713.000000  0.230160
 714.000000  0.344778
 715.000000  0.881836
 716.000000  1.472219
 717.000000  1.482242
 718.000000  0.870631
 719.000000  0.353644
 720.000000  0.289474
 721.000000  0.484786
 722.000000  0.429225
 723.000000  0.145508
 724.000000  0.101074
 725.000000  0.090306
 726.000000  0.109683
 727.000000  0.090306
 728.000000  0.057000
 729.000000  0.049985
 730.000000  0.049907
 731.000000  0.063810
 732.000000  0.047543
 733.000000  0.040527
 734.000000  0.039859
 735.000000  0.041452
 736.000000  0.046490
 737.000000  0.037931
 738.000000  0.031713
 739.000000  0.033177
 740.000000  0.034025
 741.000000  0.039062
 742.000000  0.029554
 743.000000  0.026855
 744.000000  0.026907
 745.000000  0.030376
 746.000000  0.030608
 747.000000  0.024337
 748.000000  0.023515
 749.000000  0.024928
 750.000000  0.025005
 751.000000  0.026958
 752.000000  0.024516
 753.000000  0.023052
 754.000000  0.021973
 755.000000  0.024414
 756.000000  0.022923
 757.000000  0.021972
 758.000000  0.019531
 759.000000  0.019531
 760.000000  0.020765
 761.000000  0.022024
 762.000000  0.019223
 763.000000  0.019659
 764.000000  0.018066
 765.000000  0.020739
 766.000000  0.017886
 767.000000  0.015445
 768.000000  0.016602
 769.000000  0.019248
 770.000000  0.017090
 771.000000  0.017706
 772.000000  0.014726
 773.000000  0.017089
 774.000000  0.018220
 775.000000  0.017141
 776.000000  0.017089
 777.000000  0.015419
 778.000000  0.014597
 779.000000  0.014648
 780.000000  0.014700
 781.000000  0.012772
 782.000000  0.015625
 783.000000  0.014648
 784.000000  0.014648
 785.000000  0.016730
 786.000000  0.013543
 787.000000  0.014648
 788.000000  0.014751
 789.000000  0.014699
 790.000000  0.013929
 791.000000  0.014648
 792.000000  0.012207
 793.000000  0.014597
 794.000000  0.013595
 795.000000  0.014648
 796.000000  0.012207
 797.000000  0.012900
 798.000000  0.012053
 799.000000  0.014622
 800.000000  0.012207
 801.000000  0.012721
 802.000000  0.013337
 803.000000  0.012592
 804.000000  0.012104
 805.000000  0.013877
 806.000000  0.011153
 807.000000  0.012207
 808.000000  0.012515
 809.000000  0.010048
 810.000000  0.011590
 811.000000  0.009766
 812.000000  0.009766
 813.000000  0.009740
 814.000000  0.010151
 815.000000  0.012207
 816.000000  0.009766
 817.000000  0.012104
 818.000000  0.009791
 819.000000  0.012207
 820.000000  0.009868
 821.000000  0.012181
 822.000000  0.009766
 823.000000  0.012078
 824.000000  0.012258
 825.000000  0.012129
 826.000000  0.009766
 827.000000  0.011461
 828.000000  0.009740
 829.000000  0.012001
 830.000000  0.009766
 831.000000  0.011127
 832.000000  0.009663
 833.000000  0.011667
 834.000000  0.009714
 835.000000  0.011538
 836.000000  0.012129
 837.000000  0.010793
 838.000000  0.009663
 839.000000  0.011461
 840.000000  0.009663
 841.000000  0.010331
 842.000000  0.011873
 843.000000  0.010613
 844.000000  0.009586
 845.000000  0.008275
 846.000000  0.011616
 847.000000  0.010099
 848.000000  0.008686
 849.000000  0.010305
 850.000000  0.009431
 851.000000  0.010176
 852.000000  0.008506
 853.000000  0.007581
 854.000000  0.011847
 855.000000  0.010099
 856.000000  0.008686
 857.000000  0.007401
 858.000000  0.008738
 859.000000  0.007555
 860.000000  0.011204
 861.000000  0.009791
 862.000000  0.008172
 863.000000  0.007376
 864.000000  0.008275
 865.000000  0.009868
 866.000000  0.010742
 867.000000  0.007350
 868.000000  0.008147
 869.000000  0.009919
 870.000000  0.008455
 871.000000  0.009817
 872.000000  0.007967
 873.000000  0.009817
 874.000000  0.008352
 875.000000  0.009919
 876.000000  0.007890
 877.000000  0.007298
 878.000000  0.007864
 879.000000  0.007376
 880.000000  0.008044
 881.000000  0.009842
 882.000000  0.007761
 883.000000  0.009714
 884.000000  0.007710
 885.000000  0.009817
 886.000000  0.007787
 887.000000  0.007298
 888.000000  0.007530
 889.000000  0.009739
 890.000000  0.007761
 891.000000  0.009765
 892.000000  0.007478
 893.000000  0.009765
 894.000000  0.007581
 895.000000  0.009765
 896.000000  0.007376
 897.000000  0.009765
 898.000000  0.007401
 899.000000  0.009765
 900.000000  0.007401
 901.000000  0.009765
 902.000000  0.009842
 903.000000  0.009765
 904.000000  0.007401
 905.000000  0.009765
 906.000000  0.009791
 907.000000  0.009765
 908.000000  0.009791
 909.000000  0.009765
 910.000000  0.007376
 911.000000  0.009765
 912.000000  0.007324
 913.000000  0.009739
 914.000000  0.007350
 915.000000  0.009765
 916.000000  0.007324
 917.000000  0.009765
 918.000000  0.009791
 919.000000  0.009765
 920.000000  0.009765
 921.000000  0.009714
 922.000000  0.007376
 923.000000  0.009765
 924.000000  0.007324
 925.000000  0.009765
 926.000000  0.007350
 927.000000  0.009765
 928.000000  0.007324
 929.000000  0.009714
 930.000000  0.007350
 931.000000  0.009739
 932.000000  0.007324
 933.000000  0.009765
 934.000000  0.007350
 935.000000  0.009765
 936.000000  0.007350
 937.000000  0.009765
 938.000000  0.007350
 939.000000  0.009688
 940.000000  0.007324
 941.000000  0.009739
 942.000000  0.007324
 943.000000  0.009739
 944.000000  0.007350
 945.000000  0.007273
 946.000000  0.009765
 947.000000  0.009765
 948.000000  0.007324
 949.000000  0.009688
 950.000000  0.009765
 951.000000  0.009739
 952.000000  0.007324
 953.000000  0.009688
 954.000000  0.007324
 955.000000  0.009765
 956.000000  0.007324
 957.000000  0.009714
 958.000000  0.007324
 959.000000  0.007119
 960.000000  0.007324
 961.000000  0.007273
 962.000000  0.009765
 963.000000  0.007221
 964.000000  0.007324
 965.000000  0.009739
 966.000000  0.007324
 967.000000  0.009611
 968.000000  0.007324
 969.000000  0.009585
 970.000000  0.009765
 971.000000  0.009688
 972.000000  0.007324
 973.000000  0.009611
 974.000000  0.007324
 975.000000  0.009662
 976.000000  0.007324
 977.000000  0.009714
 978.000000  0.007350
 979.000000  0.009637
 980.000000  0.007298
 981.000000  0.009637
 982.000000  0.007273
 983.000000  0.007119
 984.000000  0.007324
 985.000000  0.009483
 986.000000  0.007298
 987.000000  0.009431
 988.000000  0.009765
 989.000000  0.009354
 990.000000  0.007350
 991.000000  0.009483
 992.000000  0.007401
 993.000000  0.009405
 994.000000  0.007324
 995.000000  0.009457
 996.000000  0.007196
 997.000000  0.009483
 998.000000  0.009714
 999.000000  0.009457
 1000.000000  0.009817
 1001.000000  0.009148
 1002.000000  0.007350
 1003.000000  0.009226
 1004.000000  0.007273
 1005.000000  0.009200
 1006.000000  0.007273
 1007.000000  0.009148
 1008.000000  0.007273
 1009.000000  0.009174
 1010.000000  0.007324
 1011.000000  0.009354
 1012.000000  0.007221
 1013.000000  0.009174
 1014.000000  0.007298
 1015.000000  0.009354
 1016.000000  0.007298
 1017.000000  0.009251
 1018.000000  0.007273
 1019.000000  0.009200
 1020.000000  0.007324
 1021.000000  0.008969
 1022.000000  0.007247
 1023.000000  0.009097
