 0.000000  0.007373
 1.000000  0.007324
 2.000000  0.007349
 3.000000  0.007324
 4.000000  0.007397
 5.000000  0.007324
 6.000000  0.007397
 7.000000  0.007275
 8.000000  0.007373
 9.000000  0.007324
 10.000000  0.007422
 11.000000  0.007324
 12.000000  0.007397
 13.000000  0.007227
 14.000000  0.007397
 15.000000  0.007300
 16.000000  0.007397
 17.000000  0.007300
 18.000000  0.007422
 19.000000  0.007300
 20.000000  0.007471
 21.000000  0.007446
 22.000000  0.007861
 23.000000  0.007324
 24.000000  0.007544
 25.000000  0.007080
 26.000000  0.007739
 27.000000  0.009545
 28.000000  0.008081
 29.000000  0.006909
 30.000000  0.007422
 31.000000  0.006982
 32.000000  0.007471
 33.000000  0.007104
 34.000000  0.007788
 35.000000  0.007251
 36.000000  0.007568
 37.000000  0.007275
 38.000000  0.007519
 39.000000  0.009741
 40.000000  0.007519
 41.000000  0.007324
 42.000000  0.007397
 43.000000  0.007227
 44.000000  0.007349
 45.000000  0.007300
 46.000000  0.007373
 47.000000  0.007251
 48.000000  0.007397
 49.000000  0.007324
 50.000000  0.007349
 51.000000  0.007324
 52.000000  0.007373
 53.000000  0.007324
 54.000000  0.007422
 55.000000  0.007251
 56.000000  0.007422
 57.000000  0.007275
 58.000000  0.007519
 59.000000  0.009741
 60.000000  0.007349
 61.000000  0.009741
 62.000000  0.007397
 63.000000  0.007275
 64.000000  0.007373
 65.000000  0.007300
 66.000000  0.007373
 67.000000  0.009765
 68.000000  0.007324
 69.000000  0.007275
 70.000000  0.007349
 71.000000  0.007275
 72.000000  0.007349
 73.000000  0.007251
 74.000000  0.007373
 75.000000  0.007275
 76.000000  0.007349
 77.000000  0.007300
 78.000000  0.007373
 79.000000  0.007300
 80.000000  0.007446
 81.000000  0.007300
 82.000000  0.007373
 83.000000  0.007324
 84.000000  0.007324
 85.000000  0.007324
 86.000000  0.007324
 87.000000  0.007300
 88.000000  0.007349
 89.000000  0.007324
 90.000000  0.007324
 91.000000  0.007324
 92.000000  0.007349
 93.000000  0.007275
 94.000000  0.007349
 95.000000  0.007324
 96.000000  0.007349
 97.000000  0.007324
 98.000000  0.007349
 99.000000  0.007324
 100.000000  0.007373
 101.000000  0.009741
 102.000000  0.007324
 103.000000  0.009741
 104.000000  0.007324
 105.000000  0.007275
 106.000000  0.007373
 107.000000  0.007300
 108.000000  0.007422
 109.000000  0.009765
 110.000000  0.007324
 111.000000  0.007324
 112.000000  0.007349
 113.000000  0.007324
 114.000000  0.007397
 115.000000  0.007324
 116.000000  0.007324
 117.000000  0.007300
 118.000000  0.007373
 119.000000  0.007324
 120.000000  0.007373
 121.000000  0.007324
 122.000000  0.007324
 123.000000  0.007300
 124.000000  0.007324
 125.000000  0.007324
 126.000000  0.007324
 127.000000  0.009716
 128.000000  0.007349
 129.000000  0.007324
 130.000000  0.007397
 131.000000  0.009741
 132.000000  0.007324
 133.000000  0.007300
 134.000000  0.007324
 135.000000  0.009765
 136.000000  0.007324
 137.000000  0.007324
 138.000000  0.007324
 139.000000  0.007275
 140.000000  0.007324
 141.000000  0.007300
 142.000000  0.007324
 143.000000  0.007324
 144.000000  0.007324
 145.000000  0.009765
 146.000000  0.007324
 147.000000  0.007324
 148.000000  0.007324
 149.000000  0.009765
 150.000000  0.007349
 151.000000  0.007300
 152.000000  0.007324
 153.000000  0.007324
 154.000000  0.007324
 155.000000  0.007324
 156.000000  0.007324
 157.000000  0.009765
 158.000000  0.007324
 159.000000  0.007324
 160.000000  0.007324
 161.000000  0.007300
 162.000000  0.007349
 163.000000  0.007324
 164.000000  0.007324
 165.000000  0.007275
 166.000000  0.007324
 167.000000  0.007324
 168.000000  0.007373
 169.000000  0.009668
 170.000000  0.007373
 171.000000  0.007251
 172.000000  0.007324
 173.000000  0.007324
 174.000000  0.007324
 175.000000  0.007300
 176.000000  0.007300
 177.000000  0.007153
 178.000000  0.007129
 179.000000  0.009619
 180.000000  0.007300
 181.000000  0.007080
 182.000000  0.007812
 183.000000  0.007031
 184.000000  0.007373
 185.000000  0.007129
 186.000000  0.007788
 187.000000  0.007129
 188.000000  0.007642
 189.000000  0.006982
 190.000000  0.007275
 191.000000  0.006689
 192.000000  0.007397
 193.000000  0.007227
 194.000000  0.007349
 195.000000  0.007178
 196.000000  0.009790
 197.000000  0.007251
 198.000000  0.007446
 199.000000  0.009668
 200.000000  0.007422
 201.000000  0.009716
 202.000000  0.007373
 203.000000  0.007275
 204.000000  0.007446
 205.000000  0.007202
 206.000000  0.007373
 207.000000  0.007251
 208.000000  0.007349
 209.000000  0.009668
 210.000000  0.007397
 211.000000  0.007178
 212.000000  0.007349
 213.000000  0.009668
 214.000000  0.007349
 215.000000  0.007153
 216.000000  0.007349
 217.000000  0.007275
 218.000000  0.007324
 219.000000  0.009741
 220.000000  0.007324
 221.000000  0.007227
 222.000000  0.007349
 223.000000  0.007300
 224.000000  0.007349
 225.000000  0.007275
 226.000000  0.007324
 227.000000  0.009668
 228.000000  0.007373
 229.000000  0.009716
 230.000000  0.007373
 231.000000  0.007300
 232.000000  0.007324
 233.000000  0.009643
 234.000000  0.007324
 235.000000  0.007300
 236.000000  0.007324
 237.000000  0.007300
 238.000000  0.007324
 239.000000  0.009716
 240.000000  0.007349
 241.000000  0.007227
 242.000000  0.007324
 243.000000  0.009716
 244.000000  0.007324
 245.000000  0.007300
 246.000000  0.007324
 247.000000  0.007300
 248.000000  0.007324
 249.000000  0.007178
 250.000000  0.007324
 251.000000  0.007275
 252.000000  0.007324
 253.000000  0.007251
 254.000000  0.007324
 255.000000  0.009668
 256.000000  0.007324
 257.000000  0.007300
 258.000000  0.007324
 259.000000  0.007275
 260.000000  0.007324
 261.000000  0.007251
 262.000000  0.007324
 263.000000  0.009643
 264.000000  0.007324
 265.000000  0.009692
 266.000000  0.007324
 267.000000  0.009716
 268.000000  0.007324
 269.000000  0.009692
 270.000000  0.007324
 271.000000  0.007300
 272.000000  0.007324
 273.000000  0.007227
 274.000000  0.007324
 275.000000  0.009643
 276.000000  0.007324
 277.000000  0.009716
 278.000000  0.007324
 279.000000  0.007275
 280.000000  0.007324
 281.000000  0.009716
 282.000000  0.007324
 283.000000  0.009741
 284.000000  0.007324
 285.000000  0.007275
 286.000000  0.007324
 287.000000  0.007324
 288.000000  0.007324
 289.000000  0.009765
 290.000000  0.007349
 291.000000  0.007324
 292.000000  0.007324
 293.000000  0.007251
 294.000000  0.007324
 295.000000  0.009741
 296.000000  0.007349
 297.000000  0.009692
 298.000000  0.007324
 299.000000  0.009692
 300.000000  0.007349
 301.000000  0.007324
 302.000000  0.007324
 303.000000  0.009716
 304.000000  0.007349
 305.000000  0.007227
 306.000000  0.007324
 307.000000  0.009741
 308.000000  0.007349
 309.000000  0.009643
 310.000000  0.007324
 311.000000  0.007300
 312.000000  0.007324
 313.000000  0.007300
 314.000000  0.007349
 315.000000  0.009668
 316.000000  0.007349
 317.000000  0.007251
 318.000000  0.007324
 319.000000  0.007275
 320.000000  0.007324
 321.000000  0.009643
 322.000000  0.007349
 323.000000  0.009741
 324.000000  0.007324
 325.000000  0.007153
 326.000000  0.007324
 327.000000  0.007202
 328.000000  0.007373
 329.000000  0.009741
 330.000000  0.007373
 331.000000  0.009716
 332.000000  0.007373
 333.000000  0.009790
 334.000000  0.007568
 335.000000  0.009912
 336.000000  0.007495
 337.000000  0.007007
 338.000000  0.007422
 339.000000  0.006641
 340.000000  0.007617
 341.000000  0.009448
 342.000000  0.009765
 343.000000  0.009155
 344.000000  0.007373
 345.000000  0.009448
 346.000000  0.007666
 347.000000  0.007178
 348.000000  0.007544
 349.000000  0.009619
 350.000000  0.007446
 351.000000  0.009741
 352.000000  0.007397
 353.000000  0.009716
 354.000000  0.007373
 355.000000  0.007202
 356.000000  0.007397
 357.000000  0.007275
 358.000000  0.007324
 359.000000  0.009545
 360.000000  0.007446
 361.000000  0.007300
 362.000000  0.007397
 363.000000  0.009741
 364.000000  0.007349
 365.000000  0.007251
 366.000000  0.007373
 367.000000  0.007251
 368.000000  0.007373
 369.000000  0.007300
 370.000000  0.007324
 371.000000  0.009716
 372.000000  0.007397
 373.000000  0.009692
 374.000000  0.007349
 375.000000  0.009692
 376.000000  0.007397
 377.000000  0.007300
 378.000000  0.007397
 379.000000  0.007300
 380.000000  0.007324
 381.000000  0.009668
 382.000000  0.007324
 383.000000  0.007300
 384.000000  0.007373
 385.000000  0.007251
 386.000000  0.007446
 387.000000  0.009716
 388.000000  0.007349
 389.000000  0.009716
 390.000000  0.007397
 391.000000  0.009765
 392.000000  0.007324
 393.000000  0.007275
 394.000000  0.007349
 395.000000  0.007300
 396.000000  0.007397
 397.000000  0.007324
 398.000000  0.007349
 399.000000  0.007300
 400.000000  0.007349
 401.000000  0.009765
 402.000000  0.007324
 403.000000  0.007324
 404.000000  0.007349
 405.000000  0.007324
 406.000000  0.007349
 407.000000  0.007324
 408.000000  0.007324
 409.000000  0.009765
 410.000000  0.007324
 411.000000  0.009741
 412.000000  0.007349
 413.000000  0.007324
 414.000000  0.007349
 415.000000  0.009765
 416.000000  0.007324
 417.000000  0.007300
 418.000000  0.007349
 419.000000  0.007324
 420.000000  0.007349
 421.000000  0.007324
 422.000000  0.007324
 423.000000  0.007300
 424.000000  0.007324
 425.000000  0.009765
 426.000000  0.007349
 427.000000  0.009765
 428.000000  0.007349
 429.000000  0.009765
 430.000000  0.007373
 431.000000  0.009741
 432.000000  0.007373
 433.000000  0.007324
 434.000000  0.007324
 435.000000  0.009741
 436.000000  0.007324
 437.000000  0.009765
 438.000000  0.007324
 439.000000  0.009765
 440.000000  0.007324
 441.000000  0.009741
 442.000000  0.007349
 443.000000  0.009765
 444.000000  0.007324
 445.000000  0.009765
 446.000000  0.007373
 447.000000  0.007324
 448.000000  0.007324
 449.000000  0.009765
 450.000000  0.007324
 451.000000  0.009765
 452.000000  0.007349
 453.000000  0.009765
 454.000000  0.007324
 455.000000  0.009765
 456.000000  0.007349
 457.000000  0.009765
 458.000000  0.007397
 459.000000  0.009765
 460.000000  0.007471
 461.000000  0.009765
 462.000000  0.007422
 463.000000  0.009765
 464.000000  0.007446
 465.000000  0.009765
 466.000000  0.007471
 467.000000  0.007324
 468.000000  0.007397
 469.000000  0.007324
 470.000000  0.007446
 471.000000  0.009765
 472.000000  0.007422
 473.000000  0.007324
 474.000000  0.007544
 475.000000  0.009765
 476.000000  0.007642
 477.000000  0.007324
 478.000000  0.007568
 479.000000  0.009765
 480.000000  0.007568
 481.000000  0.009741
 482.000000  0.007617
 483.000000  0.007324
 484.000000  0.007593
 485.000000  0.009790
 486.000000  0.007446
 487.000000  0.007324
 488.000000  0.007764
 489.000000  0.007202
 490.000000  0.007593
 491.000000  0.009545
 492.000000  0.007861
 493.000000  0.009838
 494.000000  0.008227
 495.000000  0.010034
 496.000000  0.008032
 497.000000  0.007129
 498.000000  0.008179
 499.000000  0.010034
 500.000000  0.008252
 501.000000  0.009936
 502.000000  0.007861
 503.000000  0.009838
 504.000000  0.007739
 505.000000  0.009838
 506.000000  0.008154
 507.000000  0.007324
 508.000000  0.007959
 509.000000  0.007324
 510.000000  0.008447
 511.000000  0.009838
 512.000000  0.008008
 513.000000  0.007373
 514.000000  0.007959
 515.000000  0.007373
 516.000000  0.008081
 517.000000  0.007446
 518.000000  0.008081
 519.000000  0.007373
 520.000000  0.008252
 521.000000  0.007422
 522.000000  0.008203
 523.000000  0.009814
 524.000000  0.008252
 525.000000  0.009814
 526.000000  0.008447
 527.000000  0.009765
 528.000000  0.008227
 529.000000  0.009765
 530.000000  0.009009
 531.000000  0.009887
 532.000000  0.008105
 533.000000  0.007397
 534.000000  0.008520
 535.000000  0.007544
 536.000000  0.008227
 537.000000  0.009790
 538.000000  0.008960
 539.000000  0.010009
 540.000000  0.009009
 541.000000  0.007349
 542.000000  0.008765
 543.000000  0.007519
 544.000000  0.009106
 545.000000  0.007519
 546.000000  0.009375
 547.000000  0.009814
 548.000000  0.009375
 549.000000  0.010400
 550.000000  0.008911
 551.000000  0.010058
 552.000000  0.009131
 553.000000  0.007764
 554.000000  0.009448
 555.000000  0.007446
 556.000000  0.009399
 557.000000  0.010229
 558.000000  0.009692
 559.000000  0.010229
 560.000000  0.009570
 561.000000  0.007690
 562.000000  0.009692
 563.000000  0.011401
 564.000000  0.009619
 565.000000  0.010620
 566.000000  0.009668
 567.000000  0.011523
 568.000000  0.009717
 569.000000  0.010913
 570.000000  0.009717
 571.000000  0.011181
 572.000000  0.009766
 573.000000  0.011889
 574.000000  0.009766
 575.000000  0.011328
 576.000000  0.009766
 577.000000  0.012011
 578.000000  0.009766
 579.000000  0.011596
 580.000000  0.009766
 581.000000  0.009741
 582.000000  0.009766
 583.000000  0.012036
 584.000000  0.009766
 585.000000  0.012133
 586.000000  0.009766
 587.000000  0.012207
 588.000000  0.009766
 589.000000  0.009741
 590.000000  0.009790
 591.000000  0.012207
 592.000000  0.009790
 593.000000  0.009717
 594.000000  0.009766
 595.000000  0.012207
 596.000000  0.010962
 597.000000  0.012207
 598.000000  0.009766
 599.000000  0.012207
 600.000000  0.010059
 601.000000  0.012207
 602.000000  0.009912
 603.000000  0.012207
 604.000000  0.011230
 605.000000  0.013281
 606.000000  0.011914
 607.000000  0.012451
 608.000000  0.011352
 609.000000  0.012939
 610.000000  0.012207
 611.000000  0.013403
 612.000000  0.014135
 613.000000  0.013305
 614.000000  0.014648
 615.000000  0.014624
 616.000000  0.012158
 617.000000  0.011377
 618.000000  0.012207
 619.000000  0.014648
 620.000000  0.012500
 621.000000  0.014404
 622.000000  0.012207
 623.000000  0.014648
 624.000000  0.016699
 625.000000  0.014892
 626.000000  0.012427
 627.000000  0.014648
 628.000000  0.014136
 629.000000  0.017016
 630.000000  0.014648
 631.000000  0.014794
 632.000000  0.013867
 633.000000  0.016381
 634.000000  0.015088
 635.000000  0.016308
 636.000000  0.014429
 637.000000  0.014233
 638.000000  0.015649
 639.000000  0.017846
 640.000000  0.014697
 641.000000  0.016992
 642.000000  0.015186
 643.000000  0.016699
 644.000000  0.019604
 645.000000  0.017187
 646.000000  0.019018
 647.000000  0.018847
 648.000000  0.019263
 649.000000  0.017798
 650.000000  0.016235
 651.000000  0.015698
 652.000000  0.018091
 653.000000  0.020361
 654.000000  0.019189
 655.000000  0.019433
 656.000000  0.018140
 657.000000  0.021875
 658.000000  0.023804
 659.000000  0.019800
 660.000000  0.019580
 661.000000  0.021997
 662.000000  0.022290
 663.000000  0.028100
 664.000000  0.024243
 665.000000  0.022314
 666.000000  0.024633
 667.000000  0.028491
 668.000000  0.029883
 669.000000  0.022754
 670.000000  0.024390
 671.000000  0.024927
 672.000000  0.033228
 673.000000  0.035620
 674.000000  0.029541
 675.000000  0.029638
 676.000000  0.031567
 677.000000  0.045898
 678.000000  0.039551
 679.000000  0.036279
 680.000000  0.034424
 681.000000  0.039917
 682.000000  0.058325
 683.000000  0.052832
 684.000000  0.050659
 685.000000  0.059350
 686.000000  0.077710
 687.000000  0.125732
 688.000000  0.116186
 689.000000  0.139233
 690.000000  0.259057
 691.000000  1.141553
 692.000000  1.471509
 693.000000  0.686084
 694.000000  0.230249
 695.000000  0.142212
 696.000000  0.144360
 697.000000  0.195044
 698.000000  0.083594
 699.000000  0.063989
 700.000000  0.057178
 701.000000  0.077002
 702.000000  0.084058
 703.000000  0.046143
 704.000000  0.042138
 705.000000  0.041064
 706.000000  0.051001
 707.000000  0.048926
 708.000000  0.032690
 709.000000  0.032104
 710.000000  0.032227
 711.000000  0.042529
 712.000000  0.033667
 713.000000  0.029394
 714.000000  0.026123
 715.000000  0.029272
 716.000000  0.031689
 717.000000  0.028466
 718.000000  0.022461
 719.000000  0.024365
 720.000000  0.024145
 721.000000  0.028564
 722.000000  0.022900
 723.000000  0.022558
 724.000000  0.021387
 725.000000  0.024194
 726.000000  0.024170
 727.000000  0.022338
 728.000000  0.019531
 729.000000  0.018433
 730.000000  0.019556
 731.000000  0.022924
 732.000000  0.017627
 733.000000  0.019531
 734.000000  0.019824
 735.000000  0.020654
 736.000000  0.019482
 737.000000  0.019043
 738.000000  0.016772
 739.000000  0.018481
 740.000000  0.017090
 741.000000  0.019140
 742.000000  0.014648
 743.000000  0.014648
 744.000000  0.014648
 745.000000  0.017187
 746.000000  0.015186
 747.000000  0.013110
 748.000000  0.013721
 749.000000  0.015771
 750.000000  0.014648
 751.000000  0.015991
 752.000000  0.015649
 753.000000  0.014697
 754.000000  0.014258
 755.000000  0.016284
 756.000000  0.013672
 757.000000  0.014624
 758.000000  0.012207
 759.000000  0.012207
 760.000000  0.013232
 761.000000  0.014599
 762.000000  0.012158
 763.000000  0.013916
 764.000000  0.012207
 765.000000  0.014648
 766.000000  0.012207
 767.000000  0.010571
 768.000000  0.011841
 769.000000  0.014428
 770.000000  0.012207
 771.000000  0.013281
 772.000000  0.011133
 773.000000  0.012402
 774.000000  0.014379
 775.000000  0.013305
 776.000000  0.012866
 777.000000  0.012207
 778.000000  0.010034
 779.000000  0.009790
 780.000000  0.010352
 781.000000  0.009717
 782.000000  0.012207
 783.000000  0.012207
 784.000000  0.009888
 785.000000  0.012207
 786.000000  0.009790
 787.000000  0.012011
 788.000000  0.012207
 789.000000  0.012207
 790.000000  0.009766
 791.000000  0.011816
 792.000000  0.009766
 793.000000  0.011889
 794.000000  0.009766
 795.000000  0.012085
 796.000000  0.009741
 797.000000  0.010961
 798.000000  0.009741
 799.000000  0.011987
 800.000000  0.009741
 801.000000  0.010376
 802.000000  0.011889
 803.000000  0.010717
 804.000000  0.009619
 805.000000  0.011328
 806.000000  0.009351
 807.000000  0.011132
 808.000000  0.011816
 809.000000  0.008472
 810.000000  0.009204
 811.000000  0.008252
 812.000000  0.008887
 813.000000  0.008130
 814.000000  0.009375
 815.000000  0.009985
 816.000000  0.008325
 817.000000  0.009838
 818.000000  0.008887
 819.000000  0.010083
 820.000000  0.008789
 821.000000  0.009838
 822.000000  0.008374
 823.000000  0.009936
 824.000000  0.011401
 825.000000  0.009887
 826.000000  0.008203
 827.000000  0.009765
 828.000000  0.008203
 829.000000  0.010009
 830.000000  0.008301
 831.000000  0.009790
 832.000000  0.007861
 833.000000  0.009887
 834.000000  0.007935
 835.000000  0.009790
 836.000000  0.010205
 837.000000  0.009765
 838.000000  0.007983
 839.000000  0.009765
 840.000000  0.008057
 841.000000  0.009765
 842.000000  0.010229
 843.000000  0.009765
 844.000000  0.007861
 845.000000  0.007324
 846.000000  0.009961
 847.000000  0.009790
 848.000000  0.007495
 849.000000  0.009765
 850.000000  0.007666
 851.000000  0.009765
 852.000000  0.007373
 853.000000  0.007300
 854.000000  0.010083
 855.000000  0.009765
 856.000000  0.007349
 857.000000  0.007324
 858.000000  0.007422
 859.000000  0.007324
 860.000000  0.009912
 861.000000  0.009765
 862.000000  0.007373
 863.000000  0.007300
 864.000000  0.007349
 865.000000  0.009765
 866.000000  0.009790
 867.000000  0.007324
 868.000000  0.007373
 869.000000  0.009765
 870.000000  0.007397
 871.000000  0.009765
 872.000000  0.007324
 873.000000  0.009765
 874.000000  0.007324
 875.000000  0.009765
 876.000000  0.007349
 877.000000  0.007324
 878.000000  0.007324
 879.000000  0.007324
 880.000000  0.007324
 881.000000  0.009741
 882.000000  0.007324
 883.000000  0.009741
 884.000000  0.007324
 885.000000  0.009765
 886.000000  0.007324
 887.000000  0.007275
 888.000000  0.007349
 889.000000  0.009741
 890.000000  0.007324
 891.000000  0.009765
 892.000000  0.007349
 893.000000  0.009692
 894.000000  0.007324
 895.000000  0.009741
 896.000000  0.007324
 897.000000  0.009741
 898.000000  0.007324
 899.000000  0.009692
 900.000000  0.007324
 901.000000  0.009741
 902.000000  0.009765
 903.000000  0.009692
 904.000000  0.007324
 905.000000  0.009716
 906.000000  0.009790
 907.000000  0.009668
 908.000000  0.009765
 909.000000  0.009741
 910.000000  0.007324
 911.000000  0.009716
 912.000000  0.007324
 913.000000  0.009643
 914.000000  0.007324
 915.000000  0.009570
 916.000000  0.007349
 917.000000  0.009643
 918.000000  0.009765
 919.000000  0.009545
 920.000000  0.009765
 921.000000  0.009619
 922.000000  0.007324
 923.000000  0.009594
 924.000000  0.007324
 925.000000  0.009668
 926.000000  0.007324
 927.000000  0.009619
 928.000000  0.007324
 929.000000  0.009545
 930.000000  0.007324
 931.000000  0.009594
 932.000000  0.007324
 933.000000  0.009594
 934.000000  0.007324
 935.000000  0.009497
 936.000000  0.007324
 937.000000  0.009399
 938.000000  0.007324
 939.000000  0.009326
 940.000000  0.007324
 941.000000  0.009423
 942.000000  0.007324
 943.000000  0.009326
 944.000000  0.007324
 945.000000  0.006982
 946.000000  0.009741
 947.000000  0.009570
 948.000000  0.007349
 949.000000  0.009423
 950.000000  0.009716
 951.000000  0.009423
 952.000000  0.007300
 953.000000  0.009423
 954.000000  0.007324
 955.000000  0.009326
 956.000000  0.007349
 957.000000  0.009326
 958.000000  0.007397
 959.000000  0.006958
 960.000000  0.007495
 961.000000  0.006665
 962.000000  0.009716
 963.000000  0.006177
 964.000000  0.007007
 965.000000  0.009106
 966.000000  0.007251
 967.000000  0.008764
 968.000000  0.007007
 969.000000  0.008886
 970.000000  0.009570
 971.000000  0.009375
 972.000000  0.007324
 973.000000  0.009179
 974.000000  0.007349
 975.000000  0.009228
 976.000000  0.007324
 977.000000  0.009204
 978.000000  0.007349
 979.000000  0.009301
 980.000000  0.007300
 981.000000  0.009423
 982.000000  0.007300
 983.000000  0.006934
 984.000000  0.007251
 985.000000  0.009326
 986.000000  0.007324
 987.000000  0.009082
 988.000000  0.009765
 989.000000  0.009179
 990.000000  0.007300
 991.000000  0.009057
 992.000000  0.007324
 993.000000  0.009155
 994.000000  0.007300
 995.000000  0.009375
 996.000000  0.007300
 997.000000  0.009252
 998.000000  0.009741
 999.000000  0.009008
 1000.000000  0.009741
 1001.000000  0.008935
 1002.000000  0.007324
 1003.000000  0.008764
 1004.000000  0.007275
 1005.000000  0.008911
 1006.000000  0.007324
 1007.000000  0.008789
 1008.000000  0.007324
 1009.000000  0.009155
 1010.000000  0.007324
 1011.000000  0.009033
 1012.000000  0.007324
 1013.000000  0.008862
 1014.000000  0.007300
 1015.000000  0.009155
 1016.000000  0.007300
 1017.000000  0.009008
 1018.000000  0.007275
 1019.000000  0.009082
 1020.000000  0.007324
 1021.000000  0.008618
 1022.000000  0.007324
 1023.000000  0.009130
