 0.000000  0.007617
 1.000000  0.007275
 2.000000  0.007495
 3.000000  0.007300
 4.000000  0.007422
 5.000000  0.007251
 6.000000  0.007568
 7.000000  0.007227
 8.000000  0.007397
 9.000000  0.007349
 10.000000  0.007715
 11.000000  0.007202
 12.000000  0.007519
 13.000000  0.007300
 14.000000  0.007690
 15.000000  0.007202
 16.000000  0.007886
 17.000000  0.007202
 18.000000  0.007690
 19.000000  0.007397
 20.000000  0.007690
 21.000000  0.007373
 22.000000  0.007715
 23.000000  0.007300
 24.000000  0.007690
 25.000000  0.007251
 26.000000  0.007715
 27.000000  0.009790
 28.000000  0.007690
 29.000000  0.007324
 30.000000  0.007495
 31.000000  0.007300
 32.000000  0.007666
 33.000000  0.007324
 34.000000  0.007495
 35.000000  0.007324
 36.000000  0.007446
 37.000000  0.007300
 38.000000  0.007690
 39.000000  0.009765
 40.000000  0.007568
 41.000000  0.007300
 42.000000  0.007519
 43.000000  0.007300
 44.000000  0.007446
 45.000000  0.007324
 46.000000  0.007446
 47.000000  0.007251
 48.000000  0.007349
 49.000000  0.007300
 50.000000  0.007373
 51.000000  0.007275
 52.000000  0.007349
 53.000000  0.007324
 54.000000  0.007446
 55.000000  0.007324
 56.000000  0.007397
 57.000000  0.007324
 58.000000  0.007544
 59.000000  0.009765
 60.000000  0.007349
 61.000000  0.009765
 62.000000  0.007349
 63.000000  0.007300
 64.000000  0.007373
 65.000000  0.007324
 66.000000  0.007349
 67.000000  0.009741
 68.000000  0.007324
 69.000000  0.007300
 70.000000  0.007324
 71.000000  0.007324
 72.000000  0.007349
 73.000000  0.007324
 74.000000  0.007349
 75.000000  0.007300
 76.000000  0.007349
 77.000000  0.007324
 78.000000  0.007373
 79.000000  0.007324
 80.000000  0.007373
 81.000000  0.007300
 82.000000  0.007324
 83.000000  0.007300
 84.000000  0.007324
 85.000000  0.007324
 86.000000  0.007324
 87.000000  0.007324
 88.000000  0.007349
 89.000000  0.007324
 90.000000  0.007373
 91.000000  0.007324
 92.000000  0.007397
 93.000000  0.007324
 94.000000  0.007373
 95.000000  0.007324
 96.000000  0.007349
 97.000000  0.007324
 98.000000  0.007397
 99.000000  0.007324
 100.000000  0.007349
 101.000000  0.009741
 102.000000  0.007324
 103.000000  0.009765
 104.000000  0.007324
 105.000000  0.007324
 106.000000  0.007373
 107.000000  0.007324
 108.000000  0.007349
 109.000000  0.009741
 110.000000  0.007349
 111.000000  0.007324
 112.000000  0.007324
 113.000000  0.007324
 114.000000  0.007324
 115.000000  0.007324
 116.000000  0.007324
 117.000000  0.007324
 118.000000  0.007349
 119.000000  0.007324
 120.000000  0.007349
 121.000000  0.007324
 122.000000  0.007446
 123.000000  0.007300
 124.000000  0.007324
 125.000000  0.007300
 126.000000  0.007373
 127.000000  0.009716
 128.000000  0.007349
 129.000000  0.007324
 130.000000  0.007397
 131.000000  0.009741
 132.000000  0.007349
 133.000000  0.007300
 134.000000  0.007397
 135.000000  0.009765
 136.000000  0.007324
 137.000000  0.007324
 138.000000  0.007349
 139.000000  0.007300
 140.000000  0.007373
 141.000000  0.007251
 142.000000  0.007422
 143.000000  0.007324
 144.000000  0.007373
 145.000000  0.009765
 146.000000  0.007349
 147.000000  0.007300
 148.000000  0.007397
 149.000000  0.009741
 150.000000  0.007422
 151.000000  0.007227
 152.000000  0.007397
 153.000000  0.007300
 154.000000  0.007397
 155.000000  0.007324
 156.000000  0.007422
 157.000000  0.009545
 158.000000  0.007446
 159.000000  0.007251
 160.000000  0.007544
 161.000000  0.007202
 162.000000  0.007471
 163.000000  0.007202
 164.000000  0.007373
 165.000000  0.007129
 166.000000  0.007422
 167.000000  0.007080
 168.000000  0.007519
 169.000000  0.009545
 170.000000  0.007471
 171.000000  0.007056
 172.000000  0.007495
 173.000000  0.007080
 174.000000  0.007544
 175.000000  0.007104
 176.000000  0.007617
 177.000000  0.007056
 178.000000  0.007519
 179.000000  0.009472
 180.000000  0.007349
 181.000000  0.007202
 182.000000  0.007422
 183.000000  0.007202
 184.000000  0.007471
 185.000000  0.007300
 186.000000  0.007422
 187.000000  0.007251
 188.000000  0.007373
 189.000000  0.007300
 190.000000  0.007324
 191.000000  0.007227
 192.000000  0.007373
 193.000000  0.007275
 194.000000  0.007397
 195.000000  0.007275
 196.000000  0.009790
 197.000000  0.007178
 198.000000  0.007397
 199.000000  0.009692
 200.000000  0.007373
 201.000000  0.009716
 202.000000  0.007349
 203.000000  0.007251
 204.000000  0.007373
 205.000000  0.007227
 206.000000  0.007349
 207.000000  0.007275
 208.000000  0.007349
 209.000000  0.009619
 210.000000  0.007495
 211.000000  0.007300
 212.000000  0.007324
 213.000000  0.009741
 214.000000  0.007349
 215.000000  0.007275
 216.000000  0.007349
 217.000000  0.007227
 218.000000  0.007324
 219.000000  0.009741
 220.000000  0.007349
 221.000000  0.007275
 222.000000  0.007349
 223.000000  0.007251
 224.000000  0.007349
 225.000000  0.007275
 226.000000  0.007324
 227.000000  0.009692
 228.000000  0.007349
 229.000000  0.009716
 230.000000  0.007373
 231.000000  0.007324
 232.000000  0.007324
 233.000000  0.009765
 234.000000  0.007324
 235.000000  0.007324
 236.000000  0.007324
 237.000000  0.007251
 238.000000  0.007349
 239.000000  0.009741
 240.000000  0.007324
 241.000000  0.007324
 242.000000  0.007324
 243.000000  0.009741
 244.000000  0.007349
 245.000000  0.007324
 246.000000  0.007324
 247.000000  0.007324
 248.000000  0.007349
 249.000000  0.007324
 250.000000  0.007324
 251.000000  0.007300
 252.000000  0.007324
 253.000000  0.007324
 254.000000  0.007349
 255.000000  0.009741
 256.000000  0.007324
 257.000000  0.007300
 258.000000  0.007324
 259.000000  0.007324
 260.000000  0.007324
 261.000000  0.007300
 262.000000  0.007324
 263.000000  0.009741
 264.000000  0.007324
 265.000000  0.009765
 266.000000  0.007324
 267.000000  0.009765
 268.000000  0.007324
 269.000000  0.009765
 270.000000  0.007349
 271.000000  0.007300
 272.000000  0.007324
 273.000000  0.007324
 274.000000  0.007324
 275.000000  0.009741
 276.000000  0.007349
 277.000000  0.009716
 278.000000  0.007324
 279.000000  0.007300
 280.000000  0.007349
 281.000000  0.009765
 282.000000  0.007324
 283.000000  0.009716
 284.000000  0.007324
 285.000000  0.007324
 286.000000  0.007324
 287.000000  0.007324
 288.000000  0.007324
 289.000000  0.009765
 290.000000  0.007324
 291.000000  0.007324
 292.000000  0.007349
 293.000000  0.007300
 294.000000  0.007324
 295.000000  0.009741
 296.000000  0.007324
 297.000000  0.009741
 298.000000  0.007349
 299.000000  0.009716
 300.000000  0.007349
 301.000000  0.007324
 302.000000  0.007324
 303.000000  0.009741
 304.000000  0.007324
 305.000000  0.007324
 306.000000  0.007349
 307.000000  0.009741
 308.000000  0.007324
 309.000000  0.009716
 310.000000  0.007446
 311.000000  0.007275
 312.000000  0.007495
 313.000000  0.007324
 314.000000  0.007471
 315.000000  0.009668
 316.000000  0.007495
 317.000000  0.007129
 318.000000  0.007495
 319.000000  0.007202
 320.000000  0.007544
 321.000000  0.009668
 322.000000  0.007446
 323.000000  0.009741
 324.000000  0.007495
 325.000000  0.007129
 326.000000  0.007422
 327.000000  0.007129
 328.000000  0.007642
 329.000000  0.009668
 330.000000  0.007617
 331.000000  0.009619
 332.000000  0.007568
 333.000000  0.009668
 334.000000  0.007690
 335.000000  0.009765
 336.000000  0.007519
 337.000000  0.007251
 338.000000  0.007422
 339.000000  0.007202
 340.000000  0.007519
 341.000000  0.009765
 342.000000  0.009838
 343.000000  0.009692
 344.000000  0.007446
 345.000000  0.009765
 346.000000  0.007471
 347.000000  0.007324
 348.000000  0.007471
 349.000000  0.009716
 350.000000  0.007373
 351.000000  0.009741
 352.000000  0.007495
 353.000000  0.009765
 354.000000  0.007349
 355.000000  0.007300
 356.000000  0.007349
 357.000000  0.007275
 358.000000  0.007422
 359.000000  0.009716
 360.000000  0.007397
 361.000000  0.007300
 362.000000  0.007324
 363.000000  0.009765
 364.000000  0.007373
 365.000000  0.007300
 366.000000  0.007373
 367.000000  0.007324
 368.000000  0.007373
 369.000000  0.007324
 370.000000  0.007373
 371.000000  0.009765
 372.000000  0.007349
 373.000000  0.009765
 374.000000  0.007446
 375.000000  0.009741
 376.000000  0.007373
 377.000000  0.007324
 378.000000  0.007349
 379.000000  0.007324
 380.000000  0.007422
 381.000000  0.009741
 382.000000  0.007373
 383.000000  0.007324
 384.000000  0.007446
 385.000000  0.007324
 386.000000  0.007373
 387.000000  0.009765
 388.000000  0.007349
 389.000000  0.009765
 390.000000  0.007324
 391.000000  0.009765
 392.000000  0.007397
 393.000000  0.007324
 394.000000  0.007349
 395.000000  0.007324
 396.000000  0.007349
 397.000000  0.007324
 398.000000  0.007324
 399.000000  0.007324
 400.000000  0.007397
 401.000000  0.009765
 402.000000  0.007373
 403.000000  0.007324
 404.000000  0.007324
 405.000000  0.007324
 406.000000  0.007349
 407.000000  0.007324
 408.000000  0.007349
 409.000000  0.009765
 410.000000  0.007397
 411.000000  0.009741
 412.000000  0.007422
 413.000000  0.007324
 414.000000  0.007349
 415.000000  0.009765
 416.000000  0.007373
 417.000000  0.007324
 418.000000  0.007373
 419.000000  0.007324
 420.000000  0.007397
 421.000000  0.007324
 422.000000  0.007373
 423.000000  0.007324
 424.000000  0.007373
 425.000000  0.009765
 426.000000  0.007373
 427.000000  0.009765
 428.000000  0.007373
 429.000000  0.009765
 430.000000  0.007422
 431.000000  0.009765
 432.000000  0.007495
 433.000000  0.007324
 434.000000  0.007471
 435.000000  0.009741
 436.000000  0.007397
 437.000000  0.009765
 438.000000  0.007397
 439.000000  0.009765
 440.000000  0.007349
 441.000000  0.009765
 442.000000  0.007593
 443.000000  0.009765
 444.000000  0.007544
 445.000000  0.009790
 446.000000  0.007642
 447.000000  0.007324
 448.000000  0.007593
 449.000000  0.009765
 450.000000  0.007495
 451.000000  0.009765
 452.000000  0.007519
 453.000000  0.009765
 454.000000  0.007446
 455.000000  0.009765
 456.000000  0.007642
 457.000000  0.009765
 458.000000  0.007666
 459.000000  0.009765
 460.000000  0.007715
 461.000000  0.009790
 462.000000  0.007642
 463.000000  0.009765
 464.000000  0.007861
 465.000000  0.009838
 466.000000  0.007812
 467.000000  0.007397
 468.000000  0.007690
 469.000000  0.007349
 470.000000  0.007861
 471.000000  0.009765
 472.000000  0.007935
 473.000000  0.007446
 474.000000  0.008057
 475.000000  0.009838
 476.000000  0.007886
 477.000000  0.007324
 478.000000  0.007812
 479.000000  0.009814
 480.000000  0.007959
 481.000000  0.009961
 482.000000  0.008008
 483.000000  0.007471
 484.000000  0.008032
 485.000000  0.010009
 486.000000  0.007935
 487.000000  0.007422
 488.000000  0.008179
 489.000000  0.007300
 490.000000  0.008057
 491.000000  0.009863
 492.000000  0.007983
 493.000000  0.009912
 494.000000  0.008374
 495.000000  0.009790
 496.000000  0.008374
 497.000000  0.007446
 498.000000  0.008350
 499.000000  0.009887
 500.000000  0.008301
 501.000000  0.009790
 502.000000  0.008276
 503.000000  0.009863
 504.000000  0.008227
 505.000000  0.009887
 506.000000  0.008276
 507.000000  0.007373
 508.000000  0.008350
 509.000000  0.007373
 510.000000  0.008740
 511.000000  0.009790
 512.000000  0.008569
 513.000000  0.007397
 514.000000  0.008301
 515.000000  0.007397
 516.000000  0.008545
 517.000000  0.007446
 518.000000  0.008496
 519.000000  0.007373
 520.000000  0.008667
 521.000000  0.007471
 522.000000  0.008594
 523.000000  0.009912
 524.000000  0.008691
 525.000000  0.009887
 526.000000  0.008936
 527.000000  0.009863
 528.000000  0.008716
 529.000000  0.009985
 530.000000  0.009204
 531.000000  0.010009
 532.000000  0.009155
 533.000000  0.007544
 534.000000  0.009228
 535.000000  0.007886
 536.000000  0.009253
 537.000000  0.010009
 538.000000  0.009253
 539.000000  0.009912
 540.000000  0.009546
 541.000000  0.007642
 542.000000  0.009302
 543.000000  0.007690
 544.000000  0.009424
 545.000000  0.007886
 546.000000  0.009766
 547.000000  0.010083
 548.000000  0.009448
 549.000000  0.010327
 550.000000  0.009595
 551.000000  0.010498
 552.000000  0.009473
 553.000000  0.008008
 554.000000  0.009741
 555.000000  0.008350
 556.000000  0.009644
 557.000000  0.010424
 558.000000  0.009766
 559.000000  0.011157
 560.000000  0.009766
 561.000000  0.008398
 562.000000  0.009741
 563.000000  0.011523
 564.000000  0.009717
 565.000000  0.011718
 566.000000  0.009766
 567.000000  0.011645
 568.000000  0.009766
 569.000000  0.011938
 570.000000  0.009766
 571.000000  0.011718
 572.000000  0.009766
 573.000000  0.011987
 574.000000  0.009766
 575.000000  0.011938
 576.000000  0.009766
 577.000000  0.012109
 578.000000  0.009766
 579.000000  0.012207
 580.000000  0.009766
 581.000000  0.009766
 582.000000  0.009766
 583.000000  0.012207
 584.000000  0.009766
 585.000000  0.012182
 586.000000  0.009766
 587.000000  0.012207
 588.000000  0.009766
 589.000000  0.009766
 590.000000  0.009766
 591.000000  0.012207
 592.000000  0.009985
 593.000000  0.009766
 594.000000  0.009863
 595.000000  0.012207
 596.000000  0.010571
 597.000000  0.012231
 598.000000  0.010156
 599.000000  0.012207
 600.000000  0.009961
 601.000000  0.012207
 602.000000  0.010474
 603.000000  0.012255
 604.000000  0.010620
 605.000000  0.012524
 606.000000  0.011963
 607.000000  0.013964
 608.000000  0.012134
 609.000000  0.012890
 610.000000  0.012183
 611.000000  0.014453
 612.000000  0.014648
 613.000000  0.013867
 614.000000  0.014550
 615.000000  0.014624
 616.000000  0.012231
 617.000000  0.012183
 618.000000  0.012183
 619.000000  0.014575
 620.000000  0.012671
 621.000000  0.014648
 622.000000  0.012353
 623.000000  0.014550
 624.000000  0.015502
 625.000000  0.014990
 626.000000  0.014209
 627.000000  0.014672
 628.000000  0.012842
 629.000000  0.014990
 630.000000  0.014258
 631.000000  0.016552
 632.000000  0.014014
 633.000000  0.015429
 634.000000  0.014600
 635.000000  0.016894
 636.000000  0.014697
 637.000000  0.013403
 638.000000  0.014600
 639.000000  0.017041
 640.000000  0.015747
 641.000000  0.016845
 642.000000  0.014624
 643.000000  0.014746
 644.000000  0.018798
 645.000000  0.018676
 646.000000  0.018335
 647.000000  0.017236
 648.000000  0.016748
 649.000000  0.016357
 650.000000  0.017383
 651.000000  0.015283
 652.000000  0.016528
 653.000000  0.016943
 654.000000  0.018311
 655.000000  0.020727
 656.000000  0.017090
 657.000000  0.019287
 658.000000  0.018433
 659.000000  0.019141
 660.000000  0.019531
 661.000000  0.019555
 662.000000  0.019067
 663.000000  0.021923
 664.000000  0.024560
 665.000000  0.022143
 666.000000  0.021997
 667.000000  0.021972
 668.000000  0.021875
 669.000000  0.024316
 670.000000  0.021899
 671.000000  0.020068
 672.000000  0.022314
 673.000000  0.026123
 674.000000  0.030883
 675.000000  0.024877
 676.000000  0.022925
 677.000000  0.026831
 678.000000  0.028516
 679.000000  0.033227
 680.000000  0.025708
 681.000000  0.024634
 682.000000  0.028223
 683.000000  0.036621
 684.000000  0.035425
 685.000000  0.030297
 686.000000  0.029321
 687.000000  0.031885
 688.000000  0.045947
 689.000000  0.038770
 690.000000  0.036645
 691.000000  0.037182
 692.000000  0.043921
 693.000000  0.073901
 694.000000  0.053052
 695.000000  0.045483
 696.000000  0.055542
 697.000000  0.104370
 698.000000  0.244165
 699.000000  0.102417
 700.000000  0.065112
 701.000000  0.070557
 702.000000  0.146362
 703.000000  0.263306
 704.000000  0.112451
 705.000000  0.084668
 706.000000  0.109888
 707.000000  0.278174
 708.000000  0.499243
 709.000000  0.158423
 710.000000  0.113062
 711.000000  0.150635
 712.000000  0.282446
 713.000000  0.344531
 714.000000  0.245996
 715.000000  0.351343
 716.000000  0.845532
 717.000000  1.474780
 718.000000  1.474951
 719.000000  0.692236
 720.000000  0.337769
 721.000000  0.399829
 722.000000  1.049243
 723.000000  0.755493
 724.000000  0.205029
 725.000000  0.121655
 726.000000  0.106079
 727.000000  0.140967
 728.000000  0.101660
 729.000000  0.062402
 730.000000  0.056616
 731.000000  0.057299
 732.000000  0.066943
 733.000000  0.052099
 734.000000  0.045214
 735.000000  0.043701
 736.000000  0.042725
 737.000000  0.049658
 738.000000  0.037451
 739.000000  0.036621
 740.000000  0.034399
 741.000000  0.037670
 742.000000  0.039844
 743.000000  0.031274
 744.000000  0.029346
 745.000000  0.031738
 746.000000  0.031543
 747.000000  0.031226
 748.000000  0.027246
 749.000000  0.028540
 750.000000  0.026855
 751.000000  0.029321
 752.000000  0.029736
 753.000000  0.026660
 754.000000  0.024390
 755.000000  0.026806
 756.000000  0.024731
 757.000000  0.026513
 758.000000  0.021973
 759.000000  0.021631
 760.000000  0.022021
 761.000000  0.024365
 762.000000  0.021924
 763.000000  0.021997
 764.000000  0.019702
 765.000000  0.021972
 766.000000  0.020483
 767.000000  0.019458
 768.000000  0.018896
 769.000000  0.019677
 770.000000  0.019214
 771.000000  0.020459
 772.000000  0.017603
 773.000000  0.018383
 774.000000  0.019531
 775.000000  0.019506
 776.000000  0.019580
 777.000000  0.017773
 778.000000  0.015405
 779.000000  0.014941
 780.000000  0.016504
 781.000000  0.014917
 782.000000  0.017236
 783.000000  0.016918
 784.000000  0.014868
 785.000000  0.017187
 786.000000  0.015088
 787.000000  0.015747
 788.000000  0.016845
 789.000000  0.016235
 790.000000  0.014600
 791.000000  0.016626
 792.000000  0.014160
 793.000000  0.015063
 794.000000  0.014209
 795.000000  0.016333
 796.000000  0.014355
 797.000000  0.014721
 798.000000  0.012378
 799.000000  0.014941
 800.000000  0.013696
 801.000000  0.014746
 802.000000  0.014672
 803.000000  0.014306
 804.000000  0.012573
 805.000000  0.014477
 806.000000  0.012207
 807.000000  0.013818
 808.000000  0.014526
 809.000000  0.011719
 810.000000  0.012158
 811.000000  0.011597
 812.000000  0.011426
 813.000000  0.010107
 814.000000  0.011523
 815.000000  0.013330
 816.000000  0.011890
 817.000000  0.012231
 818.000000  0.010327
 819.000000  0.012451
 820.000000  0.010693
 821.000000  0.012402
 822.000000  0.009985
 823.000000  0.012182
 824.000000  0.012670
 825.000000  0.012255
 826.000000  0.010059
 827.000000  0.012182
 828.000000  0.009766
 829.000000  0.012207
 830.000000  0.009814
 831.000000  0.012207
 832.000000  0.009790
 833.000000  0.012011
 834.000000  0.009766
 835.000000  0.012182
 836.000000  0.012207
 837.000000  0.012036
 838.000000  0.009766
 839.000000  0.012036
 840.000000  0.009766
 841.000000  0.011718
 842.000000  0.012207
 843.000000  0.011279
 844.000000  0.009741
 845.000000  0.009448
 846.000000  0.012158
 847.000000  0.010864
 848.000000  0.009521
 849.000000  0.010791
 850.000000  0.009668
 851.000000  0.010864
 852.000000  0.009644
 853.000000  0.007886
 854.000000  0.012133
 855.000000  0.010717
 856.000000  0.009644
 857.000000  0.007690
 858.000000  0.009351
 859.000000  0.007666
 860.000000  0.012085
 861.000000  0.009887
 862.000000  0.009058
 863.000000  0.007324
 864.000000  0.009106
 865.000000  0.010034
 866.000000  0.011450
 867.000000  0.007422
 868.000000  0.008936
 869.000000  0.009814
 870.000000  0.009204
 871.000000  0.009765
 872.000000  0.008789
 873.000000  0.009814
 874.000000  0.008472
 875.000000  0.009863
 876.000000  0.008325
 877.000000  0.007324
 878.000000  0.008276
 879.000000  0.007349
 880.000000  0.008643
 881.000000  0.009790
 882.000000  0.008081
 883.000000  0.009765
 884.000000  0.008154
 885.000000  0.009765
 886.000000  0.008325
 887.000000  0.007324
 888.000000  0.007739
 889.000000  0.009790
 890.000000  0.008301
 891.000000  0.009765
 892.000000  0.007764
 893.000000  0.009765
 894.000000  0.007617
 895.000000  0.009765
 896.000000  0.007642
 897.000000  0.009765
 898.000000  0.007349
 899.000000  0.009765
 900.000000  0.007544
 901.000000  0.009765
 902.000000  0.009912
 903.000000  0.009765
 904.000000  0.007471
 905.000000  0.009765
 906.000000  0.009936
 907.000000  0.009765
 908.000000  0.009863
 909.000000  0.009765
 910.000000  0.007593
 911.000000  0.009765
 912.000000  0.007397
 913.000000  0.009765
 914.000000  0.007349
 915.000000  0.009765
 916.000000  0.007324
 917.000000  0.009765
 918.000000  0.009863
 919.000000  0.009765
 920.000000  0.009887
 921.000000  0.009765
 922.000000  0.007349
 923.000000  0.009741
 924.000000  0.007373
 925.000000  0.009765
 926.000000  0.007324
 927.000000  0.009765
 928.000000  0.007373
 929.000000  0.009741
 930.000000  0.007324
 931.000000  0.009716
 932.000000  0.007349
 933.000000  0.009716
 934.000000  0.007397
 935.000000  0.009765
 936.000000  0.007519
 937.000000  0.009716
 938.000000  0.007568
 939.000000  0.009643
 940.000000  0.007471
 941.000000  0.009716
 942.000000  0.007373
 943.000000  0.009570
 944.000000  0.007471
 945.000000  0.007178
 946.000000  0.009887
 947.000000  0.009765
 948.000000  0.007568
 949.000000  0.009643
 950.000000  0.009887
 951.000000  0.009570
 952.000000  0.007495
 953.000000  0.009594
 954.000000  0.007422
 955.000000  0.009668
 956.000000  0.007519
 957.000000  0.009497
 958.000000  0.007666
 959.000000  0.007104
 960.000000  0.007519
 961.000000  0.007178
 962.000000  0.009912
 963.000000  0.007129
 964.000000  0.007324
 965.000000  0.009692
 966.000000  0.007373
 967.000000  0.009570
 968.000000  0.007373
 969.000000  0.009643
 970.000000  0.009790
 971.000000  0.009643
 972.000000  0.007422
 973.000000  0.009643
 974.000000  0.007349
 975.000000  0.009594
 976.000000  0.007373
 977.000000  0.009716
 978.000000  0.007349
 979.000000  0.009570
 980.000000  0.007373
 981.000000  0.009692
 982.000000  0.007324
 983.000000  0.007251
 984.000000  0.007324
 985.000000  0.009619
 986.000000  0.007324
 987.000000  0.009545
 988.000000  0.009765
 989.000000  0.009545
 990.000000  0.007349
 991.000000  0.009716
 992.000000  0.007324
 993.000000  0.009716
 994.000000  0.007324
 995.000000  0.009643
 996.000000  0.007324
 997.000000  0.009692
 998.000000  0.009765
 999.000000  0.009643
 1000.000000  0.009765
 1001.000000  0.009570
 1002.000000  0.007324
 1003.000000  0.009423
 1004.000000  0.007324
 1005.000000  0.009594
 1006.000000  0.007324
 1007.000000  0.009545
 1008.000000  0.007324
 1009.000000  0.009668
 1010.000000  0.007324
 1011.000000  0.009594
 1012.000000  0.007324
 1013.000000  0.009497
 1014.000000  0.007300
 1015.000000  0.009570
 1016.000000  0.007324
 1017.000000  0.009570
 1018.000000  0.007324
 1019.000000  0.009497
 1020.000000  0.007324
 1021.000000  0.009326
 1022.000000  0.007324
 1023.000000  0.009423
