 0.000000  0.007397
 1.000000  0.007300
 2.000000  0.007324
 3.000000  0.007324
 4.000000  0.007446
 5.000000  0.007324
 6.000000  0.007373
 7.000000  0.007324
 8.000000  0.007324
 9.000000  0.007324
 10.000000  0.007422
 11.000000  0.007324
 12.000000  0.007373
 13.000000  0.007324
 14.000000  0.007349
 15.000000  0.007324
 16.000000  0.007397
 17.000000  0.007324
 18.000000  0.007446
 19.000000  0.007324
 20.000000  0.007324
 21.000000  0.007300
 22.000000  0.007349
 23.000000  0.007300
 24.000000  0.007373
 25.000000  0.007324
 26.000000  0.007495
 27.000000  0.009741
 28.000000  0.007397
 29.000000  0.007324
 30.000000  0.007324
 31.000000  0.007300
 32.000000  0.007446
 33.000000  0.007324
 34.000000  0.007349
 35.000000  0.007324
 36.000000  0.007422
 37.000000  0.007324
 38.000000  0.007495
 39.000000  0.009765
 40.000000  0.007422
 41.000000  0.007275
 42.000000  0.007495
 43.000000  0.007251
 44.000000  0.007373
 45.000000  0.007275
 46.000000  0.007397
 47.000000  0.007275
 48.000000  0.007397
 49.000000  0.007300
 50.000000  0.007446
 51.000000  0.007251
 52.000000  0.007446
 53.000000  0.007324
 54.000000  0.007495
 55.000000  0.007275
 56.000000  0.007568
 57.000000  0.007324
 58.000000  0.007544
 59.000000  0.009692
 60.000000  0.007422
 61.000000  0.009741
 62.000000  0.007519
 63.000000  0.007300
 64.000000  0.007495
 65.000000  0.007251
 66.000000  0.007349
 67.000000  0.009692
 68.000000  0.007422
 69.000000  0.007251
 70.000000  0.007397
 71.000000  0.007300
 72.000000  0.007397
 73.000000  0.007275
 74.000000  0.007471
 75.000000  0.007300
 76.000000  0.007568
 77.000000  0.007324
 78.000000  0.007349
 79.000000  0.007251
 80.000000  0.007446
 81.000000  0.007275
 82.000000  0.007422
 83.000000  0.007275
 84.000000  0.007349
 85.000000  0.007300
 86.000000  0.007471
 87.000000  0.007275
 88.000000  0.007495
 89.000000  0.007275
 90.000000  0.007422
 91.000000  0.007202
 92.000000  0.007397
 93.000000  0.007251
 94.000000  0.007349
 95.000000  0.007227
 96.000000  0.007495
 97.000000  0.007251
 98.000000  0.007422
 99.000000  0.007275
 100.000000  0.007422
 101.000000  0.009643
 102.000000  0.007397
 103.000000  0.009716
 104.000000  0.007519
 105.000000  0.007251
 106.000000  0.007471
 107.000000  0.007324
 108.000000  0.007593
 109.000000  0.009741
 110.000000  0.007446
 111.000000  0.007324
 112.000000  0.007471
 113.000000  0.007300
 114.000000  0.007373
 115.000000  0.007227
 116.000000  0.007349
 117.000000  0.007324
 118.000000  0.007397
 119.000000  0.007275
 120.000000  0.007471
 121.000000  0.007275
 122.000000  0.007349
 123.000000  0.007324
 124.000000  0.007397
 125.000000  0.007324
 126.000000  0.007373
 127.000000  0.009741
 128.000000  0.007324
 129.000000  0.007300
 130.000000  0.007422
 131.000000  0.009765
 132.000000  0.007324
 133.000000  0.007324
 134.000000  0.007422
 135.000000  0.009692
 136.000000  0.007300
 137.000000  0.007324
 138.000000  0.007373
 139.000000  0.007275
 140.000000  0.007373
 141.000000  0.007324
 142.000000  0.007349
 143.000000  0.007324
 144.000000  0.007349
 145.000000  0.009765
 146.000000  0.007324
 147.000000  0.007300
 148.000000  0.007397
 149.000000  0.009741
 150.000000  0.007373
 151.000000  0.007300
 152.000000  0.007373
 153.000000  0.007324
 154.000000  0.007324
 155.000000  0.007275
 156.000000  0.007349
 157.000000  0.009765
 158.000000  0.007349
 159.000000  0.007324
 160.000000  0.007373
 161.000000  0.007324
 162.000000  0.007373
 163.000000  0.007275
 164.000000  0.007349
 165.000000  0.007251
 166.000000  0.007349
 167.000000  0.007300
 168.000000  0.007349
 169.000000  0.009765
 170.000000  0.007324
 171.000000  0.007324
 172.000000  0.007324
 173.000000  0.007275
 174.000000  0.007324
 175.000000  0.007300
 176.000000  0.007324
 177.000000  0.007275
 178.000000  0.007324
 179.000000  0.009765
 180.000000  0.007324
 181.000000  0.007275
 182.000000  0.007324
 183.000000  0.007324
 184.000000  0.007324
 185.000000  0.007324
 186.000000  0.007349
 187.000000  0.007300
 188.000000  0.007324
 189.000000  0.007300
 190.000000  0.007373
 191.000000  0.007275
 192.000000  0.007324
 193.000000  0.007300
 194.000000  0.007349
 195.000000  0.007275
 196.000000  0.009790
 197.000000  0.007251
 198.000000  0.007300
 199.000000  0.009668
 200.000000  0.007373
 201.000000  0.009668
 202.000000  0.007373
 203.000000  0.007227
 204.000000  0.007422
 205.000000  0.007227
 206.000000  0.007324
 207.000000  0.007227
 208.000000  0.007349
 209.000000  0.009619
 210.000000  0.007397
 211.000000  0.007275
 212.000000  0.007300
 213.000000  0.009643
 214.000000  0.007349
 215.000000  0.007227
 216.000000  0.007373
 217.000000  0.007227
 218.000000  0.007397
 219.000000  0.009619
 220.000000  0.007349
 221.000000  0.007275
 222.000000  0.007397
 223.000000  0.007178
 224.000000  0.007349
 225.000000  0.007129
 226.000000  0.007349
 227.000000  0.009619
 228.000000  0.007397
 229.000000  0.009594
 230.000000  0.007397
 231.000000  0.007178
 232.000000  0.007373
 233.000000  0.009643
 234.000000  0.007373
 235.000000  0.007129
 236.000000  0.007397
 237.000000  0.007153
 238.000000  0.007422
 239.000000  0.009643
 240.000000  0.007373
 241.000000  0.007251
 242.000000  0.007446
 243.000000  0.009619
 244.000000  0.007373
 245.000000  0.007202
 246.000000  0.007349
 247.000000  0.007129
 248.000000  0.007349
 249.000000  0.007104
 250.000000  0.007373
 251.000000  0.007153
 252.000000  0.007397
 253.000000  0.007202
 254.000000  0.007349
 255.000000  0.009619
 256.000000  0.007324
 257.000000  0.007300
 258.000000  0.007373
 259.000000  0.007251
 260.000000  0.007373
 261.000000  0.007178
 262.000000  0.007373
 263.000000  0.009594
 264.000000  0.007373
 265.000000  0.009594
 266.000000  0.007300
 267.000000  0.009594
 268.000000  0.007349
 269.000000  0.009570
 270.000000  0.007397
 271.000000  0.007178
 272.000000  0.007349
 273.000000  0.007251
 274.000000  0.007422
 275.000000  0.009692
 276.000000  0.007349
 277.000000  0.009692
 278.000000  0.007324
 279.000000  0.007324
 280.000000  0.007349
 281.000000  0.009692
 282.000000  0.007324
 283.000000  0.009619
 284.000000  0.007324
 285.000000  0.007275
 286.000000  0.007349
 287.000000  0.007251
 288.000000  0.007349
 289.000000  0.009741
 290.000000  0.007349
 291.000000  0.007300
 292.000000  0.007349
 293.000000  0.007251
 294.000000  0.007373
 295.000000  0.009692
 296.000000  0.007373
 297.000000  0.009741
 298.000000  0.007324
 299.000000  0.009716
 300.000000  0.007324
 301.000000  0.007300
 302.000000  0.007324
 303.000000  0.009765
 304.000000  0.007324
 305.000000  0.007300
 306.000000  0.007324
 307.000000  0.009741
 308.000000  0.007324
 309.000000  0.009692
 310.000000  0.007349
 311.000000  0.007275
 312.000000  0.007324
 313.000000  0.007275
 314.000000  0.007373
 315.000000  0.009741
 316.000000  0.007324
 317.000000  0.007300
 318.000000  0.007324
 319.000000  0.007275
 320.000000  0.007324
 321.000000  0.009765
 322.000000  0.007349
 323.000000  0.009765
 324.000000  0.007324
 325.000000  0.007324
 326.000000  0.007324
 327.000000  0.007251
 328.000000  0.007324
 329.000000  0.009765
 330.000000  0.007324
 331.000000  0.009716
 332.000000  0.007324
 333.000000  0.009765
 334.000000  0.007349
 335.000000  0.009765
 336.000000  0.007324
 337.000000  0.007324
 338.000000  0.007349
 339.000000  0.007324
 340.000000  0.007324
 341.000000  0.009765
 342.000000  0.009765
 343.000000  0.009741
 344.000000  0.007324
 345.000000  0.009741
 346.000000  0.007324
 347.000000  0.007324
 348.000000  0.007349
 349.000000  0.009741
 350.000000  0.007324
 351.000000  0.009741
 352.000000  0.007324
 353.000000  0.009643
 354.000000  0.007397
 355.000000  0.007300
 356.000000  0.007349
 357.000000  0.007251
 358.000000  0.007422
 359.000000  0.009741
 360.000000  0.007349
 361.000000  0.007227
 362.000000  0.007422
 363.000000  0.009692
 364.000000  0.007349
 365.000000  0.007251
 366.000000  0.007373
 367.000000  0.007251
 368.000000  0.007324
 369.000000  0.007251
 370.000000  0.007397
 371.000000  0.009716
 372.000000  0.007446
 373.000000  0.009692
 374.000000  0.007397
 375.000000  0.009643
 376.000000  0.007349
 377.000000  0.007275
 378.000000  0.007397
 379.000000  0.007275
 380.000000  0.007373
 381.000000  0.009643
 382.000000  0.007397
 383.000000  0.007251
 384.000000  0.007422
 385.000000  0.007300
 386.000000  0.007397
 387.000000  0.009668
 388.000000  0.007373
 389.000000  0.009692
 390.000000  0.007397
 391.000000  0.009668
 392.000000  0.007471
 393.000000  0.007324
 394.000000  0.007422
 395.000000  0.007227
 396.000000  0.007397
 397.000000  0.007227
 398.000000  0.007446
 399.000000  0.007202
 400.000000  0.007422
 401.000000  0.009692
 402.000000  0.007422
 403.000000  0.007275
 404.000000  0.007397
 405.000000  0.007178
 406.000000  0.007397
 407.000000  0.007251
 408.000000  0.007422
 409.000000  0.009692
 410.000000  0.007446
 411.000000  0.009643
 412.000000  0.007397
 413.000000  0.007227
 414.000000  0.007519
 415.000000  0.009741
 416.000000  0.007471
 417.000000  0.007227
 418.000000  0.007471
 419.000000  0.007251
 420.000000  0.007495
 421.000000  0.007275
 422.000000  0.007373
 423.000000  0.007202
 424.000000  0.007471
 425.000000  0.009765
 426.000000  0.007422
 427.000000  0.009741
 428.000000  0.007422
 429.000000  0.009741
 430.000000  0.007397
 431.000000  0.009741
 432.000000  0.007422
 433.000000  0.007275
 434.000000  0.007446
 435.000000  0.009741
 436.000000  0.007397
 437.000000  0.009765
 438.000000  0.007397
 439.000000  0.009765
 440.000000  0.007349
 441.000000  0.009765
 442.000000  0.007373
 443.000000  0.009741
 444.000000  0.007373
 445.000000  0.009765
 446.000000  0.007471
 447.000000  0.007324
 448.000000  0.007397
 449.000000  0.009765
 450.000000  0.007446
 451.000000  0.009765
 452.000000  0.007349
 453.000000  0.009765
 454.000000  0.007373
 455.000000  0.009765
 456.000000  0.007373
 457.000000  0.009765
 458.000000  0.007373
 459.000000  0.009765
 460.000000  0.007373
 461.000000  0.009765
 462.000000  0.007349
 463.000000  0.009765
 464.000000  0.007568
 465.000000  0.009765
 466.000000  0.007495
 467.000000  0.007324
 468.000000  0.007349
 469.000000  0.007324
 470.000000  0.007373
 471.000000  0.009765
 472.000000  0.007422
 473.000000  0.007324
 474.000000  0.007446
 475.000000  0.009765
 476.000000  0.007349
 477.000000  0.007324
 478.000000  0.007397
 479.000000  0.009765
 480.000000  0.007373
 481.000000  0.009765
 482.000000  0.007471
 483.000000  0.007324
 484.000000  0.007446
 485.000000  0.009765
 486.000000  0.007397
 487.000000  0.007324
 488.000000  0.007373
 489.000000  0.007324
 490.000000  0.007397
 491.000000  0.009765
 492.000000  0.007544
 493.000000  0.009765
 494.000000  0.007519
 495.000000  0.009765
 496.000000  0.007495
 497.000000  0.007349
 498.000000  0.007422
 499.000000  0.009765
 500.000000  0.007446
 501.000000  0.009765
 502.000000  0.007690
 503.000000  0.009765
 504.000000  0.007519
 505.000000  0.009765
 506.000000  0.007544
 507.000000  0.007349
 508.000000  0.007642
 509.000000  0.007324
 510.000000  0.007861
 511.000000  0.009790
 512.000000  0.007739
 513.000000  0.007373
 514.000000  0.007617
 515.000000  0.007324
 516.000000  0.007666
 517.000000  0.007349
 518.000000  0.007861
 519.000000  0.007373
 520.000000  0.007935
 521.000000  0.007373
 522.000000  0.007690
 523.000000  0.009765
 524.000000  0.007910
 525.000000  0.009838
 526.000000  0.007910
 527.000000  0.009790
 528.000000  0.007861
 529.000000  0.009765
 530.000000  0.008130
 531.000000  0.009814
 532.000000  0.007642
 533.000000  0.007422
 534.000000  0.008032
 535.000000  0.007373
 536.000000  0.007788
 537.000000  0.009765
 538.000000  0.008081
 539.000000  0.009838
 540.000000  0.008325
 541.000000  0.007397
 542.000000  0.008398
 543.000000  0.007544
 544.000000  0.008350
 545.000000  0.007324
 546.000000  0.008496
 547.000000  0.009838
 548.000000  0.008813
 549.000000  0.009961
 550.000000  0.008154
 551.000000  0.009985
 552.000000  0.008569
 553.000000  0.007666
 554.000000  0.008594
 555.000000  0.007397
 556.000000  0.008936
 557.000000  0.010034
 558.000000  0.009399
 559.000000  0.009912
 560.000000  0.008911
 561.000000  0.007544
 562.000000  0.009399
 563.000000  0.010424
 564.000000  0.008887
 565.000000  0.010034
 566.000000  0.008936
 567.000000  0.010693
 568.000000  0.009155
 569.000000  0.009985
 570.000000  0.009180
 571.000000  0.010473
 572.000000  0.009473
 573.000000  0.010302
 574.000000  0.009277
 575.000000  0.010376
 576.000000  0.009570
 577.000000  0.010913
 578.000000  0.009473
 579.000000  0.010351
 580.000000  0.009668
 581.000000  0.009180
 582.000000  0.009717
 583.000000  0.010693
 584.000000  0.009644
 585.000000  0.011669
 586.000000  0.009741
 587.000000  0.011547
 588.000000  0.009717
 589.000000  0.008936
 590.000000  0.009766
 591.000000  0.012011
 592.000000  0.009766
 593.000000  0.009009
 594.000000  0.009766
 595.000000  0.012133
 596.000000  0.009790
 597.000000  0.011377
 598.000000  0.009766
 599.000000  0.011889
 600.000000  0.009766
 601.000000  0.011840
 602.000000  0.009741
 603.000000  0.011962
 604.000000  0.009912
 605.000000  0.012207
 606.000000  0.009790
 607.000000  0.012085
 608.000000  0.009790
 609.000000  0.012207
 610.000000  0.010278
 611.000000  0.012182
 612.000000  0.012207
 613.000000  0.012231
 614.000000  0.013818
 615.000000  0.012500
 616.000000  0.009790
 617.000000  0.009766
 618.000000  0.010767
 619.000000  0.012890
 620.000000  0.011133
 621.000000  0.012207
 622.000000  0.010156
 623.000000  0.013134
 624.000000  0.014648
 625.000000  0.012280
 626.000000  0.010278
 627.000000  0.012524
 628.000000  0.012207
 629.000000  0.014648
 630.000000  0.011963
 631.000000  0.013061
 632.000000  0.012207
 633.000000  0.014648
 634.000000  0.012305
 635.000000  0.014257
 636.000000  0.012231
 637.000000  0.012207
 638.000000  0.014648
 639.000000  0.014697
 640.000000  0.012207
 641.000000  0.014648
 642.000000  0.014526
 643.000000  0.014648
 644.000000  0.016601
 645.000000  0.014648
 646.000000  0.015600
 647.000000  0.017089
 648.000000  0.016650
 649.000000  0.012671
 650.000000  0.013989
 651.000000  0.014404
 652.000000  0.016724
 653.000000  0.016699
 654.000000  0.014648
 655.000000  0.016894
 656.000000  0.014844
 657.000000  0.019531
 658.000000  0.017090
 659.000000  0.014648
 660.000000  0.015381
 661.000000  0.019018
 662.000000  0.019531
 663.000000  0.019628
 664.000000  0.018652
 665.000000  0.018139
 666.000000  0.021630
 667.000000  0.024462
 668.000000  0.019116
 669.000000  0.017041
 670.000000  0.017944
 671.000000  0.020312
 672.000000  0.026733
 673.000000  0.021948
 674.000000  0.021948
 675.000000  0.021972
 676.000000  0.025586
 677.000000  0.031713
 678.000000  0.021826
 679.000000  0.022119
 680.000000  0.023486
 681.000000  0.030249
 682.000000  0.033740
 683.000000  0.025195
 684.000000  0.024414
 685.000000  0.029296
 686.000000  0.041431
 687.000000  0.035962
 688.000000  0.031396
 689.000000  0.029224
 690.000000  0.038916
 691.000000  0.067065
 692.000000  0.046997
 693.000000  0.039160
 694.000000  0.041772
 695.000000  0.078027
 696.000000  0.200317
 697.000000  0.092553
 698.000000  0.052441
 699.000000  0.060205
 700.000000  0.094116
 701.000000  0.196460
 702.000000  0.091235
 703.000000  0.073486
 704.000000  0.098413
 705.000000  0.208398
 706.000000  0.333618
 707.000000  0.151416
 708.000000  0.117651
 709.000000  0.182739
 710.000000  0.475098
 711.000000  0.579785
 712.000000  0.291162
 713.000000  0.333642
 714.000000  0.764014
 715.000000  1.472827
 716.000000  1.470068
 717.000000  0.628247
 718.000000  0.253442
 719.000000  0.189404
 720.000000  0.248853
 721.000000  0.188086
 722.000000  0.094653
 723.000000  0.074267
 724.000000  0.071191
 725.000000  0.099292
 726.000000  0.069702
 727.000000  0.049829
 728.000000  0.043091
 729.000000  0.043872
 730.000000  0.056177
 731.000000  0.041528
 732.000000  0.033691
 733.000000  0.033764
 734.000000  0.037158
 735.000000  0.043554
 736.000000  0.030469
 737.000000  0.029199
 738.000000  0.027344
 739.000000  0.031518
 740.000000  0.034009
 741.000000  0.027417
 742.000000  0.024097
 743.000000  0.023071
 744.000000  0.026074
 745.000000  0.029296
 746.000000  0.021924
 747.000000  0.019800
 748.000000  0.021753
 749.000000  0.024536
 750.000000  0.022852
 751.000000  0.021875
 752.000000  0.021801
 753.000000  0.021850
 754.000000  0.020728
 755.000000  0.021948
 756.000000  0.017114
 757.000000  0.019360
 758.000000  0.017285
 759.000000  0.018091
 760.000000  0.018433
 761.000000  0.017919
 762.000000  0.016162
 763.000000  0.018310
 764.000000  0.017090
 765.000000  0.017285
 766.000000  0.014673
 767.000000  0.014600
 768.000000  0.014868
 769.000000  0.017407
 770.000000  0.014673
 771.000000  0.015112
 772.000000  0.013892
 773.000000  0.017016
 774.000000  0.017138
 775.000000  0.015185
 776.000000  0.014770
 777.000000  0.014648
 778.000000  0.014502
 779.000000  0.013501
 780.000000  0.012353
 781.000000  0.011743
 782.000000  0.014624
 783.000000  0.014648
 784.000000  0.013086
 785.000000  0.014184
 786.000000  0.012158
 787.000000  0.013256
 788.000000  0.014648
 789.000000  0.014624
 790.000000  0.012158
 791.000000  0.012207
 792.000000  0.010522
 793.000000  0.014209
 794.000000  0.012207
 795.000000  0.012329
 796.000000  0.009814
 797.000000  0.012207
 798.000000  0.011621
 799.000000  0.013037
 800.000000  0.009961
 801.000000  0.012207
 802.000000  0.012304
 803.000000  0.012207
 804.000000  0.010596
 805.000000  0.012182
 806.000000  0.009790
 807.000000  0.012207
 808.000000  0.012304
 809.000000  0.009766
 810.000000  0.009766
 811.000000  0.009277
 812.000000  0.009790
 813.000000  0.009766
 814.000000  0.009814
 815.000000  0.011767
 816.000000  0.009766
 817.000000  0.011621
 818.000000  0.009790
 819.000000  0.011962
 820.000000  0.009741
 821.000000  0.010669
 822.000000  0.009692
 823.000000  0.011865
 824.000000  0.012158
 825.000000  0.010717
 826.000000  0.009521
 827.000000  0.010937
 828.000000  0.009790
 829.000000  0.010864
 830.000000  0.009326
 831.000000  0.010083
 832.000000  0.009497
 833.000000  0.010888
 834.000000  0.009399
 835.000000  0.010180
 836.000000  0.011523
 837.000000  0.010131
 838.000000  0.009521
 839.000000  0.010400
 840.000000  0.008960
 841.000000  0.009863
 842.000000  0.011132
 843.000000  0.010131
 844.000000  0.008936
 845.000000  0.007397
 846.000000  0.010644
 847.000000  0.009814
 848.000000  0.008765
 849.000000  0.009887
 850.000000  0.007983
 851.000000  0.009838
 852.000000  0.008008
 853.000000  0.007422
 854.000000  0.010791
 855.000000  0.009838
 856.000000  0.007617
 857.000000  0.007373
 858.000000  0.008325
 859.000000  0.007349
 860.000000  0.010205
 861.000000  0.009765
 862.000000  0.007519
 863.000000  0.007397
 864.000000  0.007886
 865.000000  0.009741
 866.000000  0.009863
 867.000000  0.007349
 868.000000  0.008154
 869.000000  0.009790
 870.000000  0.007544
 871.000000  0.009765
 872.000000  0.007568
 873.000000  0.009765
 874.000000  0.007544
 875.000000  0.009790
 876.000000  0.007471
 877.000000  0.007300
 878.000000  0.007666
 879.000000  0.007349
 880.000000  0.007617
 881.000000  0.009790
 882.000000  0.007519
 883.000000  0.009814
 884.000000  0.007617
 885.000000  0.009668
 886.000000  0.007397
 887.000000  0.007324
 888.000000  0.007446
 889.000000  0.009716
 890.000000  0.007446
 891.000000  0.009716
 892.000000  0.007373
 893.000000  0.009741
 894.000000  0.007519
 895.000000  0.009741
 896.000000  0.007397
 897.000000  0.009790
 898.000000  0.007397
 899.000000  0.009741
 900.000000  0.007324
 901.000000  0.009765
 902.000000  0.009814
 903.000000  0.009765
 904.000000  0.007397
 905.000000  0.009741
 906.000000  0.009765
 907.000000  0.009692
 908.000000  0.009790
 909.000000  0.009716
 910.000000  0.007324
 911.000000  0.009692
 912.000000  0.007397
 913.000000  0.009716
 914.000000  0.007349
 915.000000  0.009765
 916.000000  0.007324
 917.000000  0.009716
 918.000000  0.009765
 919.000000  0.009692
 920.000000  0.009790
 921.000000  0.009643
 922.000000  0.007324
 923.000000  0.009619
 924.000000  0.007324
 925.000000  0.009692
 926.000000  0.007349
 927.000000  0.009716
 928.000000  0.007324
 929.000000  0.009741
 930.000000  0.007324
 931.000000  0.009668
 932.000000  0.007324
 933.000000  0.009716
 934.000000  0.007324
 935.000000  0.009741
 936.000000  0.007324
 937.000000  0.009570
 938.000000  0.007324
 939.000000  0.009594
 940.000000  0.007324
 941.000000  0.009619
 942.000000  0.007324
 943.000000  0.009668
 944.000000  0.007324
 945.000000  0.007202
 946.000000  0.009765
 947.000000  0.009668
 948.000000  0.007324
 949.000000  0.009692
 950.000000  0.009765
 951.000000  0.009692
 952.000000  0.007324
 953.000000  0.009643
 954.000000  0.007324
 955.000000  0.009643
 956.000000  0.007324
 957.000000  0.009643
 958.000000  0.007324
 959.000000  0.007129
 960.000000  0.007324
 961.000000  0.007227
 962.000000  0.009765
 963.000000  0.007178
 964.000000  0.007324
 965.000000  0.009716
 966.000000  0.007324
 967.000000  0.009594
 968.000000  0.007324
 969.000000  0.009668
 970.000000  0.009741
 971.000000  0.009497
 972.000000  0.007300
 973.000000  0.009521
 974.000000  0.007300
 975.000000  0.009692
 976.000000  0.007324
 977.000000  0.009570
 978.000000  0.007300
 979.000000  0.009619
 980.000000  0.007324
 981.000000  0.009594
 982.000000  0.007300
 983.000000  0.007104
 984.000000  0.007300
 985.000000  0.009521
 986.000000  0.007324
 987.000000  0.009423
 988.000000  0.009765
 989.000000  0.009375
 990.000000  0.007300
 991.000000  0.009423
 992.000000  0.007300
 993.000000  0.009326
 994.000000  0.007300
 995.000000  0.009472
 996.000000  0.007300
 997.000000  0.009545
 998.000000  0.009692
 999.000000  0.009375
 1000.000000  0.009765
 1001.000000  0.009326
 1002.000000  0.007300
 1003.000000  0.009204
 1004.000000  0.007300
 1005.000000  0.009228
 1006.000000  0.007373
 1007.000000  0.009399
 1008.000000  0.007275
 1009.000000  0.009277
 1010.000000  0.007300
 1011.000000  0.009472
 1012.000000  0.007275
 1013.000000  0.009033
 1014.000000  0.007324
 1015.000000  0.009375
 1016.000000  0.007275
 1017.000000  0.009399
 1018.000000  0.007275
 1019.000000  0.009082
 1020.000000  0.007251
 1021.000000  0.009008
 1022.000000  0.007251
 1023.000000  0.009375
