 0.000000  0.007031
 1.000000  0.006982
 2.000000  0.007324
 3.000000  0.007104
 4.000000  0.007349
 5.000000  0.007275
 6.000000  0.007593
 7.000000  0.006787
 8.000000  0.007275
 9.000000  0.007104
 10.000000  0.007422
 11.000000  0.007031
 12.000000  0.007373
 13.000000  0.007129
 14.000000  0.007373
 15.000000  0.006934
 16.000000  0.007324
 17.000000  0.007056
 18.000000  0.007397
 19.000000  0.007129
 20.000000  0.007349
 21.000000  0.007153
 22.000000  0.007422
 23.000000  0.007251
 24.000000  0.007397
 25.000000  0.007031
 26.000000  0.007324
 27.000000  0.009594
 28.000000  0.007373
 29.000000  0.007202
 30.000000  0.007324
 31.000000  0.007251
 32.000000  0.007349
 33.000000  0.007251
 34.000000  0.007324
 35.000000  0.007153
 36.000000  0.007349
 37.000000  0.007202
 38.000000  0.007373
 39.000000  0.009741
 40.000000  0.007324
 41.000000  0.007153
 42.000000  0.007349
 43.000000  0.007178
 44.000000  0.007349
 45.000000  0.007129
 46.000000  0.007349
 47.000000  0.007227
 48.000000  0.007349
 49.000000  0.007202
 50.000000  0.007324
 51.000000  0.007178
 52.000000  0.007324
 53.000000  0.007275
 54.000000  0.007324
 55.000000  0.007275
 56.000000  0.007373
 57.000000  0.007153
 58.000000  0.007422
 59.000000  0.009668
 60.000000  0.007324
 61.000000  0.009619
 62.000000  0.007324
 63.000000  0.007324
 64.000000  0.007324
 65.000000  0.007178
 66.000000  0.007324
 67.000000  0.009643
 68.000000  0.007324
 69.000000  0.007202
 70.000000  0.007349
 71.000000  0.007227
 72.000000  0.007324
 73.000000  0.007275
 74.000000  0.007324
 75.000000  0.007202
 76.000000  0.007324
 77.000000  0.007300
 78.000000  0.007324
 79.000000  0.007202
 80.000000  0.007324
 81.000000  0.007227
 82.000000  0.007324
 83.000000  0.007227
 84.000000  0.007324
 85.000000  0.007227
 86.000000  0.007324
 87.000000  0.007275
 88.000000  0.007324
 89.000000  0.007300
 90.000000  0.007324
 91.000000  0.007251
 92.000000  0.007324
 93.000000  0.007227
 94.000000  0.007324
 95.000000  0.007178
 96.000000  0.007324
 97.000000  0.007227
 98.000000  0.007324
 99.000000  0.007202
 100.000000  0.007324
 101.000000  0.009668
 102.000000  0.007324
 103.000000  0.009668
 104.000000  0.007324
 105.000000  0.007275
 106.000000  0.007324
 107.000000  0.007178
 108.000000  0.007324
 109.000000  0.009741
 110.000000  0.007349
 111.000000  0.007251
 112.000000  0.007324
 113.000000  0.007324
 114.000000  0.007324
 115.000000  0.007275
 116.000000  0.007349
 117.000000  0.007275
 118.000000  0.007324
 119.000000  0.007202
 120.000000  0.007324
 121.000000  0.007300
 122.000000  0.007349
 123.000000  0.007275
 124.000000  0.007324
 125.000000  0.007324
 126.000000  0.007324
 127.000000  0.009716
 128.000000  0.007324
 129.000000  0.007153
 130.000000  0.007324
 131.000000  0.009521
 132.000000  0.007324
 133.000000  0.007227
 134.000000  0.007324
 135.000000  0.009619
 136.000000  0.007324
 137.000000  0.007227
 138.000000  0.007324
 139.000000  0.007300
 140.000000  0.007349
 141.000000  0.007104
 142.000000  0.007349
 143.000000  0.007202
 144.000000  0.007324
 145.000000  0.009594
 146.000000  0.007349
 147.000000  0.007153
 148.000000  0.007349
 149.000000  0.009643
 150.000000  0.007324
 151.000000  0.007031
 152.000000  0.007324
 153.000000  0.007202
 154.000000  0.007324
 155.000000  0.007129
 156.000000  0.007471
 157.000000  0.009692
 158.000000  0.007422
 159.000000  0.007129
 160.000000  0.007446
 161.000000  0.006445
 162.000000  0.007227
 163.000000  0.007056
 164.000000  0.007544
 165.000000  0.007056
 166.000000  0.007471
 167.000000  0.007056
 168.000000  0.007422
 169.000000  0.009423
 170.000000  0.007373
 171.000000  0.007031
 172.000000  0.007519
 173.000000  0.007080
 174.000000  0.007349
 175.000000  0.007129
 176.000000  0.007422
 177.000000  0.006982
 178.000000  0.007422
 179.000000  0.009423
 180.000000  0.007349
 181.000000  0.007178
 182.000000  0.007422
 183.000000  0.007202
 184.000000  0.007373
 185.000000  0.007275
 186.000000  0.007324
 187.000000  0.007251
 188.000000  0.007324
 189.000000  0.007178
 190.000000  0.007349
 191.000000  0.007080
 192.000000  0.007324
 193.000000  0.007300
 194.000000  0.007349
 195.000000  0.007227
 196.000000  0.009814
 197.000000  0.007202
 198.000000  0.007324
 199.000000  0.009570
 200.000000  0.007324
 201.000000  0.009643
 202.000000  0.007324
 203.000000  0.007300
 204.000000  0.007373
 205.000000  0.007227
 206.000000  0.007324
 207.000000  0.007300
 208.000000  0.007324
 209.000000  0.009619
 210.000000  0.007324
 211.000000  0.007178
 212.000000  0.007324
 213.000000  0.009643
 214.000000  0.007324
 215.000000  0.007227
 216.000000  0.007349
 217.000000  0.007227
 218.000000  0.007349
 219.000000  0.009619
 220.000000  0.007324
 221.000000  0.007227
 222.000000  0.007324
 223.000000  0.007300
 224.000000  0.007324
 225.000000  0.007300
 226.000000  0.007324
 227.000000  0.009716
 228.000000  0.007324
 229.000000  0.009619
 230.000000  0.007324
 231.000000  0.007202
 232.000000  0.007324
 233.000000  0.009741
 234.000000  0.007324
 235.000000  0.007275
 236.000000  0.007349
 237.000000  0.007300
 238.000000  0.007324
 239.000000  0.009765
 240.000000  0.007324
 241.000000  0.007324
 242.000000  0.007324
 243.000000  0.009765
 244.000000  0.007324
 245.000000  0.007275
 246.000000  0.007349
 247.000000  0.007324
 248.000000  0.007324
 249.000000  0.007324
 250.000000  0.007324
 251.000000  0.007324
 252.000000  0.007324
 253.000000  0.007324
 254.000000  0.007324
 255.000000  0.009765
 256.000000  0.007324
 257.000000  0.007324
 258.000000  0.007373
 259.000000  0.007300
 260.000000  0.007349
 261.000000  0.007324
 262.000000  0.007324
 263.000000  0.009741
 264.000000  0.007324
 265.000000  0.009765
 266.000000  0.007349
 267.000000  0.009741
 268.000000  0.007324
 269.000000  0.009765
 270.000000  0.007324
 271.000000  0.007324
 272.000000  0.007349
 273.000000  0.007324
 274.000000  0.007397
 275.000000  0.009765
 276.000000  0.007397
 277.000000  0.009765
 278.000000  0.007397
 279.000000  0.007324
 280.000000  0.007544
 281.000000  0.009741
 282.000000  0.007397
 283.000000  0.009765
 284.000000  0.007446
 285.000000  0.007324
 286.000000  0.007373
 287.000000  0.007324
 288.000000  0.007471
 289.000000  0.009765
 290.000000  0.007349
 291.000000  0.007324
 292.000000  0.007544
 293.000000  0.007324
 294.000000  0.007715
 295.000000  0.009765
 296.000000  0.007617
 297.000000  0.009765
 298.000000  0.007642
 299.000000  0.009765
 300.000000  0.007446
 301.000000  0.007324
 302.000000  0.007495
 303.000000  0.009814
 304.000000  0.007837
 305.000000  0.007324
 306.000000  0.007593
 307.000000  0.009765
 308.000000  0.007788
 309.000000  0.009765
 310.000000  0.007935
 311.000000  0.007324
 312.000000  0.007837
 313.000000  0.007251
 314.000000  0.008643
 315.000000  0.009790
 316.000000  0.008691
 317.000000  0.007959
 318.000000  0.008911
 319.000000  0.007519
 320.000000  0.008154
 321.000000  0.009961
 322.000000  0.008740
 323.000000  0.009985
 324.000000  0.008374
 325.000000  0.007471
 326.000000  0.008423
 327.000000  0.007544
 328.000000  0.008740
 329.000000  0.010107
 330.000000  0.008911
 331.000000  0.010107
 332.000000  0.008984
 333.000000  0.010229
 334.000000  0.009204
 335.000000  0.010253
 336.000000  0.009180
 337.000000  0.007764
 338.000000  0.008936
 339.000000  0.007910
 340.000000  0.009375
 341.000000  0.010766
 342.000000  0.011645
 343.000000  0.010351
 344.000000  0.009399
 345.000000  0.010376
 346.000000  0.009399
 347.000000  0.007861
 348.000000  0.009619
 349.000000  0.010644
 350.000000  0.009619
 351.000000  0.010376
 352.000000  0.009595
 353.000000  0.010571
 354.000000  0.009570
 355.000000  0.008594
 356.000000  0.009717
 357.000000  0.008862
 358.000000  0.009717
 359.000000  0.011010
 360.000000  0.009766
 361.000000  0.009106
 362.000000  0.009741
 363.000000  0.011254
 364.000000  0.009741
 365.000000  0.008887
 366.000000  0.009766
 367.000000  0.009277
 368.000000  0.009766
 369.000000  0.009302
 370.000000  0.009766
 371.000000  0.011840
 372.000000  0.009766
 373.000000  0.011889
 374.000000  0.009766
 375.000000  0.011889
 376.000000  0.009766
 377.000000  0.009692
 378.000000  0.009766
 379.000000  0.009766
 380.000000  0.009766
 381.000000  0.012158
 382.000000  0.009766
 383.000000  0.009741
 384.000000  0.009766
 385.000000  0.009766
 386.000000  0.009790
 387.000000  0.012158
 388.000000  0.009766
 389.000000  0.012207
 390.000000  0.009912
 391.000000  0.012207
 392.000000  0.009912
 393.000000  0.009766
 394.000000  0.009961
 395.000000  0.009766
 396.000000  0.010059
 397.000000  0.009790
 398.000000  0.010083
 399.000000  0.009790
 400.000000  0.010205
 401.000000  0.012280
 402.000000  0.010303
 403.000000  0.009790
 404.000000  0.010522
 405.000000  0.010181
 406.000000  0.011523
 407.000000  0.010498
 408.000000  0.011841
 409.000000  0.012744
 410.000000  0.011865
 411.000000  0.013403
 412.000000  0.012012
 413.000000  0.011035
 414.000000  0.012158
 415.000000  0.013891
 416.000000  0.012158
 417.000000  0.011523
 418.000000  0.012183
 419.000000  0.012207
 420.000000  0.012207
 421.000000  0.012085
 422.000000  0.012207
 423.000000  0.012207
 424.000000  0.012207
 425.000000  0.014648
 426.000000  0.012256
 427.000000  0.014648
 428.000000  0.012353
 429.000000  0.014648
 430.000000  0.012378
 431.000000  0.014648
 432.000000  0.012769
 433.000000  0.012280
 434.000000  0.012793
 435.000000  0.014648
 436.000000  0.013208
 437.000000  0.014794
 438.000000  0.013818
 439.000000  0.014746
 440.000000  0.013965
 441.000000  0.015332
 442.000000  0.014600
 443.000000  0.015600
 444.000000  0.014502
 445.000000  0.015893
 446.000000  0.014600
 447.000000  0.014380
 448.000000  0.014502
 449.000000  0.015869
 450.000000  0.014478
 451.000000  0.016967
 452.000000  0.014673
 453.000000  0.017041
 454.000000  0.014673
 455.000000  0.017041
 456.000000  0.015796
 457.000000  0.017114
 458.000000  0.015845
 459.000000  0.017114
 460.000000  0.015796
 461.000000  0.017236
 462.000000  0.015503
 463.000000  0.017114
 464.000000  0.015356
 465.000000  0.017285
 466.000000  0.016919
 467.000000  0.014746
 468.000000  0.016333
 469.000000  0.016772
 470.000000  0.017187
 471.000000  0.018945
 472.000000  0.016406
 473.000000  0.015527
 474.000000  0.016431
 475.000000  0.019043
 476.000000  0.016870
 477.000000  0.016479
 478.000000  0.017041
 479.000000  0.020092
 480.000000  0.018555
 481.000000  0.019335
 482.000000  0.017236
 483.000000  0.017407
 484.000000  0.019653
 485.000000  0.020898
 486.000000  0.017627
 487.000000  0.017187
 488.000000  0.020996
 489.000000  0.023706
 490.000000  0.019238
 491.000000  0.019995
 492.000000  0.021777
 493.000000  0.035205
 494.000000  0.031665
 495.000000  0.021899
 496.000000  0.020435
 497.000000  0.025024
 498.000000  0.034521
 499.000000  0.028955
 500.000000  0.021802
 501.000000  0.025268
 502.000000  0.036304
 503.000000  0.049560
 504.000000  0.031470
 505.000000  0.036328
 506.000000  0.094995
 507.000000  0.254565
 508.000000  0.190405
 509.000000  0.046045
 510.000000  0.031470
 511.000000  0.031250
 512.000000  0.033984
 513.000000  0.029175
 514.000000  0.024414
 515.000000  0.024170
 516.000000  0.026733
 517.000000  0.029224
 518.000000  0.029248
 519.000000  0.028613
 520.000000  0.041870
 521.000000  0.101318
 522.000000  0.243726
 523.000000  0.149292
 524.000000  0.040259
 525.000000  0.033422
 526.000000  0.031055
 527.000000  0.029858
 528.000000  0.022827
 529.000000  0.024169
 530.000000  0.021826
 531.000000  0.024389
 532.000000  0.023047
 533.000000  0.019531
 534.000000  0.019531
 535.000000  0.019531
 536.000000  0.019751
 537.000000  0.021484
 538.000000  0.019482
 539.000000  0.019628
 540.000000  0.019482
 541.000000  0.018286
 542.000000  0.017798
 543.000000  0.017090
 544.000000  0.017163
 545.000000  0.017236
 546.000000  0.017383
 547.000000  0.019433
 548.000000  0.017139
 549.000000  0.019482
 550.000000  0.017480
 551.000000  0.019409
 552.000000  0.017017
 553.000000  0.016211
 554.000000  0.017090
 555.000000  0.017065
 556.000000  0.017090
 557.000000  0.018457
 558.000000  0.017065
 559.000000  0.018725
 560.000000  0.016895
 561.000000  0.014648
 562.000000  0.015747
 563.000000  0.017114
 564.000000  0.016382
 565.000000  0.017187
 566.000000  0.015112
 567.000000  0.017089
 568.000000  0.014673
 569.000000  0.017089
 570.000000  0.014966
 571.000000  0.017089
 572.000000  0.014648
 573.000000  0.017089
 574.000000  0.014648
 575.000000  0.017065
 576.000000  0.014648
 577.000000  0.016674
 578.000000  0.014648
 579.000000  0.017016
 580.000000  0.014648
 581.000000  0.012891
 582.000000  0.013696
 583.000000  0.015332
 584.000000  0.014453
 585.000000  0.016040
 586.000000  0.014282
 587.000000  0.015112
 588.000000  0.014478
 589.000000  0.012671
 590.000000  0.013672
 591.000000  0.014697
 592.000000  0.013672
 593.000000  0.012305
 594.000000  0.012915
 595.000000  0.014648
 596.000000  0.012476
 597.000000  0.014648
 598.000000  0.012207
 599.000000  0.014648
 600.000000  0.012207
 601.000000  0.014404
 602.000000  0.012231
 603.000000  0.014502
 604.000000  0.012207
 605.000000  0.014306
 606.000000  0.012207
 607.000000  0.014526
 608.000000  0.012183
 609.000000  0.013867
 610.000000  0.012183
 611.000000  0.014086
 612.000000  0.014526
 613.000000  0.013647
 614.000000  0.014453
 615.000000  0.013256
 616.000000  0.011694
 617.000000  0.010474
 618.000000  0.010889
 619.000000  0.012255
 620.000000  0.010889
 621.000000  0.012207
 622.000000  0.010132
 623.000000  0.012255
 624.000000  0.012646
 625.000000  0.012011
 626.000000  0.010254
 627.000000  0.012182
 628.000000  0.010059
 629.000000  0.012231
 630.000000  0.010693
 631.000000  0.012475
 632.000000  0.010010
 633.000000  0.012133
 634.000000  0.009912
 635.000000  0.012109
 636.000000  0.009814
 637.000000  0.009619
 638.000000  0.009766
 639.000000  0.012109
 640.000000  0.010010
 641.000000  0.012182
 642.000000  0.009814
 643.000000  0.009399
 644.000000  0.012231
 645.000000  0.011743
 646.000000  0.012207
 647.000000  0.011840
 648.000000  0.009814
 649.000000  0.009302
 650.000000  0.009644
 651.000000  0.009180
 652.000000  0.009741
 653.000000  0.009106
 654.000000  0.009741
 655.000000  0.011523
 656.000000  0.009766
 657.000000  0.011108
 658.000000  0.009741
 659.000000  0.008081
 660.000000  0.009668
 661.000000  0.011108
 662.000000  0.009692
 663.000000  0.010815
 664.000000  0.012011
 665.000000  0.010546
 666.000000  0.012011
 667.000000  0.010253
 668.000000  0.009228
 669.000000  0.007593
 670.000000  0.009351
 671.000000  0.007715
 672.000000  0.009228
 673.000000  0.010034
 674.000000  0.011621
 675.000000  0.009936
 676.000000  0.009399
 677.000000  0.009961
 678.000000  0.008813
 679.000000  0.010009
 680.000000  0.008936
 681.000000  0.007422
 682.000000  0.009009
 683.000000  0.009765
 684.000000  0.008618
 685.000000  0.009814
 686.000000  0.008691
 687.000000  0.007349
 688.000000  0.010839
 689.000000  0.007324
 690.000000  0.010961
 691.000000  0.009765
 692.000000  0.007983
 693.000000  0.009765
 694.000000  0.008423
 695.000000  0.009765
 696.000000  0.010009
 697.000000  0.009765
 698.000000  0.007715
 699.000000  0.009765
 700.000000  0.007788
 701.000000  0.007324
 702.000000  0.007739
 703.000000  0.007300
 704.000000  0.010058
 705.000000  0.009765
 706.000000  0.007617
 707.000000  0.007324
 708.000000  0.007642
 709.000000  0.009765
 710.000000  0.007495
 711.000000  0.009765
 712.000000  0.007373
 713.000000  0.009765
 714.000000  0.007471
 715.000000  0.009765
 716.000000  0.007422
 717.000000  0.009765
 718.000000  0.007471
 719.000000  0.009765
 720.000000  0.007373
 721.000000  0.009765
 722.000000  0.007446
 723.000000  0.009765
 724.000000  0.007397
 725.000000  0.009765
 726.000000  0.007373
 727.000000  0.009765
 728.000000  0.007324
 729.000000  0.007324
 730.000000  0.007446
 731.000000  0.009765
 732.000000  0.007349
 733.000000  0.009765
 734.000000  0.009814
 735.000000  0.009765
 736.000000  0.007349
 737.000000  0.009765
 738.000000  0.007373
 739.000000  0.009765
 740.000000  0.007324
 741.000000  0.009741
 742.000000  0.007349
 743.000000  0.007324
 744.000000  0.007324
 745.000000  0.009765
 746.000000  0.007324
 747.000000  0.007324
 748.000000  0.007324
 749.000000  0.009741
 750.000000  0.007324
 751.000000  0.009716
 752.000000  0.009765
 753.000000  0.009716
 754.000000  0.007349
 755.000000  0.009692
 756.000000  0.007349
 757.000000  0.009545
 758.000000  0.007324
 759.000000  0.007202
 760.000000  0.007324
 761.000000  0.009668
 762.000000  0.007324
 763.000000  0.009668
 764.000000  0.007300
 765.000000  0.009497
 766.000000  0.007324
 767.000000  0.007202
 768.000000  0.007300
 769.000000  0.009448
 770.000000  0.007300
 771.000000  0.009423
 772.000000  0.007324
 773.000000  0.009399
 774.000000  0.009765
 775.000000  0.009448
 776.000000  0.009741
 777.000000  0.009375
 778.000000  0.007324
 779.000000  0.007056
 780.000000  0.007300
 781.000000  0.006763
 782.000000  0.009961
 783.000000  0.008984
 784.000000  0.007324
 785.000000  0.008764
 786.000000  0.006836
 787.000000  0.008398
 788.000000  0.009716
 789.000000  0.009179
 790.000000  0.007129
 791.000000  0.008911
 792.000000  0.007227
 793.000000  0.009008
 794.000000  0.007227
 795.000000  0.009155
 796.000000  0.007202
 797.000000  0.008886
 798.000000  0.007202
 799.000000  0.008886
 800.000000  0.007251
 801.000000  0.008789
 802.000000  0.009668
 803.000000  0.008862
 804.000000  0.007178
 805.000000  0.009130
 806.000000  0.007202
 807.000000  0.008960
 808.000000  0.009716
 809.000000  0.006299
 810.000000  0.007275
 811.000000  0.006470
 812.000000  0.007251
 813.000000  0.006323
 814.000000  0.007227
 815.000000  0.008886
 816.000000  0.007275
 817.000000  0.008569
 818.000000  0.007202
 819.000000  0.008862
 820.000000  0.007251
 821.000000  0.008398
 822.000000  0.007251
 823.000000  0.008764
 824.000000  0.009741
 825.000000  0.008569
 826.000000  0.007275
 827.000000  0.008618
 828.000000  0.007300
 829.000000  0.008593
 830.000000  0.007251
 831.000000  0.008569
 832.000000  0.007300
 833.000000  0.008520
 834.000000  0.007275
 835.000000  0.008544
 836.000000  0.009716
 837.000000  0.008496
 838.000000  0.007227
 839.000000  0.008422
 840.000000  0.007300
 841.000000  0.008129
 842.000000  0.009765
 843.000000  0.008374
 844.000000  0.007178
 845.000000  0.006103
 846.000000  0.009619
 847.000000  0.008715
 848.000000  0.007275
 849.000000  0.008252
 850.000000  0.007275
 851.000000  0.008471
 852.000000  0.007300
 853.000000  0.005762
 854.000000  0.009692
 855.000000  0.008349
 856.000000  0.007275
 857.000000  0.005884
 858.000000  0.007275
 859.000000  0.005737
 860.000000  0.009741
 861.000000  0.008178
 862.000000  0.007251
 863.000000  0.005762
 864.000000  0.007129
 865.000000  0.008227
 866.000000  0.009692
 867.000000  0.005713
 868.000000  0.007251
 869.000000  0.008276
 870.000000  0.007300
 871.000000  0.008300
 872.000000  0.007324
 873.000000  0.008300
 874.000000  0.007275
 875.000000  0.008276
 876.000000  0.007227
 877.000000  0.005835
 878.000000  0.007251
 879.000000  0.005615
 880.000000  0.007251
 881.000000  0.008056
 882.000000  0.007153
 883.000000  0.008105
 884.000000  0.007227
 885.000000  0.008349
 886.000000  0.007275
 887.000000  0.005566
 888.000000  0.007275
 889.000000  0.008154
 890.000000  0.007227
 891.000000  0.008203
 892.000000  0.007227
 893.000000  0.008154
 894.000000  0.007251
 895.000000  0.008300
 896.000000  0.007153
 897.000000  0.007959
 898.000000  0.007178
 899.000000  0.008056
 900.000000  0.007227
 901.000000  0.008129
 902.000000  0.009643
 903.000000  0.008056
 904.000000  0.007300
 905.000000  0.008105
 906.000000  0.009643
 907.000000  0.007959
 908.000000  0.009668
 909.000000  0.008154
 910.000000  0.007227
 911.000000  0.007836
 912.000000  0.007275
 913.000000  0.007934
 914.000000  0.007104
 915.000000  0.007934
 916.000000  0.007202
 917.000000  0.008203
 918.000000  0.009765
 919.000000  0.007739
 920.000000  0.009741
 921.000000  0.007861
 922.000000  0.007227
 923.000000  0.007959
 924.000000  0.007275
 925.000000  0.007983
 926.000000  0.007275
 927.000000  0.008081
 928.000000  0.007080
 929.000000  0.008105
 930.000000  0.007153
 931.000000  0.007959
 932.000000  0.007031
 933.000000  0.008129
 934.000000  0.007129
 935.000000  0.008081
 936.000000  0.007251
 937.000000  0.008154
 938.000000  0.006543
 939.000000  0.008032
 940.000000  0.007153
 941.000000  0.008129
 942.000000  0.007104
 943.000000  0.008642
 944.000000  0.006982
 945.000000  0.005566
 946.000000  0.009228
 947.000000  0.008422
 948.000000  0.006982
 949.000000  0.008105
 950.000000  0.009155
 951.000000  0.008154
 952.000000  0.006836
 953.000000  0.008203
 954.000000  0.007056
 955.000000  0.008374
 956.000000  0.007031
 957.000000  0.008178
 958.000000  0.007080
 959.000000  0.005884
 960.000000  0.007031
 961.000000  0.005762
 962.000000  0.009399
 963.000000  0.005688
 964.000000  0.006958
 965.000000  0.008349
 966.000000  0.007080
 967.000000  0.008374
 968.000000  0.007104
 969.000000  0.008081
 970.000000  0.009545
 971.000000  0.008203
 972.000000  0.007056
 973.000000  0.008129
 974.000000  0.007178
 975.000000  0.008154
 976.000000  0.007056
 977.000000  0.008056
 978.000000  0.007129
 979.000000  0.007934
 980.000000  0.007202
 981.000000  0.008154
 982.000000  0.007031
 983.000000  0.005615
 984.000000  0.007056
 985.000000  0.008154
 986.000000  0.006982
 987.000000  0.008032
 988.000000  0.009643
 989.000000  0.007666
 990.000000  0.007104
 991.000000  0.007910
 992.000000  0.007153
 993.000000  0.007983
 994.000000  0.007080
 995.000000  0.007910
 996.000000  0.006885
 997.000000  0.008032
 998.000000  0.009448
 999.000000  0.007885
 1000.000000  0.009497
 1001.000000  0.007983
 1002.000000  0.007129
 1003.000000  0.007812
 1004.000000  0.007129
 1005.000000  0.007714
 1006.000000  0.007153
 1007.000000  0.007641
 1008.000000  0.007129
 1009.000000  0.007910
 1010.000000  0.007056
 1011.000000  0.007983
 1012.000000  0.006860
 1013.000000  0.007617
 1014.000000  0.006811
 1015.000000  0.007861
 1016.000000  0.006958
 1017.000000  0.007861
 1018.000000  0.006885
 1019.000000  0.007714
 1020.000000  0.007056
 1021.000000  0.007519
 1022.000000  0.007129
 1023.000000  0.007812
