 0.000000  0.007324
 1.000000  0.007227
 2.000000  0.007324
 3.000000  0.007275
 4.000000  0.007324
 5.000000  0.007300
 6.000000  0.007324
 7.000000  0.007227
 8.000000  0.007324
 9.000000  0.007275
 10.000000  0.007324
 11.000000  0.007251
 12.000000  0.007324
 13.000000  0.007300
 14.000000  0.007324
 15.000000  0.007178
 16.000000  0.007324
 17.000000  0.007178
 18.000000  0.007324
 19.000000  0.007324
 20.000000  0.007324
 21.000000  0.007275
 22.000000  0.007349
 23.000000  0.007275
 24.000000  0.007324
 25.000000  0.007251
 26.000000  0.007349
 27.000000  0.009716
 28.000000  0.007324
 29.000000  0.007300
 30.000000  0.007324
 31.000000  0.007324
 32.000000  0.007324
 33.000000  0.007275
 34.000000  0.007324
 35.000000  0.007300
 36.000000  0.007324
 37.000000  0.007227
 38.000000  0.007324
 39.000000  0.009765
 40.000000  0.007324
 41.000000  0.007202
 42.000000  0.007324
 43.000000  0.007300
 44.000000  0.007324
 45.000000  0.007275
 46.000000  0.007324
 47.000000  0.007227
 48.000000  0.007349
 49.000000  0.007227
 50.000000  0.007324
 51.000000  0.007324
 52.000000  0.007324
 53.000000  0.007275
 54.000000  0.007324
 55.000000  0.006494
 56.000000  0.007373
 57.000000  0.007031
 58.000000  0.007495
 59.000000  0.009570
 60.000000  0.007642
 61.000000  0.009545
 62.000000  0.007251
 63.000000  0.006836
 64.000000  0.007519
 65.000000  0.007129
 66.000000  0.007519
 67.000000  0.009155
 68.000000  0.007519
 69.000000  0.007056
 70.000000  0.007300
 71.000000  0.007104
 72.000000  0.007324
 73.000000  0.007129
 74.000000  0.007397
 75.000000  0.007153
 76.000000  0.007373
 77.000000  0.007202
 78.000000  0.007349
 79.000000  0.007153
 80.000000  0.007349
 81.000000  0.007275
 82.000000  0.007349
 83.000000  0.007104
 84.000000  0.007349
 85.000000  0.007324
 86.000000  0.007349
 87.000000  0.007129
 88.000000  0.007324
 89.000000  0.007104
 90.000000  0.007324
 91.000000  0.007202
 92.000000  0.007324
 93.000000  0.007153
 94.000000  0.007324
 95.000000  0.007178
 96.000000  0.007324
 97.000000  0.007153
 98.000000  0.007324
 99.000000  0.007275
 100.000000  0.007349
 101.000000  0.009570
 102.000000  0.007324
 103.000000  0.009716
 104.000000  0.007349
 105.000000  0.007251
 106.000000  0.007324
 107.000000  0.007202
 108.000000  0.007324
 109.000000  0.009716
 110.000000  0.007373
 111.000000  0.007300
 112.000000  0.007324
 113.000000  0.007275
 114.000000  0.007324
 115.000000  0.007178
 116.000000  0.007324
 117.000000  0.007251
 118.000000  0.007324
 119.000000  0.007251
 120.000000  0.007324
 121.000000  0.007251
 122.000000  0.007324
 123.000000  0.007227
 124.000000  0.007324
 125.000000  0.007251
 126.000000  0.007324
 127.000000  0.009594
 128.000000  0.007324
 129.000000  0.007275
 130.000000  0.007324
 131.000000  0.009692
 132.000000  0.007324
 133.000000  0.007275
 134.000000  0.007324
 135.000000  0.009716
 136.000000  0.007324
 137.000000  0.007251
 138.000000  0.007324
 139.000000  0.007227
 140.000000  0.007324
 141.000000  0.007202
 142.000000  0.007324
 143.000000  0.007324
 144.000000  0.007324
 145.000000  0.009741
 146.000000  0.007324
 147.000000  0.007251
 148.000000  0.007324
 149.000000  0.009619
 150.000000  0.007324
 151.000000  0.007300
 152.000000  0.007324
 153.000000  0.007300
 154.000000  0.007324
 155.000000  0.007300
 156.000000  0.007324
 157.000000  0.009716
 158.000000  0.007324
 159.000000  0.007275
 160.000000  0.007324
 161.000000  0.007275
 162.000000  0.007324
 163.000000  0.007227
 164.000000  0.007324
 165.000000  0.007251
 166.000000  0.007324
 167.000000  0.007275
 168.000000  0.007349
 169.000000  0.009619
 170.000000  0.007324
 171.000000  0.007300
 172.000000  0.007324
 173.000000  0.007300
 174.000000  0.007324
 175.000000  0.007300
 176.000000  0.007324
 177.000000  0.007300
 178.000000  0.007349
 179.000000  0.009716
 180.000000  0.007324
 181.000000  0.007202
 182.000000  0.007324
 183.000000  0.007300
 184.000000  0.007349
 185.000000  0.007300
 186.000000  0.007349
 187.000000  0.007275
 188.000000  0.007324
 189.000000  0.007227
 190.000000  0.007324
 191.000000  0.007104
 192.000000  0.007349
 193.000000  0.007300
 194.000000  0.007324
 195.000000  0.007275
 196.000000  0.009765
 197.000000  0.007104
 198.000000  0.007373
 199.000000  0.009570
 200.000000  0.007349
 201.000000  0.009472
 202.000000  0.007349
 203.000000  0.007080
 204.000000  0.007324
 205.000000  0.007178
 206.000000  0.007373
 207.000000  0.007129
 208.000000  0.007397
 209.000000  0.009570
 210.000000  0.007349
 211.000000  0.007178
 212.000000  0.007812
 213.000000  0.009521
 214.000000  0.007397
 215.000000  0.006909
 216.000000  0.007251
 217.000000  0.006641
 218.000000  0.007519
 219.000000  0.009692
 220.000000  0.007446
 221.000000  0.006714
 222.000000  0.007300
 223.000000  0.006982
 224.000000  0.007617
 225.000000  0.007007
 226.000000  0.007349
 227.000000  0.009545
 228.000000  0.007373
 229.000000  0.009594
 230.000000  0.007373
 231.000000  0.007202
 232.000000  0.007397
 233.000000  0.009619
 234.000000  0.007324
 235.000000  0.007300
 236.000000  0.007349
 237.000000  0.007275
 238.000000  0.007397
 239.000000  0.009741
 240.000000  0.007373
 241.000000  0.007300
 242.000000  0.007397
 243.000000  0.009741
 244.000000  0.007349
 245.000000  0.007300
 246.000000  0.007324
 247.000000  0.007202
 248.000000  0.007446
 249.000000  0.007300
 250.000000  0.007397
 251.000000  0.007275
 252.000000  0.007349
 253.000000  0.007324
 254.000000  0.007324
 255.000000  0.009765
 256.000000  0.007397
 257.000000  0.007275
 258.000000  0.007373
 259.000000  0.007300
 260.000000  0.007446
 261.000000  0.007275
 262.000000  0.007422
 263.000000  0.009619
 264.000000  0.007397
 265.000000  0.009765
 266.000000  0.007373
 267.000000  0.009741
 268.000000  0.007422
 269.000000  0.009716
 270.000000  0.007373
 271.000000  0.007300
 272.000000  0.007349
 273.000000  0.007275
 274.000000  0.007373
 275.000000  0.009765
 276.000000  0.007471
 277.000000  0.009765
 278.000000  0.007471
 279.000000  0.007324
 280.000000  0.007471
 281.000000  0.009765
 282.000000  0.007349
 283.000000  0.009765
 284.000000  0.007373
 285.000000  0.007324
 286.000000  0.007471
 287.000000  0.007324
 288.000000  0.007373
 289.000000  0.009765
 290.000000  0.007593
 291.000000  0.007324
 292.000000  0.007495
 293.000000  0.007324
 294.000000  0.007446
 295.000000  0.009765
 296.000000  0.007690
 297.000000  0.009765
 298.000000  0.007812
 299.000000  0.009765
 300.000000  0.007519
 301.000000  0.007324
 302.000000  0.007617
 303.000000  0.009765
 304.000000  0.007983
 305.000000  0.007324
 306.000000  0.007739
 307.000000  0.009790
 308.000000  0.007959
 309.000000  0.009765
 310.000000  0.008130
 311.000000  0.007324
 312.000000  0.007910
 313.000000  0.007324
 314.000000  0.008643
 315.000000  0.009814
 316.000000  0.008252
 317.000000  0.007324
 318.000000  0.008276
 319.000000  0.007349
 320.000000  0.008496
 321.000000  0.009790
 322.000000  0.008398
 323.000000  0.009790
 324.000000  0.008398
 325.000000  0.007324
 326.000000  0.008423
 327.000000  0.007349
 328.000000  0.008594
 329.000000  0.009814
 330.000000  0.008813
 331.000000  0.009765
 332.000000  0.008936
 333.000000  0.009887
 334.000000  0.008984
 335.000000  0.010009
 336.000000  0.009302
 337.000000  0.007495
 338.000000  0.009424
 339.000000  0.007666
 340.000000  0.009644
 341.000000  0.010571
 342.000000  0.011865
 343.000000  0.010107
 344.000000  0.009644
 345.000000  0.010253
 346.000000  0.009766
 347.000000  0.007642
 348.000000  0.009595
 349.000000  0.009961
 350.000000  0.009717
 351.000000  0.010327
 352.000000  0.009692
 353.000000  0.011254
 354.000000  0.009741
 355.000000  0.008325
 356.000000  0.009717
 357.000000  0.008496
 358.000000  0.009766
 359.000000  0.011035
 360.000000  0.009766
 361.000000  0.008545
 362.000000  0.009741
 363.000000  0.011450
 364.000000  0.009717
 365.000000  0.009204
 366.000000  0.009766
 367.000000  0.009131
 368.000000  0.009619
 369.000000  0.009228
 370.000000  0.009717
 371.000000  0.012085
 372.000000  0.010034
 373.000000  0.011962
 374.000000  0.009839
 375.000000  0.011450
 376.000000  0.009692
 377.000000  0.009595
 378.000000  0.010107
 379.000000  0.009692
 380.000000  0.010034
 381.000000  0.012060
 382.000000  0.009961
 383.000000  0.009717
 384.000000  0.010156
 385.000000  0.009766
 386.000000  0.009888
 387.000000  0.012207
 388.000000  0.009839
 389.000000  0.012207
 390.000000  0.010400
 391.000000  0.012304
 392.000000  0.010571
 393.000000  0.009766
 394.000000  0.010254
 395.000000  0.009814
 396.000000  0.010596
 397.000000  0.009790
 398.000000  0.010474
 399.000000  0.009839
 400.000000  0.010815
 401.000000  0.012353
 402.000000  0.010986
 403.000000  0.010107
 404.000000  0.011206
 405.000000  0.010620
 406.000000  0.011426
 407.000000  0.010742
 408.000000  0.012036
 409.000000  0.013281
 410.000000  0.012158
 411.000000  0.013964
 412.000000  0.012036
 413.000000  0.011890
 414.000000  0.012207
 415.000000  0.014160
 416.000000  0.012207
 417.000000  0.012036
 418.000000  0.012207
 419.000000  0.012085
 420.000000  0.012256
 421.000000  0.012207
 422.000000  0.012305
 423.000000  0.012183
 424.000000  0.012280
 425.000000  0.014648
 426.000000  0.012549
 427.000000  0.014648
 428.000000  0.012451
 429.000000  0.014648
 430.000000  0.013379
 431.000000  0.014721
 432.000000  0.012671
 433.000000  0.012329
 434.000000  0.013867
 435.000000  0.015112
 436.000000  0.014404
 437.000000  0.014917
 438.000000  0.014014
 439.000000  0.015527
 440.000000  0.014551
 441.000000  0.015161
 442.000000  0.014526
 443.000000  0.015649
 444.000000  0.014648
 445.000000  0.016259
 446.000000  0.014648
 447.000000  0.014380
 448.000000  0.014746
 449.000000  0.017089
 450.000000  0.014648
 451.000000  0.017089
 452.000000  0.014673
 453.000000  0.017089
 454.000000  0.014770
 455.000000  0.017089
 456.000000  0.015942
 457.000000  0.017089
 458.000000  0.015308
 459.000000  0.017089
 460.000000  0.015381
 461.000000  0.017163
 462.000000  0.017065
 463.000000  0.017163
 464.000000  0.017041
 465.000000  0.017407
 466.000000  0.016821
 467.000000  0.015137
 468.000000  0.016553
 469.000000  0.014770
 470.000000  0.016895
 471.000000  0.018920
 472.000000  0.017090
 473.000000  0.017017
 474.000000  0.017065
 475.000000  0.018847
 476.000000  0.017114
 477.000000  0.017090
 478.000000  0.017114
 479.000000  0.019458
 480.000000  0.017285
 481.000000  0.019799
 482.000000  0.018750
 483.000000  0.017090
 484.000000  0.017212
 485.000000  0.020727
 486.000000  0.019580
 487.000000  0.017529
 488.000000  0.019311
 489.000000  0.019531
 490.000000  0.021753
 491.000000  0.021972
 492.000000  0.019531
 493.000000  0.021972
 494.000000  0.022217
 495.000000  0.026855
 496.000000  0.021680
 497.000000  0.019531
 498.000000  0.021924
 499.000000  0.027197
 500.000000  0.028247
 501.000000  0.024414
 502.000000  0.023706
 503.000000  0.029296
 504.000000  0.038281
 505.000000  0.036499
 506.000000  0.032251
 507.000000  0.053076
 508.000000  0.168799
 509.000000  0.220483
 510.000000  0.088525
 511.000000  0.038549
 512.000000  0.029272
 513.000000  0.034204
 514.000000  0.034888
 515.000000  0.027734
 516.000000  0.026245
 517.000000  0.026636
 518.000000  0.029590
 519.000000  0.032715
 520.000000  0.034180
 521.000000  0.033398
 522.000000  0.049072
 523.000000  0.144214
 524.000000  0.268994
 525.000000  0.111352
 526.000000  0.047607
 527.000000  0.040258
 528.000000  0.036938
 529.000000  0.032910
 530.000000  0.024414
 531.000000  0.024829
 532.000000  0.024585
 533.000000  0.024072
 534.000000  0.022241
 535.000000  0.019946
 536.000000  0.021020
 537.000000  0.023193
 538.000000  0.021045
 539.000000  0.021826
 540.000000  0.019507
 541.000000  0.018848
 542.000000  0.019507
 543.000000  0.018115
 544.000000  0.018823
 545.000000  0.017554
 546.000000  0.019385
 547.000000  0.021777
 548.000000  0.019287
 549.000000  0.019555
 550.000000  0.017358
 551.000000  0.019946
 552.000000  0.018335
 553.000000  0.017139
 554.000000  0.017700
 555.000000  0.017090
 556.000000  0.017090
 557.000000  0.019458
 558.000000  0.017163
 559.000000  0.019189
 560.000000  0.017114
 561.000000  0.016919
 562.000000  0.017139
 563.000000  0.018676
 564.000000  0.016504
 565.000000  0.018725
 566.000000  0.017041
 567.000000  0.017236
 568.000000  0.016602
 569.000000  0.017529
 570.000000  0.016650
 571.000000  0.017138
 572.000000  0.015381
 573.000000  0.017114
 574.000000  0.015356
 575.000000  0.017089
 576.000000  0.015137
 577.000000  0.017065
 578.000000  0.014673
 579.000000  0.017089
 580.000000  0.014673
 581.000000  0.014648
 582.000000  0.014648
 583.000000  0.016992
 584.000000  0.014648
 585.000000  0.016992
 586.000000  0.014648
 587.000000  0.015966
 588.000000  0.014575
 589.000000  0.012695
 590.000000  0.014551
 591.000000  0.016210
 592.000000  0.014526
 593.000000  0.012622
 594.000000  0.014478
 595.000000  0.015087
 596.000000  0.014551
 597.000000  0.014794
 598.000000  0.013940
 599.000000  0.014648
 600.000000  0.012720
 601.000000  0.014648
 602.000000  0.012476
 603.000000  0.014624
 604.000000  0.012744
 605.000000  0.014624
 606.000000  0.012207
 607.000000  0.014624
 608.000000  0.012231
 609.000000  0.014477
 610.000000  0.012207
 611.000000  0.014453
 612.000000  0.014648
 613.000000  0.014502
 614.000000  0.014648
 615.000000  0.014209
 616.000000  0.012183
 617.000000  0.011206
 618.000000  0.012158
 619.000000  0.013134
 620.000000  0.012183
 621.000000  0.012646
 622.000000  0.010986
 623.000000  0.012524
 624.000000  0.013891
 625.000000  0.012622
 626.000000  0.011670
 627.000000  0.012548
 628.000000  0.011499
 629.000000  0.012329
 630.000000  0.010181
 631.000000  0.012231
 632.000000  0.010327
 633.000000  0.012207
 634.000000  0.009790
 635.000000  0.012207
 636.000000  0.009766
 637.000000  0.009766
 638.000000  0.009814
 639.000000  0.012182
 640.000000  0.009814
 641.000000  0.012207
 642.000000  0.009766
 643.000000  0.009766
 644.000000  0.012207
 645.000000  0.012182
 646.000000  0.012207
 647.000000  0.012207
 648.000000  0.009766
 649.000000  0.009668
 650.000000  0.009766
 651.000000  0.009668
 652.000000  0.009766
 653.000000  0.009473
 654.000000  0.009766
 655.000000  0.012011
 656.000000  0.009766
 657.000000  0.011987
 658.000000  0.009766
 659.000000  0.009228
 660.000000  0.009766
 661.000000  0.011547
 662.000000  0.009766
 663.000000  0.010913
 664.000000  0.012207
 665.000000  0.010888
 666.000000  0.012207
 667.000000  0.011084
 668.000000  0.009766
 669.000000  0.008569
 670.000000  0.009741
 671.000000  0.007861
 672.000000  0.009692
 673.000000  0.010571
 674.000000  0.012085
 675.000000  0.010302
 676.000000  0.009595
 677.000000  0.010180
 678.000000  0.009448
 679.000000  0.010229
 680.000000  0.008936
 681.000000  0.007886
 682.000000  0.009473
 683.000000  0.010302
 684.000000  0.009473
 685.000000  0.011230
 686.000000  0.009131
 687.000000  0.007666
 688.000000  0.011084
 689.000000  0.007617
 690.000000  0.011743
 691.000000  0.010156
 692.000000  0.008594
 693.000000  0.010180
 694.000000  0.008423
 695.000000  0.009936
 696.000000  0.010620
 697.000000  0.009936
 698.000000  0.008179
 699.000000  0.009863
 700.000000  0.008691
 701.000000  0.007422
 702.000000  0.008105
 703.000000  0.007349
 704.000000  0.010669
 705.000000  0.009765
 706.000000  0.008227
 707.000000  0.007446
 708.000000  0.008301
 709.000000  0.009838
 710.000000  0.008154
 711.000000  0.009790
 712.000000  0.008179
 713.000000  0.009790
 714.000000  0.008130
 715.000000  0.009765
 716.000000  0.008179
 717.000000  0.009765
 718.000000  0.007837
 719.000000  0.009765
 720.000000  0.007837
 721.000000  0.009790
 722.000000  0.007788
 723.000000  0.009765
 724.000000  0.007861
 725.000000  0.009765
 726.000000  0.007837
 727.000000  0.009765
 728.000000  0.007544
 729.000000  0.007349
 730.000000  0.007422
 731.000000  0.009765
 732.000000  0.007422
 733.000000  0.009765
 734.000000  0.010058
 735.000000  0.009765
 736.000000  0.007471
 737.000000  0.009765
 738.000000  0.007349
 739.000000  0.009765
 740.000000  0.007397
 741.000000  0.009765
 742.000000  0.007349
 743.000000  0.007324
 744.000000  0.007349
 745.000000  0.009741
 746.000000  0.007349
 747.000000  0.007324
 748.000000  0.007349
 749.000000  0.009741
 750.000000  0.007349
 751.000000  0.009741
 752.000000  0.009765
 753.000000  0.009741
 754.000000  0.007349
 755.000000  0.009741
 756.000000  0.007324
 757.000000  0.009692
 758.000000  0.007349
 759.000000  0.007275
 760.000000  0.007324
 761.000000  0.009643
 762.000000  0.007324
 763.000000  0.009692
 764.000000  0.007324
 765.000000  0.009668
 766.000000  0.007324
 767.000000  0.007251
 768.000000  0.007324
 769.000000  0.009741
 770.000000  0.007324
 771.000000  0.009570
 772.000000  0.007324
 773.000000  0.009594
 774.000000  0.009765
 775.000000  0.009497
 776.000000  0.009765
 777.000000  0.009619
 778.000000  0.007324
 779.000000  0.007007
 780.000000  0.007324
 781.000000  0.006982
 782.000000  0.009765
 783.000000  0.009423
 784.000000  0.007324
 785.000000  0.009130
 786.000000  0.007324
 787.000000  0.009277
 788.000000  0.009765
 789.000000  0.009350
 790.000000  0.007324
 791.000000  0.009350
 792.000000  0.007324
 793.000000  0.009423
 794.000000  0.007324
 795.000000  0.009155
 796.000000  0.007324
 797.000000  0.009252
 798.000000  0.007324
 799.000000  0.009423
 800.000000  0.007324
 801.000000  0.009252
 802.000000  0.009765
 803.000000  0.009326
 804.000000  0.007300
 805.000000  0.009252
 806.000000  0.007324
 807.000000  0.009179
 808.000000  0.009765
 809.000000  0.006543
 810.000000  0.007300
 811.000000  0.006616
 812.000000  0.007275
 813.000000  0.006494
 814.000000  0.007275
 815.000000  0.008764
 816.000000  0.007275
 817.000000  0.008740
 818.000000  0.007275
 819.000000  0.008813
 820.000000  0.007300
 821.000000  0.008691
 822.000000  0.007275
 823.000000  0.008667
 824.000000  0.009741
 825.000000  0.008618
 826.000000  0.007227
 827.000000  0.008374
 828.000000  0.007227
 829.000000  0.008520
 830.000000  0.007178
 831.000000  0.008569
 832.000000  0.007300
 833.000000  0.008618
 834.000000  0.007300
 835.000000  0.008447
 836.000000  0.009936
 837.000000  0.008544
 838.000000  0.007129
 839.000000  0.008349
 840.000000  0.006763
 841.000000  0.008129
 842.000000  0.009228
 843.000000  0.008715
 844.000000  0.007007
 845.000000  0.005957
 846.000000  0.009155
 847.000000  0.008471
 848.000000  0.006958
 849.000000  0.008740
 850.000000  0.007031
 851.000000  0.008764
 852.000000  0.007080
 853.000000  0.006079
 854.000000  0.009668
 855.000000  0.008349
 856.000000  0.007275
 857.000000  0.005713
 858.000000  0.007153
 859.000000  0.005713
 860.000000  0.009668
 861.000000  0.008544
 862.000000  0.007153
 863.000000  0.006250
 864.000000  0.007129
 865.000000  0.008593
 866.000000  0.009619
 867.000000  0.006201
 868.000000  0.007227
 869.000000  0.008544
 870.000000  0.007251
 871.000000  0.008007
 872.000000  0.007104
 873.000000  0.008325
 874.000000  0.007104
 875.000000  0.008447
 876.000000  0.007080
 877.000000  0.005859
 878.000000  0.007202
 879.000000  0.005713
 880.000000  0.007227
 881.000000  0.008276
 882.000000  0.007178
 883.000000  0.007959
 884.000000  0.007251
 885.000000  0.008300
 886.000000  0.007153
 887.000000  0.005811
 888.000000  0.007129
 889.000000  0.007910
 890.000000  0.007275
 891.000000  0.008007
 892.000000  0.007202
 893.000000  0.008154
 894.000000  0.007227
 895.000000  0.008105
 896.000000  0.007056
 897.000000  0.008374
 898.000000  0.007153
 899.000000  0.008178
 900.000000  0.007227
 901.000000  0.008081
 902.000000  0.009570
 903.000000  0.008081
 904.000000  0.007178
 905.000000  0.008032
 906.000000  0.009643
 907.000000  0.007983
 908.000000  0.009692
 909.000000  0.008154
 910.000000  0.007153
 911.000000  0.007983
 912.000000  0.007153
 913.000000  0.007959
 914.000000  0.007153
 915.000000  0.007739
 916.000000  0.007251
 917.000000  0.007983
 918.000000  0.009716
 919.000000  0.007836
 920.000000  0.009716
 921.000000  0.007959
 922.000000  0.007202
 923.000000  0.007836
 924.000000  0.007202
 925.000000  0.007812
 926.000000  0.007227
 927.000000  0.007885
 928.000000  0.007324
 929.000000  0.007983
 930.000000  0.007227
 931.000000  0.007959
 932.000000  0.007178
 933.000000  0.008105
 934.000000  0.007227
 935.000000  0.007959
 936.000000  0.007300
 937.000000  0.007836
 938.000000  0.007275
 939.000000  0.007714
 940.000000  0.007300
 941.000000  0.007739
 942.000000  0.007129
 943.000000  0.007690
 944.000000  0.007227
 945.000000  0.005591
 946.000000  0.009497
 947.000000  0.008203
 948.000000  0.007251
 949.000000  0.007959
 950.000000  0.009472
 951.000000  0.008007
 952.000000  0.007153
 953.000000  0.007934
 954.000000  0.007227
 955.000000  0.007861
 956.000000  0.007251
 957.000000  0.008056
 958.000000  0.007202
 959.000000  0.005615
 960.000000  0.007202
 961.000000  0.005591
 962.000000  0.009521
 963.000000  0.005493
 964.000000  0.007104
 965.000000  0.008276
 966.000000  0.007251
 967.000000  0.007910
 968.000000  0.007178
 969.000000  0.007861
 970.000000  0.009668
 971.000000  0.008007
 972.000000  0.007275
 973.000000  0.007885
 974.000000  0.007104
 975.000000  0.007983
 976.000000  0.007153
 977.000000  0.007861
 978.000000  0.007202
 979.000000  0.007983
 980.000000  0.007202
 981.000000  0.008105
 982.000000  0.006982
 983.000000  0.005688
 984.000000  0.007129
 985.000000  0.008252
 986.000000  0.007007
 987.000000  0.007739
 988.000000  0.009643
 989.000000  0.007861
 990.000000  0.007129
 991.000000  0.007885
 992.000000  0.006811
 993.000000  0.008007
 994.000000  0.006763
 995.000000  0.008374
 996.000000  0.006958
 997.000000  0.008764
 998.000000  0.009204
 999.000000  0.008105
 1000.000000  0.008886
 1001.000000  0.007983
 1002.000000  0.007129
 1003.000000  0.008374
 1004.000000  0.006567
 1005.000000  0.007910
 1006.000000  0.006836
 1007.000000  0.008105
 1008.000000  0.006641
 1009.000000  0.008178
 1010.000000  0.006714
 1011.000000  0.007885
 1012.000000  0.006787
 1013.000000  0.008007
 1014.000000  0.006714
 1015.000000  0.007861
 1016.000000  0.006909
 1017.000000  0.008056
 1018.000000  0.006982
 1019.000000  0.007983
 1020.000000  0.006860
 1021.000000  0.007836
 1022.000000  0.006982
 1023.000000  0.008203
