 0.000000  0.007324
 1.000000  0.007104
 2.000000  0.007324
 3.000000  0.007129
 4.000000  0.007324
 5.000000  0.007104
 6.000000  0.007300
 7.000000  0.006982
 8.000000  0.007324
 9.000000  0.007080
 10.000000  0.007300
 11.000000  0.006909
 12.000000  0.007324
 13.000000  0.007129
 14.000000  0.007324
 15.000000  0.007056
 16.000000  0.007324
 17.000000  0.007080
 18.000000  0.007349
 19.000000  0.007251
 20.000000  0.007324
 21.000000  0.007227
 22.000000  0.007324
 23.000000  0.007104
 24.000000  0.007324
 25.000000  0.007007
 26.000000  0.007349
 27.000000  0.009521
 28.000000  0.007324
 29.000000  0.007104
 30.000000  0.007324
 31.000000  0.007227
 32.000000  0.007324
 33.000000  0.007153
 34.000000  0.007324
 35.000000  0.007153
 36.000000  0.007324
 37.000000  0.007178
 38.000000  0.007324
 39.000000  0.009619
 40.000000  0.007324
 41.000000  0.007080
 42.000000  0.007324
 43.000000  0.007056
 44.000000  0.007324
 45.000000  0.006885
 46.000000  0.007324
 47.000000  0.007007
 48.000000  0.007324
 49.000000  0.007007
 50.000000  0.007324
 51.000000  0.007202
 52.000000  0.007300
 53.000000  0.007056
 54.000000  0.007324
 55.000000  0.007178
 56.000000  0.007324
 57.000000  0.007080
 58.000000  0.007324
 59.000000  0.009204
 60.000000  0.007324
 61.000000  0.009399
 62.000000  0.007324
 63.000000  0.007007
 64.000000  0.007324
 65.000000  0.006885
 66.000000  0.007324
 67.000000  0.009399
 68.000000  0.007324
 69.000000  0.007056
 70.000000  0.007324
 71.000000  0.007129
 72.000000  0.007324
 73.000000  0.006958
 74.000000  0.007324
 75.000000  0.006885
 76.000000  0.007324
 77.000000  0.006958
 78.000000  0.007324
 79.000000  0.007129
 80.000000  0.007300
 81.000000  0.006958
 82.000000  0.007324
 83.000000  0.007031
 84.000000  0.007324
 85.000000  0.007104
 86.000000  0.007324
 87.000000  0.007056
 88.000000  0.007324
 89.000000  0.007153
 90.000000  0.007324
 91.000000  0.007056
 92.000000  0.007324
 93.000000  0.006982
 94.000000  0.007324
 95.000000  0.006738
 96.000000  0.007324
 97.000000  0.006763
 98.000000  0.007324
 99.000000  0.006982
 100.000000  0.007300
 101.000000  0.009326
 102.000000  0.007300
 103.000000  0.009497
 104.000000  0.007324
 105.000000  0.006836
 106.000000  0.007324
 107.000000  0.006909
 108.000000  0.007300
 109.000000  0.009375
 110.000000  0.007300
 111.000000  0.006763
 112.000000  0.007300
 113.000000  0.006885
 114.000000  0.007349
 115.000000  0.006909
 116.000000  0.007275
 117.000000  0.006909
 118.000000  0.007275
 119.000000  0.006763
 120.000000  0.007324
 121.000000  0.006860
 122.000000  0.007349
 123.000000  0.006934
 124.000000  0.007300
 125.000000  0.006836
 126.000000  0.007324
 127.000000  0.009252
 128.000000  0.007495
 129.000000  0.006787
 130.000000  0.007397
 131.000000  0.008911
 132.000000  0.007153
 133.000000  0.005933
 134.000000  0.006909
 135.000000  0.008740
 136.000000  0.007178
 137.000000  0.006396
 138.000000  0.007227
 139.000000  0.006616
 140.000000  0.007300
 141.000000  0.006811
 142.000000  0.007324
 143.000000  0.006909
 144.000000  0.007300
 145.000000  0.009155
 146.000000  0.007300
 147.000000  0.007007
 148.000000  0.007324
 149.000000  0.009277
 150.000000  0.007349
 151.000000  0.006641
 152.000000  0.007324
 153.000000  0.006958
 154.000000  0.007324
 155.000000  0.006738
 156.000000  0.007275
 157.000000  0.008935
 158.000000  0.007324
 159.000000  0.006592
 160.000000  0.007324
 161.000000  0.006689
 162.000000  0.007324
 163.000000  0.006836
 164.000000  0.007324
 165.000000  0.006860
 166.000000  0.007324
 167.000000  0.006738
 168.000000  0.007300
 169.000000  0.008960
 170.000000  0.007349
 171.000000  0.006519
 172.000000  0.007324
 173.000000  0.006641
 174.000000  0.007300
 175.000000  0.006494
 176.000000  0.007324
 177.000000  0.006592
 178.000000  0.007300
 179.000000  0.009106
 180.000000  0.007300
 181.000000  0.006592
 182.000000  0.007324
 183.000000  0.006494
 184.000000  0.007300
 185.000000  0.006934
 186.000000  0.007324
 187.000000  0.006689
 188.000000  0.007324
 189.000000  0.006836
 190.000000  0.007275
 191.000000  0.006470
 192.000000  0.007324
 193.000000  0.006665
 194.000000  0.007324
 195.000000  0.006567
 196.000000  0.009765
 197.000000  0.006494
 198.000000  0.007324
 199.000000  0.008984
 200.000000  0.007324
 201.000000  0.008764
 202.000000  0.007324
 203.000000  0.006543
 204.000000  0.007324
 205.000000  0.006470
 206.000000  0.007300
 207.000000  0.006470
 208.000000  0.007324
 209.000000  0.008911
 210.000000  0.007324
 211.000000  0.006103
 212.000000  0.007324
 213.000000  0.008911
 214.000000  0.007324
 215.000000  0.006543
 216.000000  0.007324
 217.000000  0.006616
 218.000000  0.007324
 219.000000  0.008935
 220.000000  0.007324
 221.000000  0.006738
 222.000000  0.007324
 223.000000  0.006543
 224.000000  0.007324
 225.000000  0.006494
 226.000000  0.007275
 227.000000  0.008789
 228.000000  0.007324
 229.000000  0.008667
 230.000000  0.007324
 231.000000  0.006519
 232.000000  0.007324
 233.000000  0.008862
 234.000000  0.007324
 235.000000  0.006714
 236.000000  0.007324
 237.000000  0.006616
 238.000000  0.007300
 239.000000  0.008691
 240.000000  0.007275
 241.000000  0.006494
 242.000000  0.007324
 243.000000  0.008715
 244.000000  0.007300
 245.000000  0.006616
 246.000000  0.007324
 247.000000  0.006494
 248.000000  0.007324
 249.000000  0.006543
 250.000000  0.007324
 251.000000  0.006543
 252.000000  0.007324
 253.000000  0.006592
 254.000000  0.007324
 255.000000  0.009057
 256.000000  0.007324
 257.000000  0.006714
 258.000000  0.007324
 259.000000  0.006543
 260.000000  0.007324
 261.000000  0.006470
 262.000000  0.007324
 263.000000  0.008691
 264.000000  0.007300
 265.000000  0.008935
 266.000000  0.007300
 267.000000  0.008837
 268.000000  0.007324
 269.000000  0.008837
 270.000000  0.007300
 271.000000  0.006445
 272.000000  0.007300
 273.000000  0.006641
 274.000000  0.007324
 275.000000  0.008813
 276.000000  0.007300
 277.000000  0.008789
 278.000000  0.007324
 279.000000  0.006616
 280.000000  0.007324
 281.000000  0.008691
 282.000000  0.007300
 283.000000  0.008813
 284.000000  0.007031
 285.000000  0.006177
 286.000000  0.007056
 287.000000  0.006738
 288.000000  0.007178
 289.000000  0.009472
 290.000000  0.007373
 291.000000  0.006372
 292.000000  0.007056
 293.000000  0.006103
 294.000000  0.007373
 295.000000  0.008813
 296.000000  0.007153
 297.000000  0.008593
 298.000000  0.007300
 299.000000  0.008911
 300.000000  0.007227
 301.000000  0.006494
 302.000000  0.007275
 303.000000  0.009082
 304.000000  0.007275
 305.000000  0.006738
 306.000000  0.007300
 307.000000  0.008960
 308.000000  0.007300
 309.000000  0.008911
 310.000000  0.007324
 311.000000  0.006470
 312.000000  0.007324
 313.000000  0.006665
 314.000000  0.007275
 315.000000  0.008935
 316.000000  0.007300
 317.000000  0.006641
 318.000000  0.007275
 319.000000  0.006372
 320.000000  0.007300
 321.000000  0.008813
 322.000000  0.007300
 323.000000  0.009179
 324.000000  0.007324
 325.000000  0.006421
 326.000000  0.007300
 327.000000  0.006592
 328.000000  0.007324
 329.000000  0.008960
 330.000000  0.007324
 331.000000  0.008960
 332.000000  0.007275
 333.000000  0.009130
 334.000000  0.007324
 335.000000  0.009204
 336.000000  0.007324
 337.000000  0.006421
 338.000000  0.007324
 339.000000  0.006616
 340.000000  0.007324
 341.000000  0.009497
 342.000000  0.009741
 343.000000  0.009033
 344.000000  0.007324
 345.000000  0.008984
 346.000000  0.007324
 347.000000  0.006567
 348.000000  0.007324
 349.000000  0.009008
 350.000000  0.007275
 351.000000  0.009106
 352.000000  0.007324
 353.000000  0.009252
 354.000000  0.007300
 355.000000  0.006811
 356.000000  0.007324
 357.000000  0.006738
 358.000000  0.007300
 359.000000  0.009057
 360.000000  0.007324
 361.000000  0.006421
 362.000000  0.007324
 363.000000  0.009155
 364.000000  0.007324
 365.000000  0.006445
 366.000000  0.007324
 367.000000  0.006836
 368.000000  0.007324
 369.000000  0.006738
 370.000000  0.007300
 371.000000  0.009033
 372.000000  0.007324
 373.000000  0.009204
 374.000000  0.007324
 375.000000  0.009204
 376.000000  0.007324
 377.000000  0.006787
 378.000000  0.007324
 379.000000  0.006909
 380.000000  0.007324
 381.000000  0.009204
 382.000000  0.007324
 383.000000  0.006860
 384.000000  0.007324
 385.000000  0.006982
 386.000000  0.007324
 387.000000  0.009228
 388.000000  0.007324
 389.000000  0.009082
 390.000000  0.007324
 391.000000  0.009326
 392.000000  0.007324
 393.000000  0.006641
 394.000000  0.007300
 395.000000  0.006909
 396.000000  0.007324
 397.000000  0.006763
 398.000000  0.007324
 399.000000  0.006592
 400.000000  0.007324
 401.000000  0.009472
 402.000000  0.007324
 403.000000  0.007104
 404.000000  0.007324
 405.000000  0.006982
 406.000000  0.007324
 407.000000  0.007007
 408.000000  0.007324
 409.000000  0.009399
 410.000000  0.007324
 411.000000  0.009326
 412.000000  0.007324
 413.000000  0.007080
 414.000000  0.007324
 415.000000  0.009130
 416.000000  0.007324
 417.000000  0.006885
 418.000000  0.007324
 419.000000  0.007031
 420.000000  0.007300
 421.000000  0.006592
 422.000000  0.007324
 423.000000  0.006811
 424.000000  0.007324
 425.000000  0.009204
 426.000000  0.007300
 427.000000  0.009350
 428.000000  0.007324
 429.000000  0.009082
 430.000000  0.007324
 431.000000  0.009277
 432.000000  0.007349
 433.000000  0.006836
 434.000000  0.007300
 435.000000  0.009155
 436.000000  0.007300
 437.000000  0.009423
 438.000000  0.007300
 439.000000  0.009375
 440.000000  0.007544
 441.000000  0.009594
 442.000000  0.007495
 443.000000  0.009082
 444.000000  0.007275
 445.000000  0.008471
 446.000000  0.007153
 447.000000  0.006299
 448.000000  0.007129
 449.000000  0.009057
 450.000000  0.007275
 451.000000  0.009350
 452.000000  0.007373
 453.000000  0.009545
 454.000000  0.007349
 455.000000  0.009716
 456.000000  0.007397
 457.000000  0.009179
 458.000000  0.007324
 459.000000  0.009448
 460.000000  0.007397
 461.000000  0.009668
 462.000000  0.007324
 463.000000  0.009423
 464.000000  0.007422
 465.000000  0.009790
 466.000000  0.007397
 467.000000  0.006982
 468.000000  0.007324
 469.000000  0.007324
 470.000000  0.008203
 471.000000  0.009521
 472.000000  0.007349
 473.000000  0.007324
 474.000000  0.009766
 475.000000  0.010083
 476.000000  0.007397
 477.000000  0.007275
 478.000000  0.009570
 479.000000  0.012255
 480.000000  0.007983
 481.000000  0.009716
 482.000000  0.008032
 483.000000  0.010034
 484.000000  0.012353
 485.000000  0.009936
 486.000000  0.009106
 487.000000  0.015894
 488.000000  0.037036
 489.000000  0.025586
 490.000000  0.008398
 491.000000  0.009741
 492.000000  0.009790
 493.000000  0.014648
 494.000000  0.008569
 495.000000  0.009716
 496.000000  0.007349
 497.000000  0.007349
 498.000000  0.009448
 499.000000  0.009692
 500.000000  0.007349
 501.000000  0.009741
 502.000000  0.008105
 503.000000  0.009765
 504.000000  0.007324
 505.000000  0.009668
 506.000000  0.007349
 507.000000  0.007300
 508.000000  0.007324
 509.000000  0.007129
 510.000000  0.007324
 511.000000  0.009741
 512.000000  0.007324
 513.000000  0.007153
 514.000000  0.007324
 515.000000  0.007251
 516.000000  0.007349
 517.000000  0.007227
 518.000000  0.007324
 519.000000  0.006982
 520.000000  0.007324
 521.000000  0.007251
 522.000000  0.007324
 523.000000  0.009545
 524.000000  0.007300
 525.000000  0.009619
 526.000000  0.007324
 527.000000  0.009204
 528.000000  0.007324
 529.000000  0.009399
 530.000000  0.007324
 531.000000  0.009497
 532.000000  0.007324
 533.000000  0.006909
 534.000000  0.007324
 535.000000  0.007129
 536.000000  0.007324
 537.000000  0.008984
 538.000000  0.007324
 539.000000  0.009057
 540.000000  0.007324
 541.000000  0.006396
 542.000000  0.007324
 543.000000  0.006836
 544.000000  0.007324
 545.000000  0.006811
 546.000000  0.007324
 547.000000  0.008935
 548.000000  0.007300
 549.000000  0.009277
 550.000000  0.007324
 551.000000  0.009057
 552.000000  0.007275
 553.000000  0.006494
 554.000000  0.007324
 555.000000  0.006519
 556.000000  0.007324
 557.000000  0.008642
 558.000000  0.007300
 559.000000  0.008960
 560.000000  0.007300
 561.000000  0.005957
 562.000000  0.007300
 563.000000  0.009008
 564.000000  0.007324
 565.000000  0.008886
 566.000000  0.007300
 567.000000  0.008740
 568.000000  0.007324
 569.000000  0.008837
 570.000000  0.007324
 571.000000  0.008813
 572.000000  0.007324
 573.000000  0.009130
 574.000000  0.007275
 575.000000  0.008349
 576.000000  0.007251
 577.000000  0.008325
 578.000000  0.007324
 579.000000  0.008520
 580.000000  0.007300
 581.000000  0.006128
 582.000000  0.007300
 583.000000  0.008764
 584.000000  0.007324
 585.000000  0.008618
 586.000000  0.007251
 587.000000  0.008715
 588.000000  0.007227
 589.000000  0.005908
 590.000000  0.007202
 591.000000  0.008154
 592.000000  0.007324
 593.000000  0.006274
 594.000000  0.007251
 595.000000  0.008227
 596.000000  0.007080
 597.000000  0.008081
 598.000000  0.006689
 599.000000  0.008398
 600.000000  0.007153
 601.000000  0.008886
 602.000000  0.007202
 603.000000  0.008984
 604.000000  0.006885
 605.000000  0.008178
 606.000000  0.006982
 607.000000  0.008764
 608.000000  0.007007
 609.000000  0.007885
 610.000000  0.006885
 611.000000  0.008032
 612.000000  0.009545
 613.000000  0.008569
 614.000000  0.009570
 615.000000  0.008349
 616.000000  0.007080
 617.000000  0.006055
 618.000000  0.007129
 619.000000  0.008422
 620.000000  0.007227
 621.000000  0.008252
 622.000000  0.007202
 623.000000  0.008032
 624.000000  0.009643
 625.000000  0.008227
 626.000000  0.007178
 627.000000  0.008227
 628.000000  0.007275
 629.000000  0.008007
 630.000000  0.007104
 631.000000  0.008105
 632.000000  0.007056
 633.000000  0.008129
 634.000000  0.007080
 635.000000  0.008300
 636.000000  0.007080
 637.000000  0.005688
 638.000000  0.007202
 639.000000  0.007983
 640.000000  0.007275
 641.000000  0.008032
 642.000000  0.007153
 643.000000  0.005762
 644.000000  0.009668
 645.000000  0.008032
 646.000000  0.009497
 647.000000  0.008105
 648.000000  0.007178
 649.000000  0.005640
 650.000000  0.007129
 651.000000  0.005566
 652.000000  0.007202
 653.000000  0.005737
 654.000000  0.007251
 655.000000  0.008007
 656.000000  0.007251
 657.000000  0.007983
 658.000000  0.007202
 659.000000  0.005688
 660.000000  0.007251
 661.000000  0.007983
 662.000000  0.007129
 663.000000  0.007861
 664.000000  0.009497
 665.000000  0.007763
 666.000000  0.009545
 667.000000  0.007836
 668.000000  0.007178
 669.000000  0.005371
 670.000000  0.007178
 671.000000  0.005322
 672.000000  0.007104
 673.000000  0.007885
 674.000000  0.009643
 675.000000  0.007812
 676.000000  0.007227
 677.000000  0.007739
 678.000000  0.007056
 679.000000  0.007934
 680.000000  0.007178
 681.000000  0.005322
 682.000000  0.007227
 683.000000  0.007617
 684.000000  0.007080
 685.000000  0.007836
 686.000000  0.006982
 687.000000  0.005493
 688.000000  0.009692
 689.000000  0.005444
 690.000000  0.009594
 691.000000  0.007495
 692.000000  0.007129
 693.000000  0.007617
 694.000000  0.007080
 695.000000  0.007690
 696.000000  0.009350
 697.000000  0.007788
 698.000000  0.007251
 699.000000  0.007641
 700.000000  0.007104
 701.000000  0.005371
 702.000000  0.007227
 703.000000  0.005469
 704.000000  0.009619
 705.000000  0.007641
 706.000000  0.007153
 707.000000  0.005347
 708.000000  0.007178
 709.000000  0.007666
 710.000000  0.007202
 711.000000  0.007544
 712.000000  0.007153
 713.000000  0.007788
 714.000000  0.007031
 715.000000  0.007885
 716.000000  0.007129
 717.000000  0.007739
 718.000000  0.007080
 719.000000  0.007617
 720.000000  0.007104
 721.000000  0.007910
 722.000000  0.007129
 723.000000  0.007788
 724.000000  0.007080
 725.000000  0.007788
 726.000000  0.007007
 727.000000  0.007690
 728.000000  0.006811
 729.000000  0.005200
 730.000000  0.006958
 731.000000  0.007959
 732.000000  0.006885
 733.000000  0.007714
 734.000000  0.009448
 735.000000  0.007812
 736.000000  0.006714
 737.000000  0.007861
 738.000000  0.006836
 739.000000  0.007763
 740.000000  0.006763
 741.000000  0.007861
 742.000000  0.006934
 743.000000  0.005225
 744.000000  0.006665
 745.000000  0.007861
 746.000000  0.006519
 747.000000  0.005273
 748.000000  0.006958
 749.000000  0.007641
 750.000000  0.006567
 751.000000  0.007641
 752.000000  0.009106
 753.000000  0.008325
 754.000000  0.006885
 755.000000  0.007812
 756.000000  0.006323
 757.000000  0.007617
 758.000000  0.005640
 759.000000  0.005298
 760.000000  0.006201
 761.000000  0.008349
 762.000000  0.006641
 763.000000  0.007836
 764.000000  0.006543
 765.000000  0.008129
 766.000000  0.006934
 767.000000  0.005762
 768.000000  0.006763
 769.000000  0.007739
 770.000000  0.006958
 771.000000  0.007495
 772.000000  0.006665
 773.000000  0.007446
 774.000000  0.009204
 775.000000  0.007544
 776.000000  0.009155
 777.000000  0.007470
 778.000000  0.006396
 779.000000  0.005127
 780.000000  0.006567
 781.000000  0.005103
 782.000000  0.008960
 783.000000  0.007519
 784.000000  0.006567
 785.000000  0.007714
 786.000000  0.006738
 787.000000  0.007617
 788.000000  0.009106
 789.000000  0.007470
 790.000000  0.006738
 791.000000  0.007470
 792.000000  0.006665
 793.000000  0.007470
 794.000000  0.006396
 795.000000  0.007421
 796.000000  0.006494
 797.000000  0.007519
 798.000000  0.006567
 799.000000  0.007495
 800.000000  0.006689
 801.000000  0.007446
 802.000000  0.009130
 803.000000  0.007641
 804.000000  0.006543
 805.000000  0.007470
 806.000000  0.006445
 807.000000  0.007446
 808.000000  0.008813
 809.000000  0.004932
 810.000000  0.006616
 811.000000  0.005127
 812.000000  0.006714
 813.000000  0.004956
 814.000000  0.006323
 815.000000  0.007446
 816.000000  0.006616
 817.000000  0.007446
 818.000000  0.006689
 819.000000  0.007544
 820.000000  0.006348
 821.000000  0.007421
 822.000000  0.006348
 823.000000  0.007421
 824.000000  0.008837
 825.000000  0.007421
 826.000000  0.006592
 827.000000  0.007324
 828.000000  0.006567
 829.000000  0.007397
 830.000000  0.006519
 831.000000  0.007421
 832.000000  0.006543
 833.000000  0.007470
 834.000000  0.006421
 835.000000  0.007495
 836.000000  0.009155
 837.000000  0.007348
 838.000000  0.006641
 839.000000  0.007446
 840.000000  0.006811
 841.000000  0.007446
 842.000000  0.009252
 843.000000  0.007348
 844.000000  0.006616
 845.000000  0.005078
 846.000000  0.008886
 847.000000  0.007592
 848.000000  0.006445
 849.000000  0.007421
 850.000000  0.006592
 851.000000  0.007446
 852.000000  0.006372
 853.000000  0.004980
 854.000000  0.009228
 855.000000  0.007348
 856.000000  0.006567
 857.000000  0.004956
 858.000000  0.006348
 859.000000  0.004907
 860.000000  0.009130
 861.000000  0.007397
 862.000000  0.006299
 863.000000  0.004907
 864.000000  0.006030
 865.000000  0.007470
 866.000000  0.008813
 867.000000  0.005005
 868.000000  0.006836
 869.000000  0.007421
 870.000000  0.006958
 871.000000  0.007446
 872.000000  0.006763
 873.000000  0.007421
 874.000000  0.006519
 875.000000  0.007470
 876.000000  0.006543
 877.000000  0.004956
 878.000000  0.006665
 879.000000  0.004980
 880.000000  0.006714
 881.000000  0.007397
 882.000000  0.006592
 883.000000  0.007397
 884.000000  0.006665
 885.000000  0.007519
 886.000000  0.006714
 887.000000  0.004932
 888.000000  0.006811
 889.000000  0.007446
 890.000000  0.006811
 891.000000  0.007397
 892.000000  0.006543
 893.000000  0.007495
 894.000000  0.006860
 895.000000  0.007421
 896.000000  0.006665
 897.000000  0.007544
 898.000000  0.006421
 899.000000  0.007495
 900.000000  0.006543
 901.000000  0.007470
 902.000000  0.008984
 903.000000  0.007397
 904.000000  0.006811
 905.000000  0.007568
 906.000000  0.009082
 907.000000  0.007568
 908.000000  0.009057
 909.000000  0.007495
 910.000000  0.006055
 911.000000  0.007592
 912.000000  0.006543
 913.000000  0.008032
 914.000000  0.006763
 915.000000  0.008520
 916.000000  0.006372
 917.000000  0.007812
 918.000000  0.008911
 919.000000  0.007763
 920.000000  0.009008
 921.000000  0.007421
 922.000000  0.006030
 923.000000  0.007470
 924.000000  0.006567
 925.000000  0.007617
 926.000000  0.006470
 927.000000  0.007617
 928.000000  0.006665
 929.000000  0.007568
 930.000000  0.006763
 931.000000  0.007495
 932.000000  0.006396
 933.000000  0.007739
 934.000000  0.006543
 935.000000  0.007495
 936.000000  0.006763
 937.000000  0.007641
 938.000000  0.006934
 939.000000  0.007519
 940.000000  0.006811
 941.000000  0.007519
 942.000000  0.006494
 943.000000  0.007568
 944.000000  0.006445
 945.000000  0.005005
 946.000000  0.008862
 947.000000  0.007544
 948.000000  0.006592
 949.000000  0.007544
 950.000000  0.009082
 951.000000  0.007519
 952.000000  0.006348
 953.000000  0.007446
 954.000000  0.006665
 955.000000  0.007544
 956.000000  0.006860
 957.000000  0.007495
 958.000000  0.006494
 959.000000  0.005103
 960.000000  0.006567
 961.000000  0.005103
 962.000000  0.008862
 963.000000  0.005176
 964.000000  0.006641
 965.000000  0.007519
 966.000000  0.006494
 967.000000  0.007421
 968.000000  0.006543
 969.000000  0.007446
 970.000000  0.009057
 971.000000  0.007544
 972.000000  0.006592
 973.000000  0.007519
 974.000000  0.006445
 975.000000  0.007568
 976.000000  0.006567
 977.000000  0.007373
 978.000000  0.006372
 979.000000  0.007397
 980.000000  0.006860
 981.000000  0.007470
 982.000000  0.006323
 983.000000  0.005005
 984.000000  0.006323
 985.000000  0.007544
 986.000000  0.006299
 987.000000  0.007470
 988.000000  0.008862
 989.000000  0.007373
 990.000000  0.006641
 991.000000  0.007446
 992.000000  0.006470
 993.000000  0.007421
 994.000000  0.006421
 995.000000  0.007519
 996.000000  0.006128
 997.000000  0.007348
 998.000000  0.008813
 999.000000  0.007397
 1000.000000  0.009057
 1001.000000  0.007373
 1002.000000  0.006226
 1003.000000  0.007421
 1004.000000  0.006177
 1005.000000  0.007348
 1006.000000  0.006494
 1007.000000  0.007397
 1008.000000  0.006689
 1009.000000  0.007470
 1010.000000  0.006396
 1011.000000  0.007421
 1012.000000  0.006177
 1013.000000  0.007397
 1014.000000  0.006274
 1015.000000  0.007397
 1016.000000  0.006323
 1017.000000  0.007519
 1018.000000  0.006396
 1019.000000  0.007348
 1020.000000  0.006323
 1021.000000  0.007348
 1022.000000  0.006494
 1023.000000  0.007397
