 0.000000  0.007324
 1.000000  0.007202
 2.000000  0.007324
 3.000000  0.007178
 4.000000  0.007324
 5.000000  0.007251
 6.000000  0.007349
 7.000000  0.007178
 8.000000  0.007324
 9.000000  0.007178
 10.000000  0.007324
 11.000000  0.007080
 12.000000  0.007324
 13.000000  0.007129
 14.000000  0.007349
 15.000000  0.007153
 16.000000  0.007324
 17.000000  0.007153
 18.000000  0.007324
 19.000000  0.007178
 20.000000  0.007324
 21.000000  0.007178
 22.000000  0.007324
 23.000000  0.007227
 24.000000  0.007300
 25.000000  0.006274
 26.000000  0.007300
 27.000000  0.009521
 28.000000  0.007324
 29.000000  0.007251
 30.000000  0.007666
 31.000000  0.006811
 32.000000  0.007227
 33.000000  0.006714
 34.000000  0.007373
 35.000000  0.007129
 36.000000  0.007373
 37.000000  0.006445
 38.000000  0.007349
 39.000000  0.009301
 40.000000  0.007300
 41.000000  0.007007
 42.000000  0.007324
 43.000000  0.006860
 44.000000  0.007349
 45.000000  0.006909
 46.000000  0.007324
 47.000000  0.007080
 48.000000  0.007324
 49.000000  0.007178
 50.000000  0.007324
 51.000000  0.007129
 52.000000  0.007349
 53.000000  0.007031
 54.000000  0.007324
 55.000000  0.007129
 56.000000  0.007324
 57.000000  0.006860
 58.000000  0.007324
 59.000000  0.009472
 60.000000  0.007349
 61.000000  0.009375
 62.000000  0.007324
 63.000000  0.007104
 64.000000  0.007324
 65.000000  0.007031
 66.000000  0.007349
 67.000000  0.009448
 68.000000  0.007324
 69.000000  0.007056
 70.000000  0.007324
 71.000000  0.007031
 72.000000  0.007324
 73.000000  0.006934
 74.000000  0.007324
 75.000000  0.007007
 76.000000  0.007324
 77.000000  0.006860
 78.000000  0.007324
 79.000000  0.007129
 80.000000  0.007324
 81.000000  0.007153
 82.000000  0.007324
 83.000000  0.007031
 84.000000  0.007324
 85.000000  0.007080
 86.000000  0.007324
 87.000000  0.007031
 88.000000  0.007324
 89.000000  0.007080
 90.000000  0.007324
 91.000000  0.006885
 92.000000  0.007324
 93.000000  0.006958
 94.000000  0.007324
 95.000000  0.006934
 96.000000  0.007324
 97.000000  0.006787
 98.000000  0.007324
 99.000000  0.007153
 100.000000  0.007324
 101.000000  0.009448
 102.000000  0.007324
 103.000000  0.009545
 104.000000  0.007324
 105.000000  0.007080
 106.000000  0.007324
 107.000000  0.007007
 108.000000  0.007324
 109.000000  0.009570
 110.000000  0.007324
 111.000000  0.006958
 112.000000  0.007324
 113.000000  0.007129
 114.000000  0.007324
 115.000000  0.007153
 116.000000  0.007324
 117.000000  0.007080
 118.000000  0.007324
 119.000000  0.006836
 120.000000  0.007324
 121.000000  0.007031
 122.000000  0.007324
 123.000000  0.006958
 124.000000  0.007324
 125.000000  0.006958
 126.000000  0.007324
 127.000000  0.009301
 128.000000  0.007324
 129.000000  0.006934
 130.000000  0.007324
 131.000000  0.009448
 132.000000  0.007324
 133.000000  0.007007
 134.000000  0.007324
 135.000000  0.009399
 136.000000  0.007324
 137.000000  0.007080
 138.000000  0.007300
 139.000000  0.006958
 140.000000  0.007324
 141.000000  0.006982
 142.000000  0.007324
 143.000000  0.007056
 144.000000  0.007324
 145.000000  0.009448
 146.000000  0.007324
 147.000000  0.007080
 148.000000  0.007324
 149.000000  0.009521
 150.000000  0.007324
 151.000000  0.007007
 152.000000  0.007300
 153.000000  0.007007
 154.000000  0.007275
 155.000000  0.006811
 156.000000  0.007324
 157.000000  0.009448
 158.000000  0.007324
 159.000000  0.006787
 160.000000  0.007324
 161.000000  0.006909
 162.000000  0.007324
 163.000000  0.006763
 164.000000  0.007300
 165.000000  0.006836
 166.000000  0.007324
 167.000000  0.006738
 168.000000  0.007324
 169.000000  0.009179
 170.000000  0.007300
 171.000000  0.006592
 172.000000  0.007275
 173.000000  0.006885
 174.000000  0.007300
 175.000000  0.006494
 176.000000  0.007275
 177.000000  0.006689
 178.000000  0.007300
 179.000000  0.008984
 180.000000  0.007251
 181.000000  0.007104
 182.000000  0.007422
 183.000000  0.006396
 184.000000  0.007227
 185.000000  0.005957
 186.000000  0.006958
 187.000000  0.006201
 188.000000  0.007300
 189.000000  0.006714
 190.000000  0.007300
 191.000000  0.006177
 192.000000  0.007251
 193.000000  0.006885
 194.000000  0.007275
 195.000000  0.006641
 196.000000  0.009716
 197.000000  0.006421
 198.000000  0.007324
 199.000000  0.009082
 200.000000  0.007300
 201.000000  0.009057
 202.000000  0.007324
 203.000000  0.006616
 204.000000  0.007324
 205.000000  0.006421
 206.000000  0.007251
 207.000000  0.006519
 208.000000  0.007300
 209.000000  0.009033
 210.000000  0.007324
 211.000000  0.006592
 212.000000  0.007324
 213.000000  0.009130
 214.000000  0.007300
 215.000000  0.006567
 216.000000  0.007324
 217.000000  0.006641
 218.000000  0.007300
 219.000000  0.008984
 220.000000  0.007324
 221.000000  0.006543
 222.000000  0.007324
 223.000000  0.006689
 224.000000  0.007324
 225.000000  0.006445
 226.000000  0.007300
 227.000000  0.009008
 228.000000  0.007324
 229.000000  0.008862
 230.000000  0.007324
 231.000000  0.006519
 232.000000  0.007324
 233.000000  0.009228
 234.000000  0.007300
 235.000000  0.006665
 236.000000  0.007300
 237.000000  0.006567
 238.000000  0.007324
 239.000000  0.009008
 240.000000  0.007324
 241.000000  0.006763
 242.000000  0.007324
 243.000000  0.009082
 244.000000  0.007324
 245.000000  0.006738
 246.000000  0.007324
 247.000000  0.006836
 248.000000  0.007324
 249.000000  0.006543
 250.000000  0.007300
 251.000000  0.006836
 252.000000  0.007324
 253.000000  0.006811
 254.000000  0.007324
 255.000000  0.009252
 256.000000  0.007324
 257.000000  0.006714
 258.000000  0.007324
 259.000000  0.006885
 260.000000  0.007300
 261.000000  0.006787
 262.000000  0.007324
 263.000000  0.009106
 264.000000  0.007324
 265.000000  0.009228
 266.000000  0.007324
 267.000000  0.009326
 268.000000  0.007324
 269.000000  0.009228
 270.000000  0.007324
 271.000000  0.006665
 272.000000  0.007324
 273.000000  0.006738
 274.000000  0.007324
 275.000000  0.009375
 276.000000  0.007300
 277.000000  0.009399
 278.000000  0.007324
 279.000000  0.006909
 280.000000  0.007324
 281.000000  0.009204
 282.000000  0.007324
 283.000000  0.009350
 284.000000  0.007324
 285.000000  0.006982
 286.000000  0.007324
 287.000000  0.007007
 288.000000  0.007324
 289.000000  0.009570
 290.000000  0.007324
 291.000000  0.006860
 292.000000  0.007324
 293.000000  0.006592
 294.000000  0.007324
 295.000000  0.009521
 296.000000  0.007324
 297.000000  0.009277
 298.000000  0.007324
 299.000000  0.009448
 300.000000  0.007324
 301.000000  0.007007
 302.000000  0.007324
 303.000000  0.009545
 304.000000  0.007324
 305.000000  0.007202
 306.000000  0.007324
 307.000000  0.009472
 308.000000  0.007324
 309.000000  0.009448
 310.000000  0.007324
 311.000000  0.007202
 312.000000  0.007324
 313.000000  0.007202
 314.000000  0.007324
 315.000000  0.009619
 316.000000  0.007324
 317.000000  0.007129
 318.000000  0.007324
 319.000000  0.007104
 320.000000  0.007324
 321.000000  0.009594
 322.000000  0.007324
 323.000000  0.009545
 324.000000  0.007324
 325.000000  0.007007
 326.000000  0.007324
 327.000000  0.007056
 328.000000  0.007324
 329.000000  0.009497
 330.000000  0.007324
 331.000000  0.009594
 332.000000  0.007324
 333.000000  0.009545
 334.000000  0.007324
 335.000000  0.009619
 336.000000  0.007324
 337.000000  0.006396
 338.000000  0.007227
 339.000000  0.006958
 340.000000  0.007324
 341.000000  0.009765
 342.000000  0.010205
 343.000000  0.009643
 344.000000  0.007349
 345.000000  0.009082
 346.000000  0.007349
 347.000000  0.007056
 348.000000  0.007422
 349.000000  0.009228
 350.000000  0.007446
 351.000000  0.009545
 352.000000  0.007397
 353.000000  0.009570
 354.000000  0.007373
 355.000000  0.007153
 356.000000  0.007349
 357.000000  0.007178
 358.000000  0.007373
 359.000000  0.009668
 360.000000  0.007349
 361.000000  0.007275
 362.000000  0.007349
 363.000000  0.009521
 364.000000  0.007373
 365.000000  0.007227
 366.000000  0.007373
 367.000000  0.007251
 368.000000  0.007349
 369.000000  0.007251
 370.000000  0.007349
 371.000000  0.009594
 372.000000  0.007373
 373.000000  0.009716
 374.000000  0.007373
 375.000000  0.009741
 376.000000  0.007422
 377.000000  0.007300
 378.000000  0.007373
 379.000000  0.007300
 380.000000  0.007373
 381.000000  0.009765
 382.000000  0.007373
 383.000000  0.007324
 384.000000  0.007397
 385.000000  0.007300
 386.000000  0.007373
 387.000000  0.009741
 388.000000  0.007349
 389.000000  0.009716
 390.000000  0.007397
 391.000000  0.009716
 392.000000  0.007446
 393.000000  0.007324
 394.000000  0.007397
 395.000000  0.007324
 396.000000  0.007471
 397.000000  0.007324
 398.000000  0.007349
 399.000000  0.007324
 400.000000  0.007373
 401.000000  0.009765
 402.000000  0.007446
 403.000000  0.007324
 404.000000  0.007324
 405.000000  0.007324
 406.000000  0.007397
 407.000000  0.007324
 408.000000  0.007471
 409.000000  0.009765
 410.000000  0.007519
 411.000000  0.009765
 412.000000  0.007422
 413.000000  0.007324
 414.000000  0.007617
 415.000000  0.009765
 416.000000  0.007495
 417.000000  0.007324
 418.000000  0.007568
 419.000000  0.007324
 420.000000  0.007788
 421.000000  0.007324
 422.000000  0.007471
 423.000000  0.007324
 424.000000  0.007739
 425.000000  0.009765
 426.000000  0.007495
 427.000000  0.009765
 428.000000  0.008179
 429.000000  0.009765
 430.000000  0.007886
 431.000000  0.009765
 432.000000  0.008179
 433.000000  0.007324
 434.000000  0.008154
 435.000000  0.009765
 436.000000  0.007666
 437.000000  0.009765
 438.000000  0.008618
 439.000000  0.009765
 440.000000  0.008105
 441.000000  0.009814
 442.000000  0.009180
 443.000000  0.009814
 444.000000  0.008276
 445.000000  0.009765
 446.000000  0.008887
 447.000000  0.007422
 448.000000  0.008740
 449.000000  0.009838
 450.000000  0.008374
 451.000000  0.009985
 452.000000  0.009619
 453.000000  0.009985
 454.000000  0.008984
 455.000000  0.009765
 456.000000  0.009619
 457.000000  0.010791
 458.000000  0.009351
 459.000000  0.009985
 460.000000  0.009766
 461.000000  0.012207
 462.000000  0.009766
 463.000000  0.009912
 464.000000  0.009668
 465.000000  0.012207
 466.000000  0.012207
 467.000000  0.009595
 468.000000  0.009619
 469.000000  0.009717
 470.000000  0.012305
 471.000000  0.016626
 472.000000  0.009863
 473.000000  0.009424
 474.000000  0.012378
 475.000000  0.022094
 476.000000  0.016968
 477.000000  0.009717
 478.000000  0.010205
 479.000000  0.017773
 480.000000  0.022607
 481.000000  0.014526
 482.000000  0.010132
 483.000000  0.010767
 484.000000  0.017285
 485.000000  0.020605
 486.000000  0.012256
 487.000000  0.015332
 488.000000  0.051831
 489.000000  0.146069
 490.000000  0.082861
 491.000000  0.013842
 492.000000  0.009936
 493.000000  0.013159
 494.000000  0.013647
 495.000000  0.012329
 496.000000  0.009668
 497.000000  0.008081
 498.000000  0.009936
 499.000000  0.011694
 500.000000  0.009131
 501.000000  0.011181
 502.000000  0.009473
 503.000000  0.012011
 504.000000  0.009717
 505.000000  0.010888
 506.000000  0.009351
 507.000000  0.008911
 508.000000  0.009741
 509.000000  0.007886
 510.000000  0.009351
 511.000000  0.010278
 512.000000  0.009473
 513.000000  0.008398
 514.000000  0.009106
 515.000000  0.007471
 516.000000  0.009009
 517.000000  0.007861
 518.000000  0.008911
 519.000000  0.007495
 520.000000  0.008862
 521.000000  0.007495
 522.000000  0.008960
 523.000000  0.009887
 524.000000  0.008667
 525.000000  0.009838
 526.000000  0.009131
 527.000000  0.009838
 528.000000  0.008398
 529.000000  0.009765
 530.000000  0.008301
 531.000000  0.009863
 532.000000  0.008227
 533.000000  0.007324
 534.000000  0.007812
 535.000000  0.007349
 536.000000  0.008008
 537.000000  0.009790
 538.000000  0.007812
 539.000000  0.009765
 540.000000  0.008057
 541.000000  0.007324
 542.000000  0.007642
 543.000000  0.007324
 544.000000  0.007642
 545.000000  0.007324
 546.000000  0.008105
 547.000000  0.009765
 548.000000  0.007471
 549.000000  0.009765
 550.000000  0.007568
 551.000000  0.009765
 552.000000  0.007397
 553.000000  0.007324
 554.000000  0.007446
 555.000000  0.007324
 556.000000  0.007422
 557.000000  0.009765
 558.000000  0.007495
 559.000000  0.009765
 560.000000  0.007568
 561.000000  0.007300
 562.000000  0.007349
 563.000000  0.009765
 564.000000  0.007324
 565.000000  0.009765
 566.000000  0.007324
 567.000000  0.009741
 568.000000  0.007324
 569.000000  0.009765
 570.000000  0.007324
 571.000000  0.009765
 572.000000  0.007324
 573.000000  0.009741
 574.000000  0.007349
 575.000000  0.009716
 576.000000  0.007324
 577.000000  0.009765
 578.000000  0.007324
 579.000000  0.009765
 580.000000  0.007324
 581.000000  0.007324
 582.000000  0.007324
 583.000000  0.009765
 584.000000  0.007324
 585.000000  0.009765
 586.000000  0.007324
 587.000000  0.009765
 588.000000  0.007324
 589.000000  0.007251
 590.000000  0.007324
 591.000000  0.009594
 592.000000  0.007324
 593.000000  0.007275
 594.000000  0.007324
 595.000000  0.009692
 596.000000  0.007324
 597.000000  0.009545
 598.000000  0.007324
 599.000000  0.009570
 600.000000  0.007324
 601.000000  0.009448
 602.000000  0.007324
 603.000000  0.009521
 604.000000  0.007324
 605.000000  0.009399
 606.000000  0.007324
 607.000000  0.009472
 608.000000  0.007324
 609.000000  0.009521
 610.000000  0.007324
 611.000000  0.009252
 612.000000  0.009765
 613.000000  0.009350
 614.000000  0.009765
 615.000000  0.009399
 616.000000  0.007324
 617.000000  0.007129
 618.000000  0.007324
 619.000000  0.009106
 620.000000  0.007324
 621.000000  0.009350
 622.000000  0.007324
 623.000000  0.009375
 624.000000  0.009765
 625.000000  0.009277
 626.000000  0.007324
 627.000000  0.009277
 628.000000  0.007324
 629.000000  0.009228
 630.000000  0.007324
 631.000000  0.009228
 632.000000  0.007324
 633.000000  0.009277
 634.000000  0.007324
 635.000000  0.009204
 636.000000  0.007300
 637.000000  0.006519
 638.000000  0.007300
 639.000000  0.009252
 640.000000  0.007324
 641.000000  0.009033
 642.000000  0.007324
 643.000000  0.006592
 644.000000  0.009741
 645.000000  0.008789
 646.000000  0.009716
 647.000000  0.009106
 648.000000  0.007300
 649.000000  0.006372
 650.000000  0.006665
 651.000000  0.006421
 652.000000  0.007202
 653.000000  0.006787
 654.000000  0.007275
 655.000000  0.009375
 656.000000  0.007129
 657.000000  0.008252
 658.000000  0.007007
 659.000000  0.006543
 660.000000  0.007251
 661.000000  0.008715
 662.000000  0.007178
 663.000000  0.008544
 664.000000  0.009594
 665.000000  0.008886
 666.000000  0.009643
 667.000000  0.008691
 668.000000  0.007202
 669.000000  0.006226
 670.000000  0.007300
 671.000000  0.006348
 672.000000  0.007251
 673.000000  0.008789
 674.000000  0.009692
 675.000000  0.008520
 676.000000  0.007275
 677.000000  0.008422
 678.000000  0.007080
 679.000000  0.008569
 680.000000  0.007227
 681.000000  0.005908
 682.000000  0.007275
 683.000000  0.008154
 684.000000  0.007275
 685.000000  0.008422
 686.000000  0.007202
 687.000000  0.006128
 688.000000  0.009668
 689.000000  0.005957
 690.000000  0.009741
 691.000000  0.008105
 692.000000  0.007275
 693.000000  0.008374
 694.000000  0.007251
 695.000000  0.008422
 696.000000  0.009594
 697.000000  0.008471
 698.000000  0.007227
 699.000000  0.008227
 700.000000  0.007324
 701.000000  0.006250
 702.000000  0.007324
 703.000000  0.005713
 704.000000  0.009619
 705.000000  0.008081
 706.000000  0.007227
 707.000000  0.005762
 708.000000  0.007251
 709.000000  0.008081
 710.000000  0.007251
 711.000000  0.007836
 712.000000  0.007275
 713.000000  0.008056
 714.000000  0.007178
 715.000000  0.008276
 716.000000  0.007227
 717.000000  0.007788
 718.000000  0.007275
 719.000000  0.008032
 720.000000  0.007275
 721.000000  0.008178
 722.000000  0.007202
 723.000000  0.008105
 724.000000  0.007275
 725.000000  0.007934
 726.000000  0.007300
 727.000000  0.007861
 728.000000  0.007153
 729.000000  0.005518
 730.000000  0.007227
 731.000000  0.008203
 732.000000  0.007227
 733.000000  0.008129
 734.000000  0.009692
 735.000000  0.008007
 736.000000  0.007056
 737.000000  0.007934
 738.000000  0.007080
 739.000000  0.007983
 740.000000  0.007227
 741.000000  0.008032
 742.000000  0.007227
 743.000000  0.005615
 744.000000  0.007129
 745.000000  0.008081
 746.000000  0.007178
 747.000000  0.005420
 748.000000  0.007178
 749.000000  0.007641
 750.000000  0.007202
 751.000000  0.007836
 752.000000  0.009472
 753.000000  0.008178
 754.000000  0.007178
 755.000000  0.007959
 756.000000  0.007104
 757.000000  0.007788
 758.000000  0.007104
 759.000000  0.005640
 760.000000  0.007080
 761.000000  0.007959
 762.000000  0.007080
 763.000000  0.007812
 764.000000  0.006958
 765.000000  0.007666
 766.000000  0.007251
 767.000000  0.005371
 768.000000  0.007007
 769.000000  0.007836
 770.000000  0.007104
 771.000000  0.007739
 772.000000  0.006909
 773.000000  0.007666
 774.000000  0.009277
 775.000000  0.007519
 776.000000  0.009277
 777.000000  0.007568
 778.000000  0.006885
 779.000000  0.005225
 780.000000  0.006714
 781.000000  0.005054
 782.000000  0.009423
 783.000000  0.007495
 784.000000  0.006811
 785.000000  0.007617
 786.000000  0.006909
 787.000000  0.007519
 788.000000  0.009326
 789.000000  0.007641
 790.000000  0.006641
 791.000000  0.007739
 792.000000  0.006787
 793.000000  0.007568
 794.000000  0.006787
 795.000000  0.007544
 796.000000  0.006641
 797.000000  0.007592
 798.000000  0.006738
 799.000000  0.007617
 800.000000  0.006934
 801.000000  0.007568
 802.000000  0.009106
 803.000000  0.007788
 804.000000  0.006665
 805.000000  0.007714
 806.000000  0.006982
 807.000000  0.008056
 808.000000  0.008960
 809.000000  0.005078
 810.000000  0.005981
 811.000000  0.005029
 812.000000  0.006152
 813.000000  0.005933
 814.000000  0.006714
 815.000000  0.007861
 816.000000  0.006299
 817.000000  0.007739
 818.000000  0.006885
 819.000000  0.007836
 820.000000  0.006714
 821.000000  0.007617
 822.000000  0.006445
 823.000000  0.007739
 824.000000  0.009204
 825.000000  0.007568
 826.000000  0.006689
 827.000000  0.007714
 828.000000  0.006348
 829.000000  0.007592
 830.000000  0.006494
 831.000000  0.007641
 832.000000  0.006665
 833.000000  0.007568
 834.000000  0.006470
 835.000000  0.007641
 836.000000  0.009204
 837.000000  0.007739
 838.000000  0.006763
 839.000000  0.007690
 840.000000  0.006811
 841.000000  0.007446
 842.000000  0.009204
 843.000000  0.007592
 844.000000  0.006445
 845.000000  0.005225
 846.000000  0.008862
 847.000000  0.007690
 848.000000  0.006738
 849.000000  0.007592
 850.000000  0.006787
 851.000000  0.007568
 852.000000  0.006519
 853.000000  0.005103
 854.000000  0.009375
 855.000000  0.007470
 856.000000  0.006274
 857.000000  0.004932
 858.000000  0.006665
 859.000000  0.005078
 860.000000  0.009155
 861.000000  0.007470
 862.000000  0.006396
 863.000000  0.005103
 864.000000  0.006567
 865.000000  0.007641
 866.000000  0.009130
 867.000000  0.005127
 868.000000  0.006689
 869.000000  0.007373
 870.000000  0.006958
 871.000000  0.007495
 872.000000  0.006811
 873.000000  0.007495
 874.000000  0.006421
 875.000000  0.007617
 876.000000  0.006738
 877.000000  0.005054
 878.000000  0.006641
 879.000000  0.004956
 880.000000  0.006763
 881.000000  0.007592
 882.000000  0.006787
 883.000000  0.007470
 884.000000  0.006934
 885.000000  0.007544
 886.000000  0.006836
 887.000000  0.004932
 888.000000  0.006909
 889.000000  0.007421
 890.000000  0.006811
 891.000000  0.007446
 892.000000  0.006787
 893.000000  0.007617
 894.000000  0.006689
 895.000000  0.007495
 896.000000  0.006616
 897.000000  0.007495
 898.000000  0.006689
 899.000000  0.007446
 900.000000  0.006567
 901.000000  0.007373
 902.000000  0.009057
 903.000000  0.007373
 904.000000  0.006836
 905.000000  0.007397
 906.000000  0.009082
 907.000000  0.007373
 908.000000  0.009008
 909.000000  0.007421
 910.000000  0.006738
 911.000000  0.007495
 912.000000  0.006738
 913.000000  0.007397
 914.000000  0.006421
 915.000000  0.007470
 916.000000  0.006616
 917.000000  0.007421
 918.000000  0.009301
 919.000000  0.007324
 920.000000  0.009448
 921.000000  0.007495
 922.000000  0.006738
 923.000000  0.007397
 924.000000  0.006641
 925.000000  0.007421
 926.000000  0.006616
 927.000000  0.007470
 928.000000  0.006811
 929.000000  0.007446
 930.000000  0.006763
 931.000000  0.007446
 932.000000  0.006543
 933.000000  0.007592
 934.000000  0.006665
 935.000000  0.007470
 936.000000  0.007080
 937.000000  0.007373
 938.000000  0.006982
 939.000000  0.007495
 940.000000  0.006811
 941.000000  0.007544
 942.000000  0.006665
 943.000000  0.007470
 944.000000  0.006836
 945.000000  0.005103
 946.000000  0.009252
 947.000000  0.007544
 948.000000  0.006811
 949.000000  0.007470
 950.000000  0.009130
 951.000000  0.007641
 952.000000  0.006445
 953.000000  0.007592
 954.000000  0.006689
 955.000000  0.007544
 956.000000  0.006787
 957.000000  0.007617
 958.000000  0.006689
 959.000000  0.005176
 960.000000  0.006738
 961.000000  0.005103
 962.000000  0.008447
 963.000000  0.005322
 964.000000  0.006616
 965.000000  0.008129
 966.000000  0.007007
 967.000000  0.008789
 968.000000  0.006665
 969.000000  0.007885
 970.000000  0.008544
 971.000000  0.007885
 972.000000  0.006811
 973.000000  0.007788
 974.000000  0.006445
 975.000000  0.007690
 976.000000  0.006250
 977.000000  0.007690
 978.000000  0.006616
 979.000000  0.007714
 980.000000  0.006616
 981.000000  0.007763
 982.000000  0.006592
 983.000000  0.005371
 984.000000  0.006323
 985.000000  0.007714
 986.000000  0.006250
 987.000000  0.007666
 988.000000  0.009204
 989.000000  0.007592
 990.000000  0.006665
 991.000000  0.007690
 992.000000  0.006567
 993.000000  0.007519
 994.000000  0.006396
 995.000000  0.007470
 996.000000  0.006079
 997.000000  0.007592
 998.000000  0.008886
 999.000000  0.007544
 1000.000000  0.009179
 1001.000000  0.007519
 1002.000000  0.006592
 1003.000000  0.007495
 1004.000000  0.006567
 1005.000000  0.007519
 1006.000000  0.006689
 1007.000000  0.007495
 1008.000000  0.006763
 1009.000000  0.007544
 1010.000000  0.006641
 1011.000000  0.007568
 1012.000000  0.006396
 1013.000000  0.007519
 1014.000000  0.006250
 1015.000000  0.007470
 1016.000000  0.006348
 1017.000000  0.007592
 1018.000000  0.006616
 1019.000000  0.007421
 1020.000000  0.006323
 1021.000000  0.007421
 1022.000000  0.006445
 1023.000000  0.007544
