 0.000000  0.007349
 1.000000  0.007080
 2.000000  0.007324
 3.000000  0.007153
 4.000000  0.007349
 5.000000  0.007178
 6.000000  0.007349
 7.000000  0.007080
 8.000000  0.007349
 9.000000  0.007202
 10.000000  0.007373
 11.000000  0.007129
 12.000000  0.007324
 13.000000  0.007202
 14.000000  0.007349
 15.000000  0.007178
 16.000000  0.007324
 17.000000  0.007080
 18.000000  0.007324
 19.000000  0.007275
 20.000000  0.007324
 21.000000  0.007300
 22.000000  0.007349
 23.000000  0.007275
 24.000000  0.007324
 25.000000  0.007251
 26.000000  0.007349
 27.000000  0.009741
 28.000000  0.007349
 29.000000  0.007251
 30.000000  0.007373
 31.000000  0.007275
 32.000000  0.007324
 33.000000  0.007227
 34.000000  0.007324
 35.000000  0.007178
 36.000000  0.007324
 37.000000  0.007202
 38.000000  0.007324
 39.000000  0.009668
 40.000000  0.007324
 41.000000  0.007202
 42.000000  0.007324
 43.000000  0.007178
 44.000000  0.007324
 45.000000  0.007227
 46.000000  0.007324
 47.000000  0.007275
 48.000000  0.007324
 49.000000  0.007300
 50.000000  0.007349
 51.000000  0.007251
 52.000000  0.007324
 53.000000  0.007324
 54.000000  0.007324
 55.000000  0.007275
 56.000000  0.007324
 57.000000  0.007129
 58.000000  0.007373
 59.000000  0.009570
 60.000000  0.007324
 61.000000  0.009643
 62.000000  0.007324
 63.000000  0.007275
 64.000000  0.007324
 65.000000  0.007227
 66.000000  0.007324
 67.000000  0.009692
 68.000000  0.007324
 69.000000  0.007275
 70.000000  0.007324
 71.000000  0.007300
 72.000000  0.007324
 73.000000  0.007275
 74.000000  0.007324
 75.000000  0.007275
 76.000000  0.007324
 77.000000  0.007227
 78.000000  0.007324
 79.000000  0.007227
 80.000000  0.007324
 81.000000  0.007202
 82.000000  0.007324
 83.000000  0.007251
 84.000000  0.007324
 85.000000  0.007275
 86.000000  0.007349
 87.000000  0.007275
 88.000000  0.007324
 89.000000  0.007275
 90.000000  0.007349
 91.000000  0.007275
 92.000000  0.007324
 93.000000  0.007227
 94.000000  0.007324
 95.000000  0.007007
 96.000000  0.007324
 97.000000  0.007227
 98.000000  0.007324
 99.000000  0.007202
 100.000000  0.007349
 101.000000  0.009643
 102.000000  0.007324
 103.000000  0.009643
 104.000000  0.007349
 105.000000  0.007129
 106.000000  0.007397
 107.000000  0.007178
 108.000000  0.007275
 109.000000  0.009545
 110.000000  0.007373
 111.000000  0.007251
 112.000000  0.007349
 113.000000  0.007056
 114.000000  0.007373
 115.000000  0.007178
 116.000000  0.007349
 117.000000  0.007153
 118.000000  0.007397
 119.000000  0.007104
 120.000000  0.007422
 121.000000  0.007080
 122.000000  0.007422
 123.000000  0.007178
 124.000000  0.007373
 125.000000  0.007104
 126.000000  0.007349
 127.000000  0.009497
 128.000000  0.007373
 129.000000  0.007056
 130.000000  0.007373
 131.000000  0.009521
 132.000000  0.007349
 133.000000  0.007153
 134.000000  0.007324
 135.000000  0.009521
 136.000000  0.007373
 137.000000  0.007031
 138.000000  0.007397
 139.000000  0.006982
 140.000000  0.007471
 141.000000  0.007129
 142.000000  0.007349
 143.000000  0.007080
 144.000000  0.007324
 145.000000  0.009619
 146.000000  0.007373
 147.000000  0.007153
 148.000000  0.007373
 149.000000  0.009497
 150.000000  0.007349
 151.000000  0.007080
 152.000000  0.007349
 153.000000  0.007104
 154.000000  0.007349
 155.000000  0.007104
 156.000000  0.007373
 157.000000  0.009668
 158.000000  0.007349
 159.000000  0.007080
 160.000000  0.007397
 161.000000  0.007056
 162.000000  0.007275
 163.000000  0.007129
 164.000000  0.007324
 165.000000  0.007080
 166.000000  0.007373
 167.000000  0.007202
 168.000000  0.007300
 169.000000  0.009594
 170.000000  0.007349
 171.000000  0.007129
 172.000000  0.007373
 173.000000  0.007104
 174.000000  0.007324
 175.000000  0.007275
 176.000000  0.007349
 177.000000  0.007227
 178.000000  0.007324
 179.000000  0.009716
 180.000000  0.007324
 181.000000  0.007275
 182.000000  0.007324
 183.000000  0.007251
 184.000000  0.007349
 185.000000  0.007227
 186.000000  0.007373
 187.000000  0.007251
 188.000000  0.007349
 189.000000  0.007227
 190.000000  0.007349
 191.000000  0.007227
 192.000000  0.007324
 193.000000  0.007300
 194.000000  0.007324
 195.000000  0.007251
 196.000000  0.009765
 197.000000  0.007178
 198.000000  0.007324
 199.000000  0.009741
 200.000000  0.007324
 201.000000  0.009692
 202.000000  0.007324
 203.000000  0.007300
 204.000000  0.007324
 205.000000  0.007275
 206.000000  0.007324
 207.000000  0.007275
 208.000000  0.007324
 209.000000  0.009692
 210.000000  0.007349
 211.000000  0.007275
 212.000000  0.007324
 213.000000  0.009741
 214.000000  0.007349
 215.000000  0.007300
 216.000000  0.007324
 217.000000  0.007300
 218.000000  0.007349
 219.000000  0.009741
 220.000000  0.007324
 221.000000  0.007300
 222.000000  0.007324
 223.000000  0.007324
 224.000000  0.007349
 225.000000  0.007275
 226.000000  0.007324
 227.000000  0.009716
 228.000000  0.007324
 229.000000  0.009765
 230.000000  0.007324
 231.000000  0.007300
 232.000000  0.007324
 233.000000  0.009716
 234.000000  0.007324
 235.000000  0.007300
 236.000000  0.007324
 237.000000  0.007324
 238.000000  0.007324
 239.000000  0.009765
 240.000000  0.007324
 241.000000  0.007324
 242.000000  0.007324
 243.000000  0.009765
 244.000000  0.007324
 245.000000  0.007324
 246.000000  0.007349
 247.000000  0.007275
 248.000000  0.007324
 249.000000  0.007324
 250.000000  0.007324
 251.000000  0.007300
 252.000000  0.007324
 253.000000  0.007300
 254.000000  0.007324
 255.000000  0.009765
 256.000000  0.007349
 257.000000  0.007300
 258.000000  0.007373
 259.000000  0.007275
 260.000000  0.007397
 261.000000  0.007275
 262.000000  0.007397
 263.000000  0.009668
 264.000000  0.007373
 265.000000  0.009741
 266.000000  0.007373
 267.000000  0.009790
 268.000000  0.007373
 269.000000  0.009765
 270.000000  0.007544
 271.000000  0.007324
 272.000000  0.007349
 273.000000  0.007300
 274.000000  0.007446
 275.000000  0.009716
 276.000000  0.007471
 277.000000  0.009765
 278.000000  0.007544
 279.000000  0.007324
 280.000000  0.007617
 281.000000  0.009765
 282.000000  0.007495
 283.000000  0.009741
 284.000000  0.007471
 285.000000  0.007373
 286.000000  0.007495
 287.000000  0.007324
 288.000000  0.007617
 289.000000  0.009741
 290.000000  0.007715
 291.000000  0.007324
 292.000000  0.007764
 293.000000  0.007300
 294.000000  0.007861
 295.000000  0.009741
 296.000000  0.007764
 297.000000  0.009790
 298.000000  0.008105
 299.000000  0.009790
 300.000000  0.007935
 301.000000  0.007397
 302.000000  0.007812
 303.000000  0.009741
 304.000000  0.008081
 305.000000  0.007373
 306.000000  0.007861
 307.000000  0.009765
 308.000000  0.008057
 309.000000  0.009912
 310.000000  0.008350
 311.000000  0.007422
 312.000000  0.008105
 313.000000  0.007397
 314.000000  0.008374
 315.000000  0.009863
 316.000000  0.008472
 317.000000  0.007446
 318.000000  0.008350
 319.000000  0.007422
 320.000000  0.008472
 321.000000  0.009912
 322.000000  0.008569
 323.000000  0.009838
 324.000000  0.008398
 325.000000  0.007373
 326.000000  0.008227
 327.000000  0.007349
 328.000000  0.008765
 329.000000  0.009814
 330.000000  0.008936
 331.000000  0.009985
 332.000000  0.009180
 333.000000  0.009912
 334.000000  0.009253
 335.000000  0.009961
 336.000000  0.009155
 337.000000  0.007642
 338.000000  0.009521
 339.000000  0.007617
 340.000000  0.009302
 341.000000  0.010522
 342.000000  0.011865
 343.000000  0.010302
 344.000000  0.009521
 345.000000  0.010278
 346.000000  0.009692
 347.000000  0.007715
 348.000000  0.009497
 349.000000  0.010546
 350.000000  0.009717
 351.000000  0.010498
 352.000000  0.009692
 353.000000  0.010839
 354.000000  0.009668
 355.000000  0.008496
 356.000000  0.009741
 357.000000  0.008936
 358.000000  0.009717
 359.000000  0.011352
 360.000000  0.009766
 361.000000  0.008960
 362.000000  0.009741
 363.000000  0.011377
 364.000000  0.009766
 365.000000  0.009033
 366.000000  0.009741
 367.000000  0.009228
 368.000000  0.009741
 369.000000  0.009399
 370.000000  0.009766
 371.000000  0.011889
 372.000000  0.009766
 373.000000  0.011962
 374.000000  0.009766
 375.000000  0.012085
 376.000000  0.009766
 377.000000  0.009717
 378.000000  0.009766
 379.000000  0.009766
 380.000000  0.009766
 381.000000  0.012207
 382.000000  0.009766
 383.000000  0.009766
 384.000000  0.009814
 385.000000  0.009766
 386.000000  0.009766
 387.000000  0.012207
 388.000000  0.009790
 389.000000  0.012207
 390.000000  0.009790
 391.000000  0.012207
 392.000000  0.009936
 393.000000  0.009766
 394.000000  0.010010
 395.000000  0.009790
 396.000000  0.009961
 397.000000  0.009766
 398.000000  0.010229
 399.000000  0.009766
 400.000000  0.010522
 401.000000  0.012377
 402.000000  0.010669
 403.000000  0.010083
 404.000000  0.011035
 405.000000  0.010034
 406.000000  0.011084
 407.000000  0.010449
 408.000000  0.011792
 409.000000  0.012939
 410.000000  0.011914
 411.000000  0.013305
 412.000000  0.011816
 413.000000  0.011060
 414.000000  0.012207
 415.000000  0.013549
 416.000000  0.012158
 417.000000  0.011865
 418.000000  0.012183
 419.000000  0.011987
 420.000000  0.012158
 421.000000  0.011963
 422.000000  0.012207
 423.000000  0.012061
 424.000000  0.012231
 425.000000  0.014550
 426.000000  0.012329
 427.000000  0.014624
 428.000000  0.012427
 429.000000  0.014648
 430.000000  0.012500
 431.000000  0.014672
 432.000000  0.012866
 433.000000  0.012280
 434.000000  0.013208
 435.000000  0.014868
 436.000000  0.013110
 437.000000  0.014721
 438.000000  0.013354
 439.000000  0.014965
 440.000000  0.014136
 441.000000  0.015673
 442.000000  0.014502
 443.000000  0.015380
 444.000000  0.014209
 445.000000  0.016137
 446.000000  0.014575
 447.000000  0.013867
 448.000000  0.014551
 449.000000  0.016821
 450.000000  0.014697
 451.000000  0.016967
 452.000000  0.014795
 453.000000  0.017016
 454.000000  0.014893
 455.000000  0.017114
 456.000000  0.015137
 457.000000  0.017089
 458.000000  0.015356
 459.000000  0.017114
 460.000000  0.016016
 461.000000  0.017138
 462.000000  0.016113
 463.000000  0.017334
 464.000000  0.016821
 465.000000  0.017675
 466.000000  0.016895
 467.000000  0.015210
 468.000000  0.017017
 469.000000  0.016211
 470.000000  0.016968
 471.000000  0.018847
 472.000000  0.017090
 473.000000  0.017041
 474.000000  0.017090
 475.000000  0.019238
 476.000000  0.017065
 477.000000  0.016992
 478.000000  0.017261
 479.000000  0.019506
 480.000000  0.017480
 481.000000  0.019555
 482.000000  0.018140
 483.000000  0.017529
 484.000000  0.017603
 485.000000  0.019531
 486.000000  0.018896
 487.000000  0.019189
 488.000000  0.019458
 489.000000  0.017871
 490.000000  0.019311
 491.000000  0.021923
 492.000000  0.020410
 493.000000  0.021655
 494.000000  0.019531
 495.000000  0.021923
 496.000000  0.022559
 497.000000  0.021826
 498.000000  0.019702
 499.000000  0.021972
 500.000000  0.022290
 501.000000  0.026879
 502.000000  0.022339
 503.000000  0.023535
 504.000000  0.022705
 505.000000  0.033447
 506.000000  0.035815
 507.000000  0.026782
 508.000000  0.030981
 509.000000  0.055249
 510.000000  0.105420
 511.000000  0.093017
 512.000000  0.037695
 513.000000  0.028906
 514.000000  0.034521
 515.000000  0.043701
 516.000000  0.036499
 517.000000  0.031641
 518.000000  0.033203
 519.000000  0.053613
 520.000000  0.076245
 521.000000  0.061743
 522.000000  0.044312
 523.000000  0.040454
 524.000000  0.057642
 525.000000  0.109228
 526.000000  0.119604
 527.000000  0.065380
 528.000000  0.065918
 529.000000  0.113525
 530.000000  0.194995
 531.000000  0.236621
 532.000000  0.044067
 533.000000  0.036230
 534.000000  0.043579
 535.000000  0.042822
 536.000000  0.031885
 537.000000  0.024755
 538.000000  0.024561
 539.000000  0.026831
 540.000000  0.023999
 541.000000  0.021265
 542.000000  0.021533
 543.000000  0.021802
 544.000000  0.021973
 545.000000  0.019531
 546.000000  0.019653
 547.000000  0.021972
 548.000000  0.020239
 549.000000  0.021972
 550.000000  0.019531
 551.000000  0.021167
 552.000000  0.019531
 553.000000  0.019409
 554.000000  0.019531
 555.000000  0.017969
 556.000000  0.019214
 557.000000  0.020092
 558.000000  0.019458
 559.000000  0.019653
 560.000000  0.018628
 561.000000  0.017090
 562.000000  0.018286
 563.000000  0.019531
 564.000000  0.017163
 565.000000  0.019531
 566.000000  0.017212
 567.000000  0.019531
 568.000000  0.017456
 569.000000  0.019482
 570.000000  0.017041
 571.000000  0.019213
 572.000000  0.017065
 573.000000  0.018701
 574.000000  0.017041
 575.000000  0.017456
 576.000000  0.016968
 577.000000  0.017602
 578.000000  0.016870
 579.000000  0.017236
 580.000000  0.016357
 581.000000  0.014893
 582.000000  0.016235
 583.000000  0.017187
 584.000000  0.015332
 585.000000  0.017138
 586.000000  0.015015
 587.000000  0.017163
 588.000000  0.015039
 589.000000  0.014600
 590.000000  0.014795
 591.000000  0.016992
 592.000000  0.014722
 593.000000  0.014526
 594.000000  0.014697
 595.000000  0.016870
 596.000000  0.014697
 597.000000  0.016406
 598.000000  0.014331
 599.000000  0.015820
 600.000000  0.014307
 601.000000  0.015087
 602.000000  0.014404
 603.000000  0.014990
 604.000000  0.014209
 605.000000  0.015014
 606.000000  0.014233
 607.000000  0.014965
 608.000000  0.013672
 609.000000  0.014843
 610.000000  0.013086
 611.000000  0.014672
 612.000000  0.015185
 613.000000  0.014697
 614.000000  0.014794
 615.000000  0.014648
 616.000000  0.012622
 617.000000  0.012183
 618.000000  0.012231
 619.000000  0.014428
 620.000000  0.012305
 621.000000  0.014404
 622.000000  0.012231
 623.000000  0.014233
 624.000000  0.014697
 625.000000  0.014184
 626.000000  0.012207
 627.000000  0.013769
 628.000000  0.012036
 629.000000  0.013281
 630.000000  0.011523
 631.000000  0.013085
 632.000000  0.011230
 633.000000  0.013085
 634.000000  0.011719
 635.000000  0.013085
 636.000000  0.011182
 637.000000  0.010010
 638.000000  0.010962
 639.000000  0.012304
 640.000000  0.010718
 641.000000  0.012207
 642.000000  0.010132
 643.000000  0.009790
 644.000000  0.012451
 645.000000  0.012207
 646.000000  0.012280
 647.000000  0.012207
 648.000000  0.009790
 649.000000  0.009766
 650.000000  0.009766
 651.000000  0.009766
 652.000000  0.009839
 653.000000  0.009766
 654.000000  0.009766
 655.000000  0.012158
 656.000000  0.009790
 657.000000  0.012207
 658.000000  0.009766
 659.000000  0.009717
 660.000000  0.009766
 661.000000  0.012109
 662.000000  0.009766
 663.000000  0.012011
 664.000000  0.012207
 665.000000  0.012036
 666.000000  0.012207
 667.000000  0.011865
 668.000000  0.009766
 669.000000  0.008984
 670.000000  0.009766
 671.000000  0.008716
 672.000000  0.009766
 673.000000  0.011303
 674.000000  0.012207
 675.000000  0.010693
 676.000000  0.009717
 677.000000  0.010864
 678.000000  0.009692
 679.000000  0.010693
 680.000000  0.009717
 681.000000  0.008032
 682.000000  0.009717
 683.000000  0.010620
 684.000000  0.009692
 685.000000  0.010424
 686.000000  0.009424
 687.000000  0.007837
 688.000000  0.012109
 689.000000  0.007568
 690.000000  0.012011
 691.000000  0.009863
 692.000000  0.009644
 693.000000  0.009936
 694.000000  0.009326
 695.000000  0.009863
 696.000000  0.011352
 697.000000  0.009863
 698.000000  0.008984
 699.000000  0.009814
 700.000000  0.008765
 701.000000  0.007324
 702.000000  0.008545
 703.000000  0.007324
 704.000000  0.010961
 705.000000  0.009790
 706.000000  0.008618
 707.000000  0.007349
 708.000000  0.008374
 709.000000  0.009790
 710.000000  0.008325
 711.000000  0.009765
 712.000000  0.008716
 713.000000  0.009863
 714.000000  0.008154
 715.000000  0.009790
 716.000000  0.008008
 717.000000  0.009790
 718.000000  0.008447
 719.000000  0.009790
 720.000000  0.007910
 721.000000  0.009790
 722.000000  0.007764
 723.000000  0.009790
 724.000000  0.007983
 725.000000  0.009790
 726.000000  0.007764
 727.000000  0.009741
 728.000000  0.007666
 729.000000  0.007300
 730.000000  0.007666
 731.000000  0.009692
 732.000000  0.007739
 733.000000  0.009790
 734.000000  0.010131
 735.000000  0.009863
 736.000000  0.007617
 737.000000  0.009814
 738.000000  0.007666
 739.000000  0.009741
 740.000000  0.007690
 741.000000  0.009716
 742.000000  0.007593
 743.000000  0.007300
 744.000000  0.007422
 745.000000  0.009668
 746.000000  0.007568
 747.000000  0.007349
 748.000000  0.007422
 749.000000  0.009692
 750.000000  0.007422
 751.000000  0.009716
 752.000000  0.009838
 753.000000  0.009668
 754.000000  0.007495
 755.000000  0.009692
 756.000000  0.007422
 757.000000  0.009716
 758.000000  0.007471
 759.000000  0.007227
 760.000000  0.007397
 761.000000  0.009619
 762.000000  0.007349
 763.000000  0.009668
 764.000000  0.007324
 765.000000  0.009472
 766.000000  0.007349
 767.000000  0.007104
 768.000000  0.007397
 769.000000  0.009594
 770.000000  0.007422
 771.000000  0.009350
 772.000000  0.007349
 773.000000  0.009619
 774.000000  0.009814
 775.000000  0.009423
 776.000000  0.009765
 777.000000  0.009399
 778.000000  0.007300
 779.000000  0.006934
 780.000000  0.007275
 781.000000  0.006982
 782.000000  0.009790
 783.000000  0.009472
 784.000000  0.007300
 785.000000  0.009448
 786.000000  0.007300
 787.000000  0.009130
 788.000000  0.009741
 789.000000  0.009277
 790.000000  0.007324
 791.000000  0.009277
 792.000000  0.007300
 793.000000  0.009350
 794.000000  0.007275
 795.000000  0.009326
 796.000000  0.007349
 797.000000  0.009179
 798.000000  0.007300
 799.000000  0.009082
 800.000000  0.007324
 801.000000  0.009204
 802.000000  0.009765
 803.000000  0.009228
 804.000000  0.007324
 805.000000  0.009301
 806.000000  0.007275
 807.000000  0.009326
 808.000000  0.009765
 809.000000  0.006909
 810.000000  0.007324
 811.000000  0.006811
 812.000000  0.007349
 813.000000  0.006689
 814.000000  0.007300
 815.000000  0.008935
 816.000000  0.007300
 817.000000  0.008789
 818.000000  0.007324
 819.000000  0.009082
 820.000000  0.007300
 821.000000  0.008911
 822.000000  0.007300
 823.000000  0.009033
 824.000000  0.009765
 825.000000  0.008764
 826.000000  0.007324
 827.000000  0.008886
 828.000000  0.007300
 829.000000  0.008862
 830.000000  0.007300
 831.000000  0.008691
 832.000000  0.007300
 833.000000  0.008789
 834.000000  0.007324
 835.000000  0.008813
 836.000000  0.009765
 837.000000  0.008544
 838.000000  0.007300
 839.000000  0.008178
 840.000000  0.007324
 841.000000  0.008544
 842.000000  0.009765
 843.000000  0.008691
 844.000000  0.007300
 845.000000  0.006494
 846.000000  0.009765
 847.000000  0.008813
 848.000000  0.007275
 849.000000  0.008715
 850.000000  0.007300
 851.000000  0.008813
 852.000000  0.007275
 853.000000  0.006103
 854.000000  0.009765
 855.000000  0.008398
 856.000000  0.007324
 857.000000  0.006103
 858.000000  0.007324
 859.000000  0.005957
 860.000000  0.009741
 861.000000  0.008447
 862.000000  0.007324
 863.000000  0.005835
 864.000000  0.007227
 865.000000  0.008691
 866.000000  0.009668
 867.000000  0.006201
 868.000000  0.007300
 869.000000  0.008471
 870.000000  0.007324
 871.000000  0.008520
 872.000000  0.007300
 873.000000  0.008398
 874.000000  0.007324
 875.000000  0.008740
 876.000000  0.007324
 877.000000  0.005884
 878.000000  0.007324
 879.000000  0.005908
 880.000000  0.007275
 881.000000  0.008398
 882.000000  0.007178
 883.000000  0.008300
 884.000000  0.007251
 885.000000  0.008520
 886.000000  0.007275
 887.000000  0.005981
 888.000000  0.007202
 889.000000  0.008471
 890.000000  0.007202
 891.000000  0.008349
 892.000000  0.007178
 893.000000  0.008496
 894.000000  0.007202
 895.000000  0.008447
 896.000000  0.007153
 897.000000  0.008593
 898.000000  0.007202
 899.000000  0.008178
 900.000000  0.007202
 901.000000  0.008422
 902.000000  0.009570
 903.000000  0.008276
 904.000000  0.007202
 905.000000  0.008227
 906.000000  0.009643
 907.000000  0.008276
 908.000000  0.009570
 909.000000  0.008178
 910.000000  0.007031
 911.000000  0.008081
 912.000000  0.007080
 913.000000  0.008178
 914.000000  0.007178
 915.000000  0.008203
 916.000000  0.007104
 917.000000  0.008398
 918.000000  0.009668
 919.000000  0.007983
 920.000000  0.009692
 921.000000  0.008178
 922.000000  0.007178
 923.000000  0.008105
 924.000000  0.007202
 925.000000  0.008252
 926.000000  0.007153
 927.000000  0.008300
 928.000000  0.007104
 929.000000  0.008178
 930.000000  0.007031
 931.000000  0.008227
 932.000000  0.006958
 933.000000  0.008447
 934.000000  0.007080
 935.000000  0.008349
 936.000000  0.007251
 937.000000  0.008300
 938.000000  0.007104
 939.000000  0.008203
 940.000000  0.007129
 941.000000  0.007959
 942.000000  0.007031
 943.000000  0.007885
 944.000000  0.007080
 945.000000  0.005859
 946.000000  0.009594
 947.000000  0.008325
 948.000000  0.007080
 949.000000  0.008081
 950.000000  0.009497
 951.000000  0.008154
 952.000000  0.007129
 953.000000  0.008227
 954.000000  0.007227
 955.000000  0.008227
 956.000000  0.007202
 957.000000  0.007959
 958.000000  0.007153
 959.000000  0.005444
 960.000000  0.007080
 961.000000  0.005542
 962.000000  0.009521
 963.000000  0.005713
 964.000000  0.007129
 965.000000  0.007934
 966.000000  0.007227
 967.000000  0.008056
 968.000000  0.007153
 969.000000  0.008007
 970.000000  0.009619
 971.000000  0.007959
 972.000000  0.007202
 973.000000  0.007861
 974.000000  0.007178
 975.000000  0.008154
 976.000000  0.007129
 977.000000  0.007983
 978.000000  0.007104
 979.000000  0.007861
 980.000000  0.007153
 981.000000  0.008203
 982.000000  0.007202
 983.000000  0.005615
 984.000000  0.007178
 985.000000  0.008056
 986.000000  0.007080
 987.000000  0.007910
 988.000000  0.009570
 989.000000  0.007812
 990.000000  0.007275
 991.000000  0.007836
 992.000000  0.007227
 993.000000  0.008007
 994.000000  0.007178
 995.000000  0.007739
 996.000000  0.007007
 997.000000  0.007714
 998.000000  0.009545
 999.000000  0.007812
 1000.000000  0.009497
 1001.000000  0.007885
 1002.000000  0.007104
 1003.000000  0.007836
 1004.000000  0.007129
 1005.000000  0.007983
 1006.000000  0.007178
 1007.000000  0.007812
 1008.000000  0.007251
 1009.000000  0.007763
 1010.000000  0.007031
 1011.000000  0.007910
 1012.000000  0.006982
 1013.000000  0.007861
 1014.000000  0.006909
 1015.000000  0.007739
 1016.000000  0.007056
 1017.000000  0.008007
 1018.000000  0.007007
 1019.000000  0.007714
 1020.000000  0.006982
 1021.000000  0.007714
 1022.000000  0.007056
 1023.000000  0.007714
