 0.000000  0.007324
 1.000000  0.007275
 2.000000  0.007324
 3.000000  0.007202
 4.000000  0.007324
 5.000000  0.007251
 6.000000  0.007324
 7.000000  0.007227
 8.000000  0.007324
 9.000000  0.007227
 10.000000  0.007300
 11.000000  0.007202
 12.000000  0.007324
 13.000000  0.007178
 14.000000  0.007324
 15.000000  0.007227
 16.000000  0.007397
 17.000000  0.007178
 18.000000  0.007349
 19.000000  0.007275
 20.000000  0.007275
 21.000000  0.007227
 22.000000  0.007373
 23.000000  0.007227
 24.000000  0.007349
 25.000000  0.007178
 26.000000  0.007373
 27.000000  0.009692
 28.000000  0.007300
 29.000000  0.007178
 30.000000  0.007349
 31.000000  0.007275
 32.000000  0.007349
 33.000000  0.007227
 34.000000  0.007397
 35.000000  0.007178
 36.000000  0.007349
 37.000000  0.007153
 38.000000  0.007349
 39.000000  0.009668
 40.000000  0.007446
 41.000000  0.007227
 42.000000  0.007349
 43.000000  0.007178
 44.000000  0.007397
 45.000000  0.007104
 46.000000  0.007373
 47.000000  0.007178
 48.000000  0.007397
 49.000000  0.007202
 50.000000  0.007349
 51.000000  0.007153
 52.000000  0.007349
 53.000000  0.007202
 54.000000  0.007349
 55.000000  0.007251
 56.000000  0.007397
 57.000000  0.007227
 58.000000  0.007495
 59.000000  0.009570
 60.000000  0.007397
 61.000000  0.009594
 62.000000  0.007324
 63.000000  0.007202
 64.000000  0.007373
 65.000000  0.007104
 66.000000  0.007422
 67.000000  0.009545
 68.000000  0.007349
 69.000000  0.007153
 70.000000  0.007300
 71.000000  0.007300
 72.000000  0.007373
 73.000000  0.007202
 74.000000  0.007349
 75.000000  0.007178
 76.000000  0.007446
 77.000000  0.007300
 78.000000  0.007349
 79.000000  0.007153
 80.000000  0.007397
 81.000000  0.007178
 82.000000  0.007349
 83.000000  0.007153
 84.000000  0.007373
 85.000000  0.007251
 86.000000  0.007373
 87.000000  0.007202
 88.000000  0.007324
 89.000000  0.007202
 90.000000  0.007373
 91.000000  0.007251
 92.000000  0.007349
 93.000000  0.007104
 94.000000  0.007349
 95.000000  0.007178
 96.000000  0.007349
 97.000000  0.007153
 98.000000  0.007300
 99.000000  0.007227
 100.000000  0.007324
 101.000000  0.009692
 102.000000  0.007324
 103.000000  0.009716
 104.000000  0.007324
 105.000000  0.007178
 106.000000  0.007349
 107.000000  0.007251
 108.000000  0.007349
 109.000000  0.009619
 110.000000  0.007324
 111.000000  0.007227
 112.000000  0.007324
 113.000000  0.007275
 114.000000  0.007324
 115.000000  0.007227
 116.000000  0.007324
 117.000000  0.007300
 118.000000  0.007324
 119.000000  0.007129
 120.000000  0.007324
 121.000000  0.007202
 122.000000  0.007324
 123.000000  0.007251
 124.000000  0.007324
 125.000000  0.007227
 126.000000  0.007349
 127.000000  0.009594
 128.000000  0.007324
 129.000000  0.007227
 130.000000  0.007324
 131.000000  0.009643
 132.000000  0.007349
 133.000000  0.007275
 134.000000  0.007324
 135.000000  0.009668
 136.000000  0.007324
 137.000000  0.007227
 138.000000  0.007324
 139.000000  0.007227
 140.000000  0.007324
 141.000000  0.007153
 142.000000  0.007324
 143.000000  0.007202
 144.000000  0.007324
 145.000000  0.009643
 146.000000  0.007324
 147.000000  0.007178
 148.000000  0.007324
 149.000000  0.009716
 150.000000  0.007349
 151.000000  0.007202
 152.000000  0.007324
 153.000000  0.007275
 154.000000  0.007300
 155.000000  0.007202
 156.000000  0.007324
 157.000000  0.009668
 158.000000  0.007324
 159.000000  0.007202
 160.000000  0.007324
 161.000000  0.007227
 162.000000  0.007324
 163.000000  0.007251
 164.000000  0.007324
 165.000000  0.007129
 166.000000  0.007349
 167.000000  0.007227
 168.000000  0.007349
 169.000000  0.009619
 170.000000  0.007373
 171.000000  0.007129
 172.000000  0.007324
 173.000000  0.007178
 174.000000  0.007349
 175.000000  0.007153
 176.000000  0.007349
 177.000000  0.007251
 178.000000  0.007422
 179.000000  0.009619
 180.000000  0.007300
 181.000000  0.007153
 182.000000  0.007324
 183.000000  0.007202
 184.000000  0.007422
 185.000000  0.007129
 186.000000  0.007397
 187.000000  0.007104
 188.000000  0.007373
 189.000000  0.007178
 190.000000  0.007324
 191.000000  0.007080
 192.000000  0.007397
 193.000000  0.007129
 194.000000  0.007373
 195.000000  0.007129
 196.000000  0.009814
 197.000000  0.007178
 198.000000  0.007422
 199.000000  0.009521
 200.000000  0.007422
 201.000000  0.009545
 202.000000  0.007397
 203.000000  0.007227
 204.000000  0.007373
 205.000000  0.007178
 206.000000  0.007324
 207.000000  0.007202
 208.000000  0.007324
 209.000000  0.009668
 210.000000  0.007422
 211.000000  0.007056
 212.000000  0.007300
 213.000000  0.009668
 214.000000  0.007349
 215.000000  0.007129
 216.000000  0.007373
 217.000000  0.007153
 218.000000  0.007397
 219.000000  0.009545
 220.000000  0.007446
 221.000000  0.007104
 222.000000  0.007349
 223.000000  0.007129
 224.000000  0.007446
 225.000000  0.007227
 226.000000  0.007397
 227.000000  0.009570
 228.000000  0.007373
 229.000000  0.009619
 230.000000  0.007446
 231.000000  0.007251
 232.000000  0.007446
 233.000000  0.009423
 234.000000  0.007397
 235.000000  0.007251
 236.000000  0.007373
 237.000000  0.007202
 238.000000  0.007349
 239.000000  0.009570
 240.000000  0.007397
 241.000000  0.007202
 242.000000  0.007397
 243.000000  0.009668
 244.000000  0.007349
 245.000000  0.007300
 246.000000  0.007349
 247.000000  0.007275
 248.000000  0.007349
 249.000000  0.007275
 250.000000  0.007324
 251.000000  0.007300
 252.000000  0.007349
 253.000000  0.007275
 254.000000  0.007373
 255.000000  0.009716
 256.000000  0.007349
 257.000000  0.007275
 258.000000  0.007373
 259.000000  0.007227
 260.000000  0.007324
 261.000000  0.007300
 262.000000  0.007397
 263.000000  0.009692
 264.000000  0.007397
 265.000000  0.009741
 266.000000  0.007349
 267.000000  0.009741
 268.000000  0.007324
 269.000000  0.009692
 270.000000  0.007324
 271.000000  0.007300
 272.000000  0.007349
 273.000000  0.007275
 274.000000  0.007373
 275.000000  0.009716
 276.000000  0.007324
 277.000000  0.009668
 278.000000  0.007373
 279.000000  0.007300
 280.000000  0.007373
 281.000000  0.009741
 282.000000  0.007349
 283.000000  0.009741
 284.000000  0.007349
 285.000000  0.007275
 286.000000  0.007373
 287.000000  0.007300
 288.000000  0.007397
 289.000000  0.009741
 290.000000  0.007324
 291.000000  0.007251
 292.000000  0.007446
 293.000000  0.007300
 294.000000  0.007471
 295.000000  0.009765
 296.000000  0.007519
 297.000000  0.009741
 298.000000  0.007544
 299.000000  0.009765
 300.000000  0.007422
 301.000000  0.007324
 302.000000  0.007593
 303.000000  0.009741
 304.000000  0.007788
 305.000000  0.007300
 306.000000  0.007642
 307.000000  0.009741
 308.000000  0.007837
 309.000000  0.009741
 310.000000  0.007715
 311.000000  0.007300
 312.000000  0.007715
 313.000000  0.007324
 314.000000  0.007837
 315.000000  0.009716
 316.000000  0.008105
 317.000000  0.007300
 318.000000  0.007690
 319.000000  0.007300
 320.000000  0.008081
 321.000000  0.009765
 322.000000  0.008179
 323.000000  0.009741
 324.000000  0.008520
 325.000000  0.007324
 326.000000  0.008203
 327.000000  0.007349
 328.000000  0.008276
 329.000000  0.009863
 330.000000  0.008594
 331.000000  0.009936
 332.000000  0.008643
 333.000000  0.009936
 334.000000  0.008765
 335.000000  0.009814
 336.000000  0.008740
 337.000000  0.007471
 338.000000  0.009082
 339.000000  0.007495
 340.000000  0.009131
 341.000000  0.010131
 342.000000  0.011230
 343.000000  0.009863
 344.000000  0.009155
 345.000000  0.010083
 346.000000  0.009326
 347.000000  0.007568
 348.000000  0.009375
 349.000000  0.010156
 350.000000  0.009375
 351.000000  0.010107
 352.000000  0.009448
 353.000000  0.010327
 354.000000  0.009424
 355.000000  0.008227
 356.000000  0.009375
 357.000000  0.008350
 358.000000  0.009424
 359.000000  0.010815
 360.000000  0.009619
 361.000000  0.008276
 362.000000  0.009644
 363.000000  0.010864
 364.000000  0.009424
 365.000000  0.008472
 366.000000  0.009644
 367.000000  0.008789
 368.000000  0.009644
 369.000000  0.008936
 370.000000  0.009497
 371.000000  0.011352
 372.000000  0.009644
 373.000000  0.011450
 374.000000  0.009644
 375.000000  0.011621
 376.000000  0.009644
 377.000000  0.009497
 378.000000  0.009668
 379.000000  0.009302
 380.000000  0.009668
 381.000000  0.011889
 382.000000  0.009619
 383.000000  0.009424
 384.000000  0.009717
 385.000000  0.009570
 386.000000  0.009790
 387.000000  0.011938
 388.000000  0.009717
 389.000000  0.012011
 390.000000  0.009766
 391.000000  0.012036
 392.000000  0.009741
 393.000000  0.009644
 394.000000  0.009741
 395.000000  0.009668
 396.000000  0.009741
 397.000000  0.009668
 398.000000  0.009766
 399.000000  0.009644
 400.000000  0.009814
 401.000000  0.012085
 402.000000  0.009936
 403.000000  0.009717
 404.000000  0.009912
 405.000000  0.009668
 406.000000  0.010034
 407.000000  0.009668
 408.000000  0.010229
 409.000000  0.012158
 410.000000  0.010693
 411.000000  0.012255
 412.000000  0.010889
 413.000000  0.009985
 414.000000  0.011304
 415.000000  0.012719
 416.000000  0.011523
 417.000000  0.010400
 418.000000  0.011670
 419.000000  0.010864
 420.000000  0.011816
 421.000000  0.010913
 422.000000  0.011987
 423.000000  0.011084
 424.000000  0.012061
 425.000000  0.014062
 426.000000  0.012036
 427.000000  0.014160
 428.000000  0.012036
 429.000000  0.014355
 430.000000  0.012085
 431.000000  0.014453
 432.000000  0.012085
 433.000000  0.012036
 434.000000  0.012134
 435.000000  0.014477
 436.000000  0.012085
 437.000000  0.014502
 438.000000  0.012231
 439.000000  0.014477
 440.000000  0.012256
 441.000000  0.014502
 442.000000  0.012646
 443.000000  0.014502
 444.000000  0.012964
 445.000000  0.014526
 446.000000  0.013599
 447.000000  0.012549
 448.000000  0.013989
 449.000000  0.015161
 450.000000  0.014136
 451.000000  0.015771
 452.000000  0.014429
 453.000000  0.016113
 454.000000  0.014404
 455.000000  0.016577
 456.000000  0.014502
 457.000000  0.016870
 458.000000  0.014453
 459.000000  0.016723
 460.000000  0.014526
 461.000000  0.016870
 462.000000  0.014478
 463.000000  0.016870
 464.000000  0.014722
 465.000000  0.016894
 466.000000  0.016504
 467.000000  0.014404
 468.000000  0.016040
 469.000000  0.014551
 470.000000  0.016553
 471.000000  0.017334
 472.000000  0.016650
 473.000000  0.014575
 474.000000  0.016797
 475.000000  0.017651
 476.000000  0.016675
 477.000000  0.015332
 478.000000  0.016797
 479.000000  0.019018
 480.000000  0.016943
 481.000000  0.019238
 482.000000  0.016846
 483.000000  0.016797
 484.000000  0.017041
 485.000000  0.019287
 486.000000  0.017310
 487.000000  0.016846
 488.000000  0.018311
 489.000000  0.018237
 490.000000  0.018701
 491.000000  0.019751
 492.000000  0.018970
 493.000000  0.021557
 494.000000  0.019385
 495.000000  0.021386
 496.000000  0.019165
 497.000000  0.019067
 498.000000  0.020825
 499.000000  0.021704
 500.000000  0.020068
 501.000000  0.021606
 502.000000  0.021020
 503.000000  0.024072
 504.000000  0.021631
 505.000000  0.022070
 506.000000  0.021265
 507.000000  0.021997
 508.000000  0.023877
 509.000000  0.021509
 510.000000  0.021680
 511.000000  0.025024
 512.000000  0.028589
 513.000000  0.026392
 514.000000  0.024072
 515.000000  0.023242
 516.000000  0.026025
 517.000000  0.028491
 518.000000  0.028931
 519.000000  0.028589
 520.000000  0.029736
 521.000000  0.040210
 522.000000  0.052759
 523.000000  0.052075
 524.000000  0.040430
 525.000000  0.042456
 526.000000  0.065234
 527.000000  0.099414
 528.000000  0.130200
 529.000000  0.066333
 530.000000  0.057104
 531.000000  0.098974
 532.000000  0.173022
 533.000000  0.222266
 534.000000  0.057715
 535.000000  0.084155
 536.000000  0.195874
 537.000000  0.336572
 538.000000  0.231152
 539.000000  0.059668
 540.000000  0.137378
 541.000000  0.150781
 542.000000  0.091357
 543.000000  0.036841
 544.000000  0.026489
 545.000000  0.029980
 546.000000  0.028833
 547.000000  0.029809
 548.000000  0.022168
 549.000000  0.024194
 550.000000  0.024023
 551.000000  0.024755
 552.000000  0.022437
 553.000000  0.019800
 554.000000  0.021533
 555.000000  0.021387
 556.000000  0.021558
 557.000000  0.021801
 558.000000  0.020532
 559.000000  0.021850
 560.000000  0.020947
 561.000000  0.019238
 562.000000  0.019531
 563.000000  0.021630
 564.000000  0.019531
 565.000000  0.021582
 566.000000  0.019287
 567.000000  0.020898
 568.000000  0.019189
 569.000000  0.021142
 570.000000  0.019043
 571.000000  0.019531
 572.000000  0.018188
 573.000000  0.019335
 574.000000  0.018555
 575.000000  0.019482
 576.000000  0.018237
 577.000000  0.019238
 578.000000  0.017187
 579.000000  0.019238
 580.000000  0.016968
 581.000000  0.016724
 582.000000  0.016895
 583.000000  0.019238
 584.000000  0.016821
 585.000000  0.019165
 586.000000  0.016797
 587.000000  0.018652
 588.000000  0.016821
 589.000000  0.015967
 590.000000  0.016724
 591.000000  0.017236
 592.000000  0.016650
 593.000000  0.014770
 594.000000  0.016357
 595.000000  0.016943
 596.000000  0.016089
 597.000000  0.016870
 598.000000  0.015405
 599.000000  0.016845
 600.000000  0.014502
 601.000000  0.016870
 602.000000  0.014502
 603.000000  0.016845
 604.000000  0.014624
 605.000000  0.016845
 606.000000  0.014478
 607.000000  0.016821
 608.000000  0.014453
 609.000000  0.016821
 610.000000  0.014453
 611.000000  0.016674
 612.000000  0.016894
 613.000000  0.016430
 614.000000  0.016870
 615.000000  0.016137
 616.000000  0.014429
 617.000000  0.013477
 618.000000  0.014380
 619.000000  0.015039
 620.000000  0.014331
 621.000000  0.014624
 622.000000  0.013061
 623.000000  0.014477
 624.000000  0.016040
 625.000000  0.014550
 626.000000  0.013110
 627.000000  0.014477
 628.000000  0.012378
 629.000000  0.014453
 630.000000  0.012158
 631.000000  0.014453
 632.000000  0.012085
 633.000000  0.014477
 634.000000  0.012061
 635.000000  0.014428
 636.000000  0.012036
 637.000000  0.011768
 638.000000  0.012061
 639.000000  0.013818
 640.000000  0.012085
 641.000000  0.013671
 642.000000  0.011963
 643.000000  0.010864
 644.000000  0.014331
 645.000000  0.013598
 646.000000  0.014257
 647.000000  0.012939
 648.000000  0.011548
 649.000000  0.010034
 650.000000  0.010962
 651.000000  0.009961
 652.000000  0.010644
 653.000000  0.009741
 654.000000  0.010498
 655.000000  0.012231
 656.000000  0.010376
 657.000000  0.012182
 658.000000  0.010059
 659.000000  0.009692
 660.000000  0.009961
 661.000000  0.012109
 662.000000  0.009912
 663.000000  0.012085
 664.000000  0.012207
 665.000000  0.012036
 666.000000  0.012182
 667.000000  0.012060
 668.000000  0.009741
 669.000000  0.009570
 670.000000  0.009668
 671.000000  0.009497
 672.000000  0.009766
 673.000000  0.012109
 674.000000  0.012158
 675.000000  0.011792
 676.000000  0.009668
 677.000000  0.011792
 678.000000  0.009595
 679.000000  0.011889
 680.000000  0.009692
 681.000000  0.009155
 682.000000  0.009741
 683.000000  0.011523
 684.000000  0.009644
 685.000000  0.011499
 686.000000  0.009619
 687.000000  0.008960
 688.000000  0.012085
 689.000000  0.008765
 690.000000  0.012109
 691.000000  0.010839
 692.000000  0.009644
 693.000000  0.010669
 694.000000  0.009595
 695.000000  0.010791
 696.000000  0.011914
 697.000000  0.010791
 698.000000  0.009521
 699.000000  0.010302
 700.000000  0.009424
 701.000000  0.008081
 702.000000  0.009424
 703.000000  0.007935
 704.000000  0.011840
 705.000000  0.010156
 706.000000  0.009302
 707.000000  0.007788
 708.000000  0.009277
 709.000000  0.010156
 710.000000  0.009302
 711.000000  0.010009
 712.000000  0.009155
 713.000000  0.010131
 714.000000  0.009082
 715.000000  0.009961
 716.000000  0.009033
 717.000000  0.009814
 718.000000  0.009106
 719.000000  0.009863
 720.000000  0.008789
 721.000000  0.009741
 722.000000  0.008594
 723.000000  0.009863
 724.000000  0.008643
 725.000000  0.009765
 726.000000  0.008472
 727.000000  0.009716
 728.000000  0.008179
 729.000000  0.007300
 730.000000  0.008057
 731.000000  0.009765
 732.000000  0.007910
 733.000000  0.009716
 734.000000  0.010498
 735.000000  0.009716
 736.000000  0.007788
 737.000000  0.009716
 738.000000  0.007739
 739.000000  0.009741
 740.000000  0.007764
 741.000000  0.009716
 742.000000  0.007812
 743.000000  0.007275
 744.000000  0.007471
 745.000000  0.009716
 746.000000  0.007471
 747.000000  0.007300
 748.000000  0.007471
 749.000000  0.009716
 750.000000  0.007422
 751.000000  0.009692
 752.000000  0.009790
 753.000000  0.009716
 754.000000  0.007422
 755.000000  0.009692
 756.000000  0.007422
 757.000000  0.009692
 758.000000  0.007324
 759.000000  0.007251
 760.000000  0.007349
 761.000000  0.009692
 762.000000  0.007373
 763.000000  0.009692
 764.000000  0.007300
 765.000000  0.009692
 766.000000  0.007324
 767.000000  0.007275
 768.000000  0.007300
 769.000000  0.009716
 770.000000  0.007373
 771.000000  0.009619
 772.000000  0.007300
 773.000000  0.009643
 774.000000  0.009741
 775.000000  0.009594
 776.000000  0.009716
 777.000000  0.009619
 778.000000  0.007324
 779.000000  0.007129
 780.000000  0.007275
 781.000000  0.007153
 782.000000  0.009790
 783.000000  0.009619
 784.000000  0.007300
 785.000000  0.009399
 786.000000  0.007300
 787.000000  0.009423
 788.000000  0.009716
 789.000000  0.009521
 790.000000  0.007251
 791.000000  0.009399
 792.000000  0.007300
 793.000000  0.009301
 794.000000  0.007275
 795.000000  0.009399
 796.000000  0.007324
 797.000000  0.009326
 798.000000  0.007300
 799.000000  0.009326
 800.000000  0.007227
 801.000000  0.009277
 802.000000  0.009716
 803.000000  0.009204
 804.000000  0.007251
 805.000000  0.009252
 806.000000  0.007251
 807.000000  0.009179
 808.000000  0.009692
 809.000000  0.006787
 810.000000  0.007300
 811.000000  0.006738
 812.000000  0.007275
 813.000000  0.006763
 814.000000  0.007153
 815.000000  0.009057
 816.000000  0.007251
 817.000000  0.008935
 818.000000  0.007202
 819.000000  0.008886
 820.000000  0.007300
 821.000000  0.009082
 822.000000  0.007275
 823.000000  0.009057
 824.000000  0.009643
 825.000000  0.008911
 826.000000  0.007227
 827.000000  0.008837
 828.000000  0.007178
 829.000000  0.008593
 830.000000  0.007251
 831.000000  0.008837
 832.000000  0.007227
 833.000000  0.008862
 834.000000  0.007275
 835.000000  0.008862
 836.000000  0.009692
 837.000000  0.008862
 838.000000  0.007178
 839.000000  0.008667
 840.000000  0.007227
 841.000000  0.008740
 842.000000  0.009692
 843.000000  0.008789
 844.000000  0.007178
 845.000000  0.006396
 846.000000  0.009619
 847.000000  0.008593
 848.000000  0.007178
 849.000000  0.008837
 850.000000  0.007251
 851.000000  0.008667
 852.000000  0.007227
 853.000000  0.006030
 854.000000  0.009643
 855.000000  0.008398
 856.000000  0.007275
 857.000000  0.006250
 858.000000  0.007153
 859.000000  0.006030
 860.000000  0.009619
 861.000000  0.008374
 862.000000  0.007202
 863.000000  0.006103
 864.000000  0.007056
 865.000000  0.008593
 866.000000  0.009692
 867.000000  0.006201
 868.000000  0.007275
 869.000000  0.008520
 870.000000  0.007275
 871.000000  0.008325
 872.000000  0.007324
 873.000000  0.008667
 874.000000  0.007275
 875.000000  0.008642
 876.000000  0.007129
 877.000000  0.006201
 878.000000  0.007324
 879.000000  0.005957
 880.000000  0.007178
 881.000000  0.008691
 882.000000  0.007300
 883.000000  0.008447
 884.000000  0.007275
 885.000000  0.008618
 886.000000  0.007275
 887.000000  0.005859
 888.000000  0.007324
 889.000000  0.008349
 890.000000  0.007251
 891.000000  0.008422
 892.000000  0.007153
 893.000000  0.008813
 894.000000  0.007275
 895.000000  0.008325
 896.000000  0.007153
 897.000000  0.008618
 898.000000  0.007202
 899.000000  0.008374
 900.000000  0.007227
 901.000000  0.008129
 902.000000  0.009668
 903.000000  0.007983
 904.000000  0.007227
 905.000000  0.008154
 906.000000  0.009668
 907.000000  0.007983
 908.000000  0.009594
 909.000000  0.008667
 910.000000  0.007251
 911.000000  0.008081
 912.000000  0.007153
 913.000000  0.008129
 914.000000  0.007153
 915.000000  0.008154
 916.000000  0.007104
 917.000000  0.008471
 918.000000  0.009716
 919.000000  0.007910
 920.000000  0.009741
 921.000000  0.007885
 922.000000  0.007227
 923.000000  0.008007
 924.000000  0.007178
 925.000000  0.007959
 926.000000  0.007202
 927.000000  0.008056
 928.000000  0.007275
 929.000000  0.008105
 930.000000  0.007227
 931.000000  0.008105
 932.000000  0.007104
 933.000000  0.008422
 934.000000  0.007275
 935.000000  0.008105
 936.000000  0.007324
 937.000000  0.008105
 938.000000  0.007300
 939.000000  0.007959
 940.000000  0.007227
 941.000000  0.008032
 942.000000  0.007251
 943.000000  0.008056
 944.000000  0.007153
 945.000000  0.005640
 946.000000  0.009643
 947.000000  0.008374
 948.000000  0.007202
 949.000000  0.008227
 950.000000  0.009472
 951.000000  0.008203
 952.000000  0.007153
 953.000000  0.008081
 954.000000  0.007056
 955.000000  0.008276
 956.000000  0.007227
 957.000000  0.008300
 958.000000  0.007153
 959.000000  0.005615
 960.000000  0.007104
 961.000000  0.005566
 962.000000  0.009643
 963.000000  0.005933
 964.000000  0.007129
 965.000000  0.008422
 966.000000  0.007153
 967.000000  0.008178
 968.000000  0.007178
 969.000000  0.008129
 970.000000  0.009545
 971.000000  0.008105
 972.000000  0.007129
 973.000000  0.007910
 974.000000  0.007129
 975.000000  0.008398
 976.000000  0.007007
 977.000000  0.008276
 978.000000  0.007031
 979.000000  0.007910
 980.000000  0.007056
 981.000000  0.008252
 982.000000  0.007080
 983.000000  0.005713
 984.000000  0.006934
 985.000000  0.008300
 986.000000  0.006860
 987.000000  0.008276
 988.000000  0.009472
 989.000000  0.007812
 990.000000  0.007178
 991.000000  0.008154
 992.000000  0.007129
 993.000000  0.008203
 994.000000  0.006909
 995.000000  0.008374
 996.000000  0.006909
 997.000000  0.008227
 998.000000  0.009423
 999.000000  0.008007
 1000.000000  0.009448
 1001.000000  0.007934
 1002.000000  0.007178
 1003.000000  0.007983
 1004.000000  0.007031
 1005.000000  0.008007
 1006.000000  0.007007
 1007.000000  0.007983
 1008.000000  0.006860
 1009.000000  0.008081
 1010.000000  0.007007
 1011.000000  0.008129
 1012.000000  0.006836
 1013.000000  0.008105
 1014.000000  0.006860
 1015.000000  0.008129
 1016.000000  0.006909
 1017.000000  0.007959
 1018.000000  0.006909
 1019.000000  0.008081
 1020.000000  0.006982
 1021.000000  0.007812
 1022.000000  0.006909
 1023.000000  0.007934
