 0.000000  0.007324
 1.000000  0.007178
 2.000000  0.007324
 3.000000  0.007275
 4.000000  0.007324
 5.000000  0.007202
 6.000000  0.007324
 7.000000  0.007227
 8.000000  0.007324
 9.000000  0.007324
 10.000000  0.007324
 11.000000  0.007251
 12.000000  0.007324
 13.000000  0.007300
 14.000000  0.007349
 15.000000  0.007153
 16.000000  0.007349
 17.000000  0.007178
 18.000000  0.007324
 19.000000  0.007300
 20.000000  0.007324
 21.000000  0.007300
 22.000000  0.007324
 23.000000  0.007300
 24.000000  0.007324
 25.000000  0.007300
 26.000000  0.007373
 27.000000  0.009765
 28.000000  0.007324
 29.000000  0.007251
 30.000000  0.007324
 31.000000  0.007324
 32.000000  0.007324
 33.000000  0.007300
 34.000000  0.007324
 35.000000  0.007275
 36.000000  0.007324
 37.000000  0.007251
 38.000000  0.007324
 39.000000  0.009716
 40.000000  0.007324
 41.000000  0.007275
 42.000000  0.007324
 43.000000  0.007300
 44.000000  0.007373
 45.000000  0.007300
 46.000000  0.007373
 47.000000  0.007300
 48.000000  0.007324
 49.000000  0.007300
 50.000000  0.007324
 51.000000  0.007324
 52.000000  0.007324
 53.000000  0.007324
 54.000000  0.007324
 55.000000  0.007300
 56.000000  0.007324
 57.000000  0.007300
 58.000000  0.007373
 59.000000  0.009643
 60.000000  0.007349
 61.000000  0.009716
 62.000000  0.007324
 63.000000  0.007300
 64.000000  0.007324
 65.000000  0.007275
 66.000000  0.007324
 67.000000  0.009741
 68.000000  0.007324
 69.000000  0.007324
 70.000000  0.007324
 71.000000  0.007275
 72.000000  0.007349
 73.000000  0.007275
 74.000000  0.007324
 75.000000  0.007251
 76.000000  0.007349
 77.000000  0.007275
 78.000000  0.007324
 79.000000  0.007275
 80.000000  0.007349
 81.000000  0.007227
 82.000000  0.007324
 83.000000  0.007275
 84.000000  0.007349
 85.000000  0.007227
 86.000000  0.007397
 87.000000  0.007251
 88.000000  0.007397
 89.000000  0.007104
 90.000000  0.007422
 91.000000  0.007178
 92.000000  0.007397
 93.000000  0.007178
 94.000000  0.007373
 95.000000  0.007007
 96.000000  0.007422
 97.000000  0.007080
 98.000000  0.007373
 99.000000  0.007178
 100.000000  0.007373
 101.000000  0.009423
 102.000000  0.007373
 103.000000  0.009545
 104.000000  0.007471
 105.000000  0.007080
 106.000000  0.007495
 107.000000  0.007080
 108.000000  0.007324
 109.000000  0.009448
 110.000000  0.007397
 111.000000  0.007056
 112.000000  0.007446
 113.000000  0.007129
 114.000000  0.007373
 115.000000  0.007251
 116.000000  0.007324
 117.000000  0.007031
 118.000000  0.007349
 119.000000  0.007007
 120.000000  0.007397
 121.000000  0.007153
 122.000000  0.007373
 123.000000  0.007031
 124.000000  0.007397
 125.000000  0.007178
 126.000000  0.007324
 127.000000  0.009399
 128.000000  0.007324
 129.000000  0.007031
 130.000000  0.007324
 131.000000  0.009448
 132.000000  0.007397
 133.000000  0.007129
 134.000000  0.007373
 135.000000  0.009692
 136.000000  0.007397
 137.000000  0.007153
 138.000000  0.007349
 139.000000  0.007153
 140.000000  0.007373
 141.000000  0.007251
 142.000000  0.007349
 143.000000  0.007251
 144.000000  0.007324
 145.000000  0.009619
 146.000000  0.007422
 147.000000  0.007129
 148.000000  0.007397
 149.000000  0.009594
 150.000000  0.007324
 151.000000  0.007104
 152.000000  0.007324
 153.000000  0.007129
 154.000000  0.007324
 155.000000  0.007227
 156.000000  0.007324
 157.000000  0.009668
 158.000000  0.007324
 159.000000  0.007178
 160.000000  0.007324
 161.000000  0.007202
 162.000000  0.007324
 163.000000  0.007227
 164.000000  0.007324
 165.000000  0.007275
 166.000000  0.007324
 167.000000  0.007227
 168.000000  0.007324
 169.000000  0.009716
 170.000000  0.007324
 171.000000  0.007251
 172.000000  0.007324
 173.000000  0.007251
 174.000000  0.007324
 175.000000  0.007202
 176.000000  0.007324
 177.000000  0.007251
 178.000000  0.007324
 179.000000  0.009668
 180.000000  0.007349
 181.000000  0.007300
 182.000000  0.007324
 183.000000  0.007300
 184.000000  0.007324
 185.000000  0.007324
 186.000000  0.007324
 187.000000  0.007275
 188.000000  0.007324
 189.000000  0.007251
 190.000000  0.007324
 191.000000  0.007227
 192.000000  0.007324
 193.000000  0.007300
 194.000000  0.007324
 195.000000  0.007300
 196.000000  0.009765
 197.000000  0.007324
 198.000000  0.007324
 199.000000  0.009741
 200.000000  0.007324
 201.000000  0.009643
 202.000000  0.007324
 203.000000  0.007324
 204.000000  0.007324
 205.000000  0.007227
 206.000000  0.007324
 207.000000  0.007251
 208.000000  0.007324
 209.000000  0.009692
 210.000000  0.007324
 211.000000  0.007251
 212.000000  0.007324
 213.000000  0.009716
 214.000000  0.007324
 215.000000  0.007324
 216.000000  0.007324
 217.000000  0.007251
 218.000000  0.007324
 219.000000  0.009765
 220.000000  0.007324
 221.000000  0.007300
 222.000000  0.007324
 223.000000  0.007324
 224.000000  0.007324
 225.000000  0.007275
 226.000000  0.007324
 227.000000  0.009741
 228.000000  0.007324
 229.000000  0.009741
 230.000000  0.007324
 231.000000  0.007300
 232.000000  0.007324
 233.000000  0.009741
 234.000000  0.007324
 235.000000  0.007324
 236.000000  0.007324
 237.000000  0.007300
 238.000000  0.007324
 239.000000  0.009668
 240.000000  0.007324
 241.000000  0.007251
 242.000000  0.007349
 243.000000  0.009643
 244.000000  0.007373
 245.000000  0.007251
 246.000000  0.007373
 247.000000  0.007251
 248.000000  0.007471
 249.000000  0.007251
 250.000000  0.007373
 251.000000  0.007227
 252.000000  0.007446
 253.000000  0.007202
 254.000000  0.007349
 255.000000  0.009643
 256.000000  0.007446
 257.000000  0.007153
 258.000000  0.007422
 259.000000  0.007153
 260.000000  0.007422
 261.000000  0.007202
 262.000000  0.007446
 263.000000  0.009545
 264.000000  0.007519
 265.000000  0.009619
 266.000000  0.007446
 267.000000  0.009643
 268.000000  0.007495
 269.000000  0.009643
 270.000000  0.007397
 271.000000  0.007227
 272.000000  0.007397
 273.000000  0.007202
 274.000000  0.007519
 275.000000  0.009741
 276.000000  0.007471
 277.000000  0.009692
 278.000000  0.007544
 279.000000  0.007251
 280.000000  0.007568
 281.000000  0.009692
 282.000000  0.007544
 283.000000  0.009668
 284.000000  0.007593
 285.000000  0.007300
 286.000000  0.007471
 287.000000  0.007324
 288.000000  0.007422
 289.000000  0.009765
 290.000000  0.007544
 291.000000  0.007227
 292.000000  0.007519
 293.000000  0.007324
 294.000000  0.007568
 295.000000  0.009741
 296.000000  0.007519
 297.000000  0.009741
 298.000000  0.007519
 299.000000  0.009765
 300.000000  0.007495
 301.000000  0.007324
 302.000000  0.007495
 303.000000  0.009765
 304.000000  0.007617
 305.000000  0.007324
 306.000000  0.007593
 307.000000  0.009765
 308.000000  0.007788
 309.000000  0.009765
 310.000000  0.007690
 311.000000  0.007324
 312.000000  0.007642
 313.000000  0.007349
 314.000000  0.007910
 315.000000  0.009765
 316.000000  0.007837
 317.000000  0.007324
 318.000000  0.007739
 319.000000  0.007324
 320.000000  0.007910
 321.000000  0.009765
 322.000000  0.007861
 323.000000  0.009765
 324.000000  0.007935
 325.000000  0.007324
 326.000000  0.007812
 327.000000  0.007349
 328.000000  0.008032
 329.000000  0.009790
 330.000000  0.008398
 331.000000  0.009765
 332.000000  0.008325
 333.000000  0.009838
 334.000000  0.008276
 335.000000  0.009765
 336.000000  0.008496
 337.000000  0.007349
 338.000000  0.008716
 339.000000  0.007373
 340.000000  0.008643
 341.000000  0.009887
 342.000000  0.010986
 343.000000  0.009814
 344.000000  0.008984
 345.000000  0.009814
 346.000000  0.009033
 347.000000  0.007471
 348.000000  0.008936
 349.000000  0.009887
 350.000000  0.009302
 351.000000  0.009912
 352.000000  0.009277
 353.000000  0.009936
 354.000000  0.008984
 355.000000  0.007568
 356.000000  0.009253
 357.000000  0.007690
 358.000000  0.009546
 359.000000  0.010253
 360.000000  0.009570
 361.000000  0.007544
 362.000000  0.009619
 363.000000  0.010107
 364.000000  0.009448
 365.000000  0.007812
 366.000000  0.009619
 367.000000  0.008057
 368.000000  0.009717
 369.000000  0.008496
 370.000000  0.009668
 371.000000  0.010937
 372.000000  0.009766
 373.000000  0.011035
 374.000000  0.009766
 375.000000  0.011206
 376.000000  0.009766
 377.000000  0.008789
 378.000000  0.009766
 379.000000  0.009131
 380.000000  0.009766
 381.000000  0.011596
 382.000000  0.009766
 383.000000  0.009228
 384.000000  0.009766
 385.000000  0.009473
 386.000000  0.009766
 387.000000  0.011718
 388.000000  0.009766
 389.000000  0.011889
 390.000000  0.009766
 391.000000  0.011938
 392.000000  0.009766
 393.000000  0.009497
 394.000000  0.009766
 395.000000  0.009766
 396.000000  0.009839
 397.000000  0.009741
 398.000000  0.009790
 399.000000  0.009692
 400.000000  0.009839
 401.000000  0.012060
 402.000000  0.009814
 403.000000  0.009717
 404.000000  0.009839
 405.000000  0.009790
 406.000000  0.009863
 407.000000  0.009741
 408.000000  0.009961
 409.000000  0.012158
 410.000000  0.010034
 411.000000  0.012231
 412.000000  0.010010
 413.000000  0.009888
 414.000000  0.010376
 415.000000  0.012255
 416.000000  0.010400
 417.000000  0.010010
 418.000000  0.010547
 419.000000  0.010083
 420.000000  0.010718
 421.000000  0.010010
 422.000000  0.010864
 423.000000  0.010205
 424.000000  0.011328
 425.000000  0.013012
 426.000000  0.011523
 427.000000  0.013110
 428.000000  0.011694
 429.000000  0.013061
 430.000000  0.011816
 431.000000  0.013281
 432.000000  0.011816
 433.000000  0.011304
 434.000000  0.012036
 435.000000  0.014135
 436.000000  0.012207
 437.000000  0.014379
 438.000000  0.012183
 439.000000  0.014404
 440.000000  0.012183
 441.000000  0.014453
 442.000000  0.012231
 443.000000  0.014477
 444.000000  0.012378
 445.000000  0.014526
 446.000000  0.012329
 447.000000  0.012207
 448.000000  0.012573
 449.000000  0.014746
 450.000000  0.012793
 451.000000  0.014648
 452.000000  0.012793
 453.000000  0.014672
 454.000000  0.013550
 455.000000  0.014868
 456.000000  0.013892
 457.000000  0.015063
 458.000000  0.014502
 459.000000  0.015600
 460.000000  0.014526
 461.000000  0.015918
 462.000000  0.014600
 463.000000  0.016650
 464.000000  0.014648
 465.000000  0.016845
 466.000000  0.014648
 467.000000  0.014600
 468.000000  0.014673
 469.000000  0.014624
 470.000000  0.014819
 471.000000  0.017089
 472.000000  0.015405
 473.000000  0.014648
 474.000000  0.016089
 475.000000  0.017089
 476.000000  0.016138
 477.000000  0.014844
 478.000000  0.016797
 479.000000  0.017138
 480.000000  0.016602
 481.000000  0.017675
 482.000000  0.017065
 483.000000  0.016040
 484.000000  0.017090
 485.000000  0.018896
 486.000000  0.017090
 487.000000  0.016968
 488.000000  0.017114
 489.000000  0.017065
 490.000000  0.017163
 491.000000  0.019531
 492.000000  0.017432
 493.000000  0.019531
 494.000000  0.018481
 495.000000  0.019897
 496.000000  0.019287
 497.000000  0.017627
 498.000000  0.018872
 499.000000  0.020043
 500.000000  0.019531
 501.000000  0.021923
 502.000000  0.019531
 503.000000  0.021826
 504.000000  0.019531
 505.000000  0.021972
 506.000000  0.019946
 507.000000  0.019531
 508.000000  0.019580
 509.000000  0.019727
 510.000000  0.021973
 511.000000  0.022680
 512.000000  0.020630
 513.000000  0.020044
 514.000000  0.022388
 515.000000  0.021997
 516.000000  0.022290
 517.000000  0.021802
 518.000000  0.022485
 519.000000  0.024023
 520.000000  0.027368
 521.000000  0.024927
 522.000000  0.024512
 523.000000  0.029199
 524.000000  0.032593
 525.000000  0.039209
 526.000000  0.030444
 527.000000  0.032080
 528.000000  0.040503
 529.000000  0.069995
 530.000000  0.110498
 531.000000  0.049536
 532.000000  0.040308
 533.000000  0.074927
 534.000000  0.150342
 535.000000  0.136670
 536.000000  0.041406
 537.000000  0.056884
 538.000000  0.158228
 539.000000  0.348120
 540.000000  0.206934
 541.000000  0.056860
 542.000000  0.134131
 543.000000  0.290015
 544.000000  0.454443
 545.000000  0.136645
 546.000000  0.075439
 547.000000  0.155566
 548.000000  0.095215
 549.000000  0.066040
 550.000000  0.028540
 551.000000  0.029321
 552.000000  0.029834
 553.000000  0.028296
 554.000000  0.026807
 555.000000  0.021997
 556.000000  0.023608
 557.000000  0.025268
 558.000000  0.024170
 559.000000  0.024243
 560.000000  0.021606
 561.000000  0.020752
 562.000000  0.021924
 563.000000  0.023413
 564.000000  0.020581
 565.000000  0.022021
 566.000000  0.020215
 567.000000  0.022119
 568.000000  0.019946
 569.000000  0.021875
 570.000000  0.019629
 571.000000  0.021875
 572.000000  0.019482
 573.000000  0.021386
 574.000000  0.019434
 575.000000  0.021093
 576.000000  0.019360
 577.000000  0.021386
 578.000000  0.019214
 579.000000  0.019848
 580.000000  0.018311
 581.000000  0.017285
 582.000000  0.018188
 583.000000  0.019775
 584.000000  0.017749
 585.000000  0.019555
 586.000000  0.017261
 587.000000  0.019458
 588.000000  0.017236
 589.000000  0.016943
 590.000000  0.017139
 591.000000  0.018969
 592.000000  0.017065
 593.000000  0.016577
 594.000000  0.017065
 595.000000  0.018798
 596.000000  0.017017
 597.000000  0.018017
 598.000000  0.016455
 599.000000  0.017602
 600.000000  0.016553
 601.000000  0.017480
 602.000000  0.016284
 603.000000  0.017187
 604.000000  0.015869
 605.000000  0.017138
 606.000000  0.015869
 607.000000  0.017114
 608.000000  0.015137
 609.000000  0.017089
 610.000000  0.014990
 611.000000  0.017089
 612.000000  0.017236
 613.000000  0.017041
 614.000000  0.017114
 615.000000  0.017041
 616.000000  0.014648
 617.000000  0.014551
 618.000000  0.014648
 619.000000  0.016601
 620.000000  0.014648
 621.000000  0.016235
 622.000000  0.014551
 623.000000  0.015966
 624.000000  0.017041
 625.000000  0.015454
 626.000000  0.014551
 627.000000  0.014917
 628.000000  0.014111
 629.000000  0.014770
 630.000000  0.013477
 631.000000  0.014746
 632.000000  0.013477
 633.000000  0.014721
 634.000000  0.012622
 635.000000  0.014648
 636.000000  0.012476
 637.000000  0.012207
 638.000000  0.012280
 639.000000  0.014648
 640.000000  0.012305
 641.000000  0.014575
 642.000000  0.012207
 643.000000  0.012085
 644.000000  0.014648
 645.000000  0.014453
 646.000000  0.014648
 647.000000  0.014404
 648.000000  0.012207
 649.000000  0.011499
 650.000000  0.012085
 651.000000  0.011230
 652.000000  0.011938
 653.000000  0.010644
 654.000000  0.011719
 655.000000  0.012963
 656.000000  0.011572
 657.000000  0.012622
 658.000000  0.010815
 659.000000  0.009863
 660.000000  0.010449
 661.000000  0.012255
 662.000000  0.010010
 663.000000  0.012207
 664.000000  0.012304
 665.000000  0.012207
 666.000000  0.012329
 667.000000  0.012207
 668.000000  0.009766
 669.000000  0.009766
 670.000000  0.009766
 671.000000  0.009766
 672.000000  0.009790
 673.000000  0.012207
 674.000000  0.012231
 675.000000  0.012207
 676.000000  0.009790
 677.000000  0.012207
 678.000000  0.009766
 679.000000  0.012182
 680.000000  0.009766
 681.000000  0.009644
 682.000000  0.009766
 683.000000  0.012060
 684.000000  0.009766
 685.000000  0.012060
 686.000000  0.009766
 687.000000  0.009619
 688.000000  0.012207
 689.000000  0.009521
 690.000000  0.012207
 691.000000  0.011474
 692.000000  0.009766
 693.000000  0.011303
 694.000000  0.009766
 695.000000  0.011157
 696.000000  0.012158
 697.000000  0.011084
 698.000000  0.009717
 699.000000  0.010693
 700.000000  0.009741
 701.000000  0.008350
 702.000000  0.009692
 703.000000  0.008252
 704.000000  0.012109
 705.000000  0.010546
 706.000000  0.009692
 707.000000  0.008227
 708.000000  0.009546
 709.000000  0.010253
 710.000000  0.009521
 711.000000  0.010253
 712.000000  0.009351
 713.000000  0.010400
 714.000000  0.009131
 715.000000  0.010180
 716.000000  0.009082
 717.000000  0.010034
 718.000000  0.009302
 719.000000  0.010058
 720.000000  0.009033
 721.000000  0.010083
 722.000000  0.008887
 723.000000  0.010009
 724.000000  0.009009
 725.000000  0.010107
 726.000000  0.008813
 727.000000  0.009985
 728.000000  0.008423
 729.000000  0.007519
 730.000000  0.008472
 731.000000  0.010009
 732.000000  0.008569
 733.000000  0.009838
 734.000000  0.010815
 735.000000  0.009814
 736.000000  0.008154
 737.000000  0.009912
 738.000000  0.008154
 739.000000  0.009887
 740.000000  0.008081
 741.000000  0.009814
 742.000000  0.008227
 743.000000  0.007397
 744.000000  0.007983
 745.000000  0.009814
 746.000000  0.007837
 747.000000  0.007397
 748.000000  0.007861
 749.000000  0.009741
 750.000000  0.007764
 751.000000  0.009790
 752.000000  0.010302
 753.000000  0.009790
 754.000000  0.007739
 755.000000  0.009741
 756.000000  0.007495
 757.000000  0.009716
 758.000000  0.007544
 759.000000  0.007324
 760.000000  0.007544
 761.000000  0.009765
 762.000000  0.007495
 763.000000  0.009716
 764.000000  0.007349
 765.000000  0.009741
 766.000000  0.007397
 767.000000  0.007300
 768.000000  0.007349
 769.000000  0.009741
 770.000000  0.007349
 771.000000  0.009716
 772.000000  0.007324
 773.000000  0.009741
 774.000000  0.009765
 775.000000  0.009765
 776.000000  0.009765
 777.000000  0.009594
 778.000000  0.007324
 779.000000  0.007300
 780.000000  0.007324
 781.000000  0.007227
 782.000000  0.009765
 783.000000  0.009643
 784.000000  0.007324
 785.000000  0.009594
 786.000000  0.007373
 787.000000  0.009741
 788.000000  0.009765
 789.000000  0.009497
 790.000000  0.007324
 791.000000  0.009472
 792.000000  0.007324
 793.000000  0.009668
 794.000000  0.007324
 795.000000  0.009643
 796.000000  0.007349
 797.000000  0.009643
 798.000000  0.007300
 799.000000  0.009594
 800.000000  0.007324
 801.000000  0.009545
 802.000000  0.009765
 803.000000  0.009619
 804.000000  0.007324
 805.000000  0.009521
 806.000000  0.007324
 807.000000  0.009545
 808.000000  0.009765
 809.000000  0.006909
 810.000000  0.007324
 811.000000  0.006982
 812.000000  0.007324
 813.000000  0.006836
 814.000000  0.007324
 815.000000  0.009472
 816.000000  0.007324
 817.000000  0.009252
 818.000000  0.007300
 819.000000  0.009204
 820.000000  0.007324
 821.000000  0.009252
 822.000000  0.007324
 823.000000  0.009399
 824.000000  0.009765
 825.000000  0.009106
 826.000000  0.007324
 827.000000  0.009130
 828.000000  0.007324
 829.000000  0.009228
 830.000000  0.007324
 831.000000  0.009008
 832.000000  0.007324
 833.000000  0.009106
 834.000000  0.007300
 835.000000  0.009277
 836.000000  0.009765
 837.000000  0.009130
 838.000000  0.007300
 839.000000  0.008960
 840.000000  0.007324
 841.000000  0.008911
 842.000000  0.009765
 843.000000  0.008764
 844.000000  0.007324
 845.000000  0.006519
 846.000000  0.009741
 847.000000  0.009252
 848.000000  0.007300
 849.000000  0.009106
 850.000000  0.007324
 851.000000  0.008862
 852.000000  0.007324
 853.000000  0.006470
 854.000000  0.009765
 855.000000  0.008715
 856.000000  0.007324
 857.000000  0.006128
 858.000000  0.007324
 859.000000  0.006274
 860.000000  0.009716
 861.000000  0.008642
 862.000000  0.007275
 863.000000  0.006103
 864.000000  0.007178
 865.000000  0.008520
 866.000000  0.009668
 867.000000  0.006421
 868.000000  0.007275
 869.000000  0.008569
 870.000000  0.007300
 871.000000  0.008618
 872.000000  0.007275
 873.000000  0.008642
 874.000000  0.007227
 875.000000  0.008837
 876.000000  0.007202
 877.000000  0.006152
 878.000000  0.007080
 879.000000  0.006030
 880.000000  0.007104
 881.000000  0.008740
 882.000000  0.007056
 883.000000  0.008496
 884.000000  0.007202
 885.000000  0.008496
 886.000000  0.007056
 887.000000  0.005981
 888.000000  0.007227
 889.000000  0.008569
 890.000000  0.007227
 891.000000  0.008374
 892.000000  0.007153
 893.000000  0.008593
 894.000000  0.007178
 895.000000  0.008715
 896.000000  0.007227
 897.000000  0.008593
 898.000000  0.007104
 899.000000  0.008422
 900.000000  0.007153
 901.000000  0.008544
 902.000000  0.009619
 903.000000  0.008569
 904.000000  0.007153
 905.000000  0.008447
 906.000000  0.009545
 907.000000  0.008593
 908.000000  0.009570
 909.000000  0.008471
 910.000000  0.007129
 911.000000  0.008422
 912.000000  0.007178
 913.000000  0.008374
 914.000000  0.007129
 915.000000  0.008227
 916.000000  0.007202
 917.000000  0.008544
 918.000000  0.009716
 919.000000  0.008178
 920.000000  0.009741
 921.000000  0.008129
 922.000000  0.007153
 923.000000  0.008129
 924.000000  0.007153
 925.000000  0.008374
 926.000000  0.007202
 927.000000  0.008227
 928.000000  0.007300
 929.000000  0.008325
 930.000000  0.007202
 931.000000  0.008276
 932.000000  0.007178
 933.000000  0.008276
 934.000000  0.007275
 935.000000  0.008300
 936.000000  0.007275
 937.000000  0.008252
 938.000000  0.007251
 939.000000  0.008105
 940.000000  0.007251
 941.000000  0.008227
 942.000000  0.007300
 943.000000  0.008081
 944.000000  0.007251
 945.000000  0.005884
 946.000000  0.009692
 947.000000  0.008422
 948.000000  0.007227
 949.000000  0.008227
 950.000000  0.009668
 951.000000  0.008252
 952.000000  0.007178
 953.000000  0.008349
 954.000000  0.007202
 955.000000  0.008178
 956.000000  0.007202
 957.000000  0.008129
 958.000000  0.007227
 959.000000  0.005908
 960.000000  0.007202
 961.000000  0.005542
 962.000000  0.009668
 963.000000  0.005640
 964.000000  0.007227
 965.000000  0.008154
 966.000000  0.007227
 967.000000  0.008154
 968.000000  0.007153
 969.000000  0.008032
 970.000000  0.009741
 971.000000  0.008154
 972.000000  0.007275
 973.000000  0.007885
 974.000000  0.007178
 975.000000  0.007983
 976.000000  0.007007
 977.000000  0.007959
 978.000000  0.007251
 979.000000  0.007910
 980.000000  0.007153
 981.000000  0.008422
 982.000000  0.007007
 983.000000  0.005713
 984.000000  0.007129
 985.000000  0.008105
 986.000000  0.007153
 987.000000  0.007934
 988.000000  0.009668
 989.000000  0.007788
 990.000000  0.007300
 991.000000  0.007763
 992.000000  0.007202
 993.000000  0.007885
 994.000000  0.007104
 995.000000  0.008007
 996.000000  0.007007
 997.000000  0.008105
 998.000000  0.009521
 999.000000  0.007812
 1000.000000  0.009741
 1001.000000  0.007812
 1002.000000  0.007104
 1003.000000  0.007861
 1004.000000  0.007178
 1005.000000  0.007934
 1006.000000  0.007031
 1007.000000  0.007617
 1008.000000  0.006934
 1009.000000  0.007983
 1010.000000  0.007104
 1011.000000  0.007959
 1012.000000  0.006934
 1013.000000  0.007934
 1014.000000  0.006909
 1015.000000  0.007763
 1016.000000  0.007056
 1017.000000  0.007885
 1018.000000  0.007031
 1019.000000  0.007788
 1020.000000  0.007007
 1021.000000  0.007812
 1022.000000  0.007007
 1023.000000  0.007739
