 0.000000  0.007397
 1.000000  0.007104
 2.000000  0.007349
 3.000000  0.007129
 4.000000  0.007349
 5.000000  0.007178
 6.000000  0.007349
 7.000000  0.007129
 8.000000  0.007349
 9.000000  0.007129
 10.000000  0.007373
 11.000000  0.007080
 12.000000  0.007349
 13.000000  0.007251
 14.000000  0.007324
 15.000000  0.007080
 16.000000  0.007324
 17.000000  0.007056
 18.000000  0.007324
 19.000000  0.007178
 20.000000  0.007373
 21.000000  0.007300
 22.000000  0.007349
 23.000000  0.007251
 24.000000  0.007349
 25.000000  0.007178
 26.000000  0.007397
 27.000000  0.009594
 28.000000  0.007324
 29.000000  0.007129
 30.000000  0.007349
 31.000000  0.007275
 32.000000  0.007324
 33.000000  0.007104
 34.000000  0.007324
 35.000000  0.007178
 36.000000  0.007324
 37.000000  0.007129
 38.000000  0.007324
 39.000000  0.009668
 40.000000  0.007324
 41.000000  0.007129
 42.000000  0.007324
 43.000000  0.007129
 44.000000  0.007324
 45.000000  0.007080
 46.000000  0.007324
 47.000000  0.007153
 48.000000  0.007324
 49.000000  0.007202
 50.000000  0.007324
 51.000000  0.007251
 52.000000  0.007324
 53.000000  0.007178
 54.000000  0.007324
 55.000000  0.007227
 56.000000  0.007324
 57.000000  0.007104
 58.000000  0.007324
 59.000000  0.009399
 60.000000  0.007324
 61.000000  0.009594
 62.000000  0.007324
 63.000000  0.007153
 64.000000  0.007324
 65.000000  0.007104
 66.000000  0.007324
 67.000000  0.009497
 68.000000  0.007324
 69.000000  0.007129
 70.000000  0.007324
 71.000000  0.007153
 72.000000  0.007324
 73.000000  0.007178
 74.000000  0.007324
 75.000000  0.007129
 76.000000  0.007324
 77.000000  0.007153
 78.000000  0.007324
 79.000000  0.007251
 80.000000  0.007324
 81.000000  0.007178
 82.000000  0.007324
 83.000000  0.007129
 84.000000  0.007324
 85.000000  0.007202
 86.000000  0.007324
 87.000000  0.007251
 88.000000  0.007324
 89.000000  0.007104
 90.000000  0.007324
 91.000000  0.007202
 92.000000  0.007324
 93.000000  0.007080
 94.000000  0.007324
 95.000000  0.007104
 96.000000  0.007324
 97.000000  0.007056
 98.000000  0.007324
 99.000000  0.007202
 100.000000  0.007324
 101.000000  0.009594
 102.000000  0.007324
 103.000000  0.009716
 104.000000  0.007324
 105.000000  0.007202
 106.000000  0.007324
 107.000000  0.007275
 108.000000  0.007324
 109.000000  0.009765
 110.000000  0.007324
 111.000000  0.007300
 112.000000  0.007324
 113.000000  0.007202
 114.000000  0.007324
 115.000000  0.007300
 116.000000  0.007324
 117.000000  0.007129
 118.000000  0.007349
 119.000000  0.007275
 120.000000  0.007324
 121.000000  0.007202
 122.000000  0.007324
 123.000000  0.007202
 124.000000  0.007324
 125.000000  0.007202
 126.000000  0.007324
 127.000000  0.009570
 128.000000  0.007324
 129.000000  0.007178
 130.000000  0.007324
 131.000000  0.009619
 132.000000  0.007324
 133.000000  0.007202
 134.000000  0.007324
 135.000000  0.009643
 136.000000  0.007324
 137.000000  0.007202
 138.000000  0.007324
 139.000000  0.007080
 140.000000  0.007324
 141.000000  0.007104
 142.000000  0.007300
 143.000000  0.007178
 144.000000  0.007227
 145.000000  0.009448
 146.000000  0.007275
 147.000000  0.007104
 148.000000  0.007593
 149.000000  0.009497
 150.000000  0.007373
 151.000000  0.006567
 152.000000  0.007300
 153.000000  0.006860
 154.000000  0.007471
 155.000000  0.006763
 156.000000  0.007275
 157.000000  0.009399
 158.000000  0.007300
 159.000000  0.006934
 160.000000  0.007373
 161.000000  0.006934
 162.000000  0.007349
 163.000000  0.007080
 164.000000  0.007324
 165.000000  0.007031
 166.000000  0.007324
 167.000000  0.006982
 168.000000  0.007349
 169.000000  0.009423
 170.000000  0.007373
 171.000000  0.007104
 172.000000  0.007324
 173.000000  0.007031
 174.000000  0.007300
 175.000000  0.007031
 176.000000  0.007324
 177.000000  0.006885
 178.000000  0.007324
 179.000000  0.009448
 180.000000  0.007324
 181.000000  0.007007
 182.000000  0.007324
 183.000000  0.007007
 184.000000  0.007324
 185.000000  0.007202
 186.000000  0.007324
 187.000000  0.007251
 188.000000  0.007349
 189.000000  0.007153
 190.000000  0.007324
 191.000000  0.007104
 192.000000  0.007349
 193.000000  0.007202
 194.000000  0.007300
 195.000000  0.007178
 196.000000  0.009790
 197.000000  0.007153
 198.000000  0.007324
 199.000000  0.009545
 200.000000  0.007324
 201.000000  0.009497
 202.000000  0.007324
 203.000000  0.007251
 204.000000  0.007324
 205.000000  0.007056
 206.000000  0.007324
 207.000000  0.007056
 208.000000  0.007324
 209.000000  0.009448
 210.000000  0.007324
 211.000000  0.007007
 212.000000  0.007324
 213.000000  0.009570
 214.000000  0.007324
 215.000000  0.007202
 216.000000  0.007324
 217.000000  0.007178
 218.000000  0.007324
 219.000000  0.009472
 220.000000  0.007324
 221.000000  0.007104
 222.000000  0.007324
 223.000000  0.007104
 224.000000  0.007324
 225.000000  0.007178
 226.000000  0.007324
 227.000000  0.009570
 228.000000  0.007324
 229.000000  0.009619
 230.000000  0.007324
 231.000000  0.007202
 232.000000  0.007324
 233.000000  0.009619
 234.000000  0.007324
 235.000000  0.007227
 236.000000  0.007324
 237.000000  0.007153
 238.000000  0.007324
 239.000000  0.009643
 240.000000  0.007324
 241.000000  0.007251
 242.000000  0.007324
 243.000000  0.009643
 244.000000  0.007324
 245.000000  0.007227
 246.000000  0.007324
 247.000000  0.007275
 248.000000  0.007324
 249.000000  0.007251
 250.000000  0.007324
 251.000000  0.007300
 252.000000  0.007324
 253.000000  0.007251
 254.000000  0.007324
 255.000000  0.009765
 256.000000  0.007324
 257.000000  0.007275
 258.000000  0.007324
 259.000000  0.007275
 260.000000  0.007324
 261.000000  0.007251
 262.000000  0.007324
 263.000000  0.009716
 264.000000  0.007324
 265.000000  0.009668
 266.000000  0.007324
 267.000000  0.009716
 268.000000  0.007324
 269.000000  0.009741
 270.000000  0.007324
 271.000000  0.007300
 272.000000  0.007349
 273.000000  0.007275
 274.000000  0.007349
 275.000000  0.009716
 276.000000  0.007349
 277.000000  0.009716
 278.000000  0.007373
 279.000000  0.007275
 280.000000  0.007373
 281.000000  0.009741
 282.000000  0.007324
 283.000000  0.009741
 284.000000  0.007373
 285.000000  0.007275
 286.000000  0.007349
 287.000000  0.007251
 288.000000  0.007422
 289.000000  0.009765
 290.000000  0.007397
 291.000000  0.007300
 292.000000  0.007349
 293.000000  0.007275
 294.000000  0.007446
 295.000000  0.009668
 296.000000  0.007397
 297.000000  0.009765
 298.000000  0.007446
 299.000000  0.009765
 300.000000  0.007983
 301.000000  0.007275
 302.000000  0.007690
 303.000000  0.009716
 304.000000  0.007519
 305.000000  0.006836
 306.000000  0.007568
 307.000000  0.009668
 308.000000  0.007886
 309.000000  0.009668
 310.000000  0.007617
 311.000000  0.007251
 312.000000  0.008105
 313.000000  0.007397
 314.000000  0.008008
 315.000000  0.009765
 316.000000  0.007886
 317.000000  0.007324
 318.000000  0.007788
 319.000000  0.007324
 320.000000  0.007617
 321.000000  0.009790
 322.000000  0.007861
 323.000000  0.009765
 324.000000  0.007837
 325.000000  0.007324
 326.000000  0.007568
 327.000000  0.007349
 328.000000  0.007935
 329.000000  0.009790
 330.000000  0.008057
 331.000000  0.009765
 332.000000  0.008252
 333.000000  0.009814
 334.000000  0.008227
 335.000000  0.009814
 336.000000  0.008203
 337.000000  0.007397
 338.000000  0.008301
 339.000000  0.007422
 340.000000  0.008252
 341.000000  0.009838
 342.000000  0.010546
 343.000000  0.009765
 344.000000  0.008569
 345.000000  0.009838
 346.000000  0.008716
 347.000000  0.007373
 348.000000  0.008838
 349.000000  0.009814
 350.000000  0.008984
 351.000000  0.009887
 352.000000  0.008911
 353.000000  0.009912
 354.000000  0.008960
 355.000000  0.007446
 356.000000  0.008789
 357.000000  0.007764
 358.000000  0.009351
 359.000000  0.009985
 360.000000  0.009570
 361.000000  0.007690
 362.000000  0.009375
 363.000000  0.010205
 364.000000  0.009497
 365.000000  0.007861
 366.000000  0.009619
 367.000000  0.007764
 368.000000  0.009692
 369.000000  0.008179
 370.000000  0.009668
 371.000000  0.010717
 372.000000  0.009692
 373.000000  0.010620
 374.000000  0.009692
 375.000000  0.010864
 376.000000  0.009766
 377.000000  0.008716
 378.000000  0.009766
 379.000000  0.009009
 380.000000  0.009766
 381.000000  0.011425
 382.000000  0.009766
 383.000000  0.009497
 384.000000  0.009741
 385.000000  0.009619
 386.000000  0.009766
 387.000000  0.011889
 388.000000  0.009766
 389.000000  0.012011
 390.000000  0.009766
 391.000000  0.012085
 392.000000  0.009766
 393.000000  0.009717
 394.000000  0.009766
 395.000000  0.009692
 396.000000  0.009766
 397.000000  0.009717
 398.000000  0.009766
 399.000000  0.009692
 400.000000  0.009766
 401.000000  0.012182
 402.000000  0.009790
 403.000000  0.009766
 404.000000  0.009766
 405.000000  0.009766
 406.000000  0.009766
 407.000000  0.009766
 408.000000  0.009790
 409.000000  0.012207
 410.000000  0.009863
 411.000000  0.012207
 412.000000  0.010278
 413.000000  0.009766
 414.000000  0.010083
 415.000000  0.012280
 416.000000  0.011133
 417.000000  0.009814
 418.000000  0.010352
 419.000000  0.009863
 420.000000  0.011987
 421.000000  0.011060
 422.000000  0.011279
 423.000000  0.009961
 424.000000  0.011963
 425.000000  0.014502
 426.000000  0.012183
 427.000000  0.013012
 428.000000  0.012061
 429.000000  0.014624
 430.000000  0.014014
 431.000000  0.014111
 432.000000  0.012158
 433.000000  0.012183
 434.000000  0.015478
 435.000000  0.016699
 436.000000  0.012183
 437.000000  0.014575
 438.000000  0.014648
 439.000000  0.019555
 440.000000  0.014111
 441.000000  0.014526
 442.000000  0.014014
 443.000000  0.019580
 444.000000  0.019043
 445.000000  0.014941
 446.000000  0.013428
 447.000000  0.016724
 448.000000  0.026050
 449.000000  0.023242
 450.000000  0.013940
 451.000000  0.016674
 452.000000  0.020703
 453.000000  0.030590
 454.000000  0.018603
 455.000000  0.015918
 456.000000  0.016235
 457.000000  0.028564
 458.000000  0.032056
 459.000000  0.018432
 460.000000  0.015845
 461.000000  0.024658
 462.000000  0.038770
 463.000000  0.034033
 464.000000  0.015112
 465.000000  0.018090
 466.000000  0.030029
 467.000000  0.046558
 468.000000  0.023389
 469.000000  0.014160
 470.000000  0.019336
 471.000000  0.038916
 472.000000  0.046045
 473.000000  0.016577
 474.000000  0.015137
 475.000000  0.025439
 476.000000  0.041260
 477.000000  0.029761
 478.000000  0.014819
 479.000000  0.018383
 480.000000  0.028320
 481.000000  0.042236
 482.000000  0.021118
 483.000000  0.014331
 484.000000  0.018042
 485.000000  0.035400
 486.000000  0.035669
 487.000000  0.014600
 488.000000  0.014600
 489.000000  0.019238
 490.000000  0.034009
 491.000000  0.025927
 492.000000  0.013892
 493.000000  0.016601
 494.000000  0.021265
 495.000000  0.028564
 496.000000  0.016089
 497.000000  0.012256
 498.000000  0.014478
 499.000000  0.021362
 500.000000  0.020264
 501.000000  0.014672
 502.000000  0.012353
 503.000000  0.016674
 504.000000  0.019043
 505.000000  0.016992
 506.000000  0.012256
 507.000000  0.012061
 508.000000  0.014331
 509.000000  0.014429
 510.000000  0.012353
 511.000000  0.013940
 512.000000  0.012109
 513.000000  0.012695
 514.000000  0.013574
 515.000000  0.011450
 516.000000  0.011865
 517.000000  0.011841
 518.000000  0.012353
 519.000000  0.011841
 520.000000  0.011743
 521.000000  0.010376
 522.000000  0.012012
 523.000000  0.014184
 524.000000  0.011694
 525.000000  0.012426
 526.000000  0.010889
 527.000000  0.012500
 528.000000  0.011352
 529.000000  0.012207
 530.000000  0.009863
 531.000000  0.012207
 532.000000  0.010693
 533.000000  0.009766
 534.000000  0.009766
 535.000000  0.009741
 536.000000  0.009863
 537.000000  0.012207
 538.000000  0.009814
 539.000000  0.012207
 540.000000  0.009766
 541.000000  0.009766
 542.000000  0.009839
 543.000000  0.009717
 544.000000  0.009766
 545.000000  0.009741
 546.000000  0.009790
 547.000000  0.012207
 548.000000  0.009766
 549.000000  0.012109
 550.000000  0.009766
 551.000000  0.012207
 552.000000  0.009766
 553.000000  0.009644
 554.000000  0.009766
 555.000000  0.009595
 556.000000  0.009766
 557.000000  0.011840
 558.000000  0.009766
 559.000000  0.011547
 560.000000  0.009766
 561.000000  0.009155
 562.000000  0.009741
 563.000000  0.011523
 564.000000  0.009741
 565.000000  0.011694
 566.000000  0.009766
 567.000000  0.011206
 568.000000  0.009692
 569.000000  0.011132
 570.000000  0.009741
 571.000000  0.010937
 572.000000  0.009644
 573.000000  0.010620
 574.000000  0.009570
 575.000000  0.010400
 576.000000  0.009521
 577.000000  0.010083
 578.000000  0.009424
 579.000000  0.010156
 580.000000  0.009326
 581.000000  0.007617
 582.000000  0.009155
 583.000000  0.009912
 584.000000  0.009277
 585.000000  0.010180
 586.000000  0.008740
 587.000000  0.009912
 588.000000  0.008765
 589.000000  0.007471
 590.000000  0.008765
 591.000000  0.009765
 592.000000  0.008423
 593.000000  0.007397
 594.000000  0.008691
 595.000000  0.009814
 596.000000  0.008496
 597.000000  0.009838
 598.000000  0.008252
 599.000000  0.009765
 600.000000  0.007935
 601.000000  0.009790
 602.000000  0.007910
 603.000000  0.009814
 604.000000  0.008032
 605.000000  0.009765
 606.000000  0.008057
 607.000000  0.009790
 608.000000  0.008057
 609.000000  0.009765
 610.000000  0.007910
 611.000000  0.009814
 612.000000  0.010620
 613.000000  0.009838
 614.000000  0.010400
 615.000000  0.009814
 616.000000  0.007715
 617.000000  0.007178
 618.000000  0.007666
 619.000000  0.009619
 620.000000  0.008105
 621.000000  0.009716
 622.000000  0.007642
 623.000000  0.009570
 624.000000  0.010180
 625.000000  0.009643
 626.000000  0.007715
 627.000000  0.009790
 628.000000  0.007544
 629.000000  0.009765
 630.000000  0.007373
 631.000000  0.009716
 632.000000  0.007422
 633.000000  0.009741
 634.000000  0.007349
 635.000000  0.009692
 636.000000  0.007373
 637.000000  0.007178
 638.000000  0.007349
 639.000000  0.009668
 640.000000  0.007446
 641.000000  0.009643
 642.000000  0.007373
 643.000000  0.007227
 644.000000  0.009838
 645.000000  0.009692
 646.000000  0.009863
 647.000000  0.009619
 648.000000  0.007422
 649.000000  0.007275
 650.000000  0.007324
 651.000000  0.007275
 652.000000  0.007324
 653.000000  0.007227
 654.000000  0.007373
 655.000000  0.009716
 656.000000  0.007324
 657.000000  0.009619
 658.000000  0.007324
 659.000000  0.007227
 660.000000  0.007373
 661.000000  0.009594
 662.000000  0.007324
 663.000000  0.009570
 664.000000  0.009765
 665.000000  0.009692
 666.000000  0.009765
 667.000000  0.009521
 668.000000  0.007324
 669.000000  0.007178
 670.000000  0.007324
 671.000000  0.007007
 672.000000  0.007324
 673.000000  0.009545
 674.000000  0.009765
 675.000000  0.009448
 676.000000  0.007324
 677.000000  0.009497
 678.000000  0.007300
 679.000000  0.009570
 680.000000  0.007324
 681.000000  0.006958
 682.000000  0.007324
 683.000000  0.009448
 684.000000  0.007324
 685.000000  0.009545
 686.000000  0.007324
 687.000000  0.007178
 688.000000  0.009765
 689.000000  0.007031
 690.000000  0.009765
 691.000000  0.009204
 692.000000  0.007324
 693.000000  0.009106
 694.000000  0.007324
 695.000000  0.009301
 696.000000  0.009741
 697.000000  0.009472
 698.000000  0.007300
 699.000000  0.008960
 700.000000  0.007324
 701.000000  0.006909
 702.000000  0.007324
 703.000000  0.006860
 704.000000  0.009765
 705.000000  0.009130
 706.000000  0.007324
 707.000000  0.006909
 708.000000  0.007324
 709.000000  0.009106
 710.000000  0.007324
 711.000000  0.009155
 712.000000  0.007300
 713.000000  0.009375
 714.000000  0.007324
 715.000000  0.009057
 716.000000  0.007324
 717.000000  0.008960
 718.000000  0.007324
 719.000000  0.008862
 720.000000  0.007300
 721.000000  0.008837
 722.000000  0.007324
 723.000000  0.009130
 724.000000  0.007300
 725.000000  0.009179
 726.000000  0.007324
 727.000000  0.008984
 728.000000  0.007324
 729.000000  0.006470
 730.000000  0.007300
 731.000000  0.009082
 732.000000  0.007300
 733.000000  0.009008
 734.000000  0.009765
 735.000000  0.009057
 736.000000  0.007324
 737.000000  0.008813
 738.000000  0.007324
 739.000000  0.008984
 740.000000  0.007324
 741.000000  0.009228
 742.000000  0.007324
 743.000000  0.006348
 744.000000  0.007275
 745.000000  0.008960
 746.000000  0.007251
 747.000000  0.006348
 748.000000  0.007324
 749.000000  0.008740
 750.000000  0.007324
 751.000000  0.008789
 752.000000  0.009765
 753.000000  0.008813
 754.000000  0.007275
 755.000000  0.008374
 756.000000  0.007324
 757.000000  0.008276
 758.000000  0.007275
 759.000000  0.006128
 760.000000  0.007251
 761.000000  0.008569
 762.000000  0.007275
 763.000000  0.008325
 764.000000  0.007275
 765.000000  0.008276
 766.000000  0.007251
 767.000000  0.006250
 768.000000  0.007178
 769.000000  0.008129
 770.000000  0.007129
 771.000000  0.008203
 772.000000  0.007251
 773.000000  0.008642
 774.000000  0.009521
 775.000000  0.008520
 776.000000  0.009106
 777.000000  0.008374
 778.000000  0.007056
 779.000000  0.006299
 780.000000  0.006860
 781.000000  0.005591
 782.000000  0.009301
 783.000000  0.008447
 784.000000  0.006958
 785.000000  0.008227
 786.000000  0.007056
 787.000000  0.007983
 788.000000  0.009521
 789.000000  0.008007
 790.000000  0.006982
 791.000000  0.008056
 792.000000  0.007056
 793.000000  0.008203
 794.000000  0.007202
 795.000000  0.007983
 796.000000  0.007031
 797.000000  0.008105
 798.000000  0.007202
 799.000000  0.008178
 800.000000  0.007104
 801.000000  0.007983
 802.000000  0.009423
 803.000000  0.008154
 804.000000  0.006958
 805.000000  0.008300
 806.000000  0.006934
 807.000000  0.008129
 808.000000  0.009643
 809.000000  0.005444
 810.000000  0.007178
 811.000000  0.005713
 812.000000  0.007080
 813.000000  0.005518
 814.000000  0.007056
 815.000000  0.008178
 816.000000  0.007031
 817.000000  0.007763
 818.000000  0.007129
 819.000000  0.007910
 820.000000  0.007031
 821.000000  0.007885
 822.000000  0.007080
 823.000000  0.008105
 824.000000  0.009448
 825.000000  0.007763
 826.000000  0.006885
 827.000000  0.007739
 828.000000  0.007031
 829.000000  0.007641
 830.000000  0.007031
 831.000000  0.007519
 832.000000  0.007178
 833.000000  0.007714
 834.000000  0.007007
 835.000000  0.007617
 836.000000  0.009619
 837.000000  0.007812
 838.000000  0.007031
 839.000000  0.007641
 840.000000  0.007080
 841.000000  0.007446
 842.000000  0.009472
 843.000000  0.007714
 844.000000  0.006982
 845.000000  0.005176
 846.000000  0.009521
 847.000000  0.007763
 848.000000  0.006885
 849.000000  0.007617
 850.000000  0.006982
 851.000000  0.007739
 852.000000  0.007178
 853.000000  0.005249
 854.000000  0.009692
 855.000000  0.007617
 856.000000  0.006958
 857.000000  0.005127
 858.000000  0.006982
 859.000000  0.004932
 860.000000  0.009423
 861.000000  0.007519
 862.000000  0.006909
 863.000000  0.005103
 864.000000  0.006836
 865.000000  0.007446
 866.000000  0.009399
 867.000000  0.005225
 868.000000  0.007080
 869.000000  0.007641
 870.000000  0.007202
 871.000000  0.007568
 872.000000  0.007129
 873.000000  0.007739
 874.000000  0.006909
 875.000000  0.007714
 876.000000  0.006982
 877.000000  0.005054
 878.000000  0.007031
 879.000000  0.005176
 880.000000  0.007031
 881.000000  0.007690
 882.000000  0.006958
 883.000000  0.007617
 884.000000  0.007031
 885.000000  0.007714
 886.000000  0.007080
 887.000000  0.005151
 888.000000  0.007056
 889.000000  0.007568
 890.000000  0.006982
 891.000000  0.007666
 892.000000  0.006958
 893.000000  0.007544
 894.000000  0.007007
 895.000000  0.007617
 896.000000  0.006958
 897.000000  0.007885
 898.000000  0.006860
 899.000000  0.007617
 900.000000  0.006885
 901.000000  0.007666
 902.000000  0.009497
 903.000000  0.007544
 904.000000  0.006934
 905.000000  0.007568
 906.000000  0.009106
 907.000000  0.007617
 908.000000  0.009277
 909.000000  0.007861
 910.000000  0.006811
 911.000000  0.007641
 912.000000  0.006787
 913.000000  0.007690
 914.000000  0.006494
 915.000000  0.007666
 916.000000  0.006689
 917.000000  0.007666
 918.000000  0.009448
 919.000000  0.007617
 920.000000  0.009423
 921.000000  0.007568
 922.000000  0.006909
 923.000000  0.007544
 924.000000  0.006689
 925.000000  0.008276
 926.000000  0.006421
 927.000000  0.007861
 928.000000  0.006396
 929.000000  0.007568
 930.000000  0.006079
 931.000000  0.007739
 932.000000  0.006226
 933.000000  0.008154
 934.000000  0.006372
 935.000000  0.007763
 936.000000  0.006738
 937.000000  0.008203
 938.000000  0.006909
 939.000000  0.007788
 940.000000  0.006811
 941.000000  0.007812
 942.000000  0.006738
 943.000000  0.007812
 944.000000  0.006763
 945.000000  0.005371
 946.000000  0.009252
 947.000000  0.007836
 948.000000  0.006665
 949.000000  0.007763
 950.000000  0.009106
 951.000000  0.007544
 952.000000  0.006714
 953.000000  0.007641
 954.000000  0.006689
 955.000000  0.007617
 956.000000  0.006787
 957.000000  0.007739
 958.000000  0.006934
 959.000000  0.005322
 960.000000  0.006934
 961.000000  0.005298
 962.000000  0.009179
 963.000000  0.005371
 964.000000  0.006592
 965.000000  0.007812
 966.000000  0.006811
 967.000000  0.007568
 968.000000  0.006787
 969.000000  0.007666
 970.000000  0.009204
 971.000000  0.007641
 972.000000  0.006836
 973.000000  0.007641
 974.000000  0.006934
 975.000000  0.007641
 976.000000  0.006689
 977.000000  0.007666
 978.000000  0.006494
 979.000000  0.007592
 980.000000  0.006811
 981.000000  0.007763
 982.000000  0.006836
 983.000000  0.005273
 984.000000  0.006567
 985.000000  0.007714
 986.000000  0.006494
 987.000000  0.007519
 988.000000  0.009375
 989.000000  0.007495
 990.000000  0.006909
 991.000000  0.007470
 992.000000  0.006982
 993.000000  0.007544
 994.000000  0.006665
 995.000000  0.007714
 996.000000  0.006567
 997.000000  0.007592
 998.000000  0.008862
 999.000000  0.007592
 1000.000000  0.009448
 1001.000000  0.007519
 1002.000000  0.006787
 1003.000000  0.007446
 1004.000000  0.006714
 1005.000000  0.007519
 1006.000000  0.006909
 1007.000000  0.007470
 1008.000000  0.006860
 1009.000000  0.007592
 1010.000000  0.006811
 1011.000000  0.007519
 1012.000000  0.006860
 1013.000000  0.007470
 1014.000000  0.006641
 1015.000000  0.007592
 1016.000000  0.006885
 1017.000000  0.007568
 1018.000000  0.006738
 1019.000000  0.007470
 1020.000000  0.006787
 1021.000000  0.007397
 1022.000000  0.006714
 1023.000000  0.007519
