 0.000000  0.007397
 1.000000  0.007178
 2.000000  0.007324
 3.000000  0.007178
 4.000000  0.007373
 5.000000  0.007227
 6.000000  0.007324
 7.000000  0.007251
 8.000000  0.007373
 9.000000  0.007153
 10.000000  0.007373
 11.000000  0.007056
 12.000000  0.007324
 13.000000  0.007251
 14.000000  0.007324
 15.000000  0.006958
 16.000000  0.007397
 17.000000  0.007129
 18.000000  0.007373
 19.000000  0.007202
 20.000000  0.007324
 21.000000  0.007202
 22.000000  0.007324
 23.000000  0.007251
 24.000000  0.007324
 25.000000  0.007227
 26.000000  0.007495
 27.000000  0.009619
 28.000000  0.007373
 29.000000  0.007202
 30.000000  0.007349
 31.000000  0.007129
 32.000000  0.007349
 33.000000  0.007153
 34.000000  0.007300
 35.000000  0.007227
 36.000000  0.007422
 37.000000  0.007104
 38.000000  0.007324
 39.000000  0.009619
 40.000000  0.007324
 41.000000  0.007202
 42.000000  0.007349
 43.000000  0.007153
 44.000000  0.007349
 45.000000  0.007080
 46.000000  0.007349
 47.000000  0.007129
 48.000000  0.007324
 49.000000  0.007227
 50.000000  0.007324
 51.000000  0.007275
 52.000000  0.007324
 53.000000  0.007251
 54.000000  0.007324
 55.000000  0.007251
 56.000000  0.007324
 57.000000  0.007178
 58.000000  0.007324
 59.000000  0.009643
 60.000000  0.007324
 61.000000  0.009619
 62.000000  0.007324
 63.000000  0.007202
 64.000000  0.007324
 65.000000  0.007178
 66.000000  0.007349
 67.000000  0.009668
 68.000000  0.007324
 69.000000  0.007202
 70.000000  0.007324
 71.000000  0.007202
 72.000000  0.007324
 73.000000  0.007202
 74.000000  0.007324
 75.000000  0.007178
 76.000000  0.007349
 77.000000  0.007202
 78.000000  0.007324
 79.000000  0.007251
 80.000000  0.007324
 81.000000  0.007251
 82.000000  0.007324
 83.000000  0.007251
 84.000000  0.007324
 85.000000  0.007178
 86.000000  0.007324
 87.000000  0.007251
 88.000000  0.007324
 89.000000  0.007251
 90.000000  0.007349
 91.000000  0.007300
 92.000000  0.007324
 93.000000  0.007300
 94.000000  0.007324
 95.000000  0.007202
 96.000000  0.007324
 97.000000  0.007227
 98.000000  0.007324
 99.000000  0.007227
 100.000000  0.007324
 101.000000  0.009619
 102.000000  0.007324
 103.000000  0.009668
 104.000000  0.007324
 105.000000  0.007275
 106.000000  0.007324
 107.000000  0.007227
 108.000000  0.007324
 109.000000  0.009668
 110.000000  0.007324
 111.000000  0.007227
 112.000000  0.007324
 113.000000  0.007202
 114.000000  0.007324
 115.000000  0.007227
 116.000000  0.007324
 117.000000  0.007178
 118.000000  0.007349
 119.000000  0.007178
 120.000000  0.007324
 121.000000  0.007129
 122.000000  0.007324
 123.000000  0.007227
 124.000000  0.007349
 125.000000  0.007227
 126.000000  0.007373
 127.000000  0.009619
 128.000000  0.007300
 129.000000  0.007031
 130.000000  0.007349
 131.000000  0.009619
 132.000000  0.007373
 133.000000  0.007129
 134.000000  0.007397
 135.000000  0.009594
 136.000000  0.007373
 137.000000  0.007129
 138.000000  0.007422
 139.000000  0.007129
 140.000000  0.007397
 141.000000  0.007129
 142.000000  0.007373
 143.000000  0.007153
 144.000000  0.007373
 145.000000  0.009594
 146.000000  0.007324
 147.000000  0.007153
 148.000000  0.007397
 149.000000  0.009521
 150.000000  0.007349
 151.000000  0.007080
 152.000000  0.007324
 153.000000  0.007080
 154.000000  0.007373
 155.000000  0.007080
 156.000000  0.007324
 157.000000  0.009472
 158.000000  0.007422
 159.000000  0.007129
 160.000000  0.007324
 161.000000  0.007031
 162.000000  0.007300
 163.000000  0.007007
 164.000000  0.007349
 165.000000  0.007104
 166.000000  0.007373
 167.000000  0.007129
 168.000000  0.007349
 169.000000  0.009594
 170.000000  0.007422
 171.000000  0.006958
 172.000000  0.007324
 173.000000  0.007129
 174.000000  0.007324
 175.000000  0.007007
 176.000000  0.007349
 177.000000  0.007056
 178.000000  0.007373
 179.000000  0.009521
 180.000000  0.007373
 181.000000  0.007178
 182.000000  0.007349
 183.000000  0.007153
 184.000000  0.007349
 185.000000  0.007080
 186.000000  0.007373
 187.000000  0.007202
 188.000000  0.007446
 189.000000  0.007007
 190.000000  0.007373
 191.000000  0.007031
 192.000000  0.007300
 193.000000  0.007178
 194.000000  0.007373
 195.000000  0.007227
 196.000000  0.009790
 197.000000  0.007202
 198.000000  0.007324
 199.000000  0.009594
 200.000000  0.007324
 201.000000  0.009643
 202.000000  0.007349
 203.000000  0.007275
 204.000000  0.007324
 205.000000  0.007227
 206.000000  0.007324
 207.000000  0.007227
 208.000000  0.007349
 209.000000  0.009668
 210.000000  0.007349
 211.000000  0.007202
 212.000000  0.007324
 213.000000  0.009692
 214.000000  0.007324
 215.000000  0.007202
 216.000000  0.007324
 217.000000  0.007202
 218.000000  0.007324
 219.000000  0.009716
 220.000000  0.007324
 221.000000  0.007275
 222.000000  0.007324
 223.000000  0.007300
 224.000000  0.007349
 225.000000  0.007275
 226.000000  0.007324
 227.000000  0.009692
 228.000000  0.007324
 229.000000  0.009692
 230.000000  0.007324
 231.000000  0.007251
 232.000000  0.007324
 233.000000  0.009692
 234.000000  0.007324
 235.000000  0.007300
 236.000000  0.007324
 237.000000  0.007324
 238.000000  0.007349
 239.000000  0.009741
 240.000000  0.007373
 241.000000  0.007324
 242.000000  0.007324
 243.000000  0.009741
 244.000000  0.007324
 245.000000  0.007275
 246.000000  0.007324
 247.000000  0.007324
 248.000000  0.007324
 249.000000  0.007324
 250.000000  0.007349
 251.000000  0.007324
 252.000000  0.007349
 253.000000  0.007324
 254.000000  0.007349
 255.000000  0.009765
 256.000000  0.007324
 257.000000  0.007324
 258.000000  0.007324
 259.000000  0.007300
 260.000000  0.007324
 261.000000  0.007324
 262.000000  0.007324
 263.000000  0.009741
 264.000000  0.007324
 265.000000  0.009765
 266.000000  0.007373
 267.000000  0.009765
 268.000000  0.007349
 269.000000  0.009765
 270.000000  0.007324
 271.000000  0.007300
 272.000000  0.007349
 273.000000  0.007300
 274.000000  0.007324
 275.000000  0.009765
 276.000000  0.007397
 277.000000  0.009790
 278.000000  0.007495
 279.000000  0.007324
 280.000000  0.007519
 281.000000  0.009692
 282.000000  0.007471
 283.000000  0.009765
 284.000000  0.007593
 285.000000  0.007373
 286.000000  0.007568
 287.000000  0.007349
 288.000000  0.007495
 289.000000  0.009790
 290.000000  0.007715
 291.000000  0.007300
 292.000000  0.007690
 293.000000  0.007349
 294.000000  0.007715
 295.000000  0.009765
 296.000000  0.007788
 297.000000  0.009790
 298.000000  0.008008
 299.000000  0.009765
 300.000000  0.007861
 301.000000  0.007324
 302.000000  0.008130
 303.000000  0.009814
 304.000000  0.008008
 305.000000  0.007324
 306.000000  0.008081
 307.000000  0.009790
 308.000000  0.008374
 309.000000  0.009814
 310.000000  0.008325
 311.000000  0.007324
 312.000000  0.008350
 313.000000  0.007422
 314.000000  0.008545
 315.000000  0.009838
 316.000000  0.008667
 317.000000  0.007495
 318.000000  0.008594
 319.000000  0.007495
 320.000000  0.008691
 321.000000  0.010009
 322.000000  0.008789
 323.000000  0.009887
 324.000000  0.008716
 325.000000  0.007495
 326.000000  0.008887
 327.000000  0.007544
 328.000000  0.009082
 329.000000  0.010107
 330.000000  0.009204
 331.000000  0.010180
 332.000000  0.009155
 333.000000  0.010034
 334.000000  0.009131
 335.000000  0.010351
 336.000000  0.009033
 337.000000  0.007935
 338.000000  0.009448
 339.000000  0.007886
 340.000000  0.009521
 341.000000  0.010839
 342.000000  0.011865
 343.000000  0.010669
 344.000000  0.009668
 345.000000  0.010644
 346.000000  0.009619
 347.000000  0.008520
 348.000000  0.009668
 349.000000  0.010864
 350.000000  0.009668
 351.000000  0.011108
 352.000000  0.009644
 353.000000  0.011157
 354.000000  0.009717
 355.000000  0.008887
 356.000000  0.009717
 357.000000  0.009155
 358.000000  0.009741
 359.000000  0.011816
 360.000000  0.009766
 361.000000  0.009424
 362.000000  0.009766
 363.000000  0.011865
 364.000000  0.009741
 365.000000  0.009619
 366.000000  0.009766
 367.000000  0.009717
 368.000000  0.009766
 369.000000  0.009619
 370.000000  0.009766
 371.000000  0.012158
 372.000000  0.009766
 373.000000  0.012109
 374.000000  0.009766
 375.000000  0.012133
 376.000000  0.009790
 377.000000  0.009766
 378.000000  0.009790
 379.000000  0.009790
 380.000000  0.009839
 381.000000  0.012207
 382.000000  0.009790
 383.000000  0.009766
 384.000000  0.010059
 385.000000  0.009766
 386.000000  0.010010
 387.000000  0.012207
 388.000000  0.010034
 389.000000  0.012207
 390.000000  0.010547
 391.000000  0.012255
 392.000000  0.010644
 393.000000  0.009790
 394.000000  0.011108
 395.000000  0.010107
 396.000000  0.011352
 397.000000  0.010181
 398.000000  0.011694
 399.000000  0.010815
 400.000000  0.011841
 401.000000  0.013061
 402.000000  0.011938
 403.000000  0.011645
 404.000000  0.012134
 405.000000  0.011377
 406.000000  0.012158
 407.000000  0.011890
 408.000000  0.012207
 409.000000  0.014355
 410.000000  0.012158
 411.000000  0.014355
 412.000000  0.012256
 413.000000  0.012183
 414.000000  0.012231
 415.000000  0.014575
 416.000000  0.012427
 417.000000  0.012305
 418.000000  0.012402
 419.000000  0.012207
 420.000000  0.012549
 421.000000  0.012378
 422.000000  0.014429
 423.000000  0.012207
 424.000000  0.012353
 425.000000  0.014721
 426.000000  0.014648
 427.000000  0.016430
 428.000000  0.013013
 429.000000  0.014819
 430.000000  0.014648
 431.000000  0.017749
 432.000000  0.014624
 433.000000  0.012622
 434.000000  0.014575
 435.000000  0.019165
 436.000000  0.017187
 437.000000  0.015771
 438.000000  0.014575
 439.000000  0.017334
 440.000000  0.019458
 441.000000  0.019335
 442.000000  0.014600
 443.000000  0.017065
 444.000000  0.018359
 445.000000  0.022583
 446.000000  0.016724
 447.000000  0.014551
 448.000000  0.017041
 449.000000  0.024902
 450.000000  0.024072
 451.000000  0.017211
 452.000000  0.015601
 453.000000  0.021435
 454.000000  0.027905
 455.000000  0.024145
 456.000000  0.015747
 457.000000  0.019189
 458.000000  0.024536
 459.000000  0.032959
 460.000000  0.019336
 461.000000  0.018994
 462.000000  0.020435
 463.000000  0.035034
 464.000000  0.035693
 465.000000  0.019604
 466.000000  0.018140
 467.000000  0.026758
 468.000000  0.043701
 469.000000  0.028394
 470.000000  0.017139
 471.000000  0.021606
 472.000000  0.034009
 473.000000  0.045386
 474.000000  0.021338
 475.000000  0.019409
 476.000000  0.023193
 477.000000  0.040112
 478.000000  0.037378
 479.000000  0.020043
 480.000000  0.019165
 481.000000  0.031347
 482.000000  0.047998
 483.000000  0.028149
 484.000000  0.017651
 485.000000  0.023242
 486.000000  0.040723
 487.000000  0.049414
 488.000000  0.020776
 489.000000  0.016992
 490.000000  0.025537
 491.000000  0.050512
 492.000000  0.042505
 493.000000  0.019531
 494.000000  0.017798
 495.000000  0.028857
 496.000000  0.040942
 497.000000  0.023657
 498.000000  0.016968
 499.000000  0.020971
 500.000000  0.031006
 501.000000  0.037304
 502.000000  0.019263
 503.000000  0.019213
 504.000000  0.020239
 505.000000  0.033520
 506.000000  0.026611
 507.000000  0.017041
 508.000000  0.017017
 509.000000  0.020581
 510.000000  0.026611
 511.000000  0.023608
 512.000000  0.017065
 513.000000  0.017114
 514.000000  0.024072
 515.000000  0.027710
 516.000000  0.019458
 517.000000  0.017261
 518.000000  0.021851
 519.000000  0.038062
 520.000000  0.050049
 521.000000  0.019922
 522.000000  0.017017
 523.000000  0.019482
 524.000000  0.021655
 525.000000  0.019604
 526.000000  0.015234
 527.000000  0.017138
 528.000000  0.017090
 529.000000  0.021704
 530.000000  0.016748
 531.000000  0.016699
 532.000000  0.014673
 533.000000  0.015796
 534.000000  0.017041
 535.000000  0.013403
 536.000000  0.014185
 537.000000  0.016381
 538.000000  0.014990
 539.000000  0.016992
 540.000000  0.014014
 541.000000  0.012280
 542.000000  0.014478
 543.000000  0.014478
 544.000000  0.014282
 545.000000  0.012256
 546.000000  0.012939
 547.000000  0.014843
 548.000000  0.014355
 549.000000  0.014624
 550.000000  0.012256
 551.000000  0.014648
 552.000000  0.012695
 553.000000  0.012207
 554.000000  0.012207
 555.000000  0.012158
 556.000000  0.012231
 557.000000  0.014624
 558.000000  0.012207
 559.000000  0.014428
 560.000000  0.012207
 561.000000  0.012012
 562.000000  0.012207
 563.000000  0.014428
 564.000000  0.012207
 565.000000  0.013964
 566.000000  0.012158
 567.000000  0.014379
 568.000000  0.012183
 569.000000  0.013208
 570.000000  0.011914
 571.000000  0.013427
 572.000000  0.011768
 573.000000  0.012500
 574.000000  0.011035
 575.000000  0.012402
 576.000000  0.011255
 577.000000  0.012402
 578.000000  0.010498
 579.000000  0.012255
 580.000000  0.010229
 581.000000  0.009814
 582.000000  0.010083
 583.000000  0.012207
 584.000000  0.009863
 585.000000  0.012182
 586.000000  0.009863
 587.000000  0.012207
 588.000000  0.009863
 589.000000  0.009790
 590.000000  0.009839
 591.000000  0.012158
 592.000000  0.009814
 593.000000  0.009717
 594.000000  0.009766
 595.000000  0.012133
 596.000000  0.009790
 597.000000  0.012036
 598.000000  0.009766
 599.000000  0.012109
 600.000000  0.009741
 601.000000  0.011938
 602.000000  0.009741
 603.000000  0.011816
 604.000000  0.009790
 605.000000  0.011962
 606.000000  0.009717
 607.000000  0.011523
 608.000000  0.009692
 609.000000  0.011425
 610.000000  0.009790
 611.000000  0.011108
 612.000000  0.012182
 613.000000  0.011450
 614.000000  0.012133
 615.000000  0.011523
 616.000000  0.009546
 617.000000  0.008838
 618.000000  0.009668
 619.000000  0.010791
 620.000000  0.009619
 621.000000  0.010546
 622.000000  0.009546
 623.000000  0.010571
 624.000000  0.012011
 625.000000  0.010302
 626.000000  0.009375
 627.000000  0.010400
 628.000000  0.009399
 629.000000  0.010205
 630.000000  0.009204
 631.000000  0.010083
 632.000000  0.009033
 633.000000  0.010083
 634.000000  0.009228
 635.000000  0.010034
 636.000000  0.008838
 637.000000  0.007495
 638.000000  0.008667
 639.000000  0.009863
 640.000000  0.008838
 641.000000  0.009936
 642.000000  0.008643
 643.000000  0.007568
 644.000000  0.010937
 645.000000  0.009838
 646.000000  0.010669
 647.000000  0.009887
 648.000000  0.008545
 649.000000  0.007422
 650.000000  0.008032
 651.000000  0.007373
 652.000000  0.008227
 653.000000  0.007422
 654.000000  0.008032
 655.000000  0.009790
 656.000000  0.007910
 657.000000  0.009790
 658.000000  0.007910
 659.000000  0.007349
 660.000000  0.007764
 661.000000  0.009790
 662.000000  0.007642
 663.000000  0.009765
 664.000000  0.010083
 665.000000  0.009765
 666.000000  0.009985
 667.000000  0.009765
 668.000000  0.007519
 669.000000  0.007349
 670.000000  0.007495
 671.000000  0.007324
 672.000000  0.007519
 673.000000  0.009765
 674.000000  0.010009
 675.000000  0.009765
 676.000000  0.007544
 677.000000  0.009765
 678.000000  0.007349
 679.000000  0.009765
 680.000000  0.007373
 681.000000  0.007324
 682.000000  0.007373
 683.000000  0.009765
 684.000000  0.007349
 685.000000  0.009765
 686.000000  0.007324
 687.000000  0.007300
 688.000000  0.009790
 689.000000  0.007324
 690.000000  0.009863
 691.000000  0.009668
 692.000000  0.007324
 693.000000  0.009741
 694.000000  0.007349
 695.000000  0.009716
 696.000000  0.009765
 697.000000  0.009765
 698.000000  0.007324
 699.000000  0.009765
 700.000000  0.007349
 701.000000  0.007324
 702.000000  0.007324
 703.000000  0.007300
 704.000000  0.009765
 705.000000  0.009765
 706.000000  0.007324
 707.000000  0.007300
 708.000000  0.007324
 709.000000  0.009692
 710.000000  0.007324
 711.000000  0.009668
 712.000000  0.007324
 713.000000  0.009741
 714.000000  0.007324
 715.000000  0.009716
 716.000000  0.007324
 717.000000  0.009692
 718.000000  0.007324
 719.000000  0.009643
 720.000000  0.007324
 721.000000  0.009716
 722.000000  0.007324
 723.000000  0.009716
 724.000000  0.007324
 725.000000  0.009619
 726.000000  0.007324
 727.000000  0.009619
 728.000000  0.007324
 729.000000  0.007178
 730.000000  0.007324
 731.000000  0.009643
 732.000000  0.007324
 733.000000  0.009570
 734.000000  0.009765
 735.000000  0.009570
 736.000000  0.007324
 737.000000  0.009643
 738.000000  0.007324
 739.000000  0.009521
 740.000000  0.007349
 741.000000  0.009448
 742.000000  0.007324
 743.000000  0.007007
 744.000000  0.007300
 745.000000  0.009545
 746.000000  0.007300
 747.000000  0.006860
 748.000000  0.007349
 749.000000  0.009350
 750.000000  0.007300
 751.000000  0.009277
 752.000000  0.009716
 753.000000  0.009301
 754.000000  0.007324
 755.000000  0.009130
 756.000000  0.007275
 757.000000  0.009008
 758.000000  0.007300
 759.000000  0.006836
 760.000000  0.007275
 761.000000  0.009204
 762.000000  0.007275
 763.000000  0.009106
 764.000000  0.007324
 765.000000  0.008911
 766.000000  0.007275
 767.000000  0.006738
 768.000000  0.007324
 769.000000  0.008960
 770.000000  0.007251
 771.000000  0.008618
 772.000000  0.007227
 773.000000  0.008471
 774.000000  0.009668
 775.000000  0.008837
 776.000000  0.009692
 777.000000  0.008764
 778.000000  0.007251
 779.000000  0.006299
 780.000000  0.007275
 781.000000  0.006030
 782.000000  0.009692
 783.000000  0.008276
 784.000000  0.007300
 785.000000  0.008398
 786.000000  0.007202
 787.000000  0.008520
 788.000000  0.009619
 789.000000  0.008398
 790.000000  0.007129
 791.000000  0.008252
 792.000000  0.007202
 793.000000  0.008252
 794.000000  0.007227
 795.000000  0.008691
 796.000000  0.007202
 797.000000  0.008227
 798.000000  0.007129
 799.000000  0.008520
 800.000000  0.007153
 801.000000  0.008447
 802.000000  0.009594
 803.000000  0.008252
 804.000000  0.007080
 805.000000  0.008593
 806.000000  0.007178
 807.000000  0.008325
 808.000000  0.009619
 809.000000  0.006103
 810.000000  0.007227
 811.000000  0.005835
 812.000000  0.007080
 813.000000  0.005688
 814.000000  0.007031
 815.000000  0.008422
 816.000000  0.007153
 817.000000  0.008056
 818.000000  0.007178
 819.000000  0.008325
 820.000000  0.007227
 821.000000  0.008178
 822.000000  0.007080
 823.000000  0.008349
 824.000000  0.009594
 825.000000  0.007910
 826.000000  0.007178
 827.000000  0.008056
 828.000000  0.007031
 829.000000  0.007934
 830.000000  0.007104
 831.000000  0.008129
 832.000000  0.007178
 833.000000  0.008227
 834.000000  0.007178
 835.000000  0.007861
 836.000000  0.009570
 837.000000  0.007934
 838.000000  0.007202
 839.000000  0.007861
 840.000000  0.007251
 841.000000  0.007812
 842.000000  0.009692
 843.000000  0.008154
 844.000000  0.007178
 845.000000  0.005615
 846.000000  0.009643
 847.000000  0.008154
 848.000000  0.007129
 849.000000  0.007861
 850.000000  0.007178
 851.000000  0.008252
 852.000000  0.007202
 853.000000  0.005591
 854.000000  0.009668
 855.000000  0.007885
 856.000000  0.007129
 857.000000  0.005469
 858.000000  0.007251
 859.000000  0.005444
 860.000000  0.009619
 861.000000  0.007763
 862.000000  0.007080
 863.000000  0.005591
 864.000000  0.007056
 865.000000  0.007836
 866.000000  0.009570
 867.000000  0.005444
 868.000000  0.007227
 869.000000  0.007861
 870.000000  0.007300
 871.000000  0.007885
 872.000000  0.007227
 873.000000  0.007885
 874.000000  0.007153
 875.000000  0.007861
 876.000000  0.007227
 877.000000  0.005566
 878.000000  0.007178
 879.000000  0.005322
 880.000000  0.007202
 881.000000  0.008105
 882.000000  0.007153
 883.000000  0.007910
 884.000000  0.007251
 885.000000  0.008032
 886.000000  0.007178
 887.000000  0.005298
 888.000000  0.007202
 889.000000  0.007910
 890.000000  0.007202
 891.000000  0.007885
 892.000000  0.007202
 893.000000  0.007934
 894.000000  0.007153
 895.000000  0.007959
 896.000000  0.007056
 897.000000  0.008032
 898.000000  0.007056
 899.000000  0.007861
 900.000000  0.007202
 901.000000  0.008081
 902.000000  0.009326
 903.000000  0.007861
 904.000000  0.007153
 905.000000  0.007788
 906.000000  0.009545
 907.000000  0.007739
 908.000000  0.009301
 909.000000  0.007959
 910.000000  0.006909
 911.000000  0.007739
 912.000000  0.006982
 913.000000  0.007836
 914.000000  0.007007
 915.000000  0.007641
 916.000000  0.006811
 917.000000  0.007934
 918.000000  0.009545
 919.000000  0.007812
 920.000000  0.009472
 921.000000  0.007714
 922.000000  0.007056
 923.000000  0.007885
 924.000000  0.007153
 925.000000  0.007861
 926.000000  0.007080
 927.000000  0.007959
 928.000000  0.007080
 929.000000  0.007910
 930.000000  0.007007
 931.000000  0.007714
 932.000000  0.006787
 933.000000  0.008056
 934.000000  0.006836
 935.000000  0.007983
 936.000000  0.007178
 937.000000  0.007763
 938.000000  0.007202
 939.000000  0.007690
 940.000000  0.007129
 941.000000  0.007812
 942.000000  0.007031
 943.000000  0.008032
 944.000000  0.007056
 945.000000  0.005542
 946.000000  0.009375
 947.000000  0.008007
 948.000000  0.007031
 949.000000  0.007885
 950.000000  0.009301
 951.000000  0.008105
 952.000000  0.007031
 953.000000  0.008227
 954.000000  0.007080
 955.000000  0.008032
 956.000000  0.007031
 957.000000  0.007910
 958.000000  0.006934
 959.000000  0.005615
 960.000000  0.006836
 961.000000  0.005640
 962.000000  0.009228
 963.000000  0.005566
 964.000000  0.006909
 965.000000  0.008154
 966.000000  0.006958
 967.000000  0.007959
 968.000000  0.006860
 969.000000  0.007861
 970.000000  0.009375
 971.000000  0.007910
 972.000000  0.006811
 973.000000  0.007788
 974.000000  0.006982
 975.000000  0.007910
 976.000000  0.006836
 977.000000  0.007885
 978.000000  0.006909
 979.000000  0.007788
 980.000000  0.006982
 981.000000  0.008032
 982.000000  0.006958
 983.000000  0.005444
 984.000000  0.006885
 985.000000  0.007885
 986.000000  0.006763
 987.000000  0.007617
 988.000000  0.009570
 989.000000  0.007788
 990.000000  0.006958
 991.000000  0.007714
 992.000000  0.006958
 993.000000  0.007544
 994.000000  0.007080
 995.000000  0.007836
 996.000000  0.006738
 997.000000  0.007739
 998.000000  0.009326
 999.000000  0.007763
 1000.000000  0.009350
 1001.000000  0.007714
 1002.000000  0.006885
 1003.000000  0.007592
 1004.000000  0.006836
 1005.000000  0.007812
 1006.000000  0.006982
 1007.000000  0.007568
 1008.000000  0.007007
 1009.000000  0.007641
 1010.000000  0.007031
 1011.000000  0.007714
 1012.000000  0.006885
 1013.000000  0.007544
 1014.000000  0.006836
 1015.000000  0.007739
 1016.000000  0.006738
 1017.000000  0.007592
 1018.000000  0.006689
 1019.000000  0.007592
 1020.000000  0.006689
 1021.000000  0.007519
 1022.000000  0.006836
 1023.000000  0.007739
