 0.000000  0.007324
 1.000000  0.007324
 2.000000  0.007324
 3.000000  0.007227
 4.000000  0.007324
 5.000000  0.007275
 6.000000  0.007349
 7.000000  0.007275
 8.000000  0.007324
 9.000000  0.007324
 10.000000  0.007324
 11.000000  0.007202
 12.000000  0.007324
 13.000000  0.007178
 14.000000  0.007324
 15.000000  0.007251
 16.000000  0.007324
 17.000000  0.007251
 18.000000  0.007349
 19.000000  0.007275
 20.000000  0.007324
 21.000000  0.007300
 22.000000  0.007300
 23.000000  0.007251
 24.000000  0.007324
 25.000000  0.007227
 26.000000  0.007422
 27.000000  0.009716
 28.000000  0.007251
 29.000000  0.006616
 30.000000  0.007275
 31.000000  0.006665
 32.000000  0.007349
 33.000000  0.007446
 34.000000  0.007959
 35.000000  0.007104
 36.000000  0.007788
 37.000000  0.006763
 38.000000  0.007324
 39.000000  0.009106
 40.000000  0.007397
 41.000000  0.006909
 42.000000  0.007324
 43.000000  0.007031
 44.000000  0.007373
 45.000000  0.007031
 46.000000  0.007397
 47.000000  0.007178
 48.000000  0.007373
 49.000000  0.007153
 50.000000  0.007349
 51.000000  0.007227
 52.000000  0.007324
 53.000000  0.007080
 54.000000  0.007373
 55.000000  0.007178
 56.000000  0.007397
 57.000000  0.007227
 58.000000  0.007373
 59.000000  0.009521
 60.000000  0.007373
 61.000000  0.009521
 62.000000  0.007349
 63.000000  0.007129
 64.000000  0.007373
 65.000000  0.007129
 66.000000  0.007349
 67.000000  0.009570
 68.000000  0.007324
 69.000000  0.007251
 70.000000  0.007324
 71.000000  0.007153
 72.000000  0.007324
 73.000000  0.007251
 74.000000  0.007324
 75.000000  0.007153
 76.000000  0.007349
 77.000000  0.007202
 78.000000  0.007324
 79.000000  0.007251
 80.000000  0.007324
 81.000000  0.007275
 82.000000  0.007324
 83.000000  0.007275
 84.000000  0.007324
 85.000000  0.007227
 86.000000  0.007324
 87.000000  0.007275
 88.000000  0.007324
 89.000000  0.007251
 90.000000  0.007324
 91.000000  0.007251
 92.000000  0.007324
 93.000000  0.007178
 94.000000  0.007324
 95.000000  0.007202
 96.000000  0.007324
 97.000000  0.007227
 98.000000  0.007324
 99.000000  0.007202
 100.000000  0.007324
 101.000000  0.009643
 102.000000  0.007324
 103.000000  0.009668
 104.000000  0.007324
 105.000000  0.007227
 106.000000  0.007324
 107.000000  0.007202
 108.000000  0.007324
 109.000000  0.009716
 110.000000  0.007324
 111.000000  0.007202
 112.000000  0.007324
 113.000000  0.007275
 114.000000  0.007324
 115.000000  0.007178
 116.000000  0.007324
 117.000000  0.007227
 118.000000  0.007324
 119.000000  0.007080
 120.000000  0.007324
 121.000000  0.007178
 122.000000  0.007324
 123.000000  0.007251
 124.000000  0.007324
 125.000000  0.007300
 126.000000  0.007324
 127.000000  0.009716
 128.000000  0.007324
 129.000000  0.007275
 130.000000  0.007324
 131.000000  0.009741
 132.000000  0.007324
 133.000000  0.007300
 134.000000  0.007324
 135.000000  0.009692
 136.000000  0.007324
 137.000000  0.007251
 138.000000  0.007324
 139.000000  0.007300
 140.000000  0.007324
 141.000000  0.007275
 142.000000  0.007300
 143.000000  0.007300
 144.000000  0.007324
 145.000000  0.009668
 146.000000  0.007324
 147.000000  0.007300
 148.000000  0.007324
 149.000000  0.009692
 150.000000  0.007324
 151.000000  0.007202
 152.000000  0.007324
 153.000000  0.007227
 154.000000  0.007324
 155.000000  0.007275
 156.000000  0.007349
 157.000000  0.009668
 158.000000  0.007324
 159.000000  0.007275
 160.000000  0.007349
 161.000000  0.007104
 162.000000  0.007324
 163.000000  0.007227
 164.000000  0.007324
 165.000000  0.007227
 166.000000  0.007324
 167.000000  0.007275
 168.000000  0.007349
 169.000000  0.009741
 170.000000  0.007324
 171.000000  0.007251
 172.000000  0.007324
 173.000000  0.007129
 174.000000  0.007324
 175.000000  0.007227
 176.000000  0.007373
 177.000000  0.007153
 178.000000  0.007324
 179.000000  0.009619
 180.000000  0.007324
 181.000000  0.007202
 182.000000  0.007324
 183.000000  0.007275
 184.000000  0.007446
 185.000000  0.007300
 186.000000  0.007568
 187.000000  0.007031
 188.000000  0.007568
 189.000000  0.006470
 190.000000  0.007007
 191.000000  0.006445
 192.000000  0.007495
 193.000000  0.006811
 194.000000  0.007544
 195.000000  0.007153
 196.000000  0.009936
 197.000000  0.007251
 198.000000  0.007422
 199.000000  0.009594
 200.000000  0.007422
 201.000000  0.009521
 202.000000  0.007422
 203.000000  0.007007
 204.000000  0.007373
 205.000000  0.007227
 206.000000  0.007349
 207.000000  0.007251
 208.000000  0.007324
 209.000000  0.009545
 210.000000  0.007373
 211.000000  0.007080
 212.000000  0.007324
 213.000000  0.009716
 214.000000  0.007349
 215.000000  0.007129
 216.000000  0.007373
 217.000000  0.007324
 218.000000  0.007349
 219.000000  0.009741
 220.000000  0.007373
 221.000000  0.007300
 222.000000  0.007324
 223.000000  0.007227
 224.000000  0.007349
 225.000000  0.007153
 226.000000  0.007324
 227.000000  0.009692
 228.000000  0.007349
 229.000000  0.009594
 230.000000  0.007324
 231.000000  0.007275
 232.000000  0.007324
 233.000000  0.009692
 234.000000  0.007349
 235.000000  0.007275
 236.000000  0.007349
 237.000000  0.007202
 238.000000  0.007324
 239.000000  0.009643
 240.000000  0.007324
 241.000000  0.007251
 242.000000  0.007349
 243.000000  0.009668
 244.000000  0.007324
 245.000000  0.007300
 246.000000  0.007324
 247.000000  0.007324
 248.000000  0.007397
 249.000000  0.007324
 250.000000  0.007349
 251.000000  0.007275
 252.000000  0.007324
 253.000000  0.007324
 254.000000  0.007324
 255.000000  0.009716
 256.000000  0.007373
 257.000000  0.007324
 258.000000  0.007373
 259.000000  0.007300
 260.000000  0.007349
 261.000000  0.007300
 262.000000  0.007324
 263.000000  0.009765
 264.000000  0.007324
 265.000000  0.009765
 266.000000  0.007349
 267.000000  0.009765
 268.000000  0.007324
 269.000000  0.009741
 270.000000  0.007324
 271.000000  0.007324
 272.000000  0.007422
 273.000000  0.007324
 274.000000  0.007349
 275.000000  0.009741
 276.000000  0.007324
 277.000000  0.009765
 278.000000  0.007422
 279.000000  0.007324
 280.000000  0.007324
 281.000000  0.009765
 282.000000  0.007373
 283.000000  0.009765
 284.000000  0.007397
 285.000000  0.007324
 286.000000  0.007373
 287.000000  0.007324
 288.000000  0.007471
 289.000000  0.009790
 290.000000  0.007568
 291.000000  0.007324
 292.000000  0.007593
 293.000000  0.007324
 294.000000  0.007397
 295.000000  0.009765
 296.000000  0.007690
 297.000000  0.009765
 298.000000  0.007642
 299.000000  0.009765
 300.000000  0.007544
 301.000000  0.007324
 302.000000  0.007788
 303.000000  0.009765
 304.000000  0.007861
 305.000000  0.007324
 306.000000  0.007666
 307.000000  0.009765
 308.000000  0.007959
 309.000000  0.009765
 310.000000  0.008105
 311.000000  0.007324
 312.000000  0.008008
 313.000000  0.007324
 314.000000  0.008594
 315.000000  0.009814
 316.000000  0.008472
 317.000000  0.007373
 318.000000  0.008301
 319.000000  0.007324
 320.000000  0.008374
 321.000000  0.009790
 322.000000  0.008569
 323.000000  0.009887
 324.000000  0.008325
 325.000000  0.007397
 326.000000  0.008520
 327.000000  0.007373
 328.000000  0.008765
 329.000000  0.009887
 330.000000  0.009106
 331.000000  0.009863
 332.000000  0.009204
 333.000000  0.010034
 334.000000  0.009033
 335.000000  0.010083
 336.000000  0.009375
 337.000000  0.007690
 338.000000  0.009253
 339.000000  0.007715
 340.000000  0.009228
 341.000000  0.010156
 342.000000  0.011645
 343.000000  0.010449
 344.000000  0.009204
 345.000000  0.011084
 346.000000  0.009814
 347.000000  0.008838
 348.000000  0.008936
 349.000000  0.010864
 350.000000  0.009228
 351.000000  0.010571
 352.000000  0.009253
 353.000000  0.010913
 354.000000  0.009644
 355.000000  0.008618
 356.000000  0.009717
 357.000000  0.008643
 358.000000  0.009741
 359.000000  0.011108
 360.000000  0.009766
 361.000000  0.008740
 362.000000  0.009766
 363.000000  0.011596
 364.000000  0.009692
 365.000000  0.009302
 366.000000  0.009766
 367.000000  0.009521
 368.000000  0.009766
 369.000000  0.009521
 370.000000  0.009766
 371.000000  0.011865
 372.000000  0.009766
 373.000000  0.012085
 374.000000  0.009766
 375.000000  0.012109
 376.000000  0.009790
 377.000000  0.009741
 378.000000  0.009766
 379.000000  0.009766
 380.000000  0.009839
 381.000000  0.012207
 382.000000  0.009814
 383.000000  0.009766
 384.000000  0.009814
 385.000000  0.009766
 386.000000  0.009912
 387.000000  0.012207
 388.000000  0.009814
 389.000000  0.012207
 390.000000  0.010181
 391.000000  0.012207
 392.000000  0.010132
 393.000000  0.009814
 394.000000  0.010205
 395.000000  0.009766
 396.000000  0.010742
 397.000000  0.009863
 398.000000  0.010644
 399.000000  0.009912
 400.000000  0.011377
 401.000000  0.012768
 402.000000  0.011377
 403.000000  0.010718
 404.000000  0.011841
 405.000000  0.011572
 406.000000  0.012134
 407.000000  0.011182
 408.000000  0.012158
 409.000000  0.014038
 410.000000  0.012183
 411.000000  0.013671
 412.000000  0.011963
 413.000000  0.011304
 414.000000  0.012207
 415.000000  0.014038
 416.000000  0.012183
 417.000000  0.012036
 418.000000  0.012207
 419.000000  0.012207
 420.000000  0.012329
 421.000000  0.012207
 422.000000  0.012378
 423.000000  0.012207
 424.000000  0.012231
 425.000000  0.014648
 426.000000  0.012402
 427.000000  0.014648
 428.000000  0.012549
 429.000000  0.014648
 430.000000  0.012549
 431.000000  0.014697
 432.000000  0.013745
 433.000000  0.012256
 434.000000  0.012988
 435.000000  0.014672
 436.000000  0.013696
 437.000000  0.015722
 438.000000  0.014478
 439.000000  0.015258
 440.000000  0.014404
 441.000000  0.015210
 442.000000  0.014575
 443.000000  0.015112
 444.000000  0.014307
 445.000000  0.016137
 446.000000  0.014648
 447.000000  0.014600
 448.000000  0.014648
 449.000000  0.017089
 450.000000  0.014648
 451.000000  0.017138
 452.000000  0.014844
 453.000000  0.017089
 454.000000  0.014795
 455.000000  0.017089
 456.000000  0.015161
 457.000000  0.017089
 458.000000  0.014868
 459.000000  0.017089
 460.000000  0.016602
 461.000000  0.017089
 462.000000  0.015845
 463.000000  0.017089
 464.000000  0.016626
 465.000000  0.019043
 466.000000  0.016919
 467.000000  0.015186
 468.000000  0.017017
 469.000000  0.016895
 470.000000  0.017090
 471.000000  0.017846
 472.000000  0.017041
 473.000000  0.016870
 474.000000  0.017773
 475.000000  0.019458
 476.000000  0.017041
 477.000000  0.016968
 478.000000  0.019507
 479.000000  0.021337
 480.000000  0.017114
 481.000000  0.019458
 482.000000  0.018921
 483.000000  0.020361
 484.000000  0.019482
 485.000000  0.019604
 486.000000  0.019556
 487.000000  0.027686
 488.000000  0.036255
 489.000000  0.021753
 490.000000  0.024170
 491.000000  0.066064
 492.000000  0.215381
 493.000000  0.185986
 494.000000  0.027393
 495.000000  0.024316
 496.000000  0.037329
 497.000000  0.065332
 498.000000  0.038940
 499.000000  0.022216
 500.000000  0.023828
 501.000000  0.047753
 502.000000  0.064014
 503.000000  0.026489
 504.000000  0.019849
 505.000000  0.023584
 506.000000  0.031055
 507.000000  0.028687
 508.000000  0.021924
 509.000000  0.019678
 510.000000  0.022095
 511.000000  0.025341
 512.000000  0.023950
 513.000000  0.019922
 514.000000  0.021533
 515.000000  0.021973
 516.000000  0.026611
 517.000000  0.024438
 518.000000  0.025464
 519.000000  0.033691
 520.000000  0.093799
 521.000000  0.209936
 522.000000  0.082617
 523.000000  0.031665
 524.000000  0.026782
 525.000000  0.029052
 526.000000  0.026733
 527.000000  0.022070
 528.000000  0.019507
 529.000000  0.021875
 530.000000  0.021899
 531.000000  0.023266
 532.000000  0.018140
 533.000000  0.017114
 534.000000  0.018506
 535.000000  0.018994
 536.000000  0.017432
 537.000000  0.019531
 538.000000  0.017261
 539.000000  0.019433
 540.000000  0.018384
 541.000000  0.016992
 542.000000  0.017090
 543.000000  0.016357
 544.000000  0.017090
 545.000000  0.016724
 546.000000  0.016772
 547.000000  0.017138
 548.000000  0.016870
 549.000000  0.018286
 550.000000  0.016577
 551.000000  0.017138
 552.000000  0.016406
 553.000000  0.014795
 554.000000  0.016650
 555.000000  0.014648
 556.000000  0.015088
 557.000000  0.017089
 558.000000  0.015332
 559.000000  0.017089
 560.000000  0.014648
 561.000000  0.014404
 562.000000  0.014648
 563.000000  0.017089
 564.000000  0.014648
 565.000000  0.016552
 566.000000  0.014648
 567.000000  0.016137
 568.000000  0.014648
 569.000000  0.016796
 570.000000  0.014600
 571.000000  0.015918
 572.000000  0.014648
 573.000000  0.016577
 574.000000  0.014307
 575.000000  0.014843
 576.000000  0.013989
 577.000000  0.014819
 578.000000  0.014331
 579.000000  0.014892
 580.000000  0.013574
 581.000000  0.012256
 582.000000  0.012744
 583.000000  0.014648
 584.000000  0.012402
 585.000000  0.014648
 586.000000  0.012305
 587.000000  0.014648
 588.000000  0.012231
 589.000000  0.012207
 590.000000  0.012207
 591.000000  0.014599
 592.000000  0.012231
 593.000000  0.011914
 594.000000  0.012134
 595.000000  0.013794
 596.000000  0.012183
 597.000000  0.014038
 598.000000  0.012134
 599.000000  0.013940
 600.000000  0.012012
 601.000000  0.013305
 602.000000  0.011768
 603.000000  0.012622
 604.000000  0.011768
 605.000000  0.012548
 606.000000  0.011865
 607.000000  0.012744
 608.000000  0.012158
 609.000000  0.012353
 610.000000  0.010815
 611.000000  0.012304
 612.000000  0.013012
 613.000000  0.012231
 614.000000  0.012377
 615.000000  0.012207
 616.000000  0.009863
 617.000000  0.009766
 618.000000  0.009936
 619.000000  0.012207
 620.000000  0.009912
 621.000000  0.012207
 622.000000  0.009790
 623.000000  0.012207
 624.000000  0.012255
 625.000000  0.012207
 626.000000  0.009790
 627.000000  0.012207
 628.000000  0.009766
 629.000000  0.012133
 630.000000  0.009766
 631.000000  0.012182
 632.000000  0.009766
 633.000000  0.012158
 634.000000  0.009766
 635.000000  0.012133
 636.000000  0.009766
 637.000000  0.009521
 638.000000  0.009766
 639.000000  0.011279
 640.000000  0.009741
 641.000000  0.011328
 642.000000  0.009766
 643.000000  0.008936
 644.000000  0.012182
 645.000000  0.010986
 646.000000  0.012182
 647.000000  0.011035
 648.000000  0.009766
 649.000000  0.008423
 650.000000  0.009668
 651.000000  0.008130
 652.000000  0.009619
 653.000000  0.008081
 654.000000  0.008862
 655.000000  0.010669
 656.000000  0.009155
 657.000000  0.010815
 658.000000  0.009839
 659.000000  0.008838
 660.000000  0.009302
 661.000000  0.010742
 662.000000  0.009253
 663.000000  0.010400
 664.000000  0.010839
 665.000000  0.009961
 666.000000  0.011352
 667.000000  0.009961
 668.000000  0.008765
 669.000000  0.007642
 670.000000  0.009058
 671.000000  0.007471
 672.000000  0.008765
 673.000000  0.010034
 674.000000  0.011230
 675.000000  0.009863
 676.000000  0.008740
 677.000000  0.009863
 678.000000  0.008398
 679.000000  0.009863
 680.000000  0.008374
 681.000000  0.007422
 682.000000  0.008569
 683.000000  0.009790
 684.000000  0.008252
 685.000000  0.009838
 686.000000  0.007715
 687.000000  0.007349
 688.000000  0.010205
 689.000000  0.007324
 690.000000  0.010327
 691.000000  0.009765
 692.000000  0.007983
 693.000000  0.009790
 694.000000  0.007837
 695.000000  0.009814
 696.000000  0.010131
 697.000000  0.009790
 698.000000  0.007666
 699.000000  0.009765
 700.000000  0.007544
 701.000000  0.007324
 702.000000  0.007495
 703.000000  0.007349
 704.000000  0.009838
 705.000000  0.009765
 706.000000  0.007495
 707.000000  0.007324
 708.000000  0.007373
 709.000000  0.009765
 710.000000  0.007446
 711.000000  0.009765
 712.000000  0.007519
 713.000000  0.009765
 714.000000  0.007373
 715.000000  0.009765
 716.000000  0.007324
 717.000000  0.009765
 718.000000  0.007422
 719.000000  0.009741
 720.000000  0.007324
 721.000000  0.009765
 722.000000  0.007324
 723.000000  0.009765
 724.000000  0.007324
 725.000000  0.009741
 726.000000  0.007349
 727.000000  0.009765
 728.000000  0.007324
 729.000000  0.007324
 730.000000  0.007324
 731.000000  0.009741
 732.000000  0.007324
 733.000000  0.009765
 734.000000  0.009790
 735.000000  0.009741
 736.000000  0.007324
 737.000000  0.009765
 738.000000  0.007324
 739.000000  0.009741
 740.000000  0.007349
 741.000000  0.009692
 742.000000  0.007324
 743.000000  0.007202
 744.000000  0.007324
 745.000000  0.009716
 746.000000  0.007324
 747.000000  0.007275
 748.000000  0.007324
 749.000000  0.009716
 750.000000  0.007324
 751.000000  0.009692
 752.000000  0.009765
 753.000000  0.009741
 754.000000  0.007324
 755.000000  0.009716
 756.000000  0.007324
 757.000000  0.009545
 758.000000  0.007324
 759.000000  0.007251
 760.000000  0.007300
 761.000000  0.009521
 762.000000  0.007324
 763.000000  0.009594
 764.000000  0.007324
 765.000000  0.009619
 766.000000  0.007324
 767.000000  0.007153
 768.000000  0.007324
 769.000000  0.009521
 770.000000  0.007324
 771.000000  0.009350
 772.000000  0.007324
 773.000000  0.009375
 774.000000  0.009765
 775.000000  0.009350
 776.000000  0.009765
 777.000000  0.009252
 778.000000  0.007324
 779.000000  0.006836
 780.000000  0.007324
 781.000000  0.006689
 782.000000  0.009741
 783.000000  0.008960
 784.000000  0.007300
 785.000000  0.008886
 786.000000  0.007324
 787.000000  0.009057
 788.000000  0.009741
 789.000000  0.008837
 790.000000  0.007324
 791.000000  0.008544
 792.000000  0.007300
 793.000000  0.008569
 794.000000  0.007324
 795.000000  0.008935
 796.000000  0.007324
 797.000000  0.008593
 798.000000  0.007251
 799.000000  0.008569
 800.000000  0.007275
 801.000000  0.008813
 802.000000  0.009692
 803.000000  0.008691
 804.000000  0.007275
 805.000000  0.008813
 806.000000  0.007251
 807.000000  0.008960
 808.000000  0.009741
 809.000000  0.006421
 810.000000  0.007397
 811.000000  0.006079
 812.000000  0.007227
 813.000000  0.006177
 814.000000  0.006641
 815.000000  0.007592
 816.000000  0.006787
 817.000000  0.008569
 818.000000  0.006738
 819.000000  0.008740
 820.000000  0.007251
 821.000000  0.008862
 822.000000  0.007202
 823.000000  0.008862
 824.000000  0.009716
 825.000000  0.008593
 826.000000  0.007178
 827.000000  0.008374
 828.000000  0.007129
 829.000000  0.008325
 830.000000  0.007178
 831.000000  0.008203
 832.000000  0.007202
 833.000000  0.008398
 834.000000  0.007275
 835.000000  0.008544
 836.000000  0.009716
 837.000000  0.008276
 838.000000  0.007178
 839.000000  0.008178
 840.000000  0.007202
 841.000000  0.008398
 842.000000  0.009643
 843.000000  0.008642
 844.000000  0.007153
 845.000000  0.006128
 846.000000  0.009643
 847.000000  0.008520
 848.000000  0.007129
 849.000000  0.008349
 850.000000  0.007227
 851.000000  0.008447
 852.000000  0.007251
 853.000000  0.005908
 854.000000  0.009716
 855.000000  0.008105
 856.000000  0.007153
 857.000000  0.005737
 858.000000  0.007202
 859.000000  0.005542
 860.000000  0.009692
 861.000000  0.007861
 862.000000  0.007129
 863.000000  0.005713
 864.000000  0.007080
 865.000000  0.007983
 866.000000  0.009643
 867.000000  0.005835
 868.000000  0.007202
 869.000000  0.008007
 870.000000  0.007300
 871.000000  0.008105
 872.000000  0.007202
 873.000000  0.008300
 874.000000  0.007227
 875.000000  0.008300
 876.000000  0.007251
 877.000000  0.005542
 878.000000  0.007202
 879.000000  0.005493
 880.000000  0.007227
 881.000000  0.008154
 882.000000  0.007227
 883.000000  0.008056
 884.000000  0.007275
 885.000000  0.008325
 886.000000  0.007275
 887.000000  0.005566
 888.000000  0.007251
 889.000000  0.007934
 890.000000  0.007300
 891.000000  0.008081
 892.000000  0.007129
 893.000000  0.008300
 894.000000  0.007153
 895.000000  0.008081
 896.000000  0.007300
 897.000000  0.008300
 898.000000  0.007300
 899.000000  0.008252
 900.000000  0.007251
 901.000000  0.008203
 902.000000  0.009643
 903.000000  0.007812
 904.000000  0.007202
 905.000000  0.007812
 906.000000  0.009570
 907.000000  0.007788
 908.000000  0.009521
 909.000000  0.008154
 910.000000  0.007251
 911.000000  0.007592
 912.000000  0.007153
 913.000000  0.007788
 914.000000  0.007275
 915.000000  0.007812
 916.000000  0.007227
 917.000000  0.008129
 918.000000  0.009765
 919.000000  0.007592
 920.000000  0.009668
 921.000000  0.007739
 922.000000  0.007178
 923.000000  0.007641
 924.000000  0.007227
 925.000000  0.007959
 926.000000  0.007202
 927.000000  0.008007
 928.000000  0.007227
 929.000000  0.007934
 930.000000  0.007129
 931.000000  0.007812
 932.000000  0.007202
 933.000000  0.008154
 934.000000  0.007178
 935.000000  0.007959
 936.000000  0.007300
 937.000000  0.007763
 938.000000  0.007275
 939.000000  0.007714
 940.000000  0.007275
 941.000000  0.007910
 942.000000  0.007251
 943.000000  0.007983
 944.000000  0.007153
 945.000000  0.005322
 946.000000  0.009594
 947.000000  0.008154
 948.000000  0.007178
 949.000000  0.008007
 950.000000  0.009570
 951.000000  0.008032
 952.000000  0.007251
 953.000000  0.007788
 954.000000  0.007202
 955.000000  0.007934
 956.000000  0.007251
 957.000000  0.008056
 958.000000  0.007056
 959.000000  0.005444
 960.000000  0.007129
 961.000000  0.005566
 962.000000  0.009448
 963.000000  0.005640
 964.000000  0.007031
 965.000000  0.008252
 966.000000  0.006470
 967.000000  0.008203
 968.000000  0.006689
 969.000000  0.008178
 970.000000  0.009472
 971.000000  0.009008
 972.000000  0.007129
 973.000000  0.008325
 974.000000  0.006567
 975.000000  0.008325
 976.000000  0.006470
 977.000000  0.007885
 978.000000  0.006982
 979.000000  0.007959
 980.000000  0.006836
 981.000000  0.008056
 982.000000  0.006689
 983.000000  0.005859
 984.000000  0.006982
 985.000000  0.008252
 986.000000  0.007007
 987.000000  0.007861
 988.000000  0.009545
 989.000000  0.008081
 990.000000  0.007056
 991.000000  0.007983
 992.000000  0.007007
 993.000000  0.008056
 994.000000  0.006982
 995.000000  0.008081
 996.000000  0.006909
 997.000000  0.007910
 998.000000  0.009179
 999.000000  0.007861
 1000.000000  0.009350
 1001.000000  0.007763
 1002.000000  0.007056
 1003.000000  0.007739
 1004.000000  0.006909
 1005.000000  0.007861
 1006.000000  0.007031
 1007.000000  0.007812
 1008.000000  0.006909
 1009.000000  0.007763
 1010.000000  0.007007
 1011.000000  0.007934
 1012.000000  0.006738
 1013.000000  0.007788
 1014.000000  0.006811
 1015.000000  0.008081
 1016.000000  0.006958
 1017.000000  0.007983
 1018.000000  0.006836
 1019.000000  0.007788
 1020.000000  0.006958
 1021.000000  0.007812
 1022.000000  0.007178
 1023.000000  0.007739
