 0.000000  0.014624
 1.000000  0.014648
 2.000000  0.014648
 3.000000  0.014648
 4.000000  0.014722
 5.000000  0.014648
 6.000000  0.014795
 7.000000  0.014648
 8.000000  0.014673
 9.000000  0.014648
 10.000000  0.014648
 11.000000  0.013940
 12.000000  0.014648
 13.000000  0.012817
 14.000000  0.013818
 15.000000  0.012231
 16.000000  0.012695
 17.000000  0.012207
 18.000000  0.012207
 19.000000  0.012183
 20.000000  0.012207
 21.000000  0.012109
 22.000000  0.012207
 23.000000  0.012207
 24.000000  0.012207
 25.000000  0.012207
 26.000000  0.012256
 27.000000  0.014624
 28.000000  0.012207
 29.000000  0.012158
 30.000000  0.012231
 31.000000  0.012158
 32.000000  0.012280
 33.000000  0.012085
 34.000000  0.012280
 35.000000  0.012061
 36.000000  0.012256
 37.000000  0.011890
 38.000000  0.012207
 39.000000  0.014404
 40.000000  0.012207
 41.000000  0.011963
 42.000000  0.012231
 43.000000  0.011768
 44.000000  0.012085
 45.000000  0.011743
 46.000000  0.012158
 47.000000  0.011792
 48.000000  0.012183
 49.000000  0.011963
 50.000000  0.012183
 51.000000  0.011987
 52.000000  0.012231
 53.000000  0.011890
 54.000000  0.012256
 55.000000  0.011816
 56.000000  0.012280
 57.000000  0.011792
 58.000000  0.012158
 59.000000  0.014209
 60.000000  0.012256
 61.000000  0.014282
 62.000000  0.012134
 63.000000  0.011768
 64.000000  0.012109
 65.000000  0.011743
 66.000000  0.012158
 67.000000  0.014160
 68.000000  0.012109
 69.000000  0.011816
 70.000000  0.012183
 71.000000  0.011865
 72.000000  0.012183
 73.000000  0.011719
 74.000000  0.012207
 75.000000  0.011743
 76.000000  0.012183
 77.000000  0.011914
 78.000000  0.012231
 79.000000  0.011890
 80.000000  0.012280
 81.000000  0.011890
 82.000000  0.012183
 83.000000  0.011865
 84.000000  0.012158
 85.000000  0.011938
 86.000000  0.012183
 87.000000  0.012012
 88.000000  0.012207
 89.000000  0.011890
 90.000000  0.012231
 91.000000  0.012134
 92.000000  0.012207
 93.000000  0.012061
 94.000000  0.012207
 95.000000  0.011938
 96.000000  0.012231
 97.000000  0.011816
 98.000000  0.012207
 99.000000  0.012061
 100.000000  0.012207
 101.000000  0.014453
 102.000000  0.012231
 103.000000  0.014526
 104.000000  0.012231
 105.000000  0.012036
 106.000000  0.012207
 107.000000  0.012158
 108.000000  0.012207
 109.000000  0.014526
 110.000000  0.012207
 111.000000  0.012109
 112.000000  0.012207
 113.000000  0.012085
 114.000000  0.012207
 115.000000  0.012036
 116.000000  0.012207
 117.000000  0.012061
 118.000000  0.012207
 119.000000  0.011914
 120.000000  0.012207
 121.000000  0.012061
 122.000000  0.012207
 123.000000  0.011987
 124.000000  0.012207
 125.000000  0.012012
 126.000000  0.012207
 127.000000  0.014477
 128.000000  0.012207
 129.000000  0.011914
 130.000000  0.012207
 131.000000  0.014550
 132.000000  0.012207
 133.000000  0.012109
 134.000000  0.012207
 135.000000  0.014404
 136.000000  0.012207
 137.000000  0.012061
 138.000000  0.012231
 139.000000  0.012061
 140.000000  0.012207
 141.000000  0.012085
 142.000000  0.012207
 143.000000  0.012183
 144.000000  0.012207
 145.000000  0.014526
 146.000000  0.012207
 147.000000  0.012036
 148.000000  0.012207
 149.000000  0.014599
 150.000000  0.012207
 151.000000  0.012109
 152.000000  0.012207
 153.000000  0.012109
 154.000000  0.012207
 155.000000  0.012183
 156.000000  0.012231
 157.000000  0.014550
 158.000000  0.012207
 159.000000  0.012183
 160.000000  0.012231
 161.000000  0.012134
 162.000000  0.012231
 163.000000  0.012207
 164.000000  0.012231
 165.000000  0.012207
 166.000000  0.012256
 167.000000  0.012183
 168.000000  0.012207
 169.000000  0.014599
 170.000000  0.012305
 171.000000  0.012207
 172.000000  0.012280
 173.000000  0.012207
 174.000000  0.012305
 175.000000  0.012207
 176.000000  0.012305
 177.000000  0.012183
 178.000000  0.012231
 179.000000  0.014648
 180.000000  0.012231
 181.000000  0.012207
 182.000000  0.012256
 183.000000  0.012207
 184.000000  0.012329
 185.000000  0.012231
 186.000000  0.012280
 187.000000  0.012231
 188.000000  0.012305
 189.000000  0.012183
 190.000000  0.012305
 191.000000  0.012109
 192.000000  0.012427
 193.000000  0.012256
 194.000000  0.012524
 195.000000  0.012256
 196.000000  0.015185
 197.000000  0.012329
 198.000000  0.013574
 199.000000  0.014941
 200.000000  0.014282
 201.000000  0.016113
 202.000000  0.014600
 203.000000  0.014136
 204.000000  0.014648
 205.000000  0.014380
 206.000000  0.014722
 207.000000  0.014526
 208.000000  0.014770
 209.000000  0.017089
 210.000000  0.014697
 211.000000  0.014185
 212.000000  0.014575
 213.000000  0.015893
 214.000000  0.014233
 215.000000  0.012769
 216.000000  0.013989
 217.000000  0.012402
 218.000000  0.013086
 219.000000  0.014721
 220.000000  0.012646
 221.000000  0.012256
 222.000000  0.012476
 223.000000  0.012256
 224.000000  0.012744
 225.000000  0.012183
 226.000000  0.012720
 227.000000  0.014770
 228.000000  0.013647
 229.000000  0.014770
 230.000000  0.013843
 231.000000  0.012671
 232.000000  0.014062
 233.000000  0.014990
 234.000000  0.013867
 235.000000  0.012622
 236.000000  0.013769
 237.000000  0.012524
 238.000000  0.013672
 239.000000  0.014746
 240.000000  0.013721
 241.000000  0.012451
 242.000000  0.013818
 243.000000  0.014917
 244.000000  0.013745
 245.000000  0.012598
 246.000000  0.014331
 247.000000  0.013184
 248.000000  0.014624
 249.000000  0.014258
 250.000000  0.014673
 251.000000  0.014478
 252.000000  0.014648
 253.000000  0.014600
 254.000000  0.014648
 255.000000  0.017016
 256.000000  0.014673
 257.000000  0.014624
 258.000000  0.014673
 259.000000  0.014575
 260.000000  0.014648
 261.000000  0.014575
 262.000000  0.014648
 263.000000  0.016992
 264.000000  0.014648
 265.000000  0.017065
 266.000000  0.014648
 267.000000  0.017089
 268.000000  0.014795
 269.000000  0.017089
 270.000000  0.015210
 271.000000  0.014673
 272.000000  0.015942
 273.000000  0.014673
 274.000000  0.016211
 275.000000  0.017163
 276.000000  0.015625
 277.000000  0.017089
 278.000000  0.015649
 279.000000  0.014648
 280.000000  0.014844
 281.000000  0.017065
 282.000000  0.014673
 283.000000  0.016259
 284.000000  0.013989
 285.000000  0.012207
 286.000000  0.012207
 287.000000  0.012183
 288.000000  0.012256
 289.000000  0.014648
 290.000000  0.012207
 291.000000  0.012183
 292.000000  0.012207
 293.000000  0.012134
 294.000000  0.012231
 295.000000  0.014575
 296.000000  0.012231
 297.000000  0.014648
 298.000000  0.012280
 299.000000  0.014648
 300.000000  0.012207
 301.000000  0.012183
 302.000000  0.012207
 303.000000  0.014624
 304.000000  0.012280
 305.000000  0.012207
 306.000000  0.012207
 307.000000  0.014648
 308.000000  0.012207
 309.000000  0.014648
 310.000000  0.012207
 311.000000  0.012207
 312.000000  0.012231
 313.000000  0.012207
 314.000000  0.012207
 315.000000  0.014648
 316.000000  0.012256
 317.000000  0.012207
 318.000000  0.012207
 319.000000  0.012183
 320.000000  0.012207
 321.000000  0.014648
 322.000000  0.012207
 323.000000  0.014648
 324.000000  0.012207
 325.000000  0.012207
 326.000000  0.012207
 327.000000  0.012183
 328.000000  0.012231
 329.000000  0.014599
 330.000000  0.012256
 331.000000  0.014648
 332.000000  0.012280
 333.000000  0.014648
 334.000000  0.012231
 335.000000  0.014648
 336.000000  0.012353
 337.000000  0.012207
 338.000000  0.012549
 339.000000  0.012207
 340.000000  0.013403
 341.000000  0.014917
 342.000000  0.016308
 343.000000  0.015283
 344.000000  0.014502
 345.000000  0.016381
 346.000000  0.014673
 347.000000  0.014404
 348.000000  0.014697
 349.000000  0.016626
 350.000000  0.014575
 351.000000  0.016674
 352.000000  0.014648
 353.000000  0.016210
 354.000000  0.014478
 355.000000  0.013037
 356.000000  0.013769
 357.000000  0.012549
 358.000000  0.013623
 359.000000  0.014721
 360.000000  0.013013
 361.000000  0.012207
 362.000000  0.012353
 363.000000  0.014648
 364.000000  0.012329
 365.000000  0.012183
 366.000000  0.012476
 367.000000  0.012109
 368.000000  0.012378
 369.000000  0.012183
 370.000000  0.012305
 371.000000  0.014624
 372.000000  0.012451
 373.000000  0.014672
 374.000000  0.012329
 375.000000  0.014575
 376.000000  0.012402
 377.000000  0.012012
 378.000000  0.012427
 379.000000  0.012109
 380.000000  0.012256
 381.000000  0.014550
 382.000000  0.012329
 383.000000  0.012134
 384.000000  0.012353
 385.000000  0.012158
 386.000000  0.012402
 387.000000  0.014550
 388.000000  0.012378
 389.000000  0.014477
 390.000000  0.012524
 391.000000  0.014624
 392.000000  0.012427
 393.000000  0.012109
 394.000000  0.012378
 395.000000  0.012207
 396.000000  0.012329
 397.000000  0.012183
 398.000000  0.012329
 399.000000  0.012134
 400.000000  0.012256
 401.000000  0.014624
 402.000000  0.012353
 403.000000  0.012207
 404.000000  0.012280
 405.000000  0.012207
 406.000000  0.012256
 407.000000  0.012183
 408.000000  0.012207
 409.000000  0.014599
 410.000000  0.012353
 411.000000  0.014624
 412.000000  0.012305
 413.000000  0.012207
 414.000000  0.012231
 415.000000  0.014648
 416.000000  0.012231
 417.000000  0.012207
 418.000000  0.012329
 419.000000  0.012207
 420.000000  0.012280
 421.000000  0.012207
 422.000000  0.012207
 423.000000  0.012207
 424.000000  0.012256
 425.000000  0.014648
 426.000000  0.012256
 427.000000  0.014624
 428.000000  0.012305
 429.000000  0.014648
 430.000000  0.012231
 431.000000  0.014648
 432.000000  0.012207
 433.000000  0.012134
 434.000000  0.012280
 435.000000  0.014599
 436.000000  0.012207
 437.000000  0.014599
 438.000000  0.012231
 439.000000  0.014624
 440.000000  0.012231
 441.000000  0.014624
 442.000000  0.012231
 443.000000  0.014624
 444.000000  0.012256
 445.000000  0.014648
 446.000000  0.012207
 447.000000  0.012207
 448.000000  0.012231
 449.000000  0.014648
 450.000000  0.012231
 451.000000  0.014648
 452.000000  0.012476
 453.000000  0.014672
 454.000000  0.012988
 455.000000  0.014672
 456.000000  0.013769
 457.000000  0.015087
 458.000000  0.014502
 459.000000  0.015698
 460.000000  0.014648
 461.000000  0.016772
 462.000000  0.014648
 463.000000  0.016967
 464.000000  0.014648
 465.000000  0.017065
 466.000000  0.014648
 467.000000  0.014624
 468.000000  0.014648
 469.000000  0.014526
 470.000000  0.014648
 471.000000  0.016845
 472.000000  0.014648
 473.000000  0.013574
 474.000000  0.014551
 475.000000  0.014941
 476.000000  0.013892
 477.000000  0.012207
 478.000000  0.012598
 479.000000  0.014672
 480.000000  0.012402
 481.000000  0.014648
 482.000000  0.012280
 483.000000  0.012207
 484.000000  0.012256
 485.000000  0.014648
 486.000000  0.012256
 487.000000  0.012207
 488.000000  0.012305
 489.000000  0.012207
 490.000000  0.012305
 491.000000  0.014624
 492.000000  0.012207
 493.000000  0.014648
 494.000000  0.012402
 495.000000  0.014624
 496.000000  0.012573
 497.000000  0.012231
 498.000000  0.012402
 499.000000  0.014672
 500.000000  0.012500
 501.000000  0.014672
 502.000000  0.012769
 503.000000  0.014672
 504.000000  0.012793
 505.000000  0.014770
 506.000000  0.012915
 507.000000  0.012231
 508.000000  0.012720
 509.000000  0.012207
 510.000000  0.012988
 511.000000  0.014648
 512.000000  0.012451
 513.000000  0.012158
 514.000000  0.012378
 515.000000  0.012109
 516.000000  0.012256
 517.000000  0.012085
 518.000000  0.012256
 519.000000  0.011938
 520.000000  0.012329
 521.000000  0.012061
 522.000000  0.012207
 523.000000  0.014575
 524.000000  0.012402
 525.000000  0.014502
 526.000000  0.012207
 527.000000  0.014404
 528.000000  0.012280
 529.000000  0.014526
 530.000000  0.012305
 531.000000  0.014502
 532.000000  0.012256
 533.000000  0.012012
 534.000000  0.012231
 535.000000  0.012183
 536.000000  0.012280
 537.000000  0.014624
 538.000000  0.012378
 539.000000  0.014599
 540.000000  0.012549
 541.000000  0.012183
 542.000000  0.012476
 543.000000  0.012158
 544.000000  0.012402
 545.000000  0.012207
 546.000000  0.012793
 547.000000  0.014672
 548.000000  0.012622
 549.000000  0.014672
 550.000000  0.012524
 551.000000  0.014599
 552.000000  0.012280
 553.000000  0.012183
 554.000000  0.012598
 555.000000  0.012183
 556.000000  0.012427
 557.000000  0.014624
 558.000000  0.012451
 559.000000  0.014624
 560.000000  0.012451
 561.000000  0.012207
 562.000000  0.012378
 563.000000  0.014648
 564.000000  0.012231
 565.000000  0.014648
 566.000000  0.012256
 567.000000  0.014599
 568.000000  0.012280
 569.000000  0.014624
 570.000000  0.012231
 571.000000  0.014575
 572.000000  0.012207
 573.000000  0.014599
 574.000000  0.012207
 575.000000  0.014624
 576.000000  0.012231
 577.000000  0.014502
 578.000000  0.012207
 579.000000  0.014502
 580.000000  0.012231
 581.000000  0.012085
 582.000000  0.012207
 583.000000  0.014575
 584.000000  0.012207
 585.000000  0.014502
 586.000000  0.012207
 587.000000  0.014502
 588.000000  0.012207
 589.000000  0.012061
 590.000000  0.012207
 591.000000  0.014624
 592.000000  0.012207
 593.000000  0.012134
 594.000000  0.012207
 595.000000  0.014648
 596.000000  0.012207
 597.000000  0.014550
 598.000000  0.012207
 599.000000  0.014599
 600.000000  0.012207
 601.000000  0.014648
 602.000000  0.012207
 603.000000  0.014599
 604.000000  0.012207
 605.000000  0.014648
 606.000000  0.012231
 607.000000  0.014624
 608.000000  0.012207
 609.000000  0.014599
 610.000000  0.012231
 611.000000  0.014648
 612.000000  0.014672
 613.000000  0.014648
 614.000000  0.014648
 615.000000  0.014648
 616.000000  0.012207
 617.000000  0.012207
 618.000000  0.012207
 619.000000  0.014648
 620.000000  0.012231
 621.000000  0.014599
 622.000000  0.012207
 623.000000  0.014648
 624.000000  0.014648
 625.000000  0.014550
 626.000000  0.012207
 627.000000  0.014648
 628.000000  0.012231
 629.000000  0.014599
 630.000000  0.012207
 631.000000  0.014624
 632.000000  0.012207
 633.000000  0.014624
 634.000000  0.012207
 635.000000  0.014624
 636.000000  0.012207
 637.000000  0.012158
 638.000000  0.012207
 639.000000  0.014648
 640.000000  0.012207
 641.000000  0.014575
 642.000000  0.012207
 643.000000  0.012158
 644.000000  0.014648
 645.000000  0.014599
 646.000000  0.014648
 647.000000  0.014599
 648.000000  0.012207
 649.000000  0.012183
 650.000000  0.012207
 651.000000  0.012183
 652.000000  0.012231
 653.000000  0.012183
 654.000000  0.012207
 655.000000  0.014599
 656.000000  0.012207
 657.000000  0.014599
 658.000000  0.012231
 659.000000  0.012134
 660.000000  0.012280
 661.000000  0.014624
 662.000000  0.012280
 663.000000  0.014575
 664.000000  0.014624
 665.000000  0.014526
 666.000000  0.014746
 667.000000  0.014428
 668.000000  0.012305
 669.000000  0.012109
 670.000000  0.012280
 671.000000  0.012109
 672.000000  0.012256
 673.000000  0.014502
 674.000000  0.014770
 675.000000  0.014502
 676.000000  0.012402
 677.000000  0.014477
 678.000000  0.012256
 679.000000  0.014599
 680.000000  0.012256
 681.000000  0.012012
 682.000000  0.012207
 683.000000  0.014428
 684.000000  0.012353
 685.000000  0.014672
 686.000000  0.012305
 687.000000  0.012158
 688.000000  0.014843
 689.000000  0.012085
 690.000000  0.014794
 691.000000  0.014477
 692.000000  0.012549
 693.000000  0.014648
 694.000000  0.012573
 695.000000  0.014624
 696.000000  0.014794
 697.000000  0.014624
 698.000000  0.012524
 699.000000  0.014648
 700.000000  0.012476
 701.000000  0.012158
 702.000000  0.012573
 703.000000  0.012158
 704.000000  0.014965
 705.000000  0.014575
 706.000000  0.012524
 707.000000  0.012207
 708.000000  0.012524
 709.000000  0.014599
 710.000000  0.012378
 711.000000  0.014624
 712.000000  0.012256
 713.000000  0.014672
 714.000000  0.012280
 715.000000  0.014575
 716.000000  0.012256
 717.000000  0.014575
 718.000000  0.012305
 719.000000  0.014624
 720.000000  0.012207
 721.000000  0.014575
 722.000000  0.012231
 723.000000  0.014477
 724.000000  0.012256
 725.000000  0.014550
 726.000000  0.012231
 727.000000  0.014526
 728.000000  0.012207
 729.000000  0.012109
 730.000000  0.012231
 731.000000  0.014648
 732.000000  0.012207
 733.000000  0.014526
 734.000000  0.014648
 735.000000  0.014624
 736.000000  0.012207
 737.000000  0.014550
 738.000000  0.012207
 739.000000  0.014599
 740.000000  0.012183
 741.000000  0.014624
 742.000000  0.012207
 743.000000  0.012109
 744.000000  0.012207
 745.000000  0.014575
 746.000000  0.012207
 747.000000  0.012012
 748.000000  0.012207
 749.000000  0.014575
 750.000000  0.012207
 751.000000  0.014599
 752.000000  0.014648
 753.000000  0.014550
 754.000000  0.012207
 755.000000  0.014575
 756.000000  0.012207
 757.000000  0.014453
 758.000000  0.012207
 759.000000  0.012109
 760.000000  0.012231
 761.000000  0.014648
 762.000000  0.012207
 763.000000  0.014526
 764.000000  0.012207
 765.000000  0.014526
 766.000000  0.012207
 767.000000  0.012183
 768.000000  0.012207
 769.000000  0.014526
 770.000000  0.012207
 771.000000  0.014379
 772.000000  0.012207
 773.000000  0.014379
 774.000000  0.014648
 775.000000  0.014404
 776.000000  0.014648
 777.000000  0.014526
 778.000000  0.012207
 779.000000  0.011914
 780.000000  0.012207
 781.000000  0.011987
 782.000000  0.014648
 783.000000  0.014502
 784.000000  0.012207
 785.000000  0.014575
 786.000000  0.012207
 787.000000  0.014526
 788.000000  0.014624
 789.000000  0.014550
 790.000000  0.012207
 791.000000  0.014502
 792.000000  0.012207
 793.000000  0.014477
 794.000000  0.012207
 795.000000  0.014502
 796.000000  0.012207
 797.000000  0.014477
 798.000000  0.012207
 799.000000  0.014599
 800.000000  0.012207
 801.000000  0.014550
 802.000000  0.014721
 803.000000  0.014526
 804.000000  0.012231
 805.000000  0.014599
 806.000000  0.012207
 807.000000  0.014599
 808.000000  0.014697
 809.000000  0.012134
 810.000000  0.012280
 811.000000  0.012134
 812.000000  0.012231
 813.000000  0.012109
 814.000000  0.012231
 815.000000  0.014575
 816.000000  0.012280
 817.000000  0.014550
 818.000000  0.012378
 819.000000  0.014477
 820.000000  0.012280
 821.000000  0.014624
 822.000000  0.012329
 823.000000  0.014599
 824.000000  0.014746
 825.000000  0.014599
 826.000000  0.012402
 827.000000  0.014575
 828.000000  0.012378
 829.000000  0.014624
 830.000000  0.012329
 831.000000  0.014599
 832.000000  0.012280
 833.000000  0.014575
 834.000000  0.012353
 835.000000  0.014624
 836.000000  0.014868
 837.000000  0.014648
 838.000000  0.012353
 839.000000  0.014526
 840.000000  0.012378
 841.000000  0.014526
 842.000000  0.014868
 843.000000  0.014502
 844.000000  0.012305
 845.000000  0.012109
 846.000000  0.014770
 847.000000  0.014599
 848.000000  0.012329
 849.000000  0.014502
 850.000000  0.012305
 851.000000  0.014575
 852.000000  0.012451
 853.000000  0.012207
 854.000000  0.015454
 855.000000  0.014697
 856.000000  0.013647
 857.000000  0.013086
 858.000000  0.014551
 859.000000  0.014404
 860.000000  0.017211
 861.000000  0.017041
 862.000000  0.015576
 863.000000  0.014893
 864.000000  0.016724
 865.000000  0.017919
 866.000000  0.019409
 867.000000  0.016186
 868.000000  0.017090
 869.000000  0.018237
 870.000000  0.016992
 871.000000  0.017578
 872.000000  0.016650
 873.000000  0.017089
 874.000000  0.014966
 875.000000  0.017089
 876.000000  0.014673
 877.000000  0.014087
 878.000000  0.014624
 879.000000  0.012720
 880.000000  0.013428
 881.000000  0.014672
 882.000000  0.012353
 883.000000  0.014648
 884.000000  0.012305
 885.000000  0.014648
 886.000000  0.012256
 887.000000  0.012109
 888.000000  0.012256
 889.000000  0.014575
 890.000000  0.012207
 891.000000  0.014648
 892.000000  0.012207
 893.000000  0.014502
 894.000000  0.012207
 895.000000  0.014550
 896.000000  0.012207
 897.000000  0.014624
 898.000000  0.012207
 899.000000  0.014526
 900.000000  0.012207
 901.000000  0.014599
 902.000000  0.014648
 903.000000  0.014526
 904.000000  0.012207
 905.000000  0.014648
 906.000000  0.014648
 907.000000  0.014477
 908.000000  0.014648
 909.000000  0.014648
 910.000000  0.012207
 911.000000  0.014599
 912.000000  0.012207
 913.000000  0.014575
 914.000000  0.012207
 915.000000  0.014599
 916.000000  0.012207
 917.000000  0.014648
 918.000000  0.014648
 919.000000  0.014477
 920.000000  0.014672
 921.000000  0.014575
 922.000000  0.012207
 923.000000  0.014575
 924.000000  0.012207
 925.000000  0.014599
 926.000000  0.012207
 927.000000  0.014624
 928.000000  0.012207
 929.000000  0.014624
 930.000000  0.012207
 931.000000  0.014599
 932.000000  0.012207
 933.000000  0.014624
 934.000000  0.012207
 935.000000  0.014550
 936.000000  0.012207
 937.000000  0.014599
 938.000000  0.012207
 939.000000  0.014599
 940.000000  0.012231
 941.000000  0.014599
 942.000000  0.012207
 943.000000  0.014624
 944.000000  0.012207
 945.000000  0.012183
 946.000000  0.014648
 947.000000  0.014550
 948.000000  0.012207
 949.000000  0.014624
 950.000000  0.014648
 951.000000  0.014624
 952.000000  0.012207
 953.000000  0.014624
 954.000000  0.012207
 955.000000  0.014599
 956.000000  0.012207
 957.000000  0.014648
 958.000000  0.012207
 959.000000  0.012158
 960.000000  0.012207
 961.000000  0.012158
 962.000000  0.014648
 963.000000  0.012207
 964.000000  0.012256
 965.000000  0.014599
 966.000000  0.012207
 967.000000  0.014599
 968.000000  0.012231
 969.000000  0.014575
 970.000000  0.014624
 971.000000  0.014624
 972.000000  0.012329
 973.000000  0.014575
 974.000000  0.012207
 975.000000  0.014575
 976.000000  0.012207
 977.000000  0.014550
 978.000000  0.012280
 979.000000  0.014526
 980.000000  0.012329
 981.000000  0.014550
 982.000000  0.012256
 983.000000  0.012134
 984.000000  0.012183
 985.000000  0.014502
 986.000000  0.012231
 987.000000  0.014526
 988.000000  0.014599
 989.000000  0.014453
 990.000000  0.012329
 991.000000  0.014477
 992.000000  0.012280
 993.000000  0.014477
 994.000000  0.012183
 995.000000  0.014502
 996.000000  0.012231
 997.000000  0.014550
 998.000000  0.014672
 999.000000  0.014550
 1000.000000  0.014794
 1001.000000  0.014502
 1002.000000  0.012280
 1003.000000  0.014526
 1004.000000  0.012329
 1005.000000  0.014502
 1006.000000  0.012280
 1007.000000  0.014453
 1008.000000  0.012353
 1009.000000  0.014453
 1010.000000  0.012280
 1011.000000  0.014624
 1012.000000  0.012353
 1013.000000  0.014526
 1014.000000  0.012207
 1015.000000  0.014550
 1016.000000  0.012305
 1017.000000  0.014575
 1018.000000  0.012378
 1019.000000  0.014550
 1020.000000  0.012256
 1021.000000  0.014404
 1022.000000  0.012256
 1023.000000  0.014575
