 0.000000  0.007715
 1.000000  0.007324
 2.000000  0.007593
 3.000000  0.007324
 4.000000  0.007642
 5.000000  0.007324
 6.000000  0.007666
 7.000000  0.007324
 8.000000  0.007568
 9.000000  0.007349
 10.000000  0.007617
 11.000000  0.007349
 12.000000  0.007959
 13.000000  0.007324
 14.000000  0.007812
 15.000000  0.007324
 16.000000  0.007788
 17.000000  0.007324
 18.000000  0.007764
 19.000000  0.007324
 20.000000  0.007690
 21.000000  0.007324
 22.000000  0.007519
 23.000000  0.007324
 24.000000  0.007861
 25.000000  0.007324
 26.000000  0.008179
 27.000000  0.009765
 28.000000  0.007715
 29.000000  0.007324
 30.000000  0.007788
 31.000000  0.007324
 32.000000  0.007812
 33.000000  0.007324
 34.000000  0.007983
 35.000000  0.007324
 36.000000  0.007617
 37.000000  0.007349
 38.000000  0.007983
 39.000000  0.009765
 40.000000  0.007910
 41.000000  0.007324
 42.000000  0.007837
 43.000000  0.007324
 44.000000  0.007983
 45.000000  0.007324
 46.000000  0.007910
 47.000000  0.007324
 48.000000  0.007959
 49.000000  0.007324
 50.000000  0.007568
 51.000000  0.007324
 52.000000  0.007568
 53.000000  0.007324
 54.000000  0.007812
 55.000000  0.007324
 56.000000  0.008057
 57.000000  0.007324
 58.000000  0.008179
 59.000000  0.009765
 60.000000  0.007593
 61.000000  0.009765
 62.000000  0.007617
 63.000000  0.007324
 64.000000  0.007837
 65.000000  0.007324
 66.000000  0.007861
 67.000000  0.009765
 68.000000  0.007715
 69.000000  0.007324
 70.000000  0.007642
 71.000000  0.007324
 72.000000  0.007642
 73.000000  0.007324
 74.000000  0.007812
 75.000000  0.007324
 76.000000  0.007886
 77.000000  0.007349
 78.000000  0.007959
 79.000000  0.007324
 80.000000  0.007935
 81.000000  0.007275
 82.000000  0.007812
 83.000000  0.007324
 84.000000  0.007788
 85.000000  0.007519
 86.000000  0.007959
 87.000000  0.007446
 88.000000  0.007983
 89.000000  0.007397
 90.000000  0.007886
 91.000000  0.007349
 92.000000  0.008032
 93.000000  0.007300
 94.000000  0.007935
 95.000000  0.007275
 96.000000  0.007959
 97.000000  0.007349
 98.000000  0.008252
 99.000000  0.007324
 100.000000  0.008008
 101.000000  0.009838
 102.000000  0.007935
 103.000000  0.009790
 104.000000  0.007959
 105.000000  0.007397
 106.000000  0.008374
 107.000000  0.007373
 108.000000  0.008032
 109.000000  0.009814
 110.000000  0.008154
 111.000000  0.007446
 112.000000  0.008008
 113.000000  0.007544
 114.000000  0.007837
 115.000000  0.007349
 116.000000  0.007812
 117.000000  0.007373
 118.000000  0.008057
 119.000000  0.007324
 120.000000  0.007935
 121.000000  0.007349
 122.000000  0.008008
 123.000000  0.007324
 124.000000  0.008008
 125.000000  0.007324
 126.000000  0.008032
 127.000000  0.009765
 128.000000  0.007935
 129.000000  0.007324
 130.000000  0.007764
 131.000000  0.009790
 132.000000  0.007690
 133.000000  0.007324
 134.000000  0.007690
 135.000000  0.009790
 136.000000  0.007788
 137.000000  0.007349
 138.000000  0.007764
 139.000000  0.007324
 140.000000  0.007837
 141.000000  0.007349
 142.000000  0.007788
 143.000000  0.007324
 144.000000  0.007666
 145.000000  0.009765
 146.000000  0.007666
 147.000000  0.007324
 148.000000  0.007837
 149.000000  0.009765
 150.000000  0.007544
 151.000000  0.007324
 152.000000  0.007715
 153.000000  0.007324
 154.000000  0.007666
 155.000000  0.007324
 156.000000  0.007739
 157.000000  0.009765
 158.000000  0.007568
 159.000000  0.007324
 160.000000  0.007642
 161.000000  0.007324
 162.000000  0.007544
 163.000000  0.007324
 164.000000  0.007495
 165.000000  0.007324
 166.000000  0.007471
 167.000000  0.007324
 168.000000  0.007568
 169.000000  0.009765
 170.000000  0.007642
 171.000000  0.007324
 172.000000  0.007519
 173.000000  0.007324
 174.000000  0.007471
 175.000000  0.007324
 176.000000  0.007568
 177.000000  0.007324
 178.000000  0.007593
 179.000000  0.009765
 180.000000  0.007471
 181.000000  0.007324
 182.000000  0.007422
 183.000000  0.007324
 184.000000  0.007519
 185.000000  0.007324
 186.000000  0.007617
 187.000000  0.007324
 188.000000  0.007593
 189.000000  0.007324
 190.000000  0.007422
 191.000000  0.007324
 192.000000  0.007544
 193.000000  0.007324
 194.000000  0.007422
 195.000000  0.007324
 196.000000  0.009936
 197.000000  0.007324
 198.000000  0.007568
 199.000000  0.009765
 200.000000  0.007471
 201.000000  0.009765
 202.000000  0.007471
 203.000000  0.007324
 204.000000  0.007446
 205.000000  0.007324
 206.000000  0.007373
 207.000000  0.007324
 208.000000  0.007446
 209.000000  0.009765
 210.000000  0.007519
 211.000000  0.007324
 212.000000  0.007495
 213.000000  0.009765
 214.000000  0.007544
 215.000000  0.007324
 216.000000  0.007519
 217.000000  0.007324
 218.000000  0.007495
 219.000000  0.009765
 220.000000  0.007446
 221.000000  0.007324
 222.000000  0.007495
 223.000000  0.007324
 224.000000  0.007568
 225.000000  0.007324
 226.000000  0.007446
 227.000000  0.009741
 228.000000  0.007690
 229.000000  0.009741
 230.000000  0.007764
 231.000000  0.007324
 232.000000  0.007764
 233.000000  0.009741
 234.000000  0.007519
 235.000000  0.007373
 236.000000  0.007666
 237.000000  0.007373
 238.000000  0.007666
 239.000000  0.009716
 240.000000  0.007642
 241.000000  0.007275
 242.000000  0.007617
 243.000000  0.009716
 244.000000  0.007519
 245.000000  0.007251
 246.000000  0.007764
 247.000000  0.007324
 248.000000  0.007666
 249.000000  0.007300
 250.000000  0.007568
 251.000000  0.007251
 252.000000  0.007642
 253.000000  0.007324
 254.000000  0.007642
 255.000000  0.009741
 256.000000  0.007715
 257.000000  0.007251
 258.000000  0.007666
 259.000000  0.007251
 260.000000  0.007837
 261.000000  0.007275
 262.000000  0.007788
 263.000000  0.009716
 264.000000  0.007690
 265.000000  0.009668
 266.000000  0.007471
 267.000000  0.009619
 268.000000  0.007666
 269.000000  0.009643
 270.000000  0.007861
 271.000000  0.007373
 272.000000  0.007690
 273.000000  0.007324
 274.000000  0.007690
 275.000000  0.009765
 276.000000  0.007764
 277.000000  0.009741
 278.000000  0.007764
 279.000000  0.007324
 280.000000  0.007739
 281.000000  0.009765
 282.000000  0.007666
 283.000000  0.009741
 284.000000  0.007568
 285.000000  0.007275
 286.000000  0.007544
 287.000000  0.007300
 288.000000  0.007568
 289.000000  0.009765
 290.000000  0.007495
 291.000000  0.007300
 292.000000  0.007617
 293.000000  0.007300
 294.000000  0.007568
 295.000000  0.009765
 296.000000  0.007495
 297.000000  0.009741
 298.000000  0.007593
 299.000000  0.009765
 300.000000  0.007422
 301.000000  0.007300
 302.000000  0.007471
 303.000000  0.009765
 304.000000  0.007617
 305.000000  0.007324
 306.000000  0.007446
 307.000000  0.009765
 308.000000  0.007471
 309.000000  0.009741
 310.000000  0.007666
 311.000000  0.007324
 312.000000  0.007471
 313.000000  0.007324
 314.000000  0.007519
 315.000000  0.009765
 316.000000  0.007519
 317.000000  0.007300
 318.000000  0.007446
 319.000000  0.007324
 320.000000  0.007544
 321.000000  0.009765
 322.000000  0.007471
 323.000000  0.009765
 324.000000  0.007471
 325.000000  0.007324
 326.000000  0.007397
 327.000000  0.007324
 328.000000  0.007373
 329.000000  0.009765
 330.000000  0.007519
 331.000000  0.009765
 332.000000  0.007593
 333.000000  0.009765
 334.000000  0.007373
 335.000000  0.009765
 336.000000  0.007446
 337.000000  0.007324
 338.000000  0.007471
 339.000000  0.007324
 340.000000  0.007422
 341.000000  0.009765
 342.000000  0.009936
 343.000000  0.009741
 344.000000  0.007471
 345.000000  0.009765
 346.000000  0.007519
 347.000000  0.007324
 348.000000  0.007422
 349.000000  0.009765
 350.000000  0.007446
 351.000000  0.009765
 352.000000  0.007544
 353.000000  0.009765
 354.000000  0.007397
 355.000000  0.007324
 356.000000  0.007397
 357.000000  0.007324
 358.000000  0.007397
 359.000000  0.009765
 360.000000  0.007519
 361.000000  0.007324
 362.000000  0.007495
 363.000000  0.009765
 364.000000  0.007349
 365.000000  0.007324
 366.000000  0.007422
 367.000000  0.007324
 368.000000  0.007471
 369.000000  0.007324
 370.000000  0.007495
 371.000000  0.009765
 372.000000  0.007373
 373.000000  0.009765
 374.000000  0.007397
 375.000000  0.009741
 376.000000  0.007471
 377.000000  0.007324
 378.000000  0.007544
 379.000000  0.007324
 380.000000  0.007519
 381.000000  0.009765
 382.000000  0.007397
 383.000000  0.007324
 384.000000  0.007568
 385.000000  0.007324
 386.000000  0.007422
 387.000000  0.009765
 388.000000  0.007397
 389.000000  0.009765
 390.000000  0.007617
 391.000000  0.009716
 392.000000  0.007422
 393.000000  0.007275
 394.000000  0.007593
 395.000000  0.007324
 396.000000  0.007910
 397.000000  0.007324
 398.000000  0.007666
 399.000000  0.007349
 400.000000  0.007690
 401.000000  0.009741
 402.000000  0.007617
 403.000000  0.007275
 404.000000  0.007568
 405.000000  0.007324
 406.000000  0.007617
 407.000000  0.007373
 408.000000  0.007642
 409.000000  0.009692
 410.000000  0.007788
 411.000000  0.009765
 412.000000  0.007666
 413.000000  0.007373
 414.000000  0.007837
 415.000000  0.009765
 416.000000  0.007690
 417.000000  0.007324
 418.000000  0.007739
 419.000000  0.007300
 420.000000  0.007617
 421.000000  0.007202
 422.000000  0.007764
 423.000000  0.007373
 424.000000  0.007764
 425.000000  0.009765
 426.000000  0.007568
 427.000000  0.009668
 428.000000  0.007617
 429.000000  0.009765
 430.000000  0.007690
 431.000000  0.009741
 432.000000  0.007471
 433.000000  0.007300
 434.000000  0.007519
 435.000000  0.009765
 436.000000  0.007422
 437.000000  0.009765
 438.000000  0.007593
 439.000000  0.009765
 440.000000  0.007471
 441.000000  0.009765
 442.000000  0.007593
 443.000000  0.009765
 444.000000  0.007495
 445.000000  0.009765
 446.000000  0.007422
 447.000000  0.007324
 448.000000  0.007422
 449.000000  0.009741
 450.000000  0.007397
 451.000000  0.009765
 452.000000  0.007397
 453.000000  0.009765
 454.000000  0.007422
 455.000000  0.009765
 456.000000  0.007373
 457.000000  0.009741
 458.000000  0.007519
 459.000000  0.009765
 460.000000  0.007446
 461.000000  0.009741
 462.000000  0.007471
 463.000000  0.009790
 464.000000  0.007471
 465.000000  0.009765
 466.000000  0.007544
 467.000000  0.007324
 468.000000  0.007422
 469.000000  0.007324
 470.000000  0.007446
 471.000000  0.009765
 472.000000  0.007397
 473.000000  0.007324
 474.000000  0.007373
 475.000000  0.009765
 476.000000  0.007446
 477.000000  0.007300
 478.000000  0.007373
 479.000000  0.009765
 480.000000  0.007373
 481.000000  0.009765
 482.000000  0.007373
 483.000000  0.007324
 484.000000  0.007349
 485.000000  0.009765
 486.000000  0.007349
 487.000000  0.007324
 488.000000  0.007373
 489.000000  0.007324
 490.000000  0.007397
 491.000000  0.009765
 492.000000  0.007324
 493.000000  0.009765
 494.000000  0.007373
 495.000000  0.009765
 496.000000  0.007349
 497.000000  0.007324
 498.000000  0.007324
 499.000000  0.009741
 500.000000  0.007397
 501.000000  0.009765
 502.000000  0.007373
 503.000000  0.009765
 504.000000  0.007324
 505.000000  0.009765
 506.000000  0.007324
 507.000000  0.007324
 508.000000  0.007324
 509.000000  0.007300
 510.000000  0.007422
 511.000000  0.009765
 512.000000  0.007373
 513.000000  0.007324
 514.000000  0.007349
 515.000000  0.007300
 516.000000  0.007324
 517.000000  0.007324
 518.000000  0.007349
 519.000000  0.007324
 520.000000  0.007373
 521.000000  0.007300
 522.000000  0.007324
 523.000000  0.009765
 524.000000  0.007373
 525.000000  0.009765
 526.000000  0.007397
 527.000000  0.009741
 528.000000  0.007373
 529.000000  0.009765
 530.000000  0.007397
 531.000000  0.009741
 532.000000  0.007373
 533.000000  0.007324
 534.000000  0.007397
 535.000000  0.007324
 536.000000  0.007349
 537.000000  0.009741
 538.000000  0.007373
 539.000000  0.009741
 540.000000  0.007373
 541.000000  0.007324
 542.000000  0.007471
 543.000000  0.007275
 544.000000  0.007349
 545.000000  0.007275
 546.000000  0.007373
 547.000000  0.009765
 548.000000  0.007373
 549.000000  0.009790
 550.000000  0.007471
 551.000000  0.009643
 552.000000  0.007349
 553.000000  0.007153
 554.000000  0.007519
 555.000000  0.007153
 556.000000  0.007495
 557.000000  0.009594
 558.000000  0.007446
 559.000000  0.009643
 560.000000  0.007495
 561.000000  0.007227
 562.000000  0.007593
 563.000000  0.009619
 564.000000  0.007397
 565.000000  0.009692
 566.000000  0.007446
 567.000000  0.009668
 568.000000  0.007446
 569.000000  0.009570
 570.000000  0.007495
 571.000000  0.009545
 572.000000  0.007446
 573.000000  0.009716
 574.000000  0.007495
 575.000000  0.009716
 576.000000  0.007471
 577.000000  0.009594
 578.000000  0.007397
 579.000000  0.009619
 580.000000  0.007349
 581.000000  0.007178
 582.000000  0.007422
 583.000000  0.009716
 584.000000  0.007397
 585.000000  0.009668
 586.000000  0.007349
 587.000000  0.009716
 588.000000  0.007373
 589.000000  0.007227
 590.000000  0.007397
 591.000000  0.009692
 592.000000  0.007373
 593.000000  0.007300
 594.000000  0.007373
 595.000000  0.009741
 596.000000  0.007373
 597.000000  0.009716
 598.000000  0.007324
 599.000000  0.009692
 600.000000  0.007324
 601.000000  0.009716
 602.000000  0.007397
 603.000000  0.009692
 604.000000  0.007422
 605.000000  0.009716
 606.000000  0.007349
 607.000000  0.009741
 608.000000  0.007422
 609.000000  0.009692
 610.000000  0.007324
 611.000000  0.009643
 612.000000  0.009765
 613.000000  0.009741
 614.000000  0.009790
 615.000000  0.009765
 616.000000  0.007324
 617.000000  0.007300
 618.000000  0.007324
 619.000000  0.009716
 620.000000  0.007324
 621.000000  0.009643
 622.000000  0.007324
 623.000000  0.009716
 624.000000  0.009814
 625.000000  0.009741
 626.000000  0.007349
 627.000000  0.009716
 628.000000  0.007349
 629.000000  0.009716
 630.000000  0.007373
 631.000000  0.009765
 632.000000  0.007324
 633.000000  0.009741
 634.000000  0.007324
 635.000000  0.009741
 636.000000  0.007324
 637.000000  0.007324
 638.000000  0.007373
 639.000000  0.009765
 640.000000  0.007349
 641.000000  0.009765
 642.000000  0.007397
 643.000000  0.007324
 644.000000  0.009863
 645.000000  0.009765
 646.000000  0.009936
 647.000000  0.009765
 648.000000  0.007983
 649.000000  0.007349
 650.000000  0.007739
 651.000000  0.007324
 652.000000  0.008008
 653.000000  0.007324
 654.000000  0.007617
 655.000000  0.009765
 656.000000  0.007568
 657.000000  0.009765
 658.000000  0.007471
 659.000000  0.007324
 660.000000  0.007349
 661.000000  0.009765
 662.000000  0.007397
 663.000000  0.009765
 664.000000  0.009765
 665.000000  0.009765
 666.000000  0.009765
 667.000000  0.009741
 668.000000  0.007324
 669.000000  0.007324
 670.000000  0.007324
 671.000000  0.007300
 672.000000  0.007324
 673.000000  0.009741
 674.000000  0.009790
 675.000000  0.009765
 676.000000  0.007349
 677.000000  0.009692
 678.000000  0.007324
 679.000000  0.009741
 680.000000  0.007324
 681.000000  0.007300
 682.000000  0.007324
 683.000000  0.009741
 684.000000  0.007324
 685.000000  0.009741
 686.000000  0.007324
 687.000000  0.007324
 688.000000  0.009765
 689.000000  0.007251
 690.000000  0.009765
 691.000000  0.009741
 692.000000  0.007324
 693.000000  0.009765
 694.000000  0.007349
 695.000000  0.009716
 696.000000  0.009765
 697.000000  0.009765
 698.000000  0.007324
 699.000000  0.009692
 700.000000  0.007324
 701.000000  0.007300
 702.000000  0.007324
 703.000000  0.007227
 704.000000  0.009716
 705.000000  0.009692
 706.000000  0.007251
 707.000000  0.007227
 708.000000  0.007422
 709.000000  0.009570
 710.000000  0.007422
 711.000000  0.009668
 712.000000  0.007446
 713.000000  0.009472
 714.000000  0.007397
 715.000000  0.009570
 716.000000  0.007373
 717.000000  0.009619
 718.000000  0.007373
 719.000000  0.009594
 720.000000  0.007471
 721.000000  0.009545
 722.000000  0.007471
 723.000000  0.009570
 724.000000  0.007471
 725.000000  0.009497
 726.000000  0.007495
 727.000000  0.009570
 728.000000  0.007349
 729.000000  0.007080
 730.000000  0.007446
 731.000000  0.009521
 732.000000  0.007324
 733.000000  0.009521
 734.000000  0.009912
 735.000000  0.009643
 736.000000  0.007471
 737.000000  0.009619
 738.000000  0.007397
 739.000000  0.009643
 740.000000  0.007349
 741.000000  0.009741
 742.000000  0.007349
 743.000000  0.007251
 744.000000  0.007324
 745.000000  0.009668
 746.000000  0.007349
 747.000000  0.007153
 748.000000  0.007373
 749.000000  0.009765
 750.000000  0.007349
 751.000000  0.009643
 752.000000  0.009765
 753.000000  0.009643
 754.000000  0.007349
 755.000000  0.009643
 756.000000  0.007349
 757.000000  0.009668
 758.000000  0.007324
 759.000000  0.007275
 760.000000  0.007324
 761.000000  0.009716
 762.000000  0.007349
 763.000000  0.009643
 764.000000  0.007324
 765.000000  0.009619
 766.000000  0.007324
 767.000000  0.007275
 768.000000  0.007324
 769.000000  0.009643
 770.000000  0.007324
 771.000000  0.009668
 772.000000  0.007349
 773.000000  0.009692
 774.000000  0.009765
 775.000000  0.009619
 776.000000  0.009765
 777.000000  0.009570
 778.000000  0.007324
 779.000000  0.007227
 780.000000  0.007324
 781.000000  0.007178
 782.000000  0.009765
 783.000000  0.009716
 784.000000  0.007324
 785.000000  0.009643
 786.000000  0.007324
 787.000000  0.009643
 788.000000  0.009765
 789.000000  0.009741
 790.000000  0.007324
 791.000000  0.009716
 792.000000  0.007324
 793.000000  0.009692
 794.000000  0.007324
 795.000000  0.009741
 796.000000  0.007324
 797.000000  0.009716
 798.000000  0.007324
 799.000000  0.009668
 800.000000  0.007324
 801.000000  0.009643
 802.000000  0.009765
 803.000000  0.009692
 804.000000  0.007324
 805.000000  0.009668
 806.000000  0.007324
 807.000000  0.009692
 808.000000  0.009765
 809.000000  0.007251
 810.000000  0.007324
 811.000000  0.007251
 812.000000  0.007324
 813.000000  0.007251
 814.000000  0.007324
 815.000000  0.009741
 816.000000  0.007324
 817.000000  0.009741
 818.000000  0.007349
 819.000000  0.009765
 820.000000  0.007324
 821.000000  0.009741
 822.000000  0.007324
 823.000000  0.009741
 824.000000  0.009765
 825.000000  0.009692
 826.000000  0.007324
 827.000000  0.009692
 828.000000  0.007324
 829.000000  0.009741
 830.000000  0.007349
 831.000000  0.009765
 832.000000  0.007349
 833.000000  0.009765
 834.000000  0.007324
 835.000000  0.009765
 836.000000  0.009936
 837.000000  0.009765
 838.000000  0.007397
 839.000000  0.009765
 840.000000  0.007519
 841.000000  0.009741
 842.000000  0.009985
 843.000000  0.009765
 844.000000  0.007715
 845.000000  0.007349
 846.000000  0.010473
 847.000000  0.010058
 848.000000  0.009570
 849.000000  0.011572
 850.000000  0.009766
 851.000000  0.012207
 852.000000  0.011963
 853.000000  0.012256
 854.000000  0.017089
 855.000000  0.018505
 856.000000  0.019458
 857.000000  0.024561
 858.000000  0.036670
 859.000000  0.050415
 860.000000  0.070117
 861.000000  0.086792
 862.000000  0.102222
 863.000000  0.116699
 864.000000  0.127490
 865.000000  0.135449
 866.000000  0.143701
 867.000000  0.144409
 868.000000  0.144678
 869.000000  0.143017
 870.000000  0.134302
 871.000000  0.126196
 872.000000  0.112646
 873.000000  0.100976
 874.000000  0.083521
 875.000000  0.068872
 876.000000  0.050513
 877.000000  0.035693
 878.000000  0.026709
 879.000000  0.019409
 880.000000  0.017065
 881.000000  0.017041
 882.000000  0.013867
 883.000000  0.014257
 884.000000  0.011426
 885.000000  0.012255
 886.000000  0.009936
 887.000000  0.009424
 888.000000  0.009790
 889.000000  0.010913
 890.000000  0.009058
 891.000000  0.009912
 892.000000  0.008203
 893.000000  0.009790
 894.000000  0.007812
 895.000000  0.009790
 896.000000  0.007788
 897.000000  0.009765
 898.000000  0.007422
 899.000000  0.009765
 900.000000  0.007495
 901.000000  0.009765
 902.000000  0.009814
 903.000000  0.009741
 904.000000  0.007446
 905.000000  0.009668
 906.000000  0.009887
 907.000000  0.009668
 908.000000  0.009887
 909.000000  0.009668
 910.000000  0.007397
 911.000000  0.009643
 912.000000  0.007324
 913.000000  0.009570
 914.000000  0.007373
 915.000000  0.009619
 916.000000  0.007324
 917.000000  0.009716
 918.000000  0.009814
 919.000000  0.009594
 920.000000  0.009887
 921.000000  0.009692
 922.000000  0.007324
 923.000000  0.009497
 924.000000  0.007349
 925.000000  0.009692
 926.000000  0.007349
 927.000000  0.009668
 928.000000  0.007324
 929.000000  0.009668
 930.000000  0.007349
 931.000000  0.009741
 932.000000  0.007349
 933.000000  0.009741
 934.000000  0.007593
 935.000000  0.009838
 936.000000  0.009033
 937.000000  0.010693
 938.000000  0.009766
 939.000000  0.012109
 940.000000  0.009888
 941.000000  0.012207
 942.000000  0.010498
 943.000000  0.012426
 944.000000  0.012012
 945.000000  0.010937
 946.000000  0.014038
 947.000000  0.012622
 948.000000  0.010791
 949.000000  0.012207
 950.000000  0.012207
 951.000000  0.011377
 952.000000  0.009399
 953.000000  0.009765
 954.000000  0.007886
 955.000000  0.009765
 956.000000  0.007349
 957.000000  0.009741
 958.000000  0.007324
 959.000000  0.007275
 960.000000  0.007324
 961.000000  0.007178
 962.000000  0.009765
 963.000000  0.007153
 964.000000  0.007324
 965.000000  0.009668
 966.000000  0.007324
 967.000000  0.009692
 968.000000  0.007324
 969.000000  0.009716
 970.000000  0.009765
 971.000000  0.009668
 972.000000  0.007324
 973.000000  0.009668
 974.000000  0.007324
 975.000000  0.009692
 976.000000  0.007324
 977.000000  0.009545
 978.000000  0.007324
 979.000000  0.009570
 980.000000  0.007324
 981.000000  0.009741
 982.000000  0.007300
 983.000000  0.007275
 984.000000  0.007324
 985.000000  0.009643
 986.000000  0.007324
 987.000000  0.009472
 988.000000  0.009765
 989.000000  0.009594
 990.000000  0.007324
 991.000000  0.009448
 992.000000  0.007324
 993.000000  0.009643
 994.000000  0.007324
 995.000000  0.009570
 996.000000  0.007324
 997.000000  0.009570
 998.000000  0.009765
 999.000000  0.009375
 1000.000000  0.009765
 1001.000000  0.009619
 1002.000000  0.007324
 1003.000000  0.009277
 1004.000000  0.007324
 1005.000000  0.009423
 1006.000000  0.007324
 1007.000000  0.009448
 1008.000000  0.007324
 1009.000000  0.009497
 1010.000000  0.007300
 1011.000000  0.009497
 1012.000000  0.007324
 1013.000000  0.009521
 1014.000000  0.007324
 1015.000000  0.009375
 1016.000000  0.007251
 1017.000000  0.009472
 1018.000000  0.007251
 1019.000000  0.009423
 1020.000000  0.007275
 1021.000000  0.009472
 1022.000000  0.007324
 1023.000000  0.009423
