 0.000000  0.007568
 1.000000  0.007324
 2.000000  0.007495
 3.000000  0.007324
 4.000000  0.007666
 5.000000  0.007324
 6.000000  0.007690
 7.000000  0.007324
 8.000000  0.007812
 9.000000  0.007324
 10.000000  0.007544
 11.000000  0.007324
 12.000000  0.007690
 13.000000  0.007324
 14.000000  0.007690
 15.000000  0.007324
 16.000000  0.007715
 17.000000  0.007324
 18.000000  0.007715
 19.000000  0.007324
 20.000000  0.007397
 21.000000  0.007324
 22.000000  0.007568
 23.000000  0.007324
 24.000000  0.007642
 25.000000  0.007324
 26.000000  0.008130
 27.000000  0.009765
 28.000000  0.007690
 29.000000  0.007324
 30.000000  0.007471
 31.000000  0.007324
 32.000000  0.007764
 33.000000  0.007324
 34.000000  0.007764
 35.000000  0.007324
 36.000000  0.007715
 37.000000  0.007324
 38.000000  0.007788
 39.000000  0.009765
 40.000000  0.007715
 41.000000  0.007349
 42.000000  0.007617
 43.000000  0.007324
 44.000000  0.007910
 45.000000  0.007324
 46.000000  0.007812
 47.000000  0.007324
 48.000000  0.007812
 49.000000  0.007324
 50.000000  0.007446
 51.000000  0.007324
 52.000000  0.007544
 53.000000  0.007324
 54.000000  0.007568
 55.000000  0.007324
 56.000000  0.007837
 57.000000  0.007324
 58.000000  0.007812
 59.000000  0.009765
 60.000000  0.007788
 61.000000  0.009790
 62.000000  0.007666
 63.000000  0.007324
 64.000000  0.007715
 65.000000  0.007324
 66.000000  0.007690
 67.000000  0.009765
 68.000000  0.007690
 69.000000  0.007300
 70.000000  0.007446
 71.000000  0.007202
 72.000000  0.007812
 73.000000  0.007324
 74.000000  0.008276
 75.000000  0.007471
 76.000000  0.008447
 77.000000  0.007373
 78.000000  0.007666
 79.000000  0.007422
 80.000000  0.008227
 81.000000  0.007324
 82.000000  0.007788
 83.000000  0.007397
 84.000000  0.007764
 85.000000  0.007300
 86.000000  0.007812
 87.000000  0.007422
 88.000000  0.007837
 89.000000  0.007324
 90.000000  0.007788
 91.000000  0.007324
 92.000000  0.007861
 93.000000  0.007300
 94.000000  0.007642
 95.000000  0.007349
 96.000000  0.007812
 97.000000  0.007349
 98.000000  0.008081
 99.000000  0.007324
 100.000000  0.007788
 101.000000  0.009765
 102.000000  0.007642
 103.000000  0.009765
 104.000000  0.007666
 105.000000  0.007349
 106.000000  0.008105
 107.000000  0.007324
 108.000000  0.007837
 109.000000  0.009765
 110.000000  0.007861
 111.000000  0.007324
 112.000000  0.007617
 113.000000  0.007324
 114.000000  0.007642
 115.000000  0.007324
 116.000000  0.007642
 117.000000  0.007324
 118.000000  0.007886
 119.000000  0.007324
 120.000000  0.007739
 121.000000  0.007324
 122.000000  0.007715
 123.000000  0.007324
 124.000000  0.007617
 125.000000  0.007324
 126.000000  0.007690
 127.000000  0.009765
 128.000000  0.007617
 129.000000  0.007324
 130.000000  0.007715
 131.000000  0.009765
 132.000000  0.007422
 133.000000  0.007324
 134.000000  0.007617
 135.000000  0.009765
 136.000000  0.007593
 137.000000  0.007324
 138.000000  0.007568
 139.000000  0.007324
 140.000000  0.007715
 141.000000  0.007324
 142.000000  0.007568
 143.000000  0.007324
 144.000000  0.007446
 145.000000  0.009765
 146.000000  0.007471
 147.000000  0.007324
 148.000000  0.007495
 149.000000  0.009765
 150.000000  0.007471
 151.000000  0.007324
 152.000000  0.007471
 153.000000  0.007324
 154.000000  0.007471
 155.000000  0.007324
 156.000000  0.007495
 157.000000  0.009765
 158.000000  0.007446
 159.000000  0.007324
 160.000000  0.007544
 161.000000  0.007324
 162.000000  0.007422
 163.000000  0.007324
 164.000000  0.007349
 165.000000  0.007324
 166.000000  0.007422
 167.000000  0.007324
 168.000000  0.007373
 169.000000  0.009765
 170.000000  0.007544
 171.000000  0.007324
 172.000000  0.007397
 173.000000  0.007324
 174.000000  0.007397
 175.000000  0.007324
 176.000000  0.007471
 177.000000  0.007324
 178.000000  0.007397
 179.000000  0.009765
 180.000000  0.007397
 181.000000  0.007324
 182.000000  0.007422
 183.000000  0.007324
 184.000000  0.007471
 185.000000  0.007324
 186.000000  0.007519
 187.000000  0.007324
 188.000000  0.007471
 189.000000  0.007324
 190.000000  0.007422
 191.000000  0.007324
 192.000000  0.007422
 193.000000  0.007324
 194.000000  0.007324
 195.000000  0.007324
 196.000000  0.009961
 197.000000  0.007324
 198.000000  0.007373
 199.000000  0.009765
 200.000000  0.007397
 201.000000  0.009765
 202.000000  0.007471
 203.000000  0.007324
 204.000000  0.007471
 205.000000  0.007324
 206.000000  0.007373
 207.000000  0.007324
 208.000000  0.007422
 209.000000  0.009765
 210.000000  0.007593
 211.000000  0.007324
 212.000000  0.007471
 213.000000  0.009765
 214.000000  0.007422
 215.000000  0.007275
 216.000000  0.007422
 217.000000  0.007324
 218.000000  0.007422
 219.000000  0.009765
 220.000000  0.007495
 221.000000  0.007324
 222.000000  0.007446
 223.000000  0.007324
 224.000000  0.007544
 225.000000  0.007324
 226.000000  0.007422
 227.000000  0.009887
 228.000000  0.007788
 229.000000  0.009838
 230.000000  0.007568
 231.000000  0.006934
 232.000000  0.007495
 233.000000  0.009668
 234.000000  0.008008
 235.000000  0.007324
 236.000000  0.007642
 237.000000  0.007251
 238.000000  0.007788
 239.000000  0.009594
 240.000000  0.007715
 241.000000  0.007178
 242.000000  0.007446
 243.000000  0.009716
 244.000000  0.007593
 245.000000  0.007349
 246.000000  0.007788
 247.000000  0.007349
 248.000000  0.009228
 249.000000  0.007983
 250.000000  0.009473
 251.000000  0.007935
 252.000000  0.009546
 253.000000  0.007983
 254.000000  0.009228
 255.000000  0.010449
 256.000000  0.009521
 257.000000  0.007471
 258.000000  0.008301
 259.000000  0.007324
 260.000000  0.007715
 261.000000  0.007324
 262.000000  0.007397
 263.000000  0.009765
 264.000000  0.007446
 265.000000  0.009765
 266.000000  0.007373
 267.000000  0.009765
 268.000000  0.007519
 269.000000  0.009765
 270.000000  0.007519
 271.000000  0.007324
 272.000000  0.007519
 273.000000  0.007300
 274.000000  0.007739
 275.000000  0.009790
 276.000000  0.007593
 277.000000  0.009765
 278.000000  0.007812
 279.000000  0.007349
 280.000000  0.007788
 281.000000  0.009765
 282.000000  0.007568
 283.000000  0.009765
 284.000000  0.007373
 285.000000  0.007324
 286.000000  0.007349
 287.000000  0.007324
 288.000000  0.007324
 289.000000  0.009741
 290.000000  0.007397
 291.000000  0.007300
 292.000000  0.007373
 293.000000  0.007324
 294.000000  0.007373
 295.000000  0.009765
 296.000000  0.007446
 297.000000  0.009765
 298.000000  0.007422
 299.000000  0.009765
 300.000000  0.007446
 301.000000  0.007324
 302.000000  0.007373
 303.000000  0.009765
 304.000000  0.007349
 305.000000  0.007324
 306.000000  0.007373
 307.000000  0.009765
 308.000000  0.007446
 309.000000  0.009741
 310.000000  0.007446
 311.000000  0.007324
 312.000000  0.007446
 313.000000  0.007324
 314.000000  0.007446
 315.000000  0.009765
 316.000000  0.007349
 317.000000  0.007324
 318.000000  0.007349
 319.000000  0.007324
 320.000000  0.007397
 321.000000  0.009765
 322.000000  0.007495
 323.000000  0.009765
 324.000000  0.007373
 325.000000  0.007324
 326.000000  0.007324
 327.000000  0.007324
 328.000000  0.007373
 329.000000  0.009765
 330.000000  0.007397
 331.000000  0.009765
 332.000000  0.007422
 333.000000  0.009765
 334.000000  0.007349
 335.000000  0.009765
 336.000000  0.007446
 337.000000  0.007324
 338.000000  0.007397
 339.000000  0.007324
 340.000000  0.007349
 341.000000  0.009765
 342.000000  0.009863
 343.000000  0.009765
 344.000000  0.007422
 345.000000  0.009765
 346.000000  0.007471
 347.000000  0.007324
 348.000000  0.007373
 349.000000  0.009765
 350.000000  0.007471
 351.000000  0.009765
 352.000000  0.008398
 353.000000  0.009765
 354.000000  0.008520
 355.000000  0.007324
 356.000000  0.008423
 357.000000  0.007397
 358.000000  0.008667
 359.000000  0.009765
 360.000000  0.008472
 361.000000  0.007324
 362.000000  0.007837
 363.000000  0.009765
 364.000000  0.007397
 365.000000  0.007324
 366.000000  0.007373
 367.000000  0.007324
 368.000000  0.007446
 369.000000  0.007324
 370.000000  0.007373
 371.000000  0.009765
 372.000000  0.007446
 373.000000  0.009765
 374.000000  0.007422
 375.000000  0.009765
 376.000000  0.007519
 377.000000  0.007324
 378.000000  0.007617
 379.000000  0.007324
 380.000000  0.007617
 381.000000  0.009765
 382.000000  0.007544
 383.000000  0.006958
 384.000000  0.007764
 385.000000  0.007275
 386.000000  0.008154
 387.000000  0.009863
 388.000000  0.008423
 389.000000  0.009790
 390.000000  0.007544
 391.000000  0.009594
 392.000000  0.007666
 393.000000  0.007349
 394.000000  0.007764
 395.000000  0.007373
 396.000000  0.007568
 397.000000  0.007324
 398.000000  0.007568
 399.000000  0.007300
 400.000000  0.007739
 401.000000  0.009741
 402.000000  0.007812
 403.000000  0.007397
 404.000000  0.008887
 405.000000  0.008569
 406.000000  0.009766
 407.000000  0.009155
 408.000000  0.009717
 409.000000  0.011401
 410.000000  0.009766
 411.000000  0.010839
 412.000000  0.009619
 413.000000  0.007983
 414.000000  0.009448
 415.000000  0.009887
 416.000000  0.007544
 417.000000  0.007324
 418.000000  0.007519
 419.000000  0.007300
 420.000000  0.007471
 421.000000  0.007324
 422.000000  0.007373
 423.000000  0.007324
 424.000000  0.007422
 425.000000  0.009765
 426.000000  0.007422
 427.000000  0.009765
 428.000000  0.007519
 429.000000  0.009765
 430.000000  0.007422
 431.000000  0.009765
 432.000000  0.007373
 433.000000  0.007324
 434.000000  0.007324
 435.000000  0.009765
 436.000000  0.007324
 437.000000  0.009765
 438.000000  0.007349
 439.000000  0.009765
 440.000000  0.007324
 441.000000  0.009741
 442.000000  0.007349
 443.000000  0.009765
 444.000000  0.007471
 445.000000  0.009765
 446.000000  0.007349
 447.000000  0.007324
 448.000000  0.007324
 449.000000  0.009765
 450.000000  0.007349
 451.000000  0.009741
 452.000000  0.007324
 453.000000  0.009741
 454.000000  0.007324
 455.000000  0.009765
 456.000000  0.007373
 457.000000  0.009741
 458.000000  0.007349
 459.000000  0.009765
 460.000000  0.007422
 461.000000  0.009765
 462.000000  0.007349
 463.000000  0.009741
 464.000000  0.007324
 465.000000  0.009765
 466.000000  0.007324
 467.000000  0.007275
 468.000000  0.007349
 469.000000  0.007324
 470.000000  0.007324
 471.000000  0.009765
 472.000000  0.007349
 473.000000  0.007324
 474.000000  0.007373
 475.000000  0.009765
 476.000000  0.007349
 477.000000  0.007324
 478.000000  0.007349
 479.000000  0.009765
 480.000000  0.007349
 481.000000  0.009765
 482.000000  0.007324
 483.000000  0.007324
 484.000000  0.007349
 485.000000  0.009765
 486.000000  0.007324
 487.000000  0.007300
 488.000000  0.007373
 489.000000  0.007324
 490.000000  0.007349
 491.000000  0.009741
 492.000000  0.007349
 493.000000  0.009741
 494.000000  0.007324
 495.000000  0.009765
 496.000000  0.007349
 497.000000  0.007324
 498.000000  0.007349
 499.000000  0.009741
 500.000000  0.007349
 501.000000  0.009765
 502.000000  0.007349
 503.000000  0.009716
 504.000000  0.007324
 505.000000  0.009765
 506.000000  0.007349
 507.000000  0.007324
 508.000000  0.007373
 509.000000  0.007300
 510.000000  0.007349
 511.000000  0.009765
 512.000000  0.007373
 513.000000  0.007300
 514.000000  0.007349
 515.000000  0.007324
 516.000000  0.007373
 517.000000  0.007251
 518.000000  0.007349
 519.000000  0.007251
 520.000000  0.007397
 521.000000  0.007300
 522.000000  0.007324
 523.000000  0.009765
 524.000000  0.007349
 525.000000  0.009741
 526.000000  0.007349
 527.000000  0.009619
 528.000000  0.007349
 529.000000  0.009692
 530.000000  0.007397
 531.000000  0.009741
 532.000000  0.007397
 533.000000  0.007275
 534.000000  0.007324
 535.000000  0.007324
 536.000000  0.007373
 537.000000  0.009692
 538.000000  0.007349
 539.000000  0.009814
 540.000000  0.007568
 541.000000  0.007227
 542.000000  0.007422
 543.000000  0.006958
 544.000000  0.007080
 545.000000  0.006860
 546.000000  0.007764
 547.000000  0.009692
 548.000000  0.007471
 549.000000  0.009619
 550.000000  0.007397
 551.000000  0.009619
 552.000000  0.007373
 553.000000  0.007251
 554.000000  0.007568
 555.000000  0.007300
 556.000000  0.007568
 557.000000  0.009741
 558.000000  0.007495
 559.000000  0.009741
 560.000000  0.007519
 561.000000  0.007275
 562.000000  0.007397
 563.000000  0.009741
 564.000000  0.007349
 565.000000  0.009692
 566.000000  0.007324
 567.000000  0.009741
 568.000000  0.007373
 569.000000  0.009765
 570.000000  0.007397
 571.000000  0.009668
 572.000000  0.007373
 573.000000  0.009765
 574.000000  0.007349
 575.000000  0.009765
 576.000000  0.007324
 577.000000  0.009692
 578.000000  0.007324
 579.000000  0.009668
 580.000000  0.007349
 581.000000  0.007275
 582.000000  0.007349
 583.000000  0.009716
 584.000000  0.007324
 585.000000  0.009741
 586.000000  0.007324
 587.000000  0.009765
 588.000000  0.007349
 589.000000  0.007300
 590.000000  0.007422
 591.000000  0.009741
 592.000000  0.007397
 593.000000  0.007300
 594.000000  0.007422
 595.000000  0.009765
 596.000000  0.009790
 597.000000  0.016845
 598.000000  0.016504
 599.000000  0.017089
 600.000000  0.015649
 601.000000  0.018505
 602.000000  0.017114
 603.000000  0.019531
 604.000000  0.017163
 605.000000  0.019458
 606.000000  0.017090
 607.000000  0.017138
 608.000000  0.012183
 609.000000  0.009912
 610.000000  0.007446
 611.000000  0.009765
 612.000000  0.009790
 613.000000  0.009765
 614.000000  0.009790
 615.000000  0.009765
 616.000000  0.007324
 617.000000  0.007324
 618.000000  0.007324
 619.000000  0.009741
 620.000000  0.007349
 621.000000  0.009765
 622.000000  0.007324
 623.000000  0.009765
 624.000000  0.009790
 625.000000  0.009692
 626.000000  0.007324
 627.000000  0.009765
 628.000000  0.007349
 629.000000  0.009741
 630.000000  0.007324
 631.000000  0.009765
 632.000000  0.007324
 633.000000  0.009765
 634.000000  0.007324
 635.000000  0.009741
 636.000000  0.007324
 637.000000  0.007275
 638.000000  0.007324
 639.000000  0.009716
 640.000000  0.007324
 641.000000  0.009692
 642.000000  0.007324
 643.000000  0.007251
 644.000000  0.009765
 645.000000  0.009668
 646.000000  0.009765
 647.000000  0.009692
 648.000000  0.007324
 649.000000  0.007300
 650.000000  0.007324
 651.000000  0.007275
 652.000000  0.007324
 653.000000  0.007324
 654.000000  0.007324
 655.000000  0.009765
 656.000000  0.007349
 657.000000  0.009741
 658.000000  0.007324
 659.000000  0.007300
 660.000000  0.007324
 661.000000  0.009765
 662.000000  0.007324
 663.000000  0.009741
 664.000000  0.009765
 665.000000  0.009741
 666.000000  0.009765
 667.000000  0.009692
 668.000000  0.007324
 669.000000  0.007324
 670.000000  0.007324
 671.000000  0.007300
 672.000000  0.007324
 673.000000  0.009741
 674.000000  0.009765
 675.000000  0.009716
 676.000000  0.007324
 677.000000  0.009716
 678.000000  0.007324
 679.000000  0.009716
 680.000000  0.007349
 681.000000  0.007275
 682.000000  0.007373
 683.000000  0.009692
 684.000000  0.007324
 685.000000  0.009692
 686.000000  0.007349
 687.000000  0.007300
 688.000000  0.009765
 689.000000  0.007251
 690.000000  0.009814
 691.000000  0.009668
 692.000000  0.007324
 693.000000  0.009692
 694.000000  0.007373
 695.000000  0.009375
 696.000000  0.009668
 697.000000  0.009692
 698.000000  0.007397
 699.000000  0.009716
 700.000000  0.007739
 701.000000  0.007202
 702.000000  0.007397
 703.000000  0.006763
 704.000000  0.009741
 705.000000  0.009497
 706.000000  0.007446
 707.000000  0.007129
 708.000000  0.007446
 709.000000  0.009399
 710.000000  0.007544
 711.000000  0.009570
 712.000000  0.007349
 713.000000  0.009692
 714.000000  0.007324
 715.000000  0.009643
 716.000000  0.007349
 717.000000  0.009668
 718.000000  0.007397
 719.000000  0.009643
 720.000000  0.007397
 721.000000  0.009692
 722.000000  0.007397
 723.000000  0.009716
 724.000000  0.007349
 725.000000  0.009643
 726.000000  0.007349
 727.000000  0.009594
 728.000000  0.007324
 729.000000  0.007227
 730.000000  0.007324
 731.000000  0.009668
 732.000000  0.007324
 733.000000  0.009741
 734.000000  0.009814
 735.000000  0.009765
 736.000000  0.007324
 737.000000  0.009741
 738.000000  0.007349
 739.000000  0.009741
 740.000000  0.007324
 741.000000  0.009716
 742.000000  0.007324
 743.000000  0.007300
 744.000000  0.007349
 745.000000  0.009692
 746.000000  0.007324
 747.000000  0.007275
 748.000000  0.007324
 749.000000  0.009570
 750.000000  0.007324
 751.000000  0.009668
 752.000000  0.009765
 753.000000  0.009765
 754.000000  0.007324
 755.000000  0.009619
 756.000000  0.007324
 757.000000  0.009619
 758.000000  0.007324
 759.000000  0.007275
 760.000000  0.007324
 761.000000  0.009692
 762.000000  0.007324
 763.000000  0.009643
 764.000000  0.007324
 765.000000  0.009716
 766.000000  0.007324
 767.000000  0.007202
 768.000000  0.007324
 769.000000  0.009692
 770.000000  0.007324
 771.000000  0.009545
 772.000000  0.007324
 773.000000  0.009545
 774.000000  0.009765
 775.000000  0.009545
 776.000000  0.009765
 777.000000  0.009619
 778.000000  0.007324
 779.000000  0.007202
 780.000000  0.007324
 781.000000  0.007129
 782.000000  0.009765
 783.000000  0.009545
 784.000000  0.007324
 785.000000  0.009472
 786.000000  0.007324
 787.000000  0.009472
 788.000000  0.009765
 789.000000  0.009472
 790.000000  0.007324
 791.000000  0.009594
 792.000000  0.007324
 793.000000  0.009594
 794.000000  0.007324
 795.000000  0.009692
 796.000000  0.007324
 797.000000  0.009619
 798.000000  0.007324
 799.000000  0.009545
 800.000000  0.007324
 801.000000  0.009643
 802.000000  0.009765
 803.000000  0.009692
 804.000000  0.007324
 805.000000  0.009668
 806.000000  0.007324
 807.000000  0.009716
 808.000000  0.009765
 809.000000  0.007178
 810.000000  0.007324
 811.000000  0.007275
 812.000000  0.007324
 813.000000  0.007153
 814.000000  0.007324
 815.000000  0.009643
 816.000000  0.007324
 817.000000  0.009643
 818.000000  0.007324
 819.000000  0.009643
 820.000000  0.007324
 821.000000  0.009594
 822.000000  0.007324
 823.000000  0.009545
 824.000000  0.009765
 825.000000  0.009423
 826.000000  0.007324
 827.000000  0.009448
 828.000000  0.007324
 829.000000  0.009545
 830.000000  0.007324
 831.000000  0.009375
 832.000000  0.007324
 833.000000  0.009472
 834.000000  0.007324
 835.000000  0.009472
 836.000000  0.009790
 837.000000  0.009497
 838.000000  0.007324
 839.000000  0.009350
 840.000000  0.007324
 841.000000  0.009472
 842.000000  0.009765
 843.000000  0.009545
 844.000000  0.007324
 845.000000  0.007056
 846.000000  0.009765
 847.000000  0.009594
 848.000000  0.007324
 849.000000  0.009521
 850.000000  0.007324
 851.000000  0.009497
 852.000000  0.007495
 853.000000  0.006982
 854.000000  0.009790
 855.000000  0.009228
 856.000000  0.006958
 857.000000  0.006103
 858.000000  0.007349
 859.000000  0.006860
 860.000000  0.009765
 861.000000  0.009033
 862.000000  0.007251
 863.000000  0.006860
 864.000000  0.007202
 865.000000  0.009350
 866.000000  0.009765
 867.000000  0.006958
 868.000000  0.007300
 869.000000  0.009350
 870.000000  0.007349
 871.000000  0.009545
 872.000000  0.007349
 873.000000  0.009472
 874.000000  0.007324
 875.000000  0.009497
 876.000000  0.007324
 877.000000  0.007031
 878.000000  0.007324
 879.000000  0.006982
 880.000000  0.007324
 881.000000  0.009594
 882.000000  0.007324
 883.000000  0.009350
 884.000000  0.007324
 885.000000  0.009594
 886.000000  0.007324
 887.000000  0.007007
 888.000000  0.007324
 889.000000  0.009448
 890.000000  0.007324
 891.000000  0.009521
 892.000000  0.007324
 893.000000  0.009570
 894.000000  0.007324
 895.000000  0.009326
 896.000000  0.007324
 897.000000  0.009619
 898.000000  0.007324
 899.000000  0.009521
 900.000000  0.007324
 901.000000  0.009497
 902.000000  0.009741
 903.000000  0.009570
 904.000000  0.007324
 905.000000  0.009497
 906.000000  0.009790
 907.000000  0.009448
 908.000000  0.009765
 909.000000  0.009643
 910.000000  0.007324
 911.000000  0.009448
 912.000000  0.007324
 913.000000  0.009619
 914.000000  0.007324
 915.000000  0.009594
 916.000000  0.007324
 917.000000  0.009594
 918.000000  0.009790
 919.000000  0.009594
 920.000000  0.009765
 921.000000  0.009497
 922.000000  0.007324
 923.000000  0.009497
 924.000000  0.007324
 925.000000  0.009497
 926.000000  0.007324
 927.000000  0.009594
 928.000000  0.007324
 929.000000  0.009570
 930.000000  0.007324
 931.000000  0.009619
 932.000000  0.007324
 933.000000  0.009668
 934.000000  0.007324
 935.000000  0.009521
 936.000000  0.007324
 937.000000  0.009570
 938.000000  0.007324
 939.000000  0.009423
 940.000000  0.007324
 941.000000  0.009545
 942.000000  0.007324
 943.000000  0.009570
 944.000000  0.007324
 945.000000  0.007178
 946.000000  0.009765
 947.000000  0.009619
 948.000000  0.007324
 949.000000  0.009692
 950.000000  0.009765
 951.000000  0.009668
 952.000000  0.007324
 953.000000  0.009619
 954.000000  0.007324
 955.000000  0.009619
 956.000000  0.007324
 957.000000  0.009692
 958.000000  0.007324
 959.000000  0.007251
 960.000000  0.007324
 961.000000  0.007153
 962.000000  0.009765
 963.000000  0.007227
 964.000000  0.007324
 965.000000  0.009594
 966.000000  0.007324
 967.000000  0.009570
 968.000000  0.007324
 969.000000  0.009692
 970.000000  0.009765
 971.000000  0.009570
 972.000000  0.007324
 973.000000  0.009594
 974.000000  0.007324
 975.000000  0.009741
 976.000000  0.007324
 977.000000  0.009545
 978.000000  0.007324
 979.000000  0.009594
 980.000000  0.007324
 981.000000  0.009692
 982.000000  0.007324
 983.000000  0.007153
 984.000000  0.007324
 985.000000  0.009716
 986.000000  0.007324
 987.000000  0.009545
 988.000000  0.009765
 989.000000  0.009619
 990.000000  0.007324
 991.000000  0.009423
 992.000000  0.007324
 993.000000  0.009619
 994.000000  0.007324
 995.000000  0.009716
 996.000000  0.007324
 997.000000  0.009668
 998.000000  0.009765
 999.000000  0.009570
 1000.000000  0.009765
 1001.000000  0.009448
 1002.000000  0.007300
 1003.000000  0.009521
 1004.000000  0.007324
 1005.000000  0.009521
 1006.000000  0.007324
 1007.000000  0.009497
 1008.000000  0.007153
 1009.000000  0.009228
 1010.000000  0.007275
 1011.000000  0.009521
 1012.000000  0.007373
 1013.000000  0.009497
 1014.000000  0.007275
 1015.000000  0.009057
 1016.000000  0.007251
 1017.000000  0.009399
 1018.000000  0.007275
 1019.000000  0.009301
 1020.000000  0.007251
 1021.000000  0.008911
 1022.000000  0.007300
 1023.000000  0.009423
