 0.000000  0.007324
 1.000000  0.007324
 2.000000  0.007324
 3.000000  0.009766
 4.000000  0.009766
 5.000000  0.009766
 6.000000  0.012207
 7.000000  0.024414
 8.000000  0.041504
 9.000000  0.046387
 10.000000  0.041504
 11.000000  0.036621
 12.000000  0.031738
 13.000000  0.019531
 14.000000  0.012207
 15.000000  0.009766
 16.000000  0.009766
 17.000000  0.009766
 18.000000  0.009766
 19.000000  0.007324
 20.000000  0.009766
 21.000000  0.007324
 22.000000  0.009766
 23.000000  0.007324
 24.000000  0.009766
 25.000000  0.007324
 26.000000  0.009766
 27.000000  0.009765
 28.000000  0.009766
 29.000000  0.007324
 30.000000  0.009766
 31.000000  0.007324
 32.000000  0.007324
 33.000000  0.007324
 34.000000  0.009766
 35.000000  0.007324
 36.000000  0.007324
 37.000000  0.009766
 38.000000  0.007324
 39.000000  0.009765
 40.000000  0.009766
 41.000000  0.007324
 42.000000  0.009766
 43.000000  0.007324
 44.000000  0.009766
 45.000000  0.007324
 46.000000  0.009766
 47.000000  0.007324
 48.000000  0.009766
 49.000000  0.007324
 50.000000  0.007324
 51.000000  0.007324
 52.000000  0.009766
 53.000000  0.007324
 54.000000  0.009766
 55.000000  0.007324
 56.000000  0.009766
 57.000000  0.007324
 58.000000  0.009766
 59.000000  0.012207
 60.000000  0.009766
 61.000000  0.012207
 62.000000  0.009766
 63.000000  0.009766
 64.000000  0.009766
 65.000000  0.009766
 66.000000  0.009766
 67.000000  0.012207
 68.000000  0.009766
 69.000000  0.009766
 70.000000  0.012207
 71.000000  0.012207
 72.000000  0.014648
 73.000000  0.019531
 74.000000  0.041504
 75.000000  0.117187
 76.000000  0.197754
 77.000000  0.212402
 78.000000  0.180664
 79.000000  0.144043
 80.000000  0.092773
 81.000000  0.026855
 82.000000  0.012207
 83.000000  0.009766
 84.000000  0.009766
 85.000000  0.009766
 86.000000  0.009766
 87.000000  0.007324
 88.000000  0.009766
 89.000000  0.009766
 90.000000  0.009766
 91.000000  0.007324
 92.000000  0.009766
 93.000000  0.007324
 94.000000  0.009766
 95.000000  0.007324
 96.000000  0.009766
 97.000000  0.007324
 98.000000  0.009766
 99.000000  0.007324
 100.000000  0.009766
 101.000000  0.009765
 102.000000  0.009766
 103.000000  0.009765
 104.000000  0.007324
 105.000000  0.007324
 106.000000  0.009766
 107.000000  0.007324
 108.000000  0.009766
 109.000000  0.009765
 110.000000  0.009766
 111.000000  0.007324
 112.000000  0.007324
 113.000000  0.007324
 114.000000  0.009766
 115.000000  0.007324
 116.000000  0.009766
 117.000000  0.007324
 118.000000  0.009766
 119.000000  0.007324
 120.000000  0.009766
 121.000000  0.007324
 122.000000  0.009766
 123.000000  0.007324
 124.000000  0.009766
 125.000000  0.007324
 126.000000  0.009766
 127.000000  0.009765
 128.000000  0.007324
 129.000000  0.007324
 130.000000  0.007324
 131.000000  0.009765
 132.000000  0.007324
 133.000000  0.007324
 134.000000  0.007324
 135.000000  0.009765
 136.000000  0.009766
 137.000000  0.007324
 138.000000  0.009766
 139.000000  0.007324
 140.000000  0.009766
 141.000000  0.007324
 142.000000  0.007324
 143.000000  0.007324
 144.000000  0.007324
 145.000000  0.009765
 146.000000  0.009766
 147.000000  0.007324
 148.000000  0.007324
 149.000000  0.009765
 150.000000  0.009766
 151.000000  0.007324
 152.000000  0.007324
 153.000000  0.009766
 154.000000  0.009766
 155.000000  0.007324
 156.000000  0.007324
 157.000000  0.009765
 158.000000  0.009766
 159.000000  0.007324
 160.000000  0.009766
 161.000000  0.009766
 162.000000  0.007324
 163.000000  0.007324
 164.000000  0.009766
 165.000000  0.007324
 166.000000  0.009766
 167.000000  0.007324
 168.000000  0.009766
 169.000000  0.012207
 170.000000  0.009766
 171.000000  0.009766
 172.000000  0.009766
 173.000000  0.007324
 174.000000  0.009766
 175.000000  0.009766
 176.000000  0.009766
 177.000000  0.009766
 178.000000  0.012207
 179.000000  0.012207
 180.000000  0.012207
 181.000000  0.012207
 182.000000  0.014648
 183.000000  0.017090
 184.000000  0.024414
 185.000000  0.053711
 186.000000  0.187988
 187.000000  0.373535
 188.000000  0.451660
 189.000000  0.361328
 190.000000  0.224609
 191.000000  0.075684
 192.000000  0.017090
 193.000000  0.012207
 194.000000  0.012207
 195.000000  0.012207
 196.000000  0.014648
 197.000000  0.009766
 198.000000  0.009766
 199.000000  0.012207
 200.000000  0.009766
 201.000000  0.012207
 202.000000  0.009766
 203.000000  0.009766
 204.000000  0.009766
 205.000000  0.009766
 206.000000  0.009766
 207.000000  0.009766
 208.000000  0.009766
 209.000000  0.012207
 210.000000  0.012207
 211.000000  0.009766
 212.000000  0.009766
 213.000000  0.012207
 214.000000  0.009766
 215.000000  0.009766
 216.000000  0.012207
 217.000000  0.012207
 218.000000  0.012207
 219.000000  0.014648
 220.000000  0.012207
 221.000000  0.014648
 222.000000  0.014648
 223.000000  0.014648
 224.000000  0.017090
 225.000000  0.019531
 226.000000  0.021973
 227.000000  0.029296
 228.000000  0.039062
 229.000000  0.087890
 230.000000  0.356445
 231.000000  0.876465
 232.000000  1.191406
 233.000000  0.998535
 234.000000  0.561523
 235.000000  0.156250
 236.000000  0.026855
 237.000000  0.019531
 238.000000  0.017090
 239.000000  0.017089
 240.000000  0.014648
 241.000000  0.012207
 242.000000  0.014648
 243.000000  0.014648
 244.000000  0.012207
 245.000000  0.009766
 246.000000  0.012207
 247.000000  0.009766
 248.000000  0.009766
 249.000000  0.009766
 250.000000  0.009766
 251.000000  0.009766
 252.000000  0.009766
 253.000000  0.009766
 254.000000  0.009766
 255.000000  0.012207
 256.000000  0.009766
 257.000000  0.009766
 258.000000  0.009766
 259.000000  0.009766
 260.000000  0.009766
 261.000000  0.007324
 262.000000  0.009766
 263.000000  0.009765
 264.000000  0.009766
 265.000000  0.009765
 266.000000  0.009766
 267.000000  0.009765
 268.000000  0.007324
 269.000000  0.009765
 270.000000  0.009766
 271.000000  0.007324
 272.000000  0.009766
 273.000000  0.007324
 274.000000  0.009766
 275.000000  0.009765
 276.000000  0.009766
 277.000000  0.012207
 278.000000  0.009766
 279.000000  0.007324
 280.000000  0.009766
 281.000000  0.009765
 282.000000  0.009766
 283.000000  0.009765
 284.000000  0.007324
 285.000000  0.007324
 286.000000  0.007324
 287.000000  0.009766
 288.000000  0.009766
 289.000000  0.009765
 290.000000  0.009766
 291.000000  0.007324
 292.000000  0.009766
 293.000000  0.007324
 294.000000  0.007324
 295.000000  0.009765
 296.000000  0.007324
 297.000000  0.009765
 298.000000  0.007324
 299.000000  0.009765
 300.000000  0.009766
 301.000000  0.007324
 302.000000  0.007324
 303.000000  0.009765
 304.000000  0.009766
 305.000000  0.007324
 306.000000  0.007324
 307.000000  0.009765
 308.000000  0.009766
 309.000000  0.009765
 310.000000  0.009766
 311.000000  0.007324
 312.000000  0.007324
 313.000000  0.007324
 314.000000  0.007324
 315.000000  0.009765
 316.000000  0.009766
 317.000000  0.007324
 318.000000  0.009766
 319.000000  0.007324
 320.000000  0.007324
 321.000000  0.009765
 322.000000  0.007324
 323.000000  0.009765
 324.000000  0.009766
 325.000000  0.007324
 326.000000  0.007324
 327.000000  0.007324
 328.000000  0.007324
 329.000000  0.012207
 330.000000  0.009766
 331.000000  0.009765
 332.000000  0.007324
 333.000000  0.009765
 334.000000  0.007324
 335.000000  0.009765
 336.000000  0.009766
 337.000000  0.007324
 338.000000  0.007324
 339.000000  0.007324
 340.000000  0.007324
 341.000000  0.009765
 342.000000  0.009765
 343.000000  0.009765
 344.000000  0.007324
 345.000000  0.009765
 346.000000  0.007324
 347.000000  0.007324
 348.000000  0.007324
 349.000000  0.009765
 350.000000  0.007324
 351.000000  0.009765
 352.000000  0.009766
 353.000000  0.009765
 354.000000  0.007324
 355.000000  0.007324
 356.000000  0.009766
 357.000000  0.007324
 358.000000  0.007324
 359.000000  0.009765
 360.000000  0.009766
 361.000000  0.007324
 362.000000  0.007324
 363.000000  0.009765
 364.000000  0.007324
 365.000000  0.007324
 366.000000  0.007324
 367.000000  0.007324
 368.000000  0.007324
 369.000000  0.007324
 370.000000  0.007324
 371.000000  0.009765
 372.000000  0.007324
 373.000000  0.009765
 374.000000  0.009766
 375.000000  0.009765
 376.000000  0.009766
 377.000000  0.007324
 378.000000  0.009766
 379.000000  0.007324
 380.000000  0.007324
 381.000000  0.009765
 382.000000  0.007324
 383.000000  0.007324
 384.000000  0.009766
 385.000000  0.007324
 386.000000  0.009766
 387.000000  0.009765
 388.000000  0.007324
 389.000000  0.009765
 390.000000  0.007324
 391.000000  0.009765
 392.000000  0.009766
 393.000000  0.007324
 394.000000  0.007324
 395.000000  0.007324
 396.000000  0.007324
 397.000000  0.007324
 398.000000  0.007324
 399.000000  0.007324
 400.000000  0.009766
 401.000000  0.009765
 402.000000  0.007324
 403.000000  0.007324
 404.000000  0.007324
 405.000000  0.007324
 406.000000  0.007324
 407.000000  0.007324
 408.000000  0.007324
 409.000000  0.009765
 410.000000  0.009766
 411.000000  0.009765
 412.000000  0.009766
 413.000000  0.007324
 414.000000  0.007324
 415.000000  0.009765
 416.000000  0.007324
 417.000000  0.007324
 418.000000  0.009766
 419.000000  0.007324
 420.000000  0.007324
 421.000000  0.007324
 422.000000  0.007324
 423.000000  0.007324
 424.000000  0.009766
 425.000000  0.009765
 426.000000  0.007324
 427.000000  0.009765
 428.000000  0.007324
 429.000000  0.009765
 430.000000  0.007324
 431.000000  0.009765
 432.000000  0.007324
 433.000000  0.007324
 434.000000  0.007324
 435.000000  0.009765
 436.000000  0.009766
 437.000000  0.009765
 438.000000  0.007324
 439.000000  0.009765
 440.000000  0.007324
 441.000000  0.009765
 442.000000  0.007324
 443.000000  0.009765
 444.000000  0.007324
 445.000000  0.009765
 446.000000  0.009766
 447.000000  0.007324
 448.000000  0.009766
 449.000000  0.009765
 450.000000  0.009766
 451.000000  0.012207
 452.000000  0.009766
 453.000000  0.009765
 454.000000  0.009766
 455.000000  0.009765
 456.000000  0.009766
 457.000000  0.012207
 458.000000  0.009766
 459.000000  0.012207
 460.000000  0.012207
 461.000000  0.014648
 462.000000  0.012207
 463.000000  0.014648
 464.000000  0.014648
 465.000000  0.017089
 466.000000  0.017090
 467.000000  0.019531
 468.000000  0.024414
 469.000000  0.036621
 470.000000  0.134277
 471.000000  0.629882
 472.000000  1.154785
 473.000000  0.654297
 474.000000  0.092773
 475.000000  0.026855
 476.000000  0.019531
 477.000000  0.014648
 478.000000  0.014648
 479.000000  0.014648
 480.000000  0.012207
 481.000000  0.012207
 482.000000  0.012207
 483.000000  0.009766
 484.000000  0.009766
 485.000000  0.012207
 486.000000  0.009766
 487.000000  0.009766
 488.000000  0.009766
 489.000000  0.009766
 490.000000  0.009766
 491.000000  0.009765
 492.000000  0.007324
 493.000000  0.009765
 494.000000  0.009766
 495.000000  0.009765
 496.000000  0.009766
 497.000000  0.007324
 498.000000  0.009766
 499.000000  0.012207
 500.000000  0.009766
 501.000000  0.009765
 502.000000  0.007324
 503.000000  0.009765
 504.000000  0.009766
 505.000000  0.009765
 506.000000  0.009766
 507.000000  0.007324
 508.000000  0.007324
 509.000000  0.007324
 510.000000  0.009766
 511.000000  0.009765
 512.000000  0.009766
 513.000000  0.007324
 514.000000  0.007324
 515.000000  0.007324
 516.000000  0.009766
 517.000000  0.007324
 518.000000  0.007324
 519.000000  0.007324
 520.000000  0.009766
 521.000000  0.009766
 522.000000  0.009766
 523.000000  0.012207
 524.000000  0.009766
 525.000000  0.012207
 526.000000  0.012207
 527.000000  0.014648
 528.000000  0.014648
 529.000000  0.019531
 530.000000  0.024414
 531.000000  0.061035
 532.000000  0.214844
 533.000000  0.388184
 534.000000  0.202637
 535.000000  0.031738
 536.000000  0.017090
 537.000000  0.014648
 538.000000  0.012207
 539.000000  0.012207
 540.000000  0.009766
 541.000000  0.009766
 542.000000  0.009766
 543.000000  0.007324
 544.000000  0.009766
 545.000000  0.009766
 546.000000  0.009766
 547.000000  0.009765
 548.000000  0.009766
 549.000000  0.009765
 550.000000  0.009766
 551.000000  0.009765
 552.000000  0.007324
 553.000000  0.007324
 554.000000  0.007324
 555.000000  0.007324
 556.000000  0.007324
 557.000000  0.009765
 558.000000  0.007324
 559.000000  0.009765
 560.000000  0.007324
 561.000000  0.007324
 562.000000  0.007324
 563.000000  0.009765
 564.000000  0.007324
 565.000000  0.009765
 566.000000  0.007324
 567.000000  0.009765
 568.000000  0.007324
 569.000000  0.009765
 570.000000  0.007324
 571.000000  0.009765
 572.000000  0.007324
 573.000000  0.009765
 574.000000  0.007324
 575.000000  0.009765
 576.000000  0.007324
 577.000000  0.009765
 578.000000  0.007324
 579.000000  0.009765
 580.000000  0.007324
 581.000000  0.007324
 582.000000  0.007324
 583.000000  0.009765
 584.000000  0.007324
 585.000000  0.009765
 586.000000  0.007324
 587.000000  0.009765
 588.000000  0.007324
 589.000000  0.007324
 590.000000  0.007324
 591.000000  0.009765
 592.000000  0.007324
 593.000000  0.007324
 594.000000  0.007324
 595.000000  0.009765
 596.000000  0.007324
 597.000000  0.009765
 598.000000  0.007324
 599.000000  0.009765
 600.000000  0.007324
 601.000000  0.009765
 602.000000  0.007324
 603.000000  0.009765
 604.000000  0.007324
 605.000000  0.009765
 606.000000  0.007324
 607.000000  0.009765
 608.000000  0.007324
 609.000000  0.009765
 610.000000  0.007324
 611.000000  0.009765
 612.000000  0.009765
 613.000000  0.009765
 614.000000  0.009765
 615.000000  0.009765
 616.000000  0.007324
 617.000000  0.007324
 618.000000  0.007324
 619.000000  0.009765
 620.000000  0.007324
 621.000000  0.009765
 622.000000  0.007324
 623.000000  0.009765
 624.000000  0.009765
 625.000000  0.009765
 626.000000  0.007324
 627.000000  0.009765
 628.000000  0.007324
 629.000000  0.009765
 630.000000  0.007324
 631.000000  0.009765
 632.000000  0.007324
 633.000000  0.009765
 634.000000  0.007324
 635.000000  0.009765
 636.000000  0.007324
 637.000000  0.007324
 638.000000  0.007324
 639.000000  0.009765
 640.000000  0.007324
 641.000000  0.009765
 642.000000  0.009766
 643.000000  0.007324
 644.000000  0.009765
 645.000000  0.009765
 646.000000  0.009765
 647.000000  0.009765
 648.000000  0.009766
 649.000000  0.007324
 650.000000  0.007324
 651.000000  0.007324
 652.000000  0.007324
 653.000000  0.007324
 654.000000  0.007324
 655.000000  0.009765
 656.000000  0.007324
 657.000000  0.009765
 658.000000  0.007324
 659.000000  0.007324
 660.000000  0.007324
 661.000000  0.009765
 662.000000  0.007324
 663.000000  0.009765
 664.000000  0.012207
 665.000000  0.009765
 666.000000  0.009765
 667.000000  0.009765
 668.000000  0.007324
 669.000000  0.007324
 670.000000  0.007324
 671.000000  0.007324
 672.000000  0.009766
 673.000000  0.009765
 674.000000  0.012207
 675.000000  0.009765
 676.000000  0.009766
 677.000000  0.012207
 678.000000  0.009766
 679.000000  0.012207
 680.000000  0.012207
 681.000000  0.012207
 682.000000  0.014648
 683.000000  0.021972
 684.000000  0.061035
 685.000000  0.219726
 686.000000  0.378418
 687.000000  0.266113
 688.000000  0.078125
 689.000000  0.021973
 690.000000  0.019531
 691.000000  0.014648
 692.000000  0.012207
 693.000000  0.012207
 694.000000  0.009766
 695.000000  0.012207
 696.000000  0.012207
 697.000000  0.009765
 698.000000  0.007324
 699.000000  0.009765
 700.000000  0.009766
 701.000000  0.007324
 702.000000  0.009766
 703.000000  0.007324
 704.000000  0.012207
 705.000000  0.009765
 706.000000  0.007324
 707.000000  0.007324
 708.000000  0.007324
 709.000000  0.009765
 710.000000  0.007324
 711.000000  0.009765
 712.000000  0.009766
 713.000000  0.009765
 714.000000  0.007324
 715.000000  0.009765
 716.000000  0.007324
 717.000000  0.009765
 718.000000  0.007324
 719.000000  0.009765
 720.000000  0.007324
 721.000000  0.009765
 722.000000  0.007324
 723.000000  0.009765
 724.000000  0.007324
 725.000000  0.009765
 726.000000  0.007324
 727.000000  0.009765
 728.000000  0.007324
 729.000000  0.007324
 730.000000  0.007324
 731.000000  0.009765
 732.000000  0.007324
 733.000000  0.009765
 734.000000  0.009765
 735.000000  0.009765
 736.000000  0.007324
 737.000000  0.009765
 738.000000  0.007324
 739.000000  0.009765
 740.000000  0.007324
 741.000000  0.009765
 742.000000  0.007324
 743.000000  0.007324
 744.000000  0.007324
 745.000000  0.009765
 746.000000  0.007324
 747.000000  0.007324
 748.000000  0.007324
 749.000000  0.009765
 750.000000  0.007324
 751.000000  0.009765
 752.000000  0.009765
 753.000000  0.009765
 754.000000  0.007324
 755.000000  0.009765
 756.000000  0.007324
 757.000000  0.009765
 758.000000  0.007324
 759.000000  0.007324
 760.000000  0.007324
 761.000000  0.009765
 762.000000  0.007324
 763.000000  0.009765
 764.000000  0.007324
 765.000000  0.009765
 766.000000  0.007324
 767.000000  0.007324
 768.000000  0.007324
 769.000000  0.009765
 770.000000  0.007324
 771.000000  0.009765
 772.000000  0.007324
 773.000000  0.009765
 774.000000  0.009765
 775.000000  0.009765
 776.000000  0.009765
 777.000000  0.009765
 778.000000  0.007324
 779.000000  0.007324
 780.000000  0.007324
 781.000000  0.007324
 782.000000  0.009765
 783.000000  0.009765
 784.000000  0.007324
 785.000000  0.009765
 786.000000  0.007324
 787.000000  0.009765
 788.000000  0.009765
 789.000000  0.009765
 790.000000  0.007324
 791.000000  0.009765
 792.000000  0.007324
 793.000000  0.009765
 794.000000  0.007324
 795.000000  0.009765
 796.000000  0.007324
 797.000000  0.009765
 798.000000  0.007324
 799.000000  0.009765
 800.000000  0.007324
 801.000000  0.009765
 802.000000  0.012207
 803.000000  0.009765
 804.000000  0.007324
 805.000000  0.007324
 806.000000  0.007324
 807.000000  0.009765
 808.000000  0.009765
 809.000000  0.007324
 810.000000  0.009766
 811.000000  0.007324
 812.000000  0.007324
 813.000000  0.007324
 814.000000  0.007324
 815.000000  0.009765
 816.000000  0.007324
 817.000000  0.009765
 818.000000  0.007324
 819.000000  0.009765
 820.000000  0.007324
 821.000000  0.009765
 822.000000  0.007324
 823.000000  0.009765
 824.000000  0.009765
 825.000000  0.009765
 826.000000  0.007324
 827.000000  0.009765
 828.000000  0.007324
 829.000000  0.009765
 830.000000  0.007324
 831.000000  0.009765
 832.000000  0.007324
 833.000000  0.009765
 834.000000  0.007324
 835.000000  0.009765
 836.000000  0.009765
 837.000000  0.009765
 838.000000  0.007324
 839.000000  0.009765
 840.000000  0.007324
 841.000000  0.009765
 842.000000  0.009765
 843.000000  0.009765
 844.000000  0.007324
 845.000000  0.007324
 846.000000  0.009765
 847.000000  0.009765
 848.000000  0.007324
 849.000000  0.009765
 850.000000  0.007324
 851.000000  0.009765
 852.000000  0.007324
 853.000000  0.007324
 854.000000  0.009765
 855.000000  0.009765
 856.000000  0.007324
 857.000000  0.007324
 858.000000  0.009766
 859.000000  0.007324
 860.000000  0.012207
 861.000000  0.012207
 862.000000  0.009766
 863.000000  0.009766
 864.000000  0.012207
 865.000000  0.017089
 866.000000  0.019531
 867.000000  0.026855
 868.000000  0.070801
 869.000000  0.163574
 870.000000  0.234375
 871.000000  0.256347
 872.000000  0.217285
 873.000000  0.112304
 874.000000  0.039062
 875.000000  0.019531
 876.000000  0.014648
 877.000000  0.012207
 878.000000  0.012207
 879.000000  0.009766
 880.000000  0.009766
 881.000000  0.012207
 882.000000  0.007324
 883.000000  0.009765
 884.000000  0.007324
 885.000000  0.009765
 886.000000  0.007324
 887.000000  0.007324
 888.000000  0.009766
 889.000000  0.009765
 890.000000  0.009766
 891.000000  0.009765
 892.000000  0.007324
 893.000000  0.009765
 894.000000  0.007324
 895.000000  0.009765
 896.000000  0.007324
 897.000000  0.009765
 898.000000  0.007324
 899.000000  0.009765
 900.000000  0.007324
 901.000000  0.009765
 902.000000  0.009765
 903.000000  0.009765
 904.000000  0.007324
 905.000000  0.009765
 906.000000  0.009765
 907.000000  0.009765
 908.000000  0.009765
 909.000000  0.009765
 910.000000  0.007324
 911.000000  0.009765
 912.000000  0.007324
 913.000000  0.009765
 914.000000  0.007324
 915.000000  0.009765
 916.000000  0.007324
 917.000000  0.009765
 918.000000  0.009765
 919.000000  0.009765
 920.000000  0.009765
 921.000000  0.009765
 922.000000  0.007324
 923.000000  0.009765
 924.000000  0.007324
 925.000000  0.009765
 926.000000  0.007324
 927.000000  0.009765
 928.000000  0.007324
 929.000000  0.009765
 930.000000  0.007324
 931.000000  0.009765
 932.000000  0.007324
 933.000000  0.009765
 934.000000  0.007324
 935.000000  0.009765
 936.000000  0.007324
 937.000000  0.009765
 938.000000  0.007324
 939.000000  0.009765
 940.000000  0.007324
 941.000000  0.009765
 942.000000  0.007324
 943.000000  0.009765
 944.000000  0.007324
 945.000000  0.007324
 946.000000  0.009765
 947.000000  0.009765
 948.000000  0.007324
 949.000000  0.009765
 950.000000  0.012207
 951.000000  0.009765
 952.000000  0.007324
 953.000000  0.009765
 954.000000  0.009766
 955.000000  0.012207
 956.000000  0.012207
 957.000000  0.019531
 958.000000  0.031738
 959.000000  0.056152
 960.000000  0.078125
 961.000000  0.090332
 962.000000  0.097656
 963.000000  0.078125
 964.000000  0.039062
 965.000000  0.024414
 966.000000  0.014648
 967.000000  0.014648
 968.000000  0.012207
 969.000000  0.012207
 970.000000  0.012207
 971.000000  0.009765
 972.000000  0.009766
 973.000000  0.009765
 974.000000  0.007324
 975.000000  0.009765
 976.000000  0.007324
 977.000000  0.009765
 978.000000  0.007324
 979.000000  0.009765
 980.000000  0.007324
 981.000000  0.009765
 982.000000  0.007324
 983.000000  0.007324
 984.000000  0.007324
 985.000000  0.009765
 986.000000  0.007324
 987.000000  0.009765
 988.000000  0.009765
 989.000000  0.009765
 990.000000  0.007324
 991.000000  0.009765
 992.000000  0.007324
 993.000000  0.009765
 994.000000  0.007324
 995.000000  0.009765
 996.000000  0.007324
 997.000000  0.009765
 998.000000  0.009765
 999.000000  0.009765
 1000.000000  0.009765
 1001.000000  0.009765
 1002.000000  0.007324
 1003.000000  0.009765
 1004.000000  0.007324
 1005.000000  0.009765
 1006.000000  0.007324
 1007.000000  0.009765
 1008.000000  0.007324
 1009.000000  0.009765
 1010.000000  0.007324
 1011.000000  0.009765
 1012.000000  0.007324
 1013.000000  0.009765
 1014.000000  0.007324
 1015.000000  0.009765
 1016.000000  0.007324
 1017.000000  0.009765
 1018.000000  0.007324
 1019.000000  0.009765
 1020.000000  0.007324
 1021.000000  0.009765
 1022.000000  0.007324
 1023.000000  0.009765
