 0.000000  0.008179
 1.000000  0.007422
 2.000000  0.007690
 3.000000  0.007349
 4.000000  0.008154
 5.000000  0.007324
 6.000000  0.008276
 7.000000  0.007373
 8.000000  0.008105
 9.000000  0.007349
 10.000000  0.008081
 11.000000  0.007373
 12.000000  0.008350
 13.000000  0.007349
 14.000000  0.008398
 15.000000  0.007373
 16.000000  0.008105
 17.000000  0.007422
 18.000000  0.008447
 19.000000  0.007446
 20.000000  0.007983
 21.000000  0.007373
 22.000000  0.008154
 23.000000  0.007373
 24.000000  0.008203
 25.000000  0.007300
 26.000000  0.008911
 27.000000  0.009814
 28.000000  0.008276
 29.000000  0.007422
 30.000000  0.008130
 31.000000  0.007422
 32.000000  0.008179
 33.000000  0.007373
 34.000000  0.008276
 35.000000  0.007446
 36.000000  0.008374
 37.000000  0.007349
 38.000000  0.008374
 39.000000  0.009863
 40.000000  0.008423
 41.000000  0.007422
 42.000000  0.008276
 43.000000  0.007349
 44.000000  0.008350
 45.000000  0.007300
 46.000000  0.008520
 47.000000  0.007471
 48.000000  0.008252
 49.000000  0.007446
 50.000000  0.007983
 51.000000  0.007349
 52.000000  0.008032
 53.000000  0.007397
 54.000000  0.008154
 55.000000  0.007446
 56.000000  0.008325
 57.000000  0.007397
 58.000000  0.008643
 59.000000  0.009765
 60.000000  0.008301
 61.000000  0.009741
 62.000000  0.007959
 63.000000  0.007397
 64.000000  0.008276
 65.000000  0.007373
 66.000000  0.008301
 67.000000  0.009790
 68.000000  0.008179
 69.000000  0.007349
 70.000000  0.008154
 71.000000  0.007349
 72.000000  0.008130
 73.000000  0.007349
 74.000000  0.008057
 75.000000  0.007349
 76.000000  0.008374
 77.000000  0.007349
 78.000000  0.008154
 79.000000  0.007349
 80.000000  0.008520
 81.000000  0.007373
 82.000000  0.007959
 83.000000  0.007324
 84.000000  0.008057
 85.000000  0.007349
 86.000000  0.008032
 87.000000  0.007373
 88.000000  0.008301
 89.000000  0.007324
 90.000000  0.008130
 91.000000  0.007349
 92.000000  0.008105
 93.000000  0.007349
 94.000000  0.007959
 95.000000  0.007349
 96.000000  0.008276
 97.000000  0.007373
 98.000000  0.008325
 99.000000  0.007324
 100.000000  0.008203
 101.000000  0.009790
 102.000000  0.008008
 103.000000  0.009765
 104.000000  0.008179
 105.000000  0.007349
 106.000000  0.008447
 107.000000  0.007349
 108.000000  0.008350
 109.000000  0.009790
 110.000000  0.008203
 111.000000  0.007373
 112.000000  0.007910
 113.000000  0.007373
 114.000000  0.007837
 115.000000  0.007349
 116.000000  0.007959
 117.000000  0.007324
 118.000000  0.008398
 119.000000  0.007324
 120.000000  0.008252
 121.000000  0.007397
 122.000000  0.008179
 123.000000  0.007397
 124.000000  0.008154
 125.000000  0.007373
 126.000000  0.008008
 127.000000  0.009814
 128.000000  0.007959
 129.000000  0.007324
 130.000000  0.008276
 131.000000  0.009814
 132.000000  0.007935
 133.000000  0.007275
 134.000000  0.008130
 135.000000  0.009765
 136.000000  0.008154
 137.000000  0.007324
 138.000000  0.008203
 139.000000  0.007324
 140.000000  0.008008
 141.000000  0.007397
 142.000000  0.008008
 143.000000  0.007373
 144.000000  0.007764
 145.000000  0.009790
 146.000000  0.007861
 147.000000  0.007324
 148.000000  0.008374
 149.000000  0.009790
 150.000000  0.008032
 151.000000  0.007324
 152.000000  0.007837
 153.000000  0.007324
 154.000000  0.008105
 155.000000  0.007300
 156.000000  0.007983
 157.000000  0.009741
 158.000000  0.008130
 159.000000  0.007349
 160.000000  0.008252
 161.000000  0.007373
 162.000000  0.007935
 163.000000  0.007397
 164.000000  0.007861
 165.000000  0.007397
 166.000000  0.007886
 167.000000  0.007373
 168.000000  0.007861
 169.000000  0.009814
 170.000000  0.007812
 171.000000  0.007349
 172.000000  0.007666
 173.000000  0.007324
 174.000000  0.007837
 175.000000  0.007300
 176.000000  0.007715
 177.000000  0.007349
 178.000000  0.007861
 179.000000  0.009814
 180.000000  0.007642
 181.000000  0.007397
 182.000000  0.007935
 183.000000  0.007422
 184.000000  0.007983
 185.000000  0.007422
 186.000000  0.007837
 187.000000  0.007324
 188.000000  0.007935
 189.000000  0.007300
 190.000000  0.007910
 191.000000  0.007324
 192.000000  0.007910
 193.000000  0.007397
 194.000000  0.007886
 195.000000  0.007373
 196.000000  0.010473
 197.000000  0.007422
 198.000000  0.007910
 199.000000  0.009838
 200.000000  0.007886
 201.000000  0.009814
 202.000000  0.008081
 203.000000  0.007349
 204.000000  0.007690
 205.000000  0.007324
 206.000000  0.007886
 207.000000  0.007349
 208.000000  0.007715
 209.000000  0.009765
 210.000000  0.008350
 211.000000  0.007300
 212.000000  0.007837
 213.000000  0.009765
 214.000000  0.007690
 215.000000  0.007373
 216.000000  0.007837
 217.000000  0.007324
 218.000000  0.007812
 219.000000  0.009790
 220.000000  0.007715
 221.000000  0.007300
 222.000000  0.007764
 223.000000  0.007324
 224.000000  0.007715
 225.000000  0.007300
 226.000000  0.007666
 227.000000  0.009790
 228.000000  0.007983
 229.000000  0.009741
 230.000000  0.008008
 231.000000  0.007373
 232.000000  0.007935
 233.000000  0.009790
 234.000000  0.007861
 235.000000  0.007324
 236.000000  0.007764
 237.000000  0.007324
 238.000000  0.007837
 239.000000  0.009765
 240.000000  0.007861
 241.000000  0.007324
 242.000000  0.007715
 243.000000  0.009765
 244.000000  0.007568
 245.000000  0.007349
 246.000000  0.007739
 247.000000  0.007373
 248.000000  0.007935
 249.000000  0.007349
 250.000000  0.007642
 251.000000  0.007324
 252.000000  0.007861
 253.000000  0.007300
 254.000000  0.007617
 255.000000  0.009790
 256.000000  0.007690
 257.000000  0.007397
 258.000000  0.007666
 259.000000  0.007373
 260.000000  0.007837
 261.000000  0.007324
 262.000000  0.007690
 263.000000  0.009765
 264.000000  0.007837
 265.000000  0.009765
 266.000000  0.007690
 267.000000  0.009765
 268.000000  0.007642
 269.000000  0.009741
 270.000000  0.007739
 271.000000  0.007349
 272.000000  0.007593
 273.000000  0.007324
 274.000000  0.007935
 275.000000  0.009790
 276.000000  0.007568
 277.000000  0.009790
 278.000000  0.007812
 279.000000  0.007397
 280.000000  0.007715
 281.000000  0.009765
 282.000000  0.007861
 283.000000  0.009814
 284.000000  0.007861
 285.000000  0.007324
 286.000000  0.007642
 287.000000  0.007349
 288.000000  0.007788
 289.000000  0.009790
 290.000000  0.007739
 291.000000  0.007349
 292.000000  0.007788
 293.000000  0.007349
 294.000000  0.007690
 295.000000  0.009765
 296.000000  0.007764
 297.000000  0.009765
 298.000000  0.007910
 299.000000  0.009765
 300.000000  0.007788
 301.000000  0.007300
 302.000000  0.007642
 303.000000  0.009765
 304.000000  0.007837
 305.000000  0.007349
 306.000000  0.007617
 307.000000  0.009790
 308.000000  0.007935
 309.000000  0.009814
 310.000000  0.007837
 311.000000  0.007349
 312.000000  0.007861
 313.000000  0.007349
 314.000000  0.007910
 315.000000  0.009765
 316.000000  0.007764
 317.000000  0.007300
 318.000000  0.007886
 319.000000  0.007324
 320.000000  0.007690
 321.000000  0.009741
 322.000000  0.007739
 323.000000  0.009765
 324.000000  0.007715
 325.000000  0.007300
 326.000000  0.007593
 327.000000  0.007349
 328.000000  0.007764
 329.000000  0.009814
 330.000000  0.007788
 331.000000  0.009863
 332.000000  0.007593
 333.000000  0.009814
 334.000000  0.007739
 335.000000  0.009765
 336.000000  0.007715
 337.000000  0.007324
 338.000000  0.008057
 339.000000  0.007349
 340.000000  0.007837
 341.000000  0.009887
 342.000000  0.010107
 343.000000  0.009814
 344.000000  0.007739
 345.000000  0.009790
 346.000000  0.007983
 347.000000  0.007373
 348.000000  0.007764
 349.000000  0.009765
 350.000000  0.007886
 351.000000  0.009741
 352.000000  0.007715
 353.000000  0.009765
 354.000000  0.007764
 355.000000  0.007349
 356.000000  0.007690
 357.000000  0.007349
 358.000000  0.008032
 359.000000  0.009765
 360.000000  0.007910
 361.000000  0.007324
 362.000000  0.008008
 363.000000  0.009790
 364.000000  0.007593
 365.000000  0.007324
 366.000000  0.007959
 367.000000  0.007324
 368.000000  0.008008
 369.000000  0.007373
 370.000000  0.007886
 371.000000  0.009814
 372.000000  0.007812
 373.000000  0.009765
 374.000000  0.007715
 375.000000  0.009765
 376.000000  0.007959
 377.000000  0.007324
 378.000000  0.008301
 379.000000  0.007349
 380.000000  0.007739
 381.000000  0.009790
 382.000000  0.007788
 383.000000  0.007349
 384.000000  0.008008
 385.000000  0.007373
 386.000000  0.008032
 387.000000  0.009790
 388.000000  0.007739
 389.000000  0.009790
 390.000000  0.008203
 391.000000  0.009765
 392.000000  0.007983
 393.000000  0.007373
 394.000000  0.007739
 395.000000  0.007324
 396.000000  0.007812
 397.000000  0.007373
 398.000000  0.007886
 399.000000  0.007349
 400.000000  0.007788
 401.000000  0.009790
 402.000000  0.007788
 403.000000  0.007300
 404.000000  0.007935
 405.000000  0.007324
 406.000000  0.007788
 407.000000  0.007324
 408.000000  0.007935
 409.000000  0.009790
 410.000000  0.008032
 411.000000  0.009765
 412.000000  0.008179
 413.000000  0.007300
 414.000000  0.008398
 415.000000  0.009790
 416.000000  0.007886
 417.000000  0.007324
 418.000000  0.008130
 419.000000  0.007349
 420.000000  0.008081
 421.000000  0.007373
 422.000000  0.007837
 423.000000  0.007324
 424.000000  0.007837
 425.000000  0.009790
 426.000000  0.007886
 427.000000  0.009765
 428.000000  0.008032
 429.000000  0.009814
 430.000000  0.007983
 431.000000  0.009765
 432.000000  0.008081
 433.000000  0.007349
 434.000000  0.007886
 435.000000  0.009790
 436.000000  0.007568
 437.000000  0.009790
 438.000000  0.007959
 439.000000  0.009790
 440.000000  0.007959
 441.000000  0.009814
 442.000000  0.008081
 443.000000  0.009838
 444.000000  0.008154
 445.000000  0.009765
 446.000000  0.008032
 447.000000  0.007324
 448.000000  0.007739
 449.000000  0.009790
 450.000000  0.007983
 451.000000  0.009790
 452.000000  0.007886
 453.000000  0.009741
 454.000000  0.007861
 455.000000  0.009765
 456.000000  0.007935
 457.000000  0.009790
 458.000000  0.008105
 459.000000  0.009814
 460.000000  0.008105
 461.000000  0.009814
 462.000000  0.007812
 463.000000  0.009765
 464.000000  0.008154
 465.000000  0.009765
 466.000000  0.008179
 467.000000  0.007349
 468.000000  0.007886
 469.000000  0.007300
 470.000000  0.007935
 471.000000  0.009765
 472.000000  0.008105
 473.000000  0.007373
 474.000000  0.008252
 475.000000  0.009863
 476.000000  0.008374
 477.000000  0.007324
 478.000000  0.008032
 479.000000  0.009790
 480.000000  0.008154
 481.000000  0.009814
 482.000000  0.007983
 483.000000  0.007397
 484.000000  0.007764
 485.000000  0.009814
 486.000000  0.007861
 487.000000  0.007373
 488.000000  0.007959
 489.000000  0.007373
 490.000000  0.008130
 491.000000  0.009790
 492.000000  0.007959
 493.000000  0.009790
 494.000000  0.007983
 495.000000  0.009838
 496.000000  0.008008
 497.000000  0.007373
 498.000000  0.008008
 499.000000  0.009814
 500.000000  0.008130
 501.000000  0.009790
 502.000000  0.007910
 503.000000  0.009790
 504.000000  0.008252
 505.000000  0.009887
 506.000000  0.008081
 507.000000  0.007349
 508.000000  0.008350
 509.000000  0.007446
 510.000000  0.008325
 511.000000  0.009790
 512.000000  0.008008
 513.000000  0.007373
 514.000000  0.008032
 515.000000  0.007422
 516.000000  0.008057
 517.000000  0.007446
 518.000000  0.008252
 519.000000  0.007471
 520.000000  0.008447
 521.000000  0.007397
 522.000000  0.008276
 523.000000  0.009765
 524.000000  0.008423
 525.000000  0.009814
 526.000000  0.008496
 527.000000  0.009790
 528.000000  0.008496
 529.000000  0.009863
 530.000000  0.008643
 531.000000  0.009863
 532.000000  0.008594
 533.000000  0.007568
 534.000000  0.008618
 535.000000  0.007593
 536.000000  0.008667
 537.000000  0.009887
 538.000000  0.009082
 539.000000  0.009961
 540.000000  0.009155
 541.000000  0.007495
 542.000000  0.009473
 543.000000  0.007715
 544.000000  0.009399
 545.000000  0.007910
 546.000000  0.009546
 547.000000  0.010644
 548.000000  0.009668
 549.000000  0.011401
 550.000000  0.009766
 551.000000  0.011889
 552.000000  0.009766
 553.000000  0.010205
 554.000000  0.012964
 555.000000  0.013110
 556.000000  0.014136
 557.000000  0.015942
 558.000000  0.014746
 559.000000  0.022973
 560.000000  0.042505
 561.000000  0.063428
 562.000000  0.075317
 563.000000  0.065918
 564.000000  0.066895
 565.000000  0.072558
 566.000000  0.074512
 567.000000  0.075244
 568.000000  0.055322
 569.000000  0.035864
 570.000000  0.023926
 571.000000  0.018798
 572.000000  0.013599
 573.000000  0.013818
 574.000000  0.011108
 575.000000  0.012182
 576.000000  0.009766
 577.000000  0.011596
 578.000000  0.009741
 579.000000  0.011499
 580.000000  0.009668
 581.000000  0.008789
 582.000000  0.009570
 583.000000  0.010278
 584.000000  0.009497
 585.000000  0.010058
 586.000000  0.008887
 587.000000  0.010229
 588.000000  0.008813
 589.000000  0.007471
 590.000000  0.008960
 591.000000  0.009912
 592.000000  0.008911
 593.000000  0.007397
 594.000000  0.008936
 595.000000  0.009863
 596.000000  0.009155
 597.000000  0.009838
 598.000000  0.008545
 599.000000  0.009838
 600.000000  0.008154
 601.000000  0.009838
 602.000000  0.008179
 603.000000  0.009838
 604.000000  0.008594
 605.000000  0.009863
 606.000000  0.008618
 607.000000  0.009765
 608.000000  0.008862
 609.000000  0.009790
 610.000000  0.008374
 611.000000  0.009790
 612.000000  0.010620
 613.000000  0.009790
 614.000000  0.010620
 615.000000  0.009814
 616.000000  0.008154
 617.000000  0.007373
 618.000000  0.008008
 619.000000  0.009814
 620.000000  0.008374
 621.000000  0.009790
 622.000000  0.008154
 623.000000  0.009790
 624.000000  0.010449
 625.000000  0.009765
 626.000000  0.008008
 627.000000  0.009838
 628.000000  0.008350
 629.000000  0.009765
 630.000000  0.008008
 631.000000  0.009790
 632.000000  0.008032
 633.000000  0.009814
 634.000000  0.008203
 635.000000  0.009790
 636.000000  0.007910
 637.000000  0.007324
 638.000000  0.008032
 639.000000  0.009765
 640.000000  0.008447
 641.000000  0.009814
 642.000000  0.007959
 643.000000  0.007324
 644.000000  0.010473
 645.000000  0.009814
 646.000000  0.010522
 647.000000  0.009790
 648.000000  0.008252
 649.000000  0.007446
 650.000000  0.008032
 651.000000  0.007300
 652.000000  0.008350
 653.000000  0.007300
 654.000000  0.008154
 655.000000  0.009863
 656.000000  0.008008
 657.000000  0.009838
 658.000000  0.007690
 659.000000  0.007349
 660.000000  0.008130
 661.000000  0.009814
 662.000000  0.007983
 663.000000  0.009790
 664.000000  0.010083
 665.000000  0.009790
 666.000000  0.010620
 667.000000  0.009790
 668.000000  0.007788
 669.000000  0.007397
 670.000000  0.008154
 671.000000  0.007373
 672.000000  0.008252
 673.000000  0.009790
 674.000000  0.010351
 675.000000  0.009790
 676.000000  0.008203
 677.000000  0.009765
 678.000000  0.007739
 679.000000  0.009838
 680.000000  0.007910
 681.000000  0.007349
 682.000000  0.008081
 683.000000  0.009790
 684.000000  0.008057
 685.000000  0.009765
 686.000000  0.007788
 687.000000  0.007324
 688.000000  0.010449
 689.000000  0.007373
 690.000000  0.010766
 691.000000  0.009765
 692.000000  0.008154
 693.000000  0.009838
 694.000000  0.008008
 695.000000  0.009741
 696.000000  0.010229
 697.000000  0.009790
 698.000000  0.007861
 699.000000  0.009741
 700.000000  0.007935
 701.000000  0.007300
 702.000000  0.007739
 703.000000  0.007324
 704.000000  0.010424
 705.000000  0.009765
 706.000000  0.007935
 707.000000  0.007349
 708.000000  0.007959
 709.000000  0.009765
 710.000000  0.008032
 711.000000  0.009790
 712.000000  0.008276
 713.000000  0.009790
 714.000000  0.007666
 715.000000  0.009814
 716.000000  0.007935
 717.000000  0.009790
 718.000000  0.008008
 719.000000  0.009765
 720.000000  0.007959
 721.000000  0.009790
 722.000000  0.007959
 723.000000  0.009887
 724.000000  0.008057
 725.000000  0.009765
 726.000000  0.008179
 727.000000  0.009790
 728.000000  0.007861
 729.000000  0.007373
 730.000000  0.008203
 731.000000  0.009790
 732.000000  0.007886
 733.000000  0.009814
 734.000000  0.010620
 735.000000  0.009790
 736.000000  0.007812
 737.000000  0.009814
 738.000000  0.007764
 739.000000  0.009765
 740.000000  0.007764
 741.000000  0.009814
 742.000000  0.008008
 743.000000  0.007349
 744.000000  0.007764
 745.000000  0.009814
 746.000000  0.007764
 747.000000  0.007349
 748.000000  0.008105
 749.000000  0.009741
 750.000000  0.007837
 751.000000  0.009765
 752.000000  0.010376
 753.000000  0.009765
 754.000000  0.007935
 755.000000  0.009790
 756.000000  0.008032
 757.000000  0.009838
 758.000000  0.007837
 759.000000  0.007349
 760.000000  0.008032
 761.000000  0.009814
 762.000000  0.008130
 763.000000  0.009765
 764.000000  0.007788
 765.000000  0.009814
 766.000000  0.007739
 767.000000  0.007349
 768.000000  0.007788
 769.000000  0.009790
 770.000000  0.007495
 771.000000  0.009790
 772.000000  0.007666
 773.000000  0.009790
 774.000000  0.010107
 775.000000  0.009765
 776.000000  0.010180
 777.000000  0.009741
 778.000000  0.007812
 779.000000  0.007300
 780.000000  0.007666
 781.000000  0.007324
 782.000000  0.010156
 783.000000  0.009741
 784.000000  0.007593
 785.000000  0.009741
 786.000000  0.008081
 787.000000  0.009790
 788.000000  0.010107
 789.000000  0.009790
 790.000000  0.007837
 791.000000  0.009765
 792.000000  0.007690
 793.000000  0.009765
 794.000000  0.007593
 795.000000  0.009790
 796.000000  0.007861
 797.000000  0.009814
 798.000000  0.007861
 799.000000  0.009716
 800.000000  0.007935
 801.000000  0.009790
 802.000000  0.010229
 803.000000  0.009741
 804.000000  0.007593
 805.000000  0.009790
 806.000000  0.007642
 807.000000  0.009790
 808.000000  0.010205
 809.000000  0.007324
 810.000000  0.007764
 811.000000  0.007349
 812.000000  0.007715
 813.000000  0.007324
 814.000000  0.007690
 815.000000  0.009741
 816.000000  0.007715
 817.000000  0.009765
 818.000000  0.007959
 819.000000  0.009790
 820.000000  0.007593
 821.000000  0.009790
 822.000000  0.007837
 823.000000  0.009790
 824.000000  0.010083
 825.000000  0.009790
 826.000000  0.007739
 827.000000  0.009765
 828.000000  0.007519
 829.000000  0.009790
 830.000000  0.007617
 831.000000  0.009814
 832.000000  0.007666
 833.000000  0.009790
 834.000000  0.007593
 835.000000  0.009790
 836.000000  0.010058
 837.000000  0.009765
 838.000000  0.007617
 839.000000  0.009741
 840.000000  0.007910
 841.000000  0.009741
 842.000000  0.010180
 843.000000  0.009741
 844.000000  0.007715
 845.000000  0.007349
 846.000000  0.009912
 847.000000  0.009765
 848.000000  0.007544
 849.000000  0.009790
 850.000000  0.007568
 851.000000  0.009765
 852.000000  0.007642
 853.000000  0.007373
 854.000000  0.010449
 855.000000  0.009790
 856.000000  0.007593
 857.000000  0.007349
 858.000000  0.007593
 859.000000  0.007324
 860.000000  0.010156
 861.000000  0.009765
 862.000000  0.007617
 863.000000  0.007324
 864.000000  0.007642
 865.000000  0.009790
 866.000000  0.010083
 867.000000  0.007324
 868.000000  0.007617
 869.000000  0.009790
 870.000000  0.007739
 871.000000  0.009790
 872.000000  0.007935
 873.000000  0.009790
 874.000000  0.007666
 875.000000  0.009790
 876.000000  0.007544
 877.000000  0.007324
 878.000000  0.007812
 879.000000  0.007324
 880.000000  0.007593
 881.000000  0.009790
 882.000000  0.007544
 883.000000  0.009790
 884.000000  0.007568
 885.000000  0.009790
 886.000000  0.007519
 887.000000  0.007324
 888.000000  0.007715
 889.000000  0.009765
 890.000000  0.007837
 891.000000  0.009814
 892.000000  0.007837
 893.000000  0.009790
 894.000000  0.007593
 895.000000  0.009765
 896.000000  0.007519
 897.000000  0.009790
 898.000000  0.007715
 899.000000  0.009765
 900.000000  0.007690
 901.000000  0.009765
 902.000000  0.010180
 903.000000  0.009790
 904.000000  0.007690
 905.000000  0.009765
 906.000000  0.010131
 907.000000  0.009765
 908.000000  0.010107
 909.000000  0.009765
 910.000000  0.007617
 911.000000  0.009790
 912.000000  0.007593
 913.000000  0.009692
 914.000000  0.007422
 915.000000  0.009814
 916.000000  0.007617
 917.000000  0.009790
 918.000000  0.010278
 919.000000  0.009790
 920.000000  0.010229
 921.000000  0.009814
 922.000000  0.007666
 923.000000  0.009765
 924.000000  0.007593
 925.000000  0.009741
 926.000000  0.007568
 927.000000  0.009765
 928.000000  0.007764
 929.000000  0.009765
 930.000000  0.007739
 931.000000  0.009765
 932.000000  0.007715
 933.000000  0.009790
 934.000000  0.007886
 935.000000  0.009765
 936.000000  0.007861
 937.000000  0.009790
 938.000000  0.007739
 939.000000  0.009765
 940.000000  0.007617
 941.000000  0.009790
 942.000000  0.007617
 943.000000  0.009765
 944.000000  0.007446
 945.000000  0.007324
 946.000000  0.010229
 947.000000  0.009790
 948.000000  0.007788
 949.000000  0.009741
 950.000000  0.009985
 951.000000  0.009765
 952.000000  0.007812
 953.000000  0.009765
 954.000000  0.007642
 955.000000  0.009814
 956.000000  0.007910
 957.000000  0.009765
 958.000000  0.007666
 959.000000  0.007324
 960.000000  0.007544
 961.000000  0.007324
 962.000000  0.010131
 963.000000  0.007324
 964.000000  0.007471
 965.000000  0.009790
 966.000000  0.007593
 967.000000  0.009790
 968.000000  0.007593
 969.000000  0.009790
 970.000000  0.010083
 971.000000  0.009790
 972.000000  0.007593
 973.000000  0.009765
 974.000000  0.007788
 975.000000  0.009765
 976.000000  0.007666
 977.000000  0.009692
 978.000000  0.007642
 979.000000  0.009741
 980.000000  0.007495
 981.000000  0.009838
 982.000000  0.007642
 983.000000  0.007349
 984.000000  0.007593
 985.000000  0.009765
 986.000000  0.007642
 987.000000  0.009741
 988.000000  0.010253
 989.000000  0.009741
 990.000000  0.007861
 991.000000  0.009814
 992.000000  0.007861
 993.000000  0.009814
 994.000000  0.007593
 995.000000  0.009790
 996.000000  0.007544
 997.000000  0.009814
 998.000000  0.010058
 999.000000  0.009790
 1000.000000  0.010180
 1001.000000  0.009765
 1002.000000  0.007568
 1003.000000  0.009765
 1004.000000  0.007568
 1005.000000  0.009790
 1006.000000  0.007593
 1007.000000  0.009790
 1008.000000  0.007617
 1009.000000  0.009790
 1010.000000  0.007495
 1011.000000  0.009765
 1012.000000  0.007519
 1013.000000  0.009765
 1014.000000  0.007446
 1015.000000  0.009765
 1016.000000  0.007519
 1017.000000  0.009741
 1018.000000  0.007422
 1019.000000  0.009741
 1020.000000  0.007349
 1021.000000  0.009790
 1022.000000  0.007495
 1023.000000  0.009790
