 0.000000  0.008569
 1.000000  0.007422
 2.000000  0.008545
 3.000000  0.007373
 4.000000  0.009033
 5.000000  0.007446
 6.000000  0.008960
 7.000000  0.007471
 8.000000  0.008838
 9.000000  0.007422
 10.000000  0.008936
 11.000000  0.007373
 12.000000  0.009106
 13.000000  0.007422
 14.000000  0.008960
 15.000000  0.007397
 16.000000  0.009009
 17.000000  0.007397
 18.000000  0.008960
 19.000000  0.007519
 20.000000  0.008520
 21.000000  0.007593
 22.000000  0.008594
 23.000000  0.007495
 24.000000  0.008936
 25.000000  0.007471
 26.000000  0.009326
 27.000000  0.009912
 28.000000  0.009082
 29.000000  0.007495
 30.000000  0.008911
 31.000000  0.007471
 32.000000  0.009009
 33.000000  0.007471
 34.000000  0.008911
 35.000000  0.007519
 36.000000  0.009106
 37.000000  0.007446
 38.000000  0.009180
 39.000000  0.010009
 40.000000  0.009180
 41.000000  0.007446
 42.000000  0.009033
 43.000000  0.007471
 44.000000  0.009106
 45.000000  0.007471
 46.000000  0.009033
 47.000000  0.007422
 48.000000  0.008984
 49.000000  0.007568
 50.000000  0.008350
 51.000000  0.007471
 52.000000  0.008667
 53.000000  0.007495
 54.000000  0.009033
 55.000000  0.007471
 56.000000  0.009180
 57.000000  0.007422
 58.000000  0.009399
 59.000000  0.009814
 60.000000  0.009033
 61.000000  0.009912
 62.000000  0.008789
 63.000000  0.007446
 64.000000  0.009033
 65.000000  0.007446
 66.000000  0.009131
 67.000000  0.009814
 68.000000  0.008667
 69.000000  0.007373
 70.000000  0.008643
 71.000000  0.007446
 72.000000  0.008740
 73.000000  0.007495
 74.000000  0.009058
 75.000000  0.007397
 76.000000  0.009131
 77.000000  0.007471
 78.000000  0.008936
 79.000000  0.007446
 80.000000  0.008936
 81.000000  0.007471
 82.000000  0.008667
 83.000000  0.007593
 84.000000  0.008887
 85.000000  0.007495
 86.000000  0.009155
 87.000000  0.007519
 88.000000  0.008984
 89.000000  0.007495
 90.000000  0.009082
 91.000000  0.007593
 92.000000  0.008813
 93.000000  0.007519
 94.000000  0.008716
 95.000000  0.007446
 96.000000  0.008984
 97.000000  0.007544
 98.000000  0.009228
 99.000000  0.007471
 100.000000  0.008838
 101.000000  0.010058
 102.000000  0.008594
 103.000000  0.009887
 104.000000  0.008862
 105.000000  0.007519
 106.000000  0.009375
 107.000000  0.007519
 108.000000  0.009253
 109.000000  0.010009
 110.000000  0.009082
 111.000000  0.007593
 112.000000  0.008789
 113.000000  0.007593
 114.000000  0.008936
 115.000000  0.007519
 116.000000  0.009009
 117.000000  0.007519
 118.000000  0.009131
 119.000000  0.007471
 120.000000  0.009131
 121.000000  0.007593
 122.000000  0.009131
 123.000000  0.007471
 124.000000  0.008984
 125.000000  0.007568
 126.000000  0.008984
 127.000000  0.009863
 128.000000  0.008765
 129.000000  0.007446
 130.000000  0.009106
 131.000000  0.009961
 132.000000  0.008862
 133.000000  0.007397
 134.000000  0.009082
 135.000000  0.009838
 136.000000  0.009131
 137.000000  0.007446
 138.000000  0.009033
 139.000000  0.007471
 140.000000  0.009058
 141.000000  0.007397
 142.000000  0.009009
 143.000000  0.007617
 144.000000  0.008960
 145.000000  0.009961
 146.000000  0.008984
 147.000000  0.007446
 148.000000  0.009009
 149.000000  0.009814
 150.000000  0.009033
 151.000000  0.007544
 152.000000  0.009009
 153.000000  0.007495
 154.000000  0.009155
 155.000000  0.007446
 156.000000  0.008716
 157.000000  0.009912
 158.000000  0.008960
 159.000000  0.007397
 160.000000  0.009155
 161.000000  0.007446
 162.000000  0.008936
 163.000000  0.007373
 164.000000  0.008643
 165.000000  0.007373
 166.000000  0.008813
 167.000000  0.007495
 168.000000  0.009131
 169.000000  0.009936
 170.000000  0.008936
 171.000000  0.007373
 172.000000  0.008398
 173.000000  0.007495
 174.000000  0.008887
 175.000000  0.007471
 176.000000  0.009009
 177.000000  0.007422
 178.000000  0.008887
 179.000000  0.009838
 180.000000  0.008862
 181.000000  0.007495
 182.000000  0.008936
 183.000000  0.007519
 184.000000  0.008716
 185.000000  0.007446
 186.000000  0.009424
 187.000000  0.007446
 188.000000  0.008984
 189.000000  0.007422
 190.000000  0.008813
 191.000000  0.007349
 192.000000  0.008936
 193.000000  0.007446
 194.000000  0.008813
 195.000000  0.007397
 196.000000  0.011401
 197.000000  0.007422
 198.000000  0.008765
 199.000000  0.009838
 200.000000  0.008789
 201.000000  0.009790
 202.000000  0.008936
 203.000000  0.007349
 204.000000  0.008887
 205.000000  0.007446
 206.000000  0.008691
 207.000000  0.007397
 208.000000  0.008887
 209.000000  0.009814
 210.000000  0.009033
 211.000000  0.007373
 212.000000  0.008789
 213.000000  0.009814
 214.000000  0.008691
 215.000000  0.007471
 216.000000  0.009058
 217.000000  0.007446
 218.000000  0.008936
 219.000000  0.009838
 220.000000  0.008838
 221.000000  0.007471
 222.000000  0.008960
 223.000000  0.007471
 224.000000  0.009009
 225.000000  0.007446
 226.000000  0.008813
 227.000000  0.009863
 228.000000  0.009058
 229.000000  0.009912
 230.000000  0.008960
 231.000000  0.007495
 232.000000  0.008838
 233.000000  0.009887
 234.000000  0.008740
 235.000000  0.007471
 236.000000  0.008936
 237.000000  0.007446
 238.000000  0.008813
 239.000000  0.009814
 240.000000  0.008960
 241.000000  0.007422
 242.000000  0.009204
 243.000000  0.009887
 244.000000  0.008618
 245.000000  0.007349
 246.000000  0.009155
 247.000000  0.007422
 248.000000  0.009131
 249.000000  0.007519
 250.000000  0.008862
 251.000000  0.007422
 252.000000  0.008911
 253.000000  0.007446
 254.000000  0.008447
 255.000000  0.009961
 256.000000  0.008984
 257.000000  0.007495
 258.000000  0.008496
 259.000000  0.007471
 260.000000  0.008838
 261.000000  0.007446
 262.000000  0.008716
 263.000000  0.009838
 264.000000  0.008740
 265.000000  0.009838
 266.000000  0.008496
 267.000000  0.009838
 268.000000  0.008667
 269.000000  0.009814
 270.000000  0.008911
 271.000000  0.007397
 272.000000  0.008887
 273.000000  0.007519
 274.000000  0.008936
 275.000000  0.009961
 276.000000  0.008911
 277.000000  0.009936
 278.000000  0.009009
 279.000000  0.007568
 280.000000  0.009204
 281.000000  0.009887
 282.000000  0.009009
 283.000000  0.009985
 284.000000  0.008789
 285.000000  0.007568
 286.000000  0.008740
 287.000000  0.007568
 288.000000  0.008960
 289.000000  0.009961
 290.000000  0.009009
 291.000000  0.007422
 292.000000  0.009228
 293.000000  0.007397
 294.000000  0.009302
 295.000000  0.009838
 296.000000  0.009155
 297.000000  0.009912
 298.000000  0.009302
 299.000000  0.009985
 300.000000  0.009058
 301.000000  0.007349
 302.000000  0.009082
 303.000000  0.009961
 304.000000  0.009204
 305.000000  0.007471
 306.000000  0.009180
 307.000000  0.010058
 308.000000  0.009204
 309.000000  0.009814
 310.000000  0.009155
 311.000000  0.007495
 312.000000  0.009351
 313.000000  0.007593
 314.000000  0.009155
 315.000000  0.010034
 316.000000  0.009131
 317.000000  0.007544
 318.000000  0.009131
 319.000000  0.007519
 320.000000  0.008838
 321.000000  0.009936
 322.000000  0.008936
 323.000000  0.009912
 324.000000  0.008838
 325.000000  0.007446
 326.000000  0.008716
 327.000000  0.007397
 328.000000  0.009058
 329.000000  0.009912
 330.000000  0.009399
 331.000000  0.010205
 332.000000  0.008862
 333.000000  0.010083
 334.000000  0.008838
 335.000000  0.009985
 336.000000  0.009082
 337.000000  0.007471
 338.000000  0.009155
 339.000000  0.007446
 340.000000  0.009106
 341.000000  0.010253
 342.000000  0.011279
 343.000000  0.009985
 344.000000  0.009131
 345.000000  0.009985
 346.000000  0.009399
 347.000000  0.007519
 348.000000  0.009131
 349.000000  0.010034
 350.000000  0.009399
 351.000000  0.009961
 352.000000  0.009082
 353.000000  0.010107
 354.000000  0.008911
 355.000000  0.007568
 356.000000  0.009058
 357.000000  0.007593
 358.000000  0.009448
 359.000000  0.010034
 360.000000  0.009424
 361.000000  0.007568
 362.000000  0.009326
 363.000000  0.010107
 364.000000  0.009082
 365.000000  0.007642
 366.000000  0.009473
 367.000000  0.007422
 368.000000  0.009253
 369.000000  0.007642
 370.000000  0.009277
 371.000000  0.010034
 372.000000  0.009399
 373.000000  0.010034
 374.000000  0.009277
 375.000000  0.010009
 376.000000  0.009351
 377.000000  0.007617
 378.000000  0.009497
 379.000000  0.007690
 380.000000  0.009253
 381.000000  0.010009
 382.000000  0.009302
 383.000000  0.007788
 384.000000  0.009302
 385.000000  0.007812
 386.000000  0.009375
 387.000000  0.010009
 388.000000  0.009082
 389.000000  0.010229
 390.000000  0.009546
 391.000000  0.010205
 392.000000  0.009399
 393.000000  0.007495
 394.000000  0.009058
 395.000000  0.007935
 396.000000  0.009448
 397.000000  0.007935
 398.000000  0.009448
 399.000000  0.007519
 400.000000  0.009546
 401.000000  0.010327
 402.000000  0.009326
 403.000000  0.007788
 404.000000  0.009228
 405.000000  0.007715
 406.000000  0.009302
 407.000000  0.007910
 408.000000  0.009375
 409.000000  0.010156
 410.000000  0.009619
 411.000000  0.010034
 412.000000  0.009546
 413.000000  0.007910
 414.000000  0.009546
 415.000000  0.010156
 416.000000  0.009326
 417.000000  0.007886
 418.000000  0.009595
 419.000000  0.008203
 420.000000  0.009546
 421.000000  0.007812
 422.000000  0.009424
 423.000000  0.007642
 424.000000  0.009424
 425.000000  0.010205
 426.000000  0.009424
 427.000000  0.010351
 428.000000  0.009546
 429.000000  0.010205
 430.000000  0.009546
 431.000000  0.010180
 432.000000  0.009521
 433.000000  0.007959
 434.000000  0.009424
 435.000000  0.010302
 436.000000  0.009375
 437.000000  0.010351
 438.000000  0.009399
 439.000000  0.010131
 440.000000  0.009277
 441.000000  0.010351
 442.000000  0.009473
 443.000000  0.010278
 444.000000  0.009448
 445.000000  0.010620
 446.000000  0.009717
 447.000000  0.007935
 448.000000  0.009595
 449.000000  0.010937
 450.000000  0.009473
 451.000000  0.010327
 452.000000  0.009497
 453.000000  0.010546
 454.000000  0.009595
 455.000000  0.010815
 456.000000  0.009644
 457.000000  0.010376
 458.000000  0.009692
 459.000000  0.010620
 460.000000  0.009692
 461.000000  0.010669
 462.000000  0.009521
 463.000000  0.010327
 464.000000  0.009741
 465.000000  0.010644
 466.000000  0.009668
 467.000000  0.008081
 468.000000  0.009644
 469.000000  0.008252
 470.000000  0.009692
 471.000000  0.010693
 472.000000  0.009570
 473.000000  0.008276
 474.000000  0.009644
 475.000000  0.010742
 476.000000  0.009741
 477.000000  0.007935
 478.000000  0.009692
 479.000000  0.010571
 480.000000  0.009717
 481.000000  0.010717
 482.000000  0.009668
 483.000000  0.008374
 484.000000  0.009619
 485.000000  0.010961
 486.000000  0.009766
 487.000000  0.008179
 488.000000  0.009570
 489.000000  0.008569
 490.000000  0.009741
 491.000000  0.010498
 492.000000  0.009717
 493.000000  0.010546
 494.000000  0.009668
 495.000000  0.010742
 496.000000  0.009741
 497.000000  0.008520
 498.000000  0.009668
 499.000000  0.010986
 500.000000  0.009717
 501.000000  0.011084
 502.000000  0.009644
 503.000000  0.010839
 504.000000  0.009668
 505.000000  0.011108
 506.000000  0.009741
 507.000000  0.008496
 508.000000  0.009766
 509.000000  0.008374
 510.000000  0.009717
 511.000000  0.010644
 512.000000  0.009668
 513.000000  0.008472
 514.000000  0.009766
 515.000000  0.008545
 516.000000  0.009692
 517.000000  0.008691
 518.000000  0.009692
 519.000000  0.008740
 520.000000  0.009766
 521.000000  0.008862
 522.000000  0.009570
 523.000000  0.011108
 524.000000  0.009692
 525.000000  0.011181
 526.000000  0.009741
 527.000000  0.010937
 528.000000  0.009717
 529.000000  0.011596
 530.000000  0.009741
 531.000000  0.011718
 532.000000  0.009741
 533.000000  0.009253
 534.000000  0.009766
 535.000000  0.009302
 536.000000  0.009766
 537.000000  0.011572
 538.000000  0.009766
 539.000000  0.011596
 540.000000  0.009766
 541.000000  0.009277
 542.000000  0.009766
 543.000000  0.009619
 544.000000  0.009741
 545.000000  0.009619
 546.000000  0.009766
 547.000000  0.012133
 548.000000  0.009790
 549.000000  0.012133
 550.000000  0.009766
 551.000000  0.012085
 552.000000  0.009790
 553.000000  0.009766
 554.000000  0.010010
 555.000000  0.009936
 556.000000  0.010840
 557.000000  0.012597
 558.000000  0.011572
 559.000000  0.012768
 560.000000  0.010913
 561.000000  0.010156
 562.000000  0.011401
 563.000000  0.013256
 564.000000  0.012280
 565.000000  0.013647
 566.000000  0.012207
 567.000000  0.013598
 568.000000  0.012207
 569.000000  0.014135
 570.000000  0.012402
 571.000000  0.014453
 572.000000  0.012524
 573.000000  0.015161
 574.000000  0.013281
 575.000000  0.015576
 576.000000  0.015137
 577.000000  0.017968
 578.000000  0.018335
 579.000000  0.026538
 580.000000  0.057471
 581.000000  0.173291
 582.000000  0.320801
 583.000000  0.348047
 584.000000  0.310669
 585.000000  0.162524
 586.000000  0.039062
 587.000000  0.022143
 588.000000  0.016040
 589.000000  0.014453
 590.000000  0.014185
 591.000000  0.014721
 592.000000  0.012231
 593.000000  0.012012
 594.000000  0.012183
 595.000000  0.013989
 596.000000  0.011865
 597.000000  0.012426
 598.000000  0.010083
 599.000000  0.012231
 600.000000  0.009790
 601.000000  0.012207
 602.000000  0.009790
 603.000000  0.012133
 604.000000  0.010059
 605.000000  0.012231
 606.000000  0.009814
 607.000000  0.012231
 608.000000  0.009863
 609.000000  0.012207
 610.000000  0.009839
 611.000000  0.012085
 612.000000  0.012207
 613.000000  0.012109
 614.000000  0.012207
 615.000000  0.012182
 616.000000  0.009766
 617.000000  0.009595
 618.000000  0.009741
 619.000000  0.011962
 620.000000  0.009766
 621.000000  0.012060
 622.000000  0.009741
 623.000000  0.011816
 624.000000  0.012182
 625.000000  0.011499
 626.000000  0.009814
 627.000000  0.011718
 628.000000  0.009741
 629.000000  0.011669
 630.000000  0.009790
 631.000000  0.011962
 632.000000  0.009790
 633.000000  0.012133
 634.000000  0.009790
 635.000000  0.012060
 636.000000  0.009790
 637.000000  0.009497
 638.000000  0.009741
 639.000000  0.011621
 640.000000  0.009766
 641.000000  0.011792
 642.000000  0.009790
 643.000000  0.009497
 644.000000  0.012207
 645.000000  0.011669
 646.000000  0.012158
 647.000000  0.011792
 648.000000  0.009790
 649.000000  0.009497
 650.000000  0.009741
 651.000000  0.009448
 652.000000  0.009766
 653.000000  0.009473
 654.000000  0.009766
 655.000000  0.011889
 656.000000  0.009790
 657.000000  0.011377
 658.000000  0.009717
 659.000000  0.009424
 660.000000  0.009790
 661.000000  0.011450
 662.000000  0.009717
 663.000000  0.011572
 664.000000  0.012158
 665.000000  0.011840
 666.000000  0.012182
 667.000000  0.011450
 668.000000  0.009741
 669.000000  0.009546
 670.000000  0.009741
 671.000000  0.009399
 672.000000  0.009766
 673.000000  0.011767
 674.000000  0.012207
 675.000000  0.011547
 676.000000  0.009741
 677.000000  0.011474
 678.000000  0.009717
 679.000000  0.011669
 680.000000  0.009741
 681.000000  0.009058
 682.000000  0.009717
 683.000000  0.011108
 684.000000  0.009717
 685.000000  0.011572
 686.000000  0.009741
 687.000000  0.009351
 688.000000  0.012182
 689.000000  0.009082
 690.000000  0.012207
 691.000000  0.011523
 692.000000  0.009766
 693.000000  0.011084
 694.000000  0.009668
 695.000000  0.011181
 696.000000  0.012085
 697.000000  0.011694
 698.000000  0.009741
 699.000000  0.011499
 700.000000  0.009741
 701.000000  0.009033
 702.000000  0.009766
 703.000000  0.009082
 704.000000  0.012133
 705.000000  0.010986
 706.000000  0.009741
 707.000000  0.009155
 708.000000  0.009790
 709.000000  0.011401
 710.000000  0.009741
 711.000000  0.011816
 712.000000  0.009766
 713.000000  0.011962
 714.000000  0.009741
 715.000000  0.011987
 716.000000  0.009790
 717.000000  0.011572
 718.000000  0.009741
 719.000000  0.011206
 720.000000  0.009717
 721.000000  0.011474
 722.000000  0.009741
 723.000000  0.011523
 724.000000  0.009766
 725.000000  0.011645
 726.000000  0.009790
 727.000000  0.011401
 728.000000  0.009644
 729.000000  0.009375
 730.000000  0.009741
 731.000000  0.011938
 732.000000  0.009741
 733.000000  0.011474
 734.000000  0.012231
 735.000000  0.011840
 736.000000  0.009692
 737.000000  0.011279
 738.000000  0.009741
 739.000000  0.011425
 740.000000  0.009741
 741.000000  0.011840
 742.000000  0.009692
 743.000000  0.009180
 744.000000  0.009766
 745.000000  0.012036
 746.000000  0.009790
 747.000000  0.009277
 748.000000  0.009766
 749.000000  0.011474
 750.000000  0.009790
 751.000000  0.011767
 752.000000  0.012158
 753.000000  0.011914
 754.000000  0.009766
 755.000000  0.011743
 756.000000  0.009766
 757.000000  0.011767
 758.000000  0.009790
 759.000000  0.009424
 760.000000  0.009741
 761.000000  0.012011
 762.000000  0.009766
 763.000000  0.011718
 764.000000  0.009766
 765.000000  0.011450
 766.000000  0.009668
 767.000000  0.008911
 768.000000  0.009741
 769.000000  0.011401
 770.000000  0.009717
 771.000000  0.011084
 772.000000  0.009741
 773.000000  0.011279
 774.000000  0.012158
 775.000000  0.011425
 776.000000  0.012207
 777.000000  0.011767
 778.000000  0.009717
 779.000000  0.009155
 780.000000  0.009790
 781.000000  0.009497
 782.000000  0.012182
 783.000000  0.011523
 784.000000  0.009692
 785.000000  0.011230
 786.000000  0.009741
 787.000000  0.011499
 788.000000  0.012158
 789.000000  0.011206
 790.000000  0.009717
 791.000000  0.011206
 792.000000  0.009741
 793.000000  0.011279
 794.000000  0.009717
 795.000000  0.011718
 796.000000  0.009766
 797.000000  0.011645
 798.000000  0.009766
 799.000000  0.011743
 800.000000  0.009766
 801.000000  0.011181
 802.000000  0.012158
 803.000000  0.011328
 804.000000  0.009717
 805.000000  0.011377
 806.000000  0.009717
 807.000000  0.011303
 808.000000  0.012182
 809.000000  0.008789
 810.000000  0.009717
 811.000000  0.008984
 812.000000  0.009766
 813.000000  0.008813
 814.000000  0.009741
 815.000000  0.011279
 816.000000  0.009766
 817.000000  0.011621
 818.000000  0.009766
 819.000000  0.011377
 820.000000  0.009692
 821.000000  0.011450
 822.000000  0.009741
 823.000000  0.011645
 824.000000  0.012158
 825.000000  0.011743
 826.000000  0.009766
 827.000000  0.010717
 828.000000  0.009717
 829.000000  0.011230
 830.000000  0.009668
 831.000000  0.011181
 832.000000  0.009717
 833.000000  0.011230
 834.000000  0.009668
 835.000000  0.010961
 836.000000  0.012182
 837.000000  0.010961
 838.000000  0.009741
 839.000000  0.011084
 840.000000  0.009766
 841.000000  0.011474
 842.000000  0.012182
 843.000000  0.011596
 844.000000  0.009692
 845.000000  0.009009
 846.000000  0.012011
 847.000000  0.011108
 848.000000  0.009595
 849.000000  0.011499
 850.000000  0.009668
 851.000000  0.011450
 852.000000  0.009717
 853.000000  0.009009
 854.000000  0.012109
 855.000000  0.011303
 856.000000  0.009644
 857.000000  0.008911
 858.000000  0.009741
 859.000000  0.009058
 860.000000  0.012182
 861.000000  0.011254
 862.000000  0.009717
 863.000000  0.009253
 864.000000  0.009644
 865.000000  0.011499
 866.000000  0.012109
 867.000000  0.009180
 868.000000  0.009741
 869.000000  0.011181
 870.000000  0.009717
 871.000000  0.011865
 872.000000  0.009766
 873.000000  0.011596
 874.000000  0.009741
 875.000000  0.011132
 876.000000  0.009717
 877.000000  0.008911
 878.000000  0.009717
 879.000000  0.008716
 880.000000  0.009668
 881.000000  0.011767
 882.000000  0.009692
 883.000000  0.011547
 884.000000  0.009692
 885.000000  0.011645
 886.000000  0.009741
 887.000000  0.008813
 888.000000  0.009741
 889.000000  0.010913
 890.000000  0.009790
 891.000000  0.011035
 892.000000  0.009717
 893.000000  0.011303
 894.000000  0.009717
 895.000000  0.011108
 896.000000  0.009717
 897.000000  0.011621
 898.000000  0.009766
 899.000000  0.011254
 900.000000  0.009741
 901.000000  0.011401
 902.000000  0.012182
 903.000000  0.011254
 904.000000  0.009717
 905.000000  0.011767
 906.000000  0.012182
 907.000000  0.011035
 908.000000  0.012085
 909.000000  0.011523
 910.000000  0.009717
 911.000000  0.011059
 912.000000  0.009766
 913.000000  0.010693
 914.000000  0.009644
 915.000000  0.011157
 916.000000  0.009717
 917.000000  0.011132
 918.000000  0.012158
 919.000000  0.011328
 920.000000  0.012182
 921.000000  0.011279
 922.000000  0.009741
 923.000000  0.011157
 924.000000  0.009766
 925.000000  0.011059
 926.000000  0.009741
 927.000000  0.011254
 928.000000  0.009741
 929.000000  0.011645
 930.000000  0.009766
 931.000000  0.012011
 932.000000  0.009741
 933.000000  0.011840
 934.000000  0.009741
 935.000000  0.011425
 936.000000  0.009766
 937.000000  0.011230
 938.000000  0.009717
 939.000000  0.010620
 940.000000  0.009766
 941.000000  0.011596
 942.000000  0.009741
 943.000000  0.011157
 944.000000  0.009717
 945.000000  0.008813
 946.000000  0.012182
 947.000000  0.012036
 948.000000  0.009717
 949.000000  0.011596
 950.000000  0.012207
 951.000000  0.011230
 952.000000  0.009741
 953.000000  0.011743
 954.000000  0.009717
 955.000000  0.011254
 956.000000  0.009741
 957.000000  0.010595
 958.000000  0.009766
 959.000000  0.008765
 960.000000  0.009692
 961.000000  0.008594
 962.000000  0.012182
 963.000000  0.008667
 964.000000  0.009619
 965.000000  0.011181
 966.000000  0.009741
 967.000000  0.011108
 968.000000  0.009644
 969.000000  0.010961
 970.000000  0.012182
 971.000000  0.011279
 972.000000  0.009741
 973.000000  0.011596
 974.000000  0.009741
 975.000000  0.011279
 976.000000  0.009717
 977.000000  0.010961
 978.000000  0.009741
 979.000000  0.010864
 980.000000  0.009644
 981.000000  0.011523
 982.000000  0.009717
 983.000000  0.008838
 984.000000  0.009692
 985.000000  0.011230
 986.000000  0.009717
 987.000000  0.011084
 988.000000  0.012133
 989.000000  0.011157
 990.000000  0.009692
 991.000000  0.011206
 992.000000  0.009717
 993.000000  0.011377
 994.000000  0.009741
 995.000000  0.011767
 996.000000  0.009741
 997.000000  0.011279
 998.000000  0.012158
 999.000000  0.011010
 1000.000000  0.012085
 1001.000000  0.011474
 1002.000000  0.009595
 1003.000000  0.010620
 1004.000000  0.009570
 1005.000000  0.011132
 1006.000000  0.009692
 1007.000000  0.010961
 1008.000000  0.009546
 1009.000000  0.010717
 1010.000000  0.009570
 1011.000000  0.011084
 1012.000000  0.009595
 1013.000000  0.011230
 1014.000000  0.009595
 1015.000000  0.011010
 1016.000000  0.009595
 1017.000000  0.011035
 1018.000000  0.009546
 1019.000000  0.010791
 1020.000000  0.009717
 1021.000000  0.010937
 1022.000000  0.009570
 1023.000000  0.011840
