 0.000000  0.008472
 1.000000  0.007471
 2.000000  0.008227
 3.000000  0.007397
 4.000000  0.008667
 5.000000  0.007422
 6.000000  0.008716
 7.000000  0.007422
 8.000000  0.008594
 9.000000  0.007495
 10.000000  0.008667
 11.000000  0.007422
 12.000000  0.008813
 13.000000  0.007471
 14.000000  0.008667
 15.000000  0.007397
 16.000000  0.008667
 17.000000  0.007471
 18.000000  0.008765
 19.000000  0.007495
 20.000000  0.008520
 21.000000  0.007495
 22.000000  0.008447
 23.000000  0.007422
 24.000000  0.008765
 25.000000  0.007373
 26.000000  0.009204
 27.000000  0.009863
 28.000000  0.008789
 29.000000  0.007373
 30.000000  0.008618
 31.000000  0.007397
 32.000000  0.008740
 33.000000  0.007495
 34.000000  0.008960
 35.000000  0.007446
 36.000000  0.008911
 37.000000  0.007373
 38.000000  0.009009
 39.000000  0.009838
 40.000000  0.009033
 41.000000  0.007373
 42.000000  0.008765
 43.000000  0.007422
 44.000000  0.008862
 45.000000  0.007397
 46.000000  0.008984
 47.000000  0.007373
 48.000000  0.008887
 49.000000  0.007446
 50.000000  0.008398
 51.000000  0.007446
 52.000000  0.008618
 53.000000  0.007397
 54.000000  0.008643
 55.000000  0.007373
 56.000000  0.008813
 57.000000  0.007422
 58.000000  0.009204
 59.000000  0.009838
 60.000000  0.008643
 61.000000  0.009790
 62.000000  0.008594
 63.000000  0.007422
 64.000000  0.008643
 65.000000  0.007349
 66.000000  0.008667
 67.000000  0.009887
 68.000000  0.008520
 69.000000  0.007446
 70.000000  0.008569
 71.000000  0.007422
 72.000000  0.008447
 73.000000  0.007397
 74.000000  0.008423
 75.000000  0.007397
 76.000000  0.008667
 77.000000  0.007471
 78.000000  0.008740
 79.000000  0.007446
 80.000000  0.008887
 81.000000  0.007495
 82.000000  0.008545
 83.000000  0.007422
 84.000000  0.008667
 85.000000  0.007422
 86.000000  0.008667
 87.000000  0.007397
 88.000000  0.008740
 89.000000  0.007397
 90.000000  0.008643
 91.000000  0.007397
 92.000000  0.008618
 93.000000  0.007446
 94.000000  0.008643
 95.000000  0.007397
 96.000000  0.008496
 97.000000  0.007471
 98.000000  0.008862
 99.000000  0.007446
 100.000000  0.008765
 101.000000  0.009814
 102.000000  0.008643
 103.000000  0.009863
 104.000000  0.008594
 105.000000  0.007422
 106.000000  0.009082
 107.000000  0.007471
 108.000000  0.009131
 109.000000  0.009863
 110.000000  0.008618
 111.000000  0.007471
 112.000000  0.008740
 113.000000  0.007446
 114.000000  0.008545
 115.000000  0.007422
 116.000000  0.008569
 117.000000  0.007373
 118.000000  0.008813
 119.000000  0.007495
 120.000000  0.008862
 121.000000  0.007397
 122.000000  0.008838
 123.000000  0.007373
 124.000000  0.008838
 125.000000  0.007446
 126.000000  0.009082
 127.000000  0.009814
 128.000000  0.008545
 129.000000  0.007422
 130.000000  0.008765
 131.000000  0.009887
 132.000000  0.008423
 133.000000  0.007397
 134.000000  0.008887
 135.000000  0.009838
 136.000000  0.008911
 137.000000  0.007471
 138.000000  0.008862
 139.000000  0.007349
 140.000000  0.008911
 141.000000  0.007397
 142.000000  0.008789
 143.000000  0.007471
 144.000000  0.008618
 145.000000  0.009863
 146.000000  0.008594
 147.000000  0.007324
 148.000000  0.008618
 149.000000  0.009790
 150.000000  0.008716
 151.000000  0.007373
 152.000000  0.008691
 153.000000  0.007422
 154.000000  0.008789
 155.000000  0.007397
 156.000000  0.008520
 157.000000  0.009863
 158.000000  0.008765
 159.000000  0.007349
 160.000000  0.009082
 161.000000  0.007495
 162.000000  0.008594
 163.000000  0.007422
 164.000000  0.008374
 165.000000  0.007373
 166.000000  0.008325
 167.000000  0.007422
 168.000000  0.008374
 169.000000  0.009790
 170.000000  0.008496
 171.000000  0.007349
 172.000000  0.008350
 173.000000  0.007373
 174.000000  0.008667
 175.000000  0.007446
 176.000000  0.008472
 177.000000  0.007397
 178.000000  0.008545
 179.000000  0.009790
 180.000000  0.008374
 181.000000  0.007397
 182.000000  0.008618
 183.000000  0.007397
 184.000000  0.008667
 185.000000  0.007422
 186.000000  0.008691
 187.000000  0.007397
 188.000000  0.008252
 189.000000  0.007422
 190.000000  0.008618
 191.000000  0.007373
 192.000000  0.008716
 193.000000  0.007373
 194.000000  0.008569
 195.000000  0.007373
 196.000000  0.011010
 197.000000  0.007349
 198.000000  0.008423
 199.000000  0.009838
 200.000000  0.008447
 201.000000  0.009912
 202.000000  0.008594
 203.000000  0.007349
 204.000000  0.008569
 205.000000  0.007397
 206.000000  0.008374
 207.000000  0.007373
 208.000000  0.008472
 209.000000  0.009814
 210.000000  0.008911
 211.000000  0.007397
 212.000000  0.008252
 213.000000  0.009814
 214.000000  0.008423
 215.000000  0.007422
 216.000000  0.008545
 217.000000  0.007373
 218.000000  0.008618
 219.000000  0.009838
 220.000000  0.008643
 221.000000  0.007422
 222.000000  0.008374
 223.000000  0.007373
 224.000000  0.008325
 225.000000  0.007422
 226.000000  0.008179
 227.000000  0.009863
 228.000000  0.008740
 229.000000  0.009863
 230.000000  0.008862
 231.000000  0.007471
 232.000000  0.008911
 233.000000  0.009863
 234.000000  0.008423
 235.000000  0.007373
 236.000000  0.008374
 237.000000  0.007349
 238.000000  0.008447
 239.000000  0.009814
 240.000000  0.008667
 241.000000  0.007373
 242.000000  0.008911
 243.000000  0.009838
 244.000000  0.008301
 245.000000  0.007397
 246.000000  0.008618
 247.000000  0.007373
 248.000000  0.008740
 249.000000  0.007349
 250.000000  0.008154
 251.000000  0.007471
 252.000000  0.008691
 253.000000  0.007397
 254.000000  0.008179
 255.000000  0.009790
 256.000000  0.008472
 257.000000  0.007422
 258.000000  0.008472
 259.000000  0.007397
 260.000000  0.008716
 261.000000  0.007349
 262.000000  0.008301
 263.000000  0.009765
 264.000000  0.008423
 265.000000  0.009790
 266.000000  0.008252
 267.000000  0.009814
 268.000000  0.008105
 269.000000  0.009814
 270.000000  0.008472
 271.000000  0.007373
 272.000000  0.008398
 273.000000  0.007373
 274.000000  0.008496
 275.000000  0.009814
 276.000000  0.008325
 277.000000  0.009790
 278.000000  0.008838
 279.000000  0.007397
 280.000000  0.008740
 281.000000  0.009814
 282.000000  0.008472
 283.000000  0.009814
 284.000000  0.008227
 285.000000  0.007397
 286.000000  0.008179
 287.000000  0.007397
 288.000000  0.008423
 289.000000  0.009936
 290.000000  0.008569
 291.000000  0.007373
 292.000000  0.008520
 293.000000  0.007397
 294.000000  0.008520
 295.000000  0.009790
 296.000000  0.008789
 297.000000  0.009863
 298.000000  0.008716
 299.000000  0.009838
 300.000000  0.008618
 301.000000  0.007397
 302.000000  0.008398
 303.000000  0.009838
 304.000000  0.008765
 305.000000  0.007349
 306.000000  0.008447
 307.000000  0.009790
 308.000000  0.008765
 309.000000  0.009814
 310.000000  0.008765
 311.000000  0.007397
 312.000000  0.008740
 313.000000  0.007471
 314.000000  0.008936
 315.000000  0.009790
 316.000000  0.008594
 317.000000  0.007422
 318.000000  0.008618
 319.000000  0.007349
 320.000000  0.008472
 321.000000  0.009887
 322.000000  0.008472
 323.000000  0.009814
 324.000000  0.008691
 325.000000  0.007422
 326.000000  0.008374
 327.000000  0.007397
 328.000000  0.008423
 329.000000  0.009912
 330.000000  0.008911
 331.000000  0.009912
 332.000000  0.008716
 333.000000  0.009887
 334.000000  0.008594
 335.000000  0.009912
 336.000000  0.008667
 337.000000  0.007471
 338.000000  0.008838
 339.000000  0.007422
 340.000000  0.008789
 341.000000  0.009961
 342.000000  0.011084
 343.000000  0.009912
 344.000000  0.008789
 345.000000  0.009863
 346.000000  0.008789
 347.000000  0.007422
 348.000000  0.008496
 349.000000  0.009912
 350.000000  0.008960
 351.000000  0.010009
 352.000000  0.008520
 353.000000  0.009912
 354.000000  0.008472
 355.000000  0.007397
 356.000000  0.008594
 357.000000  0.007397
 358.000000  0.008765
 359.000000  0.009814
 360.000000  0.008862
 361.000000  0.007373
 362.000000  0.008838
 363.000000  0.009887
 364.000000  0.008789
 365.000000  0.007544
 366.000000  0.008911
 367.000000  0.007373
 368.000000  0.008813
 369.000000  0.007519
 370.000000  0.008887
 371.000000  0.009936
 372.000000  0.008740
 373.000000  0.009912
 374.000000  0.008813
 375.000000  0.009912
 376.000000  0.008936
 377.000000  0.007471
 378.000000  0.008984
 379.000000  0.007568
 380.000000  0.008765
 381.000000  0.009936
 382.000000  0.008862
 383.000000  0.007495
 384.000000  0.009228
 385.000000  0.007593
 386.000000  0.008887
 387.000000  0.009985
 388.000000  0.008545
 389.000000  0.009961
 390.000000  0.009131
 391.000000  0.010009
 392.000000  0.008911
 393.000000  0.007519
 394.000000  0.008813
 395.000000  0.007495
 396.000000  0.008862
 397.000000  0.007495
 398.000000  0.009033
 399.000000  0.007495
 400.000000  0.008984
 401.000000  0.009936
 402.000000  0.009082
 403.000000  0.007642
 404.000000  0.008765
 405.000000  0.007471
 406.000000  0.009033
 407.000000  0.007422
 408.000000  0.009106
 409.000000  0.009863
 410.000000  0.009180
 411.000000  0.009985
 412.000000  0.009375
 413.000000  0.007471
 414.000000  0.009277
 415.000000  0.009961
 416.000000  0.009106
 417.000000  0.007446
 418.000000  0.009155
 419.000000  0.007764
 420.000000  0.008984
 421.000000  0.007471
 422.000000  0.008838
 423.000000  0.007471
 424.000000  0.009253
 425.000000  0.009887
 426.000000  0.009180
 427.000000  0.009936
 428.000000  0.009326
 429.000000  0.009912
 430.000000  0.009277
 431.000000  0.009887
 432.000000  0.009253
 433.000000  0.007471
 434.000000  0.009155
 435.000000  0.009961
 436.000000  0.008887
 437.000000  0.009961
 438.000000  0.009106
 439.000000  0.010009
 440.000000  0.008936
 441.000000  0.009936
 442.000000  0.009302
 443.000000  0.009912
 444.000000  0.009375
 445.000000  0.010107
 446.000000  0.009399
 447.000000  0.007617
 448.000000  0.009302
 449.000000  0.010131
 450.000000  0.009106
 451.000000  0.010083
 452.000000  0.009180
 453.000000  0.010009
 454.000000  0.009399
 455.000000  0.010058
 456.000000  0.009399
 457.000000  0.010058
 458.000000  0.009302
 459.000000  0.009985
 460.000000  0.009619
 461.000000  0.010376
 462.000000  0.009302
 463.000000  0.010009
 464.000000  0.009277
 465.000000  0.010156
 466.000000  0.009448
 467.000000  0.007593
 468.000000  0.009326
 469.000000  0.007666
 470.000000  0.009399
 471.000000  0.010107
 472.000000  0.009253
 473.000000  0.007690
 474.000000  0.009521
 475.000000  0.010278
 476.000000  0.009619
 477.000000  0.007446
 478.000000  0.009375
 479.000000  0.010034
 480.000000  0.009375
 481.000000  0.010156
 482.000000  0.009351
 483.000000  0.007935
 484.000000  0.009375
 485.000000  0.010351
 486.000000  0.009375
 487.000000  0.007715
 488.000000  0.009375
 489.000000  0.007666
 490.000000  0.009424
 491.000000  0.010229
 492.000000  0.009424
 493.000000  0.010229
 494.000000  0.009448
 495.000000  0.010107
 496.000000  0.009644
 497.000000  0.007788
 498.000000  0.009473
 499.000000  0.010009
 500.000000  0.009473
 501.000000  0.010400
 502.000000  0.009326
 503.000000  0.010327
 504.000000  0.009497
 505.000000  0.010327
 506.000000  0.009644
 507.000000  0.007910
 508.000000  0.009570
 509.000000  0.007666
 510.000000  0.009521
 511.000000  0.010107
 512.000000  0.009399
 513.000000  0.007861
 514.000000  0.009448
 515.000000  0.007642
 516.000000  0.009546
 517.000000  0.008227
 518.000000  0.009619
 519.000000  0.008154
 520.000000  0.009570
 521.000000  0.007959
 522.000000  0.009473
 523.000000  0.010351
 524.000000  0.009521
 525.000000  0.010546
 526.000000  0.009644
 527.000000  0.010302
 528.000000  0.009668
 529.000000  0.010986
 530.000000  0.009644
 531.000000  0.010839
 532.000000  0.009619
 533.000000  0.008716
 534.000000  0.009619
 535.000000  0.008789
 536.000000  0.009692
 537.000000  0.011132
 538.000000  0.009741
 539.000000  0.011084
 540.000000  0.009717
 541.000000  0.008936
 542.000000  0.009790
 543.000000  0.009448
 544.000000  0.009741
 545.000000  0.009497
 546.000000  0.009766
 547.000000  0.011987
 548.000000  0.009839
 549.000000  0.012085
 550.000000  0.009839
 551.000000  0.012182
 552.000000  0.009912
 553.000000  0.009961
 554.000000  0.012964
 555.000000  0.017017
 556.000000  0.019604
 557.000000  0.021972
 558.000000  0.019531
 559.000000  0.017602
 560.000000  0.017114
 561.000000  0.019751
 562.000000  0.026514
 563.000000  0.029443
 564.000000  0.029248
 565.000000  0.034594
 566.000000  0.044043
 567.000000  0.056469
 568.000000  0.069800
 569.000000  0.081713
 570.000000  0.078003
 571.000000  0.076635
 572.000000  0.083838
 573.000000  0.090942
 574.000000  0.084131
 575.000000  0.074633
 576.000000  0.056152
 577.000000  0.036279
 578.000000  0.029590
 579.000000  0.035717
 580.000000  0.049658
 581.000000  0.069482
 582.000000  0.075293
 583.000000  0.066088
 584.000000  0.047705
 585.000000  0.022143
 586.000000  0.014600
 587.000000  0.014599
 588.000000  0.011987
 589.000000  0.009936
 590.000000  0.009839
 591.000000  0.012207
 592.000000  0.009814
 593.000000  0.009741
 594.000000  0.009766
 595.000000  0.012207
 596.000000  0.009814
 597.000000  0.011792
 598.000000  0.009766
 599.000000  0.011450
 600.000000  0.009717
 601.000000  0.011254
 602.000000  0.009717
 603.000000  0.011547
 604.000000  0.009790
 605.000000  0.011596
 606.000000  0.009790
 607.000000  0.011474
 608.000000  0.009717
 609.000000  0.010937
 610.000000  0.009741
 611.000000  0.010937
 612.000000  0.012182
 613.000000  0.011401
 614.000000  0.012182
 615.000000  0.011352
 616.000000  0.009692
 617.000000  0.008716
 618.000000  0.009717
 619.000000  0.010888
 620.000000  0.009692
 621.000000  0.010864
 622.000000  0.009668
 623.000000  0.010620
 624.000000  0.012085
 625.000000  0.010791
 626.000000  0.009668
 627.000000  0.010693
 628.000000  0.009717
 629.000000  0.010449
 630.000000  0.009668
 631.000000  0.010888
 632.000000  0.009619
 633.000000  0.010961
 634.000000  0.009570
 635.000000  0.010791
 636.000000  0.009766
 637.000000  0.008179
 638.000000  0.009619
 639.000000  0.010546
 640.000000  0.009644
 641.000000  0.010717
 642.000000  0.009644
 643.000000  0.008350
 644.000000  0.012011
 645.000000  0.010595
 646.000000  0.012060
 647.000000  0.010888
 648.000000  0.009692
 649.000000  0.008154
 650.000000  0.009668
 651.000000  0.008594
 652.000000  0.009668
 653.000000  0.008447
 654.000000  0.009717
 655.000000  0.010644
 656.000000  0.009619
 657.000000  0.010644
 658.000000  0.009644
 659.000000  0.008008
 660.000000  0.009570
 661.000000  0.010376
 662.000000  0.009717
 663.000000  0.010473
 664.000000  0.011889
 665.000000  0.010693
 666.000000  0.012182
 667.000000  0.010180
 668.000000  0.009546
 669.000000  0.008130
 670.000000  0.009668
 671.000000  0.008325
 672.000000  0.009644
 673.000000  0.010253
 674.000000  0.012060
 675.000000  0.010302
 676.000000  0.009644
 677.000000  0.010449
 678.000000  0.009497
 679.000000  0.010400
 680.000000  0.009644
 681.000000  0.008105
 682.000000  0.009595
 683.000000  0.010669
 684.000000  0.009521
 685.000000  0.010595
 686.000000  0.009180
 687.000000  0.008154
 688.000000  0.012036
 689.000000  0.007983
 690.000000  0.012182
 691.000000  0.010327
 692.000000  0.009644
 693.000000  0.010253
 694.000000  0.009473
 695.000000  0.010376
 696.000000  0.011840
 697.000000  0.010571
 698.000000  0.009521
 699.000000  0.010424
 700.000000  0.009546
 701.000000  0.008227
 702.000000  0.009546
 703.000000  0.008008
 704.000000  0.011962
 705.000000  0.010351
 706.000000  0.009619
 707.000000  0.008032
 708.000000  0.009644
 709.000000  0.010400
 710.000000  0.009741
 711.000000  0.010522
 712.000000  0.009521
 713.000000  0.010620
 714.000000  0.009692
 715.000000  0.010961
 716.000000  0.009644
 717.000000  0.010839
 718.000000  0.009595
 719.000000  0.010351
 720.000000  0.009521
 721.000000  0.010815
 722.000000  0.009644
 723.000000  0.010815
 724.000000  0.009692
 725.000000  0.010815
 726.000000  0.009692
 727.000000  0.010595
 728.000000  0.009570
 729.000000  0.008716
 730.000000  0.009717
 731.000000  0.010937
 732.000000  0.009717
 733.000000  0.011035
 734.000000  0.012182
 735.000000  0.010961
 736.000000  0.009448
 737.000000  0.010449
 738.000000  0.009546
 739.000000  0.010278
 740.000000  0.009619
 741.000000  0.010864
 742.000000  0.009668
 743.000000  0.008154
 744.000000  0.009546
 745.000000  0.010644
 746.000000  0.009692
 747.000000  0.008276
 748.000000  0.009692
 749.000000  0.010595
 750.000000  0.009570
 751.000000  0.010644
 752.000000  0.012060
 753.000000  0.010913
 754.000000  0.009546
 755.000000  0.010937
 756.000000  0.009668
 757.000000  0.010522
 758.000000  0.009668
 759.000000  0.008276
 760.000000  0.009692
 761.000000  0.011206
 762.000000  0.009692
 763.000000  0.010546
 764.000000  0.009717
 765.000000  0.010253
 766.000000  0.009448
 767.000000  0.007886
 768.000000  0.009595
 769.000000  0.010156
 770.000000  0.009497
 771.000000  0.010107
 772.000000  0.009399
 773.000000  0.010253
 774.000000  0.012060
 775.000000  0.010522
 776.000000  0.012011
 777.000000  0.010327
 778.000000  0.009619
 779.000000  0.007983
 780.000000  0.009619
 781.000000  0.008301
 782.000000  0.011865
 783.000000  0.010327
 784.000000  0.009570
 785.000000  0.010302
 786.000000  0.009717
 787.000000  0.010400
 788.000000  0.012060
 789.000000  0.010107
 790.000000  0.009497
 791.000000  0.010253
 792.000000  0.009473
 793.000000  0.010180
 794.000000  0.009595
 795.000000  0.010473
 796.000000  0.009668
 797.000000  0.010644
 798.000000  0.009497
 799.000000  0.010644
 800.000000  0.009473
 801.000000  0.010229
 802.000000  0.011938
 803.000000  0.010376
 804.000000  0.009473
 805.000000  0.010376
 806.000000  0.009473
 807.000000  0.010400
 808.000000  0.012036
 809.000000  0.007959
 810.000000  0.009497
 811.000000  0.007739
 812.000000  0.009570
 813.000000  0.007739
 814.000000  0.009473
 815.000000  0.010376
 816.000000  0.009644
 817.000000  0.010351
 818.000000  0.009644
 819.000000  0.010302
 820.000000  0.009375
 821.000000  0.010107
 822.000000  0.009375
 823.000000  0.010327
 824.000000  0.011889
 825.000000  0.010473
 826.000000  0.009595
 827.000000  0.010009
 828.000000  0.009375
 829.000000  0.010351
 830.000000  0.009277
 831.000000  0.010278
 832.000000  0.009302
 833.000000  0.010058
 834.000000  0.009473
 835.000000  0.010107
 836.000000  0.011938
 837.000000  0.010180
 838.000000  0.009497
 839.000000  0.010083
 840.000000  0.009277
 841.000000  0.010253
 842.000000  0.012036
 843.000000  0.010791
 844.000000  0.009497
 845.000000  0.008008
 846.000000  0.011523
 847.000000  0.010205
 848.000000  0.009204
 849.000000  0.010473
 850.000000  0.009277
 851.000000  0.010278
 852.000000  0.009326
 853.000000  0.008008
 854.000000  0.011962
 855.000000  0.010156
 856.000000  0.009204
 857.000000  0.007886
 858.000000  0.009424
 859.000000  0.007764
 860.000000  0.011816
 861.000000  0.010253
 862.000000  0.009497
 863.000000  0.007861
 864.000000  0.009326
 865.000000  0.010253
 866.000000  0.011962
 867.000000  0.008008
 868.000000  0.009668
 869.000000  0.010351
 870.000000  0.009619
 871.000000  0.010791
 872.000000  0.009644
 873.000000  0.010351
 874.000000  0.009546
 875.000000  0.010327
 876.000000  0.009399
 877.000000  0.007666
 878.000000  0.009644
 879.000000  0.007568
 880.000000  0.009302
 881.000000  0.010449
 882.000000  0.009497
 883.000000  0.010449
 884.000000  0.009521
 885.000000  0.010669
 886.000000  0.009619
 887.000000  0.007886
 888.000000  0.009619
 889.000000  0.010034
 890.000000  0.009644
 891.000000  0.010229
 892.000000  0.009497
 893.000000  0.010449
 894.000000  0.009473
 895.000000  0.010107
 896.000000  0.009351
 897.000000  0.010327
 898.000000  0.009351
 899.000000  0.010302
 900.000000  0.009570
 901.000000  0.010424
 902.000000  0.012085
 903.000000  0.010180
 904.000000  0.009302
 905.000000  0.010498
 906.000000  0.011889
 907.000000  0.010180
 908.000000  0.011962
 909.000000  0.010302
 910.000000  0.009473
 911.000000  0.009985
 912.000000  0.009570
 913.000000  0.009961
 914.000000  0.009302
 915.000000  0.010107
 916.000000  0.009448
 917.000000  0.010156
 918.000000  0.012085
 919.000000  0.010205
 920.000000  0.012085
 921.000000  0.010156
 922.000000  0.009424
 923.000000  0.010058
 924.000000  0.009546
 925.000000  0.010229
 926.000000  0.009473
 927.000000  0.010034
 928.000000  0.009546
 929.000000  0.010644
 930.000000  0.009570
 931.000000  0.011084
 932.000000  0.009668
 933.000000  0.010742
 934.000000  0.009570
 935.000000  0.010473
 936.000000  0.009473
 937.000000  0.010180
 938.000000  0.009619
 939.000000  0.010205
 940.000000  0.009448
 941.000000  0.010107
 942.000000  0.009375
 943.000000  0.010351
 944.000000  0.009473
 945.000000  0.007739
 946.000000  0.012011
 947.000000  0.010620
 948.000000  0.009717
 949.000000  0.010473
 950.000000  0.011816
 951.000000  0.010669
 952.000000  0.009570
 953.000000  0.010546
 954.000000  0.009302
 955.000000  0.010253
 956.000000  0.009595
 957.000000  0.010229
 958.000000  0.009399
 959.000000  0.007837
 960.000000  0.009351
 961.000000  0.007812
 962.000000  0.011865
 963.000000  0.007739
 964.000000  0.009302
 965.000000  0.010253
 966.000000  0.009106
 967.000000  0.010156
 968.000000  0.009326
 969.000000  0.010302
 970.000000  0.011816
 971.000000  0.010205
 972.000000  0.009473
 973.000000  0.010376
 974.000000  0.009619
 975.000000  0.010498
 976.000000  0.009302
 977.000000  0.010278
 978.000000  0.009399
 979.000000  0.009838
 980.000000  0.009180
 981.000000  0.010571
 982.000000  0.009155
 983.000000  0.007837
 984.000000  0.009228
 985.000000  0.010546
 986.000000  0.009326
 987.000000  0.010229
 988.000000  0.011792
 989.000000  0.010473
 990.000000  0.009570
 991.000000  0.010498
 992.000000  0.009595
 993.000000  0.010449
 994.000000  0.009424
 995.000000  0.010864
 996.000000  0.009521
 997.000000  0.010376
 998.000000  0.011694
 999.000000  0.010278
 1000.000000  0.011938
 1001.000000  0.010376
 1002.000000  0.009228
 1003.000000  0.010009
 1004.000000  0.009058
 1005.000000  0.010205
 1006.000000  0.009228
 1007.000000  0.010351
 1008.000000  0.009155
 1009.000000  0.010083
 1010.000000  0.009131
 1011.000000  0.010131
 1012.000000  0.009277
 1013.000000  0.010205
 1014.000000  0.009180
 1015.000000  0.010156
 1016.000000  0.009082
 1017.000000  0.010351
 1018.000000  0.009180
 1019.000000  0.010034
 1020.000000  0.009155
 1021.000000  0.009936
 1022.000000  0.009058
 1023.000000  0.010351
