 0.000000  0.008520
 1.000000  0.007471
 2.000000  0.008105
 3.000000  0.007373
 4.000000  0.008520
 5.000000  0.007471
 6.000000  0.008545
 7.000000  0.007349
 8.000000  0.008227
 9.000000  0.007519
 10.000000  0.008325
 11.000000  0.007349
 12.000000  0.008716
 13.000000  0.007519
 14.000000  0.008545
 15.000000  0.007422
 16.000000  0.008569
 17.000000  0.007397
 18.000000  0.008520
 19.000000  0.007446
 20.000000  0.008130
 21.000000  0.007495
 22.000000  0.008496
 23.000000  0.007349
 24.000000  0.008569
 25.000000  0.007349
 26.000000  0.009082
 27.000000  0.009790
 28.000000  0.008740
 29.000000  0.007495
 30.000000  0.008227
 31.000000  0.007373
 32.000000  0.008350
 33.000000  0.007300
 34.000000  0.008398
 35.000000  0.007324
 36.000000  0.008496
 37.000000  0.007397
 38.000000  0.008813
 39.000000  0.009790
 40.000000  0.008618
 41.000000  0.007373
 42.000000  0.008496
 43.000000  0.007324
 44.000000  0.008667
 45.000000  0.007373
 46.000000  0.008740
 47.000000  0.007373
 48.000000  0.008569
 49.000000  0.007373
 50.000000  0.008203
 51.000000  0.007397
 52.000000  0.008520
 53.000000  0.007422
 54.000000  0.008325
 55.000000  0.007397
 56.000000  0.008496
 57.000000  0.007324
 58.000000  0.008911
 59.000000  0.009863
 60.000000  0.008667
 61.000000  0.009838
 62.000000  0.008179
 63.000000  0.007446
 64.000000  0.008643
 65.000000  0.007373
 66.000000  0.008716
 67.000000  0.009887
 68.000000  0.008447
 69.000000  0.007324
 70.000000  0.008154
 71.000000  0.007397
 72.000000  0.008203
 73.000000  0.007373
 74.000000  0.008227
 75.000000  0.007324
 76.000000  0.008569
 77.000000  0.007446
 78.000000  0.008398
 79.000000  0.007373
 80.000000  0.008691
 81.000000  0.007446
 82.000000  0.008203
 83.000000  0.007349
 84.000000  0.008154
 85.000000  0.007349
 86.000000  0.008081
 87.000000  0.007373
 88.000000  0.008447
 89.000000  0.007397
 90.000000  0.008398
 91.000000  0.007397
 92.000000  0.008472
 93.000000  0.007397
 94.000000  0.008447
 95.000000  0.007324
 96.000000  0.008179
 97.000000  0.007373
 98.000000  0.008472
 99.000000  0.007422
 100.000000  0.008569
 101.000000  0.009814
 102.000000  0.008154
 103.000000  0.009838
 104.000000  0.008252
 105.000000  0.007397
 106.000000  0.008496
 107.000000  0.007471
 108.000000  0.008447
 109.000000  0.009838
 110.000000  0.008472
 111.000000  0.007324
 112.000000  0.008105
 113.000000  0.007324
 114.000000  0.008301
 115.000000  0.007373
 116.000000  0.008130
 117.000000  0.007397
 118.000000  0.008520
 119.000000  0.007397
 120.000000  0.008520
 121.000000  0.007397
 122.000000  0.008618
 123.000000  0.007324
 124.000000  0.008301
 125.000000  0.007349
 126.000000  0.008545
 127.000000  0.009790
 128.000000  0.008203
 129.000000  0.007373
 130.000000  0.008398
 131.000000  0.009814
 132.000000  0.008276
 133.000000  0.007349
 134.000000  0.008520
 135.000000  0.009790
 136.000000  0.008276
 137.000000  0.007397
 138.000000  0.008398
 139.000000  0.007422
 140.000000  0.008520
 141.000000  0.007373
 142.000000  0.008594
 143.000000  0.007446
 144.000000  0.008032
 145.000000  0.009838
 146.000000  0.008081
 147.000000  0.007422
 148.000000  0.008472
 149.000000  0.009790
 150.000000  0.008227
 151.000000  0.007349
 152.000000  0.008179
 153.000000  0.007397
 154.000000  0.008423
 155.000000  0.007349
 156.000000  0.008301
 157.000000  0.009814
 158.000000  0.008301
 159.000000  0.007349
 160.000000  0.008154
 161.000000  0.007422
 162.000000  0.008252
 163.000000  0.007422
 164.000000  0.008130
 165.000000  0.007324
 166.000000  0.008032
 167.000000  0.007397
 168.000000  0.008057
 169.000000  0.009814
 170.000000  0.008301
 171.000000  0.007324
 172.000000  0.008081
 173.000000  0.007349
 174.000000  0.008227
 175.000000  0.007422
 176.000000  0.008105
 177.000000  0.007373
 178.000000  0.008520
 179.000000  0.009814
 180.000000  0.008008
 181.000000  0.007471
 182.000000  0.008081
 183.000000  0.007373
 184.000000  0.008203
 185.000000  0.007446
 186.000000  0.008130
 187.000000  0.007373
 188.000000  0.008179
 189.000000  0.007373
 190.000000  0.008350
 191.000000  0.007349
 192.000000  0.008203
 193.000000  0.007373
 194.000000  0.008325
 195.000000  0.007324
 196.000000  0.010644
 197.000000  0.007324
 198.000000  0.008203
 199.000000  0.009814
 200.000000  0.008325
 201.000000  0.009814
 202.000000  0.008276
 203.000000  0.007373
 204.000000  0.008130
 205.000000  0.007349
 206.000000  0.007935
 207.000000  0.007349
 208.000000  0.008057
 209.000000  0.009790
 210.000000  0.008520
 211.000000  0.007349
 212.000000  0.007983
 213.000000  0.009790
 214.000000  0.008081
 215.000000  0.007397
 216.000000  0.008203
 217.000000  0.007373
 218.000000  0.008179
 219.000000  0.009765
 220.000000  0.008301
 221.000000  0.007349
 222.000000  0.007861
 223.000000  0.007373
 224.000000  0.008105
 225.000000  0.007397
 226.000000  0.007886
 227.000000  0.009765
 228.000000  0.008398
 229.000000  0.009765
 230.000000  0.008594
 231.000000  0.007373
 232.000000  0.008203
 233.000000  0.009765
 234.000000  0.008008
 235.000000  0.007397
 236.000000  0.007959
 237.000000  0.007324
 238.000000  0.008105
 239.000000  0.009765
 240.000000  0.008301
 241.000000  0.007324
 242.000000  0.008154
 243.000000  0.009790
 244.000000  0.008154
 245.000000  0.007324
 246.000000  0.008154
 247.000000  0.007397
 248.000000  0.008130
 249.000000  0.007349
 250.000000  0.007983
 251.000000  0.007373
 252.000000  0.008130
 253.000000  0.007373
 254.000000  0.007861
 255.000000  0.009790
 256.000000  0.008276
 257.000000  0.007349
 258.000000  0.008081
 259.000000  0.007349
 260.000000  0.008130
 261.000000  0.007422
 262.000000  0.007690
 263.000000  0.009814
 264.000000  0.008008
 265.000000  0.009790
 266.000000  0.007983
 267.000000  0.009765
 268.000000  0.008081
 269.000000  0.009790
 270.000000  0.008032
 271.000000  0.007324
 272.000000  0.008105
 273.000000  0.007324
 274.000000  0.008350
 275.000000  0.009814
 276.000000  0.008179
 277.000000  0.009790
 278.000000  0.008227
 279.000000  0.007349
 280.000000  0.008252
 281.000000  0.009838
 282.000000  0.008154
 283.000000  0.009765
 284.000000  0.008154
 285.000000  0.007349
 286.000000  0.008032
 287.000000  0.007324
 288.000000  0.007983
 289.000000  0.009790
 290.000000  0.008130
 291.000000  0.007349
 292.000000  0.008227
 293.000000  0.007324
 294.000000  0.008325
 295.000000  0.009814
 296.000000  0.008398
 297.000000  0.009863
 298.000000  0.008252
 299.000000  0.009790
 300.000000  0.008081
 301.000000  0.007324
 302.000000  0.008032
 303.000000  0.009863
 304.000000  0.008374
 305.000000  0.007349
 306.000000  0.008154
 307.000000  0.009887
 308.000000  0.008252
 309.000000  0.009863
 310.000000  0.008447
 311.000000  0.007373
 312.000000  0.008203
 313.000000  0.007422
 314.000000  0.008569
 315.000000  0.009814
 316.000000  0.008203
 317.000000  0.007373
 318.000000  0.008057
 319.000000  0.007422
 320.000000  0.007910
 321.000000  0.009863
 322.000000  0.007959
 323.000000  0.009790
 324.000000  0.008130
 325.000000  0.007349
 326.000000  0.008154
 327.000000  0.007349
 328.000000  0.008057
 329.000000  0.009814
 330.000000  0.008105
 331.000000  0.009838
 332.000000  0.008520
 333.000000  0.009790
 334.000000  0.008203
 335.000000  0.009790
 336.000000  0.008472
 337.000000  0.007349
 338.000000  0.008301
 339.000000  0.007373
 340.000000  0.008032
 341.000000  0.009814
 342.000000  0.010400
 343.000000  0.009814
 344.000000  0.008252
 345.000000  0.009814
 346.000000  0.008203
 347.000000  0.007349
 348.000000  0.007910
 349.000000  0.009814
 350.000000  0.008227
 351.000000  0.009741
 352.000000  0.008325
 353.000000  0.009765
 354.000000  0.008179
 355.000000  0.007349
 356.000000  0.008057
 357.000000  0.007324
 358.000000  0.008350
 359.000000  0.009814
 360.000000  0.008301
 361.000000  0.007349
 362.000000  0.008227
 363.000000  0.009765
 364.000000  0.008105
 365.000000  0.007422
 366.000000  0.008301
 367.000000  0.007349
 368.000000  0.008227
 369.000000  0.007397
 370.000000  0.008325
 371.000000  0.009765
 372.000000  0.008350
 373.000000  0.009765
 374.000000  0.008276
 375.000000  0.009790
 376.000000  0.008667
 377.000000  0.007446
 378.000000  0.008398
 379.000000  0.007446
 380.000000  0.008252
 381.000000  0.009765
 382.000000  0.008374
 383.000000  0.007422
 384.000000  0.008594
 385.000000  0.007373
 386.000000  0.008276
 387.000000  0.009790
 388.000000  0.008179
 389.000000  0.009765
 390.000000  0.008520
 391.000000  0.009790
 392.000000  0.008301
 393.000000  0.007373
 394.000000  0.008520
 395.000000  0.007349
 396.000000  0.008520
 397.000000  0.007349
 398.000000  0.008398
 399.000000  0.007300
 400.000000  0.008350
 401.000000  0.009887
 402.000000  0.008227
 403.000000  0.007495
 404.000000  0.008276
 405.000000  0.007349
 406.000000  0.008276
 407.000000  0.007373
 408.000000  0.008472
 409.000000  0.009790
 410.000000  0.008813
 411.000000  0.009838
 412.000000  0.008643
 413.000000  0.007397
 414.000000  0.008594
 415.000000  0.009790
 416.000000  0.008472
 417.000000  0.007471
 418.000000  0.008691
 419.000000  0.007373
 420.000000  0.008643
 421.000000  0.007397
 422.000000  0.008374
 423.000000  0.007422
 424.000000  0.008398
 425.000000  0.009790
 426.000000  0.008301
 427.000000  0.009838
 428.000000  0.008398
 429.000000  0.009838
 430.000000  0.008667
 431.000000  0.009863
 432.000000  0.008325
 433.000000  0.007349
 434.000000  0.008520
 435.000000  0.009814
 436.000000  0.008374
 437.000000  0.009814
 438.000000  0.008398
 439.000000  0.009814
 440.000000  0.008301
 441.000000  0.009814
 442.000000  0.008911
 443.000000  0.009814
 444.000000  0.008496
 445.000000  0.009912
 446.000000  0.008545
 447.000000  0.007397
 448.000000  0.008374
 449.000000  0.009838
 450.000000  0.008618
 451.000000  0.009814
 452.000000  0.008325
 453.000000  0.009887
 454.000000  0.008643
 455.000000  0.009790
 456.000000  0.008740
 457.000000  0.009887
 458.000000  0.008618
 459.000000  0.009790
 460.000000  0.008911
 461.000000  0.009936
 462.000000  0.008350
 463.000000  0.009887
 464.000000  0.008765
 465.000000  0.009961
 466.000000  0.008960
 467.000000  0.007495
 468.000000  0.008716
 469.000000  0.007446
 470.000000  0.008862
 471.000000  0.009936
 472.000000  0.008716
 473.000000  0.007397
 474.000000  0.009033
 475.000000  0.010009
 476.000000  0.009155
 477.000000  0.007422
 478.000000  0.008838
 479.000000  0.009863
 480.000000  0.008911
 481.000000  0.009985
 482.000000  0.008667
 483.000000  0.007373
 484.000000  0.008301
 485.000000  0.009912
 486.000000  0.008545
 487.000000  0.007544
 488.000000  0.008643
 489.000000  0.007544
 490.000000  0.008911
 491.000000  0.009912
 492.000000  0.008838
 493.000000  0.009985
 494.000000  0.008716
 495.000000  0.009863
 496.000000  0.009106
 497.000000  0.007471
 498.000000  0.008691
 499.000000  0.009912
 500.000000  0.008960
 501.000000  0.009887
 502.000000  0.008740
 503.000000  0.009814
 504.000000  0.008838
 505.000000  0.009936
 506.000000  0.008838
 507.000000  0.007422
 508.000000  0.009277
 509.000000  0.007471
 510.000000  0.009204
 511.000000  0.009887
 512.000000  0.009082
 513.000000  0.007446
 514.000000  0.008765
 515.000000  0.007495
 516.000000  0.008960
 517.000000  0.007446
 518.000000  0.009009
 519.000000  0.007471
 520.000000  0.009424
 521.000000  0.007495
 522.000000  0.009009
 523.000000  0.009985
 524.000000  0.009058
 525.000000  0.010131
 526.000000  0.009131
 527.000000  0.009863
 528.000000  0.009277
 529.000000  0.010083
 530.000000  0.009351
 531.000000  0.010229
 532.000000  0.009351
 533.000000  0.007812
 534.000000  0.009570
 535.000000  0.008008
 536.000000  0.009546
 537.000000  0.010449
 538.000000  0.009497
 539.000000  0.010131
 540.000000  0.009668
 541.000000  0.008032
 542.000000  0.009717
 543.000000  0.008765
 544.000000  0.009717
 545.000000  0.009204
 546.000000  0.009692
 547.000000  0.011303
 548.000000  0.009741
 549.000000  0.011645
 550.000000  0.009766
 551.000000  0.012036
 552.000000  0.009741
 553.000000  0.009766
 554.000000  0.009985
 555.000000  0.009839
 556.000000  0.010620
 557.000000  0.012304
 558.000000  0.010864
 559.000000  0.012377
 560.000000  0.011914
 561.000000  0.011621
 562.000000  0.012378
 563.000000  0.014990
 564.000000  0.014770
 565.000000  0.019604
 566.000000  0.026880
 567.000000  0.082006
 568.000000  0.173657
 569.000000  0.206030
 570.000000  0.176880
 571.000000  0.131592
 572.000000  0.043286
 573.000000  0.022924
 574.000000  0.017187
 575.000000  0.017114
 576.000000  0.012842
 577.000000  0.014233
 578.000000  0.012109
 579.000000  0.012744
 580.000000  0.011011
 581.000000  0.009814
 582.000000  0.010034
 583.000000  0.012182
 584.000000  0.009766
 585.000000  0.012036
 586.000000  0.009766
 587.000000  0.011816
 588.000000  0.009717
 589.000000  0.008911
 590.000000  0.009766
 591.000000  0.010888
 592.000000  0.009766
 593.000000  0.008179
 594.000000  0.009668
 595.000000  0.010839
 596.000000  0.009766
 597.000000  0.010302
 598.000000  0.009497
 599.000000  0.010424
 600.000000  0.009424
 601.000000  0.010058
 602.000000  0.009473
 603.000000  0.010156
 604.000000  0.009521
 605.000000  0.010058
 606.000000  0.009717
 607.000000  0.010180
 608.000000  0.009424
 609.000000  0.010156
 610.000000  0.009326
 611.000000  0.010009
 612.000000  0.011792
 613.000000  0.010229
 614.000000  0.011669
 615.000000  0.010253
 616.000000  0.009277
 617.000000  0.007666
 618.000000  0.009106
 619.000000  0.009936
 620.000000  0.009326
 621.000000  0.010083
 622.000000  0.009106
 623.000000  0.009961
 624.000000  0.011743
 625.000000  0.010009
 626.000000  0.009180
 627.000000  0.010058
 628.000000  0.009277
 629.000000  0.009961
 630.000000  0.008960
 631.000000  0.010034
 632.000000  0.009155
 633.000000  0.010009
 634.000000  0.008936
 635.000000  0.009912
 636.000000  0.009106
 637.000000  0.007568
 638.000000  0.009033
 639.000000  0.010034
 640.000000  0.009253
 641.000000  0.010083
 642.000000  0.009155
 643.000000  0.007495
 644.000000  0.011401
 645.000000  0.009814
 646.000000  0.011377
 647.000000  0.009887
 648.000000  0.009106
 649.000000  0.007788
 650.000000  0.008960
 651.000000  0.007446
 652.000000  0.009180
 653.000000  0.007544
 654.000000  0.009082
 655.000000  0.009887
 656.000000  0.009228
 657.000000  0.009936
 658.000000  0.008911
 659.000000  0.007397
 660.000000  0.009033
 661.000000  0.009985
 662.000000  0.009058
 663.000000  0.009961
 664.000000  0.011132
 665.000000  0.010083
 666.000000  0.011694
 667.000000  0.009887
 668.000000  0.008887
 669.000000  0.007519
 670.000000  0.009033
 671.000000  0.007593
 672.000000  0.009058
 673.000000  0.010009
 674.000000  0.011425
 675.000000  0.009863
 676.000000  0.009204
 677.000000  0.009863
 678.000000  0.008643
 679.000000  0.009936
 680.000000  0.008813
 681.000000  0.007495
 682.000000  0.009277
 683.000000  0.009912
 684.000000  0.008936
 685.000000  0.010034
 686.000000  0.008691
 687.000000  0.007617
 688.000000  0.011621
 689.000000  0.007544
 690.000000  0.011914
 691.000000  0.009936
 692.000000  0.009277
 693.000000  0.009887
 694.000000  0.008960
 695.000000  0.009985
 696.000000  0.010937
 697.000000  0.009961
 698.000000  0.009228
 699.000000  0.009887
 700.000000  0.008838
 701.000000  0.007495
 702.000000  0.008960
 703.000000  0.007495
 704.000000  0.011181
 705.000000  0.009887
 706.000000  0.008960
 707.000000  0.007593
 708.000000  0.008911
 709.000000  0.009838
 710.000000  0.008862
 711.000000  0.009936
 712.000000  0.009204
 713.000000  0.009936
 714.000000  0.009033
 715.000000  0.009985
 716.000000  0.008862
 717.000000  0.009912
 718.000000  0.008960
 719.000000  0.009863
 720.000000  0.008960
 721.000000  0.009961
 722.000000  0.009033
 723.000000  0.009912
 724.000000  0.009180
 725.000000  0.009887
 726.000000  0.009082
 727.000000  0.009912
 728.000000  0.008936
 729.000000  0.007471
 730.000000  0.009399
 731.000000  0.010131
 732.000000  0.009058
 733.000000  0.010034
 734.000000  0.011645
 735.000000  0.010058
 736.000000  0.008618
 737.000000  0.010009
 738.000000  0.008813
 739.000000  0.009814
 740.000000  0.008936
 741.000000  0.010058
 742.000000  0.009253
 743.000000  0.007422
 744.000000  0.008716
 745.000000  0.010034
 746.000000  0.008716
 747.000000  0.007446
 748.000000  0.008936
 749.000000  0.009936
 750.000000  0.009131
 751.000000  0.009912
 752.000000  0.011523
 753.000000  0.010107
 754.000000  0.008887
 755.000000  0.009912
 756.000000  0.008838
 757.000000  0.009887
 758.000000  0.008936
 759.000000  0.007422
 760.000000  0.009204
 761.000000  0.010107
 762.000000  0.009302
 763.000000  0.009863
 764.000000  0.008984
 765.000000  0.009863
 766.000000  0.008496
 767.000000  0.007495
 768.000000  0.008838
 769.000000  0.009814
 770.000000  0.008569
 771.000000  0.009887
 772.000000  0.008423
 773.000000  0.009790
 774.000000  0.011328
 775.000000  0.009912
 776.000000  0.011377
 777.000000  0.009936
 778.000000  0.008838
 779.000000  0.007495
 780.000000  0.008716
 781.000000  0.007471
 782.000000  0.011084
 783.000000  0.009887
 784.000000  0.008618
 785.000000  0.009985
 786.000000  0.008960
 787.000000  0.009863
 788.000000  0.011352
 789.000000  0.009887
 790.000000  0.008716
 791.000000  0.009790
 792.000000  0.008667
 793.000000  0.009985
 794.000000  0.008520
 795.000000  0.009814
 796.000000  0.009180
 797.000000  0.009912
 798.000000  0.008472
 799.000000  0.009912
 800.000000  0.008716
 801.000000  0.009814
 802.000000  0.010888
 803.000000  0.010009
 804.000000  0.008716
 805.000000  0.009790
 806.000000  0.008520
 807.000000  0.009887
 808.000000  0.011132
 809.000000  0.007422
 810.000000  0.008716
 811.000000  0.007422
 812.000000  0.008423
 813.000000  0.007446
 814.000000  0.008545
 815.000000  0.009912
 816.000000  0.008960
 817.000000  0.009790
 818.000000  0.009082
 819.000000  0.009814
 820.000000  0.008350
 821.000000  0.009912
 822.000000  0.008618
 823.000000  0.009838
 824.000000  0.011084
 825.000000  0.009887
 826.000000  0.008643
 827.000000  0.009790
 828.000000  0.008179
 829.000000  0.010058
 830.000000  0.008154
 831.000000  0.009863
 832.000000  0.008496
 833.000000  0.009790
 834.000000  0.008374
 835.000000  0.009790
 836.000000  0.011206
 837.000000  0.009790
 838.000000  0.008691
 839.000000  0.009814
 840.000000  0.008838
 841.000000  0.009838
 842.000000  0.011010
 843.000000  0.009863
 844.000000  0.008813
 845.000000  0.007422
 846.000000  0.010644
 847.000000  0.009887
 848.000000  0.008472
 849.000000  0.009936
 850.000000  0.008350
 851.000000  0.009961
 852.000000  0.008496
 853.000000  0.007373
 854.000000  0.011425
 855.000000  0.009838
 856.000000  0.008472
 857.000000  0.007422
 858.000000  0.008350
 859.000000  0.007397
 860.000000  0.011157
 861.000000  0.009814
 862.000000  0.008594
 863.000000  0.007519
 864.000000  0.008447
 865.000000  0.009790
 866.000000  0.011157
 867.000000  0.007446
 868.000000  0.009228
 869.000000  0.009863
 870.000000  0.008838
 871.000000  0.009961
 872.000000  0.009082
 873.000000  0.009790
 874.000000  0.008667
 875.000000  0.009887
 876.000000  0.008447
 877.000000  0.007422
 878.000000  0.008765
 879.000000  0.007373
 880.000000  0.008569
 881.000000  0.009961
 882.000000  0.008520
 883.000000  0.009838
 884.000000  0.008594
 885.000000  0.009814
 886.000000  0.008716
 887.000000  0.007397
 888.000000  0.008862
 889.000000  0.009814
 890.000000  0.008643
 891.000000  0.009887
 892.000000  0.008594
 893.000000  0.009912
 894.000000  0.008887
 895.000000  0.009936
 896.000000  0.008496
 897.000000  0.009912
 898.000000  0.008520
 899.000000  0.009912
 900.000000  0.008643
 901.000000  0.009838
 902.000000  0.011084
 903.000000  0.009814
 904.000000  0.008765
 905.000000  0.009838
 906.000000  0.011059
 907.000000  0.009887
 908.000000  0.011035
 909.000000  0.009887
 910.000000  0.008716
 911.000000  0.009863
 912.000000  0.008643
 913.000000  0.009863
 914.000000  0.008520
 915.000000  0.009814
 916.000000  0.008472
 917.000000  0.009887
 918.000000  0.011279
 919.000000  0.009912
 920.000000  0.011669
 921.000000  0.009838
 922.000000  0.008374
 923.000000  0.009814
 924.000000  0.008716
 925.000000  0.009887
 926.000000  0.008667
 927.000000  0.009936
 928.000000  0.008740
 929.000000  0.009985
 930.000000  0.008838
 931.000000  0.009912
 932.000000  0.008936
 933.000000  0.010034
 934.000000  0.008740
 935.000000  0.010058
 936.000000  0.008887
 937.000000  0.009838
 938.000000  0.008911
 939.000000  0.009887
 940.000000  0.008862
 941.000000  0.009887
 942.000000  0.008520
 943.000000  0.009936
 944.000000  0.008374
 945.000000  0.007446
 946.000000  0.011230
 947.000000  0.009838
 948.000000  0.008838
 949.000000  0.009912
 950.000000  0.011010
 951.000000  0.010034
 952.000000  0.008765
 953.000000  0.009936
 954.000000  0.008496
 955.000000  0.009814
 956.000000  0.008643
 957.000000  0.009863
 958.000000  0.008569
 959.000000  0.007397
 960.000000  0.008252
 961.000000  0.007397
 962.000000  0.010864
 963.000000  0.007397
 964.000000  0.007983
 965.000000  0.009887
 966.000000  0.008301
 967.000000  0.009838
 968.000000  0.008447
 969.000000  0.009887
 970.000000  0.011059
 971.000000  0.009838
 972.000000  0.008838
 973.000000  0.009814
 974.000000  0.008838
 975.000000  0.009985
 976.000000  0.008374
 977.000000  0.009936
 978.000000  0.008569
 979.000000  0.009863
 980.000000  0.008325
 981.000000  0.009912
 982.000000  0.008423
 983.000000  0.007349
 984.000000  0.008398
 985.000000  0.009936
 986.000000  0.008350
 987.000000  0.009863
 988.000000  0.011084
 989.000000  0.009814
 990.000000  0.008716
 991.000000  0.009936
 992.000000  0.008716
 993.000000  0.009863
 994.000000  0.008325
 995.000000  0.009912
 996.000000  0.008398
 997.000000  0.009887
 998.000000  0.010864
 999.000000  0.009790
 1000.000000  0.011328
 1001.000000  0.009887
 1002.000000  0.008154
 1003.000000  0.009814
 1004.000000  0.008276
 1005.000000  0.009790
 1006.000000  0.008252
 1007.000000  0.009765
 1008.000000  0.008472
 1009.000000  0.009887
 1010.000000  0.008301
 1011.000000  0.009790
 1012.000000  0.008301
 1013.000000  0.009863
 1014.000000  0.008105
 1015.000000  0.009838
 1016.000000  0.007983
 1017.000000  0.009814
 1018.000000  0.008130
 1019.000000  0.009863
 1020.000000  0.008374
 1021.000000  0.009765
 1022.000000  0.008057
 1023.000000  0.009887
