 0.000000  0.007935
 1.000000  0.007373
 2.000000  0.007690
 3.000000  0.007324
 4.000000  0.007959
 5.000000  0.007422
 6.000000  0.008057
 7.000000  0.007349
 8.000000  0.007788
 9.000000  0.007397
 10.000000  0.008008
 11.000000  0.007349
 12.000000  0.008081
 13.000000  0.007373
 14.000000  0.008081
 15.000000  0.007324
 16.000000  0.008057
 17.000000  0.007324
 18.000000  0.007959
 19.000000  0.007349
 20.000000  0.007910
 21.000000  0.007349
 22.000000  0.007812
 23.000000  0.007349
 24.000000  0.008105
 25.000000  0.007324
 26.000000  0.008423
 27.000000  0.009765
 28.000000  0.008154
 29.000000  0.007397
 30.000000  0.007910
 31.000000  0.007349
 32.000000  0.008081
 33.000000  0.007349
 34.000000  0.008130
 35.000000  0.007349
 36.000000  0.008057
 37.000000  0.007349
 38.000000  0.007935
 39.000000  0.009790
 40.000000  0.008252
 41.000000  0.007349
 42.000000  0.008130
 43.000000  0.007324
 44.000000  0.008008
 45.000000  0.007349
 46.000000  0.008008
 47.000000  0.007373
 48.000000  0.007959
 49.000000  0.007324
 50.000000  0.007617
 51.000000  0.007373
 52.000000  0.007715
 53.000000  0.007349
 54.000000  0.007910
 55.000000  0.007373
 56.000000  0.007959
 57.000000  0.007373
 58.000000  0.008203
 59.000000  0.009790
 60.000000  0.007910
 61.000000  0.009790
 62.000000  0.007690
 63.000000  0.007324
 64.000000  0.008057
 65.000000  0.007373
 66.000000  0.007959
 67.000000  0.009790
 68.000000  0.007861
 69.000000  0.007324
 70.000000  0.007788
 71.000000  0.007373
 72.000000  0.007715
 73.000000  0.007324
 74.000000  0.007886
 75.000000  0.007373
 76.000000  0.007910
 77.000000  0.007324
 78.000000  0.007886
 79.000000  0.007373
 80.000000  0.007983
 81.000000  0.007349
 82.000000  0.007690
 83.000000  0.007324
 84.000000  0.007739
 85.000000  0.007349
 86.000000  0.007788
 87.000000  0.007349
 88.000000  0.008008
 89.000000  0.007324
 90.000000  0.008008
 91.000000  0.007324
 92.000000  0.007739
 93.000000  0.007324
 94.000000  0.007739
 95.000000  0.007300
 96.000000  0.007837
 97.000000  0.007324
 98.000000  0.007788
 99.000000  0.007373
 100.000000  0.007812
 101.000000  0.009790
 102.000000  0.007617
 103.000000  0.009765
 104.000000  0.007715
 105.000000  0.007300
 106.000000  0.007959
 107.000000  0.007324
 108.000000  0.008130
 109.000000  0.009765
 110.000000  0.008032
 111.000000  0.007324
 112.000000  0.007666
 113.000000  0.007397
 114.000000  0.008032
 115.000000  0.007324
 116.000000  0.007837
 117.000000  0.007373
 118.000000  0.008081
 119.000000  0.007324
 120.000000  0.008008
 121.000000  0.007349
 122.000000  0.007861
 123.000000  0.007349
 124.000000  0.007886
 125.000000  0.007349
 126.000000  0.008032
 127.000000  0.009765
 128.000000  0.007886
 129.000000  0.007300
 130.000000  0.007935
 131.000000  0.009814
 132.000000  0.007764
 133.000000  0.007349
 134.000000  0.007812
 135.000000  0.009790
 136.000000  0.007910
 137.000000  0.007324
 138.000000  0.007837
 139.000000  0.007373
 140.000000  0.007959
 141.000000  0.007324
 142.000000  0.007812
 143.000000  0.007349
 144.000000  0.007715
 145.000000  0.009814
 146.000000  0.007837
 147.000000  0.007300
 148.000000  0.007886
 149.000000  0.009814
 150.000000  0.007812
 151.000000  0.007324
 152.000000  0.007861
 153.000000  0.007300
 154.000000  0.007861
 155.000000  0.007324
 156.000000  0.007715
 157.000000  0.009838
 158.000000  0.007788
 159.000000  0.007349
 160.000000  0.007788
 161.000000  0.007324
 162.000000  0.007642
 163.000000  0.007373
 164.000000  0.007397
 165.000000  0.007373
 166.000000  0.007617
 167.000000  0.007373
 168.000000  0.007715
 169.000000  0.009741
 170.000000  0.007715
 171.000000  0.007324
 172.000000  0.007519
 173.000000  0.007324
 174.000000  0.007593
 175.000000  0.007349
 176.000000  0.007568
 177.000000  0.007324
 178.000000  0.007642
 179.000000  0.009765
 180.000000  0.007544
 181.000000  0.007324
 182.000000  0.007642
 183.000000  0.007349
 184.000000  0.007642
 185.000000  0.007300
 186.000000  0.007812
 187.000000  0.007324
 188.000000  0.007593
 189.000000  0.007324
 190.000000  0.007764
 191.000000  0.007349
 192.000000  0.007715
 193.000000  0.007300
 194.000000  0.007568
 195.000000  0.007324
 196.000000  0.010058
 197.000000  0.007349
 198.000000  0.007666
 199.000000  0.009765
 200.000000  0.007446
 201.000000  0.009765
 202.000000  0.007568
 203.000000  0.007300
 204.000000  0.007666
 205.000000  0.007324
 206.000000  0.007568
 207.000000  0.007324
 208.000000  0.007568
 209.000000  0.009765
 210.000000  0.007715
 211.000000  0.007300
 212.000000  0.007593
 213.000000  0.009716
 214.000000  0.007471
 215.000000  0.007300
 216.000000  0.007690
 217.000000  0.007324
 218.000000  0.007593
 219.000000  0.009790
 220.000000  0.007617
 221.000000  0.007300
 222.000000  0.007495
 223.000000  0.007324
 224.000000  0.007471
 225.000000  0.007300
 226.000000  0.007446
 227.000000  0.009765
 228.000000  0.007666
 229.000000  0.009765
 230.000000  0.007690
 231.000000  0.007324
 232.000000  0.007642
 233.000000  0.009765
 234.000000  0.007690
 235.000000  0.007324
 236.000000  0.007568
 237.000000  0.007300
 238.000000  0.007519
 239.000000  0.009741
 240.000000  0.007568
 241.000000  0.007324
 242.000000  0.007593
 243.000000  0.009741
 244.000000  0.007446
 245.000000  0.007324
 246.000000  0.007495
 247.000000  0.007324
 248.000000  0.007642
 249.000000  0.007349
 250.000000  0.007495
 251.000000  0.007300
 252.000000  0.007519
 253.000000  0.007349
 254.000000  0.007495
 255.000000  0.009765
 256.000000  0.007642
 257.000000  0.007324
 258.000000  0.007568
 259.000000  0.007300
 260.000000  0.007519
 261.000000  0.007300
 262.000000  0.007495
 263.000000  0.009765
 264.000000  0.007446
 265.000000  0.009741
 266.000000  0.007471
 267.000000  0.009765
 268.000000  0.007495
 269.000000  0.009765
 270.000000  0.007519
 271.000000  0.007324
 272.000000  0.007446
 273.000000  0.007324
 274.000000  0.007495
 275.000000  0.009790
 276.000000  0.007617
 277.000000  0.009765
 278.000000  0.007642
 279.000000  0.007324
 280.000000  0.007666
 281.000000  0.009741
 282.000000  0.007593
 283.000000  0.009765
 284.000000  0.007568
 285.000000  0.007373
 286.000000  0.007446
 287.000000  0.007275
 288.000000  0.007544
 289.000000  0.009741
 290.000000  0.007544
 291.000000  0.007349
 292.000000  0.007446
 293.000000  0.007275
 294.000000  0.007495
 295.000000  0.009716
 296.000000  0.007495
 297.000000  0.009790
 298.000000  0.007495
 299.000000  0.009765
 300.000000  0.007519
 301.000000  0.007275
 302.000000  0.007422
 303.000000  0.009790
 304.000000  0.007666
 305.000000  0.007324
 306.000000  0.007422
 307.000000  0.009765
 308.000000  0.007519
 309.000000  0.009741
 310.000000  0.007617
 311.000000  0.007324
 312.000000  0.007397
 313.000000  0.007300
 314.000000  0.007617
 315.000000  0.009741
 316.000000  0.007593
 317.000000  0.007349
 318.000000  0.007544
 319.000000  0.007349
 320.000000  0.007397
 321.000000  0.009741
 322.000000  0.007446
 323.000000  0.009741
 324.000000  0.007617
 325.000000  0.007349
 326.000000  0.007422
 327.000000  0.007275
 328.000000  0.007495
 329.000000  0.009765
 330.000000  0.007568
 331.000000  0.009741
 332.000000  0.007471
 333.000000  0.009765
 334.000000  0.007519
 335.000000  0.009790
 336.000000  0.007495
 337.000000  0.007324
 338.000000  0.007471
 339.000000  0.007324
 340.000000  0.007397
 341.000000  0.009814
 342.000000  0.009838
 343.000000  0.009765
 344.000000  0.007519
 345.000000  0.009741
 346.000000  0.007495
 347.000000  0.007251
 348.000000  0.007397
 349.000000  0.009741
 350.000000  0.007446
 351.000000  0.009741
 352.000000  0.007519
 353.000000  0.009765
 354.000000  0.007495
 355.000000  0.007324
 356.000000  0.007422
 357.000000  0.007300
 358.000000  0.007519
 359.000000  0.009790
 360.000000  0.007446
 361.000000  0.007275
 362.000000  0.007471
 363.000000  0.009741
 364.000000  0.007519
 365.000000  0.007324
 366.000000  0.007495
 367.000000  0.007349
 368.000000  0.007593
 369.000000  0.007373
 370.000000  0.007397
 371.000000  0.009765
 372.000000  0.007519
 373.000000  0.009741
 374.000000  0.007446
 375.000000  0.009716
 376.000000  0.007446
 377.000000  0.007300
 378.000000  0.007471
 379.000000  0.007373
 380.000000  0.007544
 381.000000  0.009790
 382.000000  0.007373
 383.000000  0.007373
 384.000000  0.007495
 385.000000  0.007324
 386.000000  0.007593
 387.000000  0.009741
 388.000000  0.007446
 389.000000  0.009765
 390.000000  0.007495
 391.000000  0.009716
 392.000000  0.007519
 393.000000  0.007324
 394.000000  0.007446
 395.000000  0.007349
 396.000000  0.007422
 397.000000  0.007373
 398.000000  0.007471
 399.000000  0.007300
 400.000000  0.007544
 401.000000  0.009790
 402.000000  0.007446
 403.000000  0.007300
 404.000000  0.007373
 405.000000  0.007324
 406.000000  0.007446
 407.000000  0.007324
 408.000000  0.007397
 409.000000  0.009765
 410.000000  0.007642
 411.000000  0.009790
 412.000000  0.007495
 413.000000  0.007349
 414.000000  0.007495
 415.000000  0.009790
 416.000000  0.007446
 417.000000  0.007349
 418.000000  0.007471
 419.000000  0.007324
 420.000000  0.007495
 421.000000  0.007300
 422.000000  0.007471
 423.000000  0.007251
 424.000000  0.007568
 425.000000  0.009741
 426.000000  0.007422
 427.000000  0.009716
 428.000000  0.007422
 429.000000  0.009741
 430.000000  0.007593
 431.000000  0.009741
 432.000000  0.007471
 433.000000  0.007324
 434.000000  0.007446
 435.000000  0.009741
 436.000000  0.007397
 437.000000  0.009765
 438.000000  0.007544
 439.000000  0.009741
 440.000000  0.007422
 441.000000  0.009692
 442.000000  0.007495
 443.000000  0.009741
 444.000000  0.007519
 445.000000  0.009765
 446.000000  0.007690
 447.000000  0.007300
 448.000000  0.007446
 449.000000  0.009741
 450.000000  0.007373
 451.000000  0.009692
 452.000000  0.007373
 453.000000  0.009765
 454.000000  0.007519
 455.000000  0.009765
 456.000000  0.007373
 457.000000  0.009765
 458.000000  0.007471
 459.000000  0.009741
 460.000000  0.007544
 461.000000  0.009790
 462.000000  0.007519
 463.000000  0.009765
 464.000000  0.007593
 465.000000  0.009790
 466.000000  0.007519
 467.000000  0.007300
 468.000000  0.007446
 469.000000  0.007324
 470.000000  0.007397
 471.000000  0.009765
 472.000000  0.007422
 473.000000  0.007300
 474.000000  0.007568
 475.000000  0.009741
 476.000000  0.007544
 477.000000  0.007275
 478.000000  0.007373
 479.000000  0.009765
 480.000000  0.007519
 481.000000  0.009765
 482.000000  0.007373
 483.000000  0.007324
 484.000000  0.007397
 485.000000  0.009716
 486.000000  0.007373
 487.000000  0.007324
 488.000000  0.007397
 489.000000  0.007349
 490.000000  0.007397
 491.000000  0.009741
 492.000000  0.007397
 493.000000  0.009765
 494.000000  0.007422
 495.000000  0.009790
 496.000000  0.007519
 497.000000  0.007275
 498.000000  0.007422
 499.000000  0.009741
 500.000000  0.007422
 501.000000  0.009765
 502.000000  0.007373
 503.000000  0.009741
 504.000000  0.007422
 505.000000  0.009765
 506.000000  0.007397
 507.000000  0.007324
 508.000000  0.007471
 509.000000  0.007300
 510.000000  0.007471
 511.000000  0.009741
 512.000000  0.007397
 513.000000  0.007275
 514.000000  0.007349
 515.000000  0.007300
 516.000000  0.007373
 517.000000  0.007349
 518.000000  0.007495
 519.000000  0.007349
 520.000000  0.007397
 521.000000  0.007324
 522.000000  0.007568
 523.000000  0.009790
 524.000000  0.007471
 525.000000  0.009741
 526.000000  0.007471
 527.000000  0.009741
 528.000000  0.007422
 529.000000  0.009765
 530.000000  0.007471
 531.000000  0.009741
 532.000000  0.007446
 533.000000  0.007349
 534.000000  0.007422
 535.000000  0.007324
 536.000000  0.007373
 537.000000  0.009741
 538.000000  0.007422
 539.000000  0.009716
 540.000000  0.007519
 541.000000  0.007275
 542.000000  0.007471
 543.000000  0.007324
 544.000000  0.007446
 545.000000  0.007300
 546.000000  0.007544
 547.000000  0.009790
 548.000000  0.007495
 549.000000  0.009790
 550.000000  0.007519
 551.000000  0.009765
 552.000000  0.007495
 553.000000  0.007349
 554.000000  0.007593
 555.000000  0.007373
 556.000000  0.007666
 557.000000  0.009741
 558.000000  0.007642
 559.000000  0.009741
 560.000000  0.007837
 561.000000  0.007324
 562.000000  0.008008
 563.000000  0.009790
 564.000000  0.008154
 565.000000  0.009814
 566.000000  0.008447
 567.000000  0.009887
 568.000000  0.008936
 569.000000  0.010131
 570.000000  0.009180
 571.000000  0.010083
 572.000000  0.009204
 573.000000  0.010205
 574.000000  0.009570
 575.000000  0.010644
 576.000000  0.009668
 577.000000  0.010693
 578.000000  0.009668
 579.000000  0.011132
 580.000000  0.009741
 581.000000  0.009766
 582.000000  0.015137
 583.000000  0.029418
 584.000000  0.034082
 585.000000  0.036645
 586.000000  0.026831
 587.000000  0.015747
 588.000000  0.009790
 589.000000  0.007715
 590.000000  0.009106
 591.000000  0.009887
 592.000000  0.008789
 593.000000  0.007373
 594.000000  0.008154
 595.000000  0.009912
 596.000000  0.008227
 597.000000  0.009790
 598.000000  0.007495
 599.000000  0.009741
 600.000000  0.007495
 601.000000  0.009741
 602.000000  0.007471
 603.000000  0.009765
 604.000000  0.007666
 605.000000  0.009765
 606.000000  0.007642
 607.000000  0.009765
 608.000000  0.007642
 609.000000  0.009716
 610.000000  0.007471
 611.000000  0.009765
 612.000000  0.009863
 613.000000  0.009765
 614.000000  0.009887
 615.000000  0.009716
 616.000000  0.007324
 617.000000  0.007324
 618.000000  0.007422
 619.000000  0.009765
 620.000000  0.007397
 621.000000  0.009765
 622.000000  0.007422
 623.000000  0.009790
 624.000000  0.009838
 625.000000  0.009741
 626.000000  0.007373
 627.000000  0.009765
 628.000000  0.007495
 629.000000  0.009765
 630.000000  0.007397
 631.000000  0.009741
 632.000000  0.007422
 633.000000  0.009765
 634.000000  0.007422
 635.000000  0.009741
 636.000000  0.007397
 637.000000  0.007300
 638.000000  0.007397
 639.000000  0.009741
 640.000000  0.007422
 641.000000  0.009716
 642.000000  0.007397
 643.000000  0.007251
 644.000000  0.009863
 645.000000  0.009692
 646.000000  0.009790
 647.000000  0.009692
 648.000000  0.007373
 649.000000  0.007300
 650.000000  0.007373
 651.000000  0.007300
 652.000000  0.007324
 653.000000  0.007300
 654.000000  0.007349
 655.000000  0.009741
 656.000000  0.007446
 657.000000  0.009765
 658.000000  0.007373
 659.000000  0.007275
 660.000000  0.007397
 661.000000  0.009692
 662.000000  0.007373
 663.000000  0.009716
 664.000000  0.009790
 665.000000  0.009741
 666.000000  0.009863
 667.000000  0.009765
 668.000000  0.007349
 669.000000  0.007275
 670.000000  0.007324
 671.000000  0.007349
 672.000000  0.007446
 673.000000  0.009716
 674.000000  0.009790
 675.000000  0.009716
 676.000000  0.007349
 677.000000  0.009692
 678.000000  0.007373
 679.000000  0.009741
 680.000000  0.007373
 681.000000  0.007275
 682.000000  0.007471
 683.000000  0.009765
 684.000000  0.007397
 685.000000  0.009692
 686.000000  0.007373
 687.000000  0.007300
 688.000000  0.009814
 689.000000  0.007227
 690.000000  0.009936
 691.000000  0.009741
 692.000000  0.007373
 693.000000  0.009741
 694.000000  0.007373
 695.000000  0.009765
 696.000000  0.009765
 697.000000  0.009741
 698.000000  0.007349
 699.000000  0.009692
 700.000000  0.007373
 701.000000  0.007300
 702.000000  0.007422
 703.000000  0.007275
 704.000000  0.009814
 705.000000  0.009741
 706.000000  0.007397
 707.000000  0.007275
 708.000000  0.007446
 709.000000  0.009716
 710.000000  0.007446
 711.000000  0.009716
 712.000000  0.007324
 713.000000  0.009765
 714.000000  0.007300
 715.000000  0.009716
 716.000000  0.007324
 717.000000  0.009765
 718.000000  0.007373
 719.000000  0.009692
 720.000000  0.007373
 721.000000  0.009716
 722.000000  0.007373
 723.000000  0.009765
 724.000000  0.007349
 725.000000  0.009716
 726.000000  0.007349
 727.000000  0.009741
 728.000000  0.007300
 729.000000  0.007349
 730.000000  0.007397
 731.000000  0.009765
 732.000000  0.007349
 733.000000  0.009716
 734.000000  0.009863
 735.000000  0.009741
 736.000000  0.007349
 737.000000  0.009668
 738.000000  0.007349
 739.000000  0.009716
 740.000000  0.007397
 741.000000  0.009716
 742.000000  0.007349
 743.000000  0.007202
 744.000000  0.007373
 745.000000  0.009741
 746.000000  0.007373
 747.000000  0.007275
 748.000000  0.007349
 749.000000  0.009692
 750.000000  0.007397
 751.000000  0.009692
 752.000000  0.009814
 753.000000  0.009594
 754.000000  0.007349
 755.000000  0.009643
 756.000000  0.007422
 757.000000  0.009692
 758.000000  0.007324
 759.000000  0.007251
 760.000000  0.007422
 761.000000  0.009668
 762.000000  0.007422
 763.000000  0.009716
 764.000000  0.007349
 765.000000  0.009643
 766.000000  0.007373
 767.000000  0.007300
 768.000000  0.007397
 769.000000  0.009741
 770.000000  0.007397
 771.000000  0.009594
 772.000000  0.007324
 773.000000  0.009594
 774.000000  0.009790
 775.000000  0.009619
 776.000000  0.009838
 777.000000  0.009716
 778.000000  0.007373
 779.000000  0.007300
 780.000000  0.007349
 781.000000  0.007251
 782.000000  0.009765
 783.000000  0.009741
 784.000000  0.007349
 785.000000  0.009692
 786.000000  0.007373
 787.000000  0.009643
 788.000000  0.009790
 789.000000  0.009716
 790.000000  0.007422
 791.000000  0.009692
 792.000000  0.007349
 793.000000  0.009716
 794.000000  0.007349
 795.000000  0.009741
 796.000000  0.007349
 797.000000  0.009716
 798.000000  0.007349
 799.000000  0.009692
 800.000000  0.007397
 801.000000  0.009692
 802.000000  0.009790
 803.000000  0.009716
 804.000000  0.007349
 805.000000  0.009741
 806.000000  0.007300
 807.000000  0.009692
 808.000000  0.009765
 809.000000  0.007202
 810.000000  0.007349
 811.000000  0.007251
 812.000000  0.007349
 813.000000  0.007227
 814.000000  0.007300
 815.000000  0.009716
 816.000000  0.007422
 817.000000  0.009692
 818.000000  0.007324
 819.000000  0.009668
 820.000000  0.007349
 821.000000  0.009692
 822.000000  0.007300
 823.000000  0.009692
 824.000000  0.009765
 825.000000  0.009741
 826.000000  0.007324
 827.000000  0.009668
 828.000000  0.007324
 829.000000  0.009619
 830.000000  0.007373
 831.000000  0.009716
 832.000000  0.007349
 833.000000  0.009619
 834.000000  0.007324
 835.000000  0.009716
 836.000000  0.009814
 837.000000  0.009643
 838.000000  0.007349
 839.000000  0.009594
 840.000000  0.007349
 841.000000  0.009668
 842.000000  0.009814
 843.000000  0.009692
 844.000000  0.007324
 845.000000  0.007227
 846.000000  0.009765
 847.000000  0.009668
 848.000000  0.007300
 849.000000  0.009692
 850.000000  0.007349
 851.000000  0.009741
 852.000000  0.007397
 853.000000  0.007202
 854.000000  0.009814
 855.000000  0.009692
 856.000000  0.007373
 857.000000  0.007251
 858.000000  0.007324
 859.000000  0.007153
 860.000000  0.009741
 861.000000  0.009643
 862.000000  0.007324
 863.000000  0.007251
 864.000000  0.007349
 865.000000  0.009716
 866.000000  0.009790
 867.000000  0.007202
 868.000000  0.007349
 869.000000  0.009619
 870.000000  0.007373
 871.000000  0.009668
 872.000000  0.007349
 873.000000  0.009619
 874.000000  0.007349
 875.000000  0.009716
 876.000000  0.007324
 877.000000  0.007227
 878.000000  0.007300
 879.000000  0.007202
 880.000000  0.007324
 881.000000  0.009716
 882.000000  0.007349
 883.000000  0.009716
 884.000000  0.007349
 885.000000  0.009692
 886.000000  0.007422
 887.000000  0.007178
 888.000000  0.007397
 889.000000  0.009668
 890.000000  0.007324
 891.000000  0.009692
 892.000000  0.007324
 893.000000  0.009741
 894.000000  0.007324
 895.000000  0.009716
 896.000000  0.007324
 897.000000  0.009692
 898.000000  0.007349
 899.000000  0.009668
 900.000000  0.007373
 901.000000  0.009668
 902.000000  0.009765
 903.000000  0.009619
 904.000000  0.007373
 905.000000  0.009741
 906.000000  0.009765
 907.000000  0.009545
 908.000000  0.009838
 909.000000  0.009594
 910.000000  0.007300
 911.000000  0.009619
 912.000000  0.007349
 913.000000  0.009619
 914.000000  0.007349
 915.000000  0.009668
 916.000000  0.007349
 917.000000  0.009692
 918.000000  0.009814
 919.000000  0.009619
 920.000000  0.009790
 921.000000  0.009619
 922.000000  0.007422
 923.000000  0.009594
 924.000000  0.007373
 925.000000  0.009619
 926.000000  0.007324
 927.000000  0.009594
 928.000000  0.007373
 929.000000  0.009643
 930.000000  0.007349
 931.000000  0.009741
 932.000000  0.007349
 933.000000  0.009594
 934.000000  0.007373
 935.000000  0.009692
 936.000000  0.007324
 937.000000  0.009716
 938.000000  0.007324
 939.000000  0.009668
 940.000000  0.007300
 941.000000  0.009765
 942.000000  0.007349
 943.000000  0.009668
 944.000000  0.007324
 945.000000  0.007227
 946.000000  0.009765
 947.000000  0.009692
 948.000000  0.007324
 949.000000  0.009692
 950.000000  0.009765
 951.000000  0.009692
 952.000000  0.007349
 953.000000  0.009716
 954.000000  0.007300
 955.000000  0.009570
 956.000000  0.007324
 957.000000  0.009643
 958.000000  0.007324
 959.000000  0.007178
 960.000000  0.007324
 961.000000  0.007251
 962.000000  0.009790
 963.000000  0.007300
 964.000000  0.007324
 965.000000  0.009692
 966.000000  0.007324
 967.000000  0.009619
 968.000000  0.007324
 969.000000  0.009692
 970.000000  0.009838
 971.000000  0.009594
 972.000000  0.007397
 973.000000  0.009668
 974.000000  0.007373
 975.000000  0.009741
 976.000000  0.007324
 977.000000  0.009692
 978.000000  0.007324
 979.000000  0.009643
 980.000000  0.007349
 981.000000  0.009643
 982.000000  0.007300
 983.000000  0.007227
 984.000000  0.007300
 985.000000  0.009741
 986.000000  0.007300
 987.000000  0.009619
 988.000000  0.009790
 989.000000  0.009643
 990.000000  0.007373
 991.000000  0.009594
 992.000000  0.007373
 993.000000  0.009692
 994.000000  0.007324
 995.000000  0.009668
 996.000000  0.007300
 997.000000  0.009668
 998.000000  0.009765
 999.000000  0.009692
 1000.000000  0.009838
 1001.000000  0.009619
 1002.000000  0.007373
 1003.000000  0.009594
 1004.000000  0.007324
 1005.000000  0.009643
 1006.000000  0.007324
 1007.000000  0.009692
 1008.000000  0.007349
 1009.000000  0.009619
 1010.000000  0.007324
 1011.000000  0.009668
 1012.000000  0.007324
 1013.000000  0.009643
 1014.000000  0.007349
 1015.000000  0.009619
 1016.000000  0.007397
 1017.000000  0.009643
 1018.000000  0.007349
 1019.000000  0.009643
 1020.000000  0.007324
 1021.000000  0.009594
 1022.000000  0.007300
 1023.000000  0.009692
