 0.000000  0.008252
 1.000000  0.007446
 2.000000  0.007935
 3.000000  0.007397
 4.000000  0.007983
 5.000000  0.007373
 6.000000  0.008301
 7.000000  0.007349
 8.000000  0.008081
 9.000000  0.007397
 10.000000  0.008105
 11.000000  0.007349
 12.000000  0.008105
 13.000000  0.007349
 14.000000  0.008325
 15.000000  0.007300
 16.000000  0.008081
 17.000000  0.007324
 18.000000  0.008130
 19.000000  0.007373
 20.000000  0.007910
 21.000000  0.007397
 22.000000  0.007983
 23.000000  0.007397
 24.000000  0.008130
 25.000000  0.007324
 26.000000  0.008545
 27.000000  0.009765
 28.000000  0.008130
 29.000000  0.007422
 30.000000  0.008227
 31.000000  0.007324
 32.000000  0.008472
 33.000000  0.007349
 34.000000  0.008325
 35.000000  0.007349
 36.000000  0.008276
 37.000000  0.007300
 38.000000  0.008081
 39.000000  0.009790
 40.000000  0.008130
 41.000000  0.007324
 42.000000  0.008154
 43.000000  0.007373
 44.000000  0.008252
 45.000000  0.007324
 46.000000  0.008227
 47.000000  0.007324
 48.000000  0.007959
 49.000000  0.007349
 50.000000  0.007739
 51.000000  0.007373
 52.000000  0.007935
 53.000000  0.007422
 54.000000  0.007910
 55.000000  0.007324
 56.000000  0.008276
 57.000000  0.007324
 58.000000  0.008447
 59.000000  0.009814
 60.000000  0.008081
 61.000000  0.009814
 62.000000  0.007861
 63.000000  0.007349
 64.000000  0.008276
 65.000000  0.007300
 66.000000  0.008081
 67.000000  0.009790
 68.000000  0.008008
 69.000000  0.007349
 70.000000  0.007837
 71.000000  0.007349
 72.000000  0.007959
 73.000000  0.007324
 74.000000  0.007739
 75.000000  0.007300
 76.000000  0.008032
 77.000000  0.007373
 78.000000  0.007935
 79.000000  0.007349
 80.000000  0.008325
 81.000000  0.007300
 82.000000  0.007764
 83.000000  0.007349
 84.000000  0.007690
 85.000000  0.007349
 86.000000  0.007715
 87.000000  0.007373
 88.000000  0.007812
 89.000000  0.007373
 90.000000  0.007935
 91.000000  0.007324
 92.000000  0.007886
 93.000000  0.007373
 94.000000  0.007983
 95.000000  0.007300
 96.000000  0.007983
 97.000000  0.007300
 98.000000  0.008154
 99.000000  0.007373
 100.000000  0.007886
 101.000000  0.009765
 102.000000  0.007690
 103.000000  0.009765
 104.000000  0.008105
 105.000000  0.007349
 106.000000  0.008374
 107.000000  0.007373
 108.000000  0.008008
 109.000000  0.009863
 110.000000  0.007886
 111.000000  0.007349
 112.000000  0.007812
 113.000000  0.007349
 114.000000  0.007910
 115.000000  0.007349
 116.000000  0.007788
 117.000000  0.007324
 118.000000  0.008227
 119.000000  0.007324
 120.000000  0.008154
 121.000000  0.007373
 122.000000  0.007983
 123.000000  0.007373
 124.000000  0.007983
 125.000000  0.007397
 126.000000  0.008154
 127.000000  0.009814
 128.000000  0.007935
 129.000000  0.007324
 130.000000  0.008154
 131.000000  0.009765
 132.000000  0.007764
 133.000000  0.007373
 134.000000  0.007983
 135.000000  0.009765
 136.000000  0.007837
 137.000000  0.007324
 138.000000  0.007910
 139.000000  0.007373
 140.000000  0.008130
 141.000000  0.007324
 142.000000  0.007861
 143.000000  0.007373
 144.000000  0.007959
 145.000000  0.009765
 146.000000  0.007812
 147.000000  0.007373
 148.000000  0.008057
 149.000000  0.009741
 150.000000  0.007861
 151.000000  0.007373
 152.000000  0.007690
 153.000000  0.007373
 154.000000  0.007886
 155.000000  0.007324
 156.000000  0.007715
 157.000000  0.009765
 158.000000  0.007788
 159.000000  0.007324
 160.000000  0.008081
 161.000000  0.007373
 162.000000  0.007788
 163.000000  0.007349
 164.000000  0.007666
 165.000000  0.007324
 166.000000  0.007617
 167.000000  0.007300
 168.000000  0.007715
 169.000000  0.009765
 170.000000  0.007959
 171.000000  0.007324
 172.000000  0.007617
 173.000000  0.007324
 174.000000  0.007666
 175.000000  0.007324
 176.000000  0.007764
 177.000000  0.007300
 178.000000  0.007593
 179.000000  0.009765
 180.000000  0.007739
 181.000000  0.007324
 182.000000  0.007715
 183.000000  0.007349
 184.000000  0.007666
 185.000000  0.007300
 186.000000  0.008081
 187.000000  0.007324
 188.000000  0.007739
 189.000000  0.007349
 190.000000  0.007910
 191.000000  0.007349
 192.000000  0.007568
 193.000000  0.007349
 194.000000  0.007568
 195.000000  0.007324
 196.000000  0.010034
 197.000000  0.007373
 198.000000  0.007593
 199.000000  0.009765
 200.000000  0.007593
 201.000000  0.009790
 202.000000  0.007642
 203.000000  0.007349
 204.000000  0.007617
 205.000000  0.007373
 206.000000  0.007568
 207.000000  0.007324
 208.000000  0.007519
 209.000000  0.009790
 210.000000  0.007739
 211.000000  0.007324
 212.000000  0.007642
 213.000000  0.009765
 214.000000  0.007715
 215.000000  0.007324
 216.000000  0.007739
 217.000000  0.007349
 218.000000  0.007666
 219.000000  0.009741
 220.000000  0.007666
 221.000000  0.007324
 222.000000  0.007666
 223.000000  0.007349
 224.000000  0.007617
 225.000000  0.007324
 226.000000  0.007666
 227.000000  0.009790
 228.000000  0.007788
 229.000000  0.009790
 230.000000  0.007959
 231.000000  0.007300
 232.000000  0.007764
 233.000000  0.009765
 234.000000  0.007593
 235.000000  0.007349
 236.000000  0.007837
 237.000000  0.007349
 238.000000  0.007544
 239.000000  0.009765
 240.000000  0.007642
 241.000000  0.007300
 242.000000  0.007715
 243.000000  0.009765
 244.000000  0.007446
 245.000000  0.007349
 246.000000  0.007715
 247.000000  0.007373
 248.000000  0.007861
 249.000000  0.007349
 250.000000  0.007568
 251.000000  0.007324
 252.000000  0.007593
 253.000000  0.007373
 254.000000  0.007617
 255.000000  0.009790
 256.000000  0.007617
 257.000000  0.007300
 258.000000  0.007642
 259.000000  0.007300
 260.000000  0.007544
 261.000000  0.007300
 262.000000  0.007519
 263.000000  0.009790
 264.000000  0.007617
 265.000000  0.009790
 266.000000  0.007568
 267.000000  0.009790
 268.000000  0.007593
 269.000000  0.009765
 270.000000  0.007764
 271.000000  0.007349
 272.000000  0.007446
 273.000000  0.007324
 274.000000  0.007617
 275.000000  0.009765
 276.000000  0.007544
 277.000000  0.009790
 278.000000  0.007617
 279.000000  0.007324
 280.000000  0.007593
 281.000000  0.009716
 282.000000  0.007739
 283.000000  0.009741
 284.000000  0.007642
 285.000000  0.007349
 286.000000  0.007471
 287.000000  0.007349
 288.000000  0.007544
 289.000000  0.009765
 290.000000  0.007739
 291.000000  0.007324
 292.000000  0.007666
 293.000000  0.007300
 294.000000  0.007642
 295.000000  0.009790
 296.000000  0.007666
 297.000000  0.009765
 298.000000  0.007788
 299.000000  0.009741
 300.000000  0.007617
 301.000000  0.007324
 302.000000  0.007519
 303.000000  0.009790
 304.000000  0.007739
 305.000000  0.007300
 306.000000  0.007519
 307.000000  0.009765
 308.000000  0.007617
 309.000000  0.009741
 310.000000  0.007690
 311.000000  0.007349
 312.000000  0.007544
 313.000000  0.007324
 314.000000  0.007837
 315.000000  0.009790
 316.000000  0.007519
 317.000000  0.007349
 318.000000  0.007593
 319.000000  0.007324
 320.000000  0.007568
 321.000000  0.009765
 322.000000  0.007568
 323.000000  0.009814
 324.000000  0.007519
 325.000000  0.007349
 326.000000  0.007642
 327.000000  0.007324
 328.000000  0.007519
 329.000000  0.009765
 330.000000  0.007642
 331.000000  0.009790
 332.000000  0.007642
 333.000000  0.009790
 334.000000  0.007642
 335.000000  0.009765
 336.000000  0.007544
 337.000000  0.007324
 338.000000  0.007690
 339.000000  0.007349
 340.000000  0.007471
 341.000000  0.009765
 342.000000  0.009863
 343.000000  0.009814
 344.000000  0.007593
 345.000000  0.009790
 346.000000  0.007642
 347.000000  0.007300
 348.000000  0.007495
 349.000000  0.009765
 350.000000  0.007617
 351.000000  0.009790
 352.000000  0.007666
 353.000000  0.009765
 354.000000  0.007495
 355.000000  0.007324
 356.000000  0.007568
 357.000000  0.007324
 358.000000  0.007666
 359.000000  0.009741
 360.000000  0.007739
 361.000000  0.007300
 362.000000  0.007495
 363.000000  0.009790
 364.000000  0.007471
 365.000000  0.007300
 366.000000  0.007642
 367.000000  0.007349
 368.000000  0.007715
 369.000000  0.007349
 370.000000  0.007495
 371.000000  0.009765
 372.000000  0.007642
 373.000000  0.009716
 374.000000  0.007666
 375.000000  0.009765
 376.000000  0.007544
 377.000000  0.007324
 378.000000  0.007788
 379.000000  0.007349
 380.000000  0.007593
 381.000000  0.009741
 382.000000  0.007471
 383.000000  0.007324
 384.000000  0.007690
 385.000000  0.007397
 386.000000  0.007617
 387.000000  0.009765
 388.000000  0.007568
 389.000000  0.009790
 390.000000  0.007690
 391.000000  0.009741
 392.000000  0.007666
 393.000000  0.007324
 394.000000  0.007593
 395.000000  0.007349
 396.000000  0.007788
 397.000000  0.007349
 398.000000  0.007593
 399.000000  0.007300
 400.000000  0.007617
 401.000000  0.009765
 402.000000  0.007471
 403.000000  0.007324
 404.000000  0.007519
 405.000000  0.007300
 406.000000  0.007544
 407.000000  0.007324
 408.000000  0.007568
 409.000000  0.009765
 410.000000  0.007715
 411.000000  0.009765
 412.000000  0.007617
 413.000000  0.007275
 414.000000  0.007739
 415.000000  0.009790
 416.000000  0.007593
 417.000000  0.007373
 418.000000  0.007837
 419.000000  0.007300
 420.000000  0.007593
 421.000000  0.007300
 422.000000  0.007519
 423.000000  0.007300
 424.000000  0.007642
 425.000000  0.009765
 426.000000  0.007812
 427.000000  0.009765
 428.000000  0.007690
 429.000000  0.009790
 430.000000  0.007568
 431.000000  0.009790
 432.000000  0.007568
 433.000000  0.007324
 434.000000  0.007519
 435.000000  0.009790
 436.000000  0.007495
 437.000000  0.009765
 438.000000  0.007471
 439.000000  0.009741
 440.000000  0.007666
 441.000000  0.009790
 442.000000  0.007568
 443.000000  0.009741
 444.000000  0.007568
 445.000000  0.009765
 446.000000  0.007690
 447.000000  0.007324
 448.000000  0.007446
 449.000000  0.009790
 450.000000  0.007544
 451.000000  0.009741
 452.000000  0.007568
 453.000000  0.009741
 454.000000  0.007495
 455.000000  0.009790
 456.000000  0.007788
 457.000000  0.009765
 458.000000  0.007642
 459.000000  0.009741
 460.000000  0.007715
 461.000000  0.009765
 462.000000  0.007666
 463.000000  0.009741
 464.000000  0.007690
 465.000000  0.009765
 466.000000  0.007837
 467.000000  0.007324
 468.000000  0.007568
 469.000000  0.007300
 470.000000  0.007690
 471.000000  0.009790
 472.000000  0.007568
 473.000000  0.007300
 474.000000  0.007715
 475.000000  0.009765
 476.000000  0.007471
 477.000000  0.007324
 478.000000  0.007593
 479.000000  0.009741
 480.000000  0.007495
 481.000000  0.009741
 482.000000  0.007642
 483.000000  0.007324
 484.000000  0.007544
 485.000000  0.009790
 486.000000  0.007446
 487.000000  0.007324
 488.000000  0.007690
 489.000000  0.007349
 490.000000  0.007495
 491.000000  0.009765
 492.000000  0.007544
 493.000000  0.009765
 494.000000  0.007593
 495.000000  0.009790
 496.000000  0.007519
 497.000000  0.007300
 498.000000  0.007471
 499.000000  0.009765
 500.000000  0.007642
 501.000000  0.009741
 502.000000  0.007544
 503.000000  0.009765
 504.000000  0.007544
 505.000000  0.009765
 506.000000  0.007422
 507.000000  0.007300
 508.000000  0.007544
 509.000000  0.007324
 510.000000  0.007861
 511.000000  0.009765
 512.000000  0.007568
 513.000000  0.007324
 514.000000  0.007495
 515.000000  0.007324
 516.000000  0.007544
 517.000000  0.007324
 518.000000  0.007666
 519.000000  0.007349
 520.000000  0.007544
 521.000000  0.007349
 522.000000  0.007593
 523.000000  0.009765
 524.000000  0.007617
 525.000000  0.009765
 526.000000  0.007666
 527.000000  0.009741
 528.000000  0.007617
 529.000000  0.009790
 530.000000  0.007715
 531.000000  0.009741
 532.000000  0.007593
 533.000000  0.007349
 534.000000  0.007446
 535.000000  0.007324
 536.000000  0.007666
 537.000000  0.009790
 538.000000  0.007739
 539.000000  0.009790
 540.000000  0.007715
 541.000000  0.007324
 542.000000  0.007715
 543.000000  0.007300
 544.000000  0.007666
 545.000000  0.007349
 546.000000  0.007910
 547.000000  0.009790
 548.000000  0.007739
 549.000000  0.009814
 550.000000  0.007690
 551.000000  0.009765
 552.000000  0.007690
 553.000000  0.007397
 554.000000  0.008081
 555.000000  0.007397
 556.000000  0.008276
 557.000000  0.009814
 558.000000  0.008203
 559.000000  0.009765
 560.000000  0.008716
 561.000000  0.007422
 562.000000  0.008667
 563.000000  0.009863
 564.000000  0.008862
 565.000000  0.010058
 566.000000  0.009009
 567.000000  0.010131
 568.000000  0.009375
 569.000000  0.010253
 570.000000  0.009473
 571.000000  0.010400
 572.000000  0.009277
 573.000000  0.010791
 574.000000  0.009644
 575.000000  0.010693
 576.000000  0.009692
 577.000000  0.011547
 578.000000  0.009790
 579.000000  0.011987
 580.000000  0.009766
 581.000000  0.010278
 582.000000  0.019165
 583.000000  0.048657
 584.000000  0.070825
 585.000000  0.081250
 586.000000  0.060913
 587.000000  0.035913
 588.000000  0.013135
 589.000000  0.009814
 590.000000  0.009790
 591.000000  0.011352
 592.000000  0.009692
 593.000000  0.008105
 594.000000  0.009595
 595.000000  0.010229
 596.000000  0.009595
 597.000000  0.009912
 598.000000  0.008301
 599.000000  0.009814
 600.000000  0.007959
 601.000000  0.009765
 602.000000  0.008032
 603.000000  0.009790
 604.000000  0.008545
 605.000000  0.009790
 606.000000  0.008154
 607.000000  0.009790
 608.000000  0.008203
 609.000000  0.009790
 610.000000  0.007983
 611.000000  0.009765
 612.000000  0.010400
 613.000000  0.009790
 614.000000  0.010205
 615.000000  0.009790
 616.000000  0.007764
 617.000000  0.007349
 618.000000  0.007739
 619.000000  0.009790
 620.000000  0.007788
 621.000000  0.009741
 622.000000  0.007690
 623.000000  0.009765
 624.000000  0.010083
 625.000000  0.009741
 626.000000  0.007642
 627.000000  0.009765
 628.000000  0.007617
 629.000000  0.009790
 630.000000  0.007715
 631.000000  0.009790
 632.000000  0.007690
 633.000000  0.009741
 634.000000  0.007666
 635.000000  0.009765
 636.000000  0.007519
 637.000000  0.007349
 638.000000  0.007544
 639.000000  0.009765
 640.000000  0.007544
 641.000000  0.009741
 642.000000  0.007495
 643.000000  0.007349
 644.000000  0.009985
 645.000000  0.009790
 646.000000  0.009863
 647.000000  0.009765
 648.000000  0.007519
 649.000000  0.007324
 650.000000  0.007446
 651.000000  0.007324
 652.000000  0.007471
 653.000000  0.007324
 654.000000  0.007568
 655.000000  0.009790
 656.000000  0.007544
 657.000000  0.009765
 658.000000  0.007349
 659.000000  0.007324
 660.000000  0.007568
 661.000000  0.009741
 662.000000  0.007544
 663.000000  0.009765
 664.000000  0.009912
 665.000000  0.009741
 666.000000  0.009912
 667.000000  0.009765
 668.000000  0.007519
 669.000000  0.007324
 670.000000  0.007544
 671.000000  0.007300
 672.000000  0.007495
 673.000000  0.009765
 674.000000  0.009936
 675.000000  0.009716
 676.000000  0.007568
 677.000000  0.009741
 678.000000  0.007471
 679.000000  0.009765
 680.000000  0.007471
 681.000000  0.007324
 682.000000  0.007422
 683.000000  0.009765
 684.000000  0.007446
 685.000000  0.009765
 686.000000  0.007495
 687.000000  0.007300
 688.000000  0.009912
 689.000000  0.007324
 690.000000  0.010107
 691.000000  0.009716
 692.000000  0.007739
 693.000000  0.009741
 694.000000  0.007373
 695.000000  0.009692
 696.000000  0.009863
 697.000000  0.009716
 698.000000  0.007495
 699.000000  0.009765
 700.000000  0.007544
 701.000000  0.007300
 702.000000  0.007519
 703.000000  0.007251
 704.000000  0.009887
 705.000000  0.009790
 706.000000  0.007495
 707.000000  0.007324
 708.000000  0.007593
 709.000000  0.009716
 710.000000  0.007544
 711.000000  0.009741
 712.000000  0.007593
 713.000000  0.009716
 714.000000  0.007495
 715.000000  0.009790
 716.000000  0.007568
 717.000000  0.009741
 718.000000  0.007617
 719.000000  0.009741
 720.000000  0.007519
 721.000000  0.009790
 722.000000  0.007519
 723.000000  0.009765
 724.000000  0.007568
 725.000000  0.009765
 726.000000  0.007568
 727.000000  0.009765
 728.000000  0.007568
 729.000000  0.007300
 730.000000  0.007422
 731.000000  0.009741
 732.000000  0.007422
 733.000000  0.009716
 734.000000  0.009912
 735.000000  0.009790
 736.000000  0.007495
 737.000000  0.009716
 738.000000  0.007446
 739.000000  0.009765
 740.000000  0.007495
 741.000000  0.009765
 742.000000  0.007495
 743.000000  0.007324
 744.000000  0.007446
 745.000000  0.009790
 746.000000  0.007446
 747.000000  0.007251
 748.000000  0.007422
 749.000000  0.009790
 750.000000  0.007422
 751.000000  0.009790
 752.000000  0.009863
 753.000000  0.009765
 754.000000  0.007446
 755.000000  0.009741
 756.000000  0.007495
 757.000000  0.009741
 758.000000  0.007471
 759.000000  0.007300
 760.000000  0.007446
 761.000000  0.009765
 762.000000  0.007446
 763.000000  0.009765
 764.000000  0.007397
 765.000000  0.009716
 766.000000  0.007397
 767.000000  0.007324
 768.000000  0.007349
 769.000000  0.009741
 770.000000  0.007373
 771.000000  0.009741
 772.000000  0.007373
 773.000000  0.009790
 774.000000  0.009912
 775.000000  0.009741
 776.000000  0.009887
 777.000000  0.009741
 778.000000  0.007446
 779.000000  0.007251
 780.000000  0.007397
 781.000000  0.007324
 782.000000  0.009814
 783.000000  0.009765
 784.000000  0.007373
 785.000000  0.009741
 786.000000  0.007397
 787.000000  0.009741
 788.000000  0.009887
 789.000000  0.009765
 790.000000  0.007422
 791.000000  0.009765
 792.000000  0.007324
 793.000000  0.009790
 794.000000  0.007373
 795.000000  0.009765
 796.000000  0.007495
 797.000000  0.009790
 798.000000  0.007324
 799.000000  0.009741
 800.000000  0.007349
 801.000000  0.009765
 802.000000  0.009838
 803.000000  0.009741
 804.000000  0.007373
 805.000000  0.009765
 806.000000  0.007324
 807.000000  0.009765
 808.000000  0.009863
 809.000000  0.007324
 810.000000  0.007324
 811.000000  0.007275
 812.000000  0.007349
 813.000000  0.007349
 814.000000  0.007397
 815.000000  0.009741
 816.000000  0.007422
 817.000000  0.009790
 818.000000  0.007471
 819.000000  0.009741
 820.000000  0.007397
 821.000000  0.009741
 822.000000  0.007373
 823.000000  0.009716
 824.000000  0.009790
 825.000000  0.009716
 826.000000  0.007422
 827.000000  0.009716
 828.000000  0.007349
 829.000000  0.009741
 830.000000  0.007373
 831.000000  0.009716
 832.000000  0.007373
 833.000000  0.009741
 834.000000  0.007446
 835.000000  0.009741
 836.000000  0.009814
 837.000000  0.009765
 838.000000  0.007422
 839.000000  0.009741
 840.000000  0.007422
 841.000000  0.009741
 842.000000  0.009790
 843.000000  0.009741
 844.000000  0.007373
 845.000000  0.007300
 846.000000  0.009790
 847.000000  0.009741
 848.000000  0.007349
 849.000000  0.009765
 850.000000  0.007446
 851.000000  0.009790
 852.000000  0.007373
 853.000000  0.007275
 854.000000  0.009887
 855.000000  0.009741
 856.000000  0.007397
 857.000000  0.007324
 858.000000  0.007446
 859.000000  0.007251
 860.000000  0.009838
 861.000000  0.009765
 862.000000  0.007422
 863.000000  0.007300
 864.000000  0.007397
 865.000000  0.009765
 866.000000  0.009863
 867.000000  0.007324
 868.000000  0.007397
 869.000000  0.009741
 870.000000  0.007422
 871.000000  0.009765
 872.000000  0.007373
 873.000000  0.009765
 874.000000  0.007422
 875.000000  0.009741
 876.000000  0.007397
 877.000000  0.007275
 878.000000  0.007422
 879.000000  0.007300
 880.000000  0.007397
 881.000000  0.009790
 882.000000  0.007397
 883.000000  0.009741
 884.000000  0.007544
 885.000000  0.009741
 886.000000  0.007324
 887.000000  0.007275
 888.000000  0.007495
 889.000000  0.009741
 890.000000  0.007373
 891.000000  0.009692
 892.000000  0.007373
 893.000000  0.009765
 894.000000  0.007397
 895.000000  0.009814
 896.000000  0.007397
 897.000000  0.009765
 898.000000  0.007422
 899.000000  0.009765
 900.000000  0.007397
 901.000000  0.009765
 902.000000  0.009838
 903.000000  0.009790
 904.000000  0.007422
 905.000000  0.009741
 906.000000  0.009863
 907.000000  0.009716
 908.000000  0.009838
 909.000000  0.009741
 910.000000  0.007422
 911.000000  0.009692
 912.000000  0.007397
 913.000000  0.009716
 914.000000  0.007397
 915.000000  0.009741
 916.000000  0.007471
 917.000000  0.009716
 918.000000  0.009790
 919.000000  0.009716
 920.000000  0.009838
 921.000000  0.009790
 922.000000  0.007373
 923.000000  0.009741
 924.000000  0.007397
 925.000000  0.009716
 926.000000  0.007397
 927.000000  0.009692
 928.000000  0.007397
 929.000000  0.009765
 930.000000  0.007446
 931.000000  0.009790
 932.000000  0.007397
 933.000000  0.009765
 934.000000  0.007446
 935.000000  0.009741
 936.000000  0.007397
 937.000000  0.009643
 938.000000  0.007349
 939.000000  0.009741
 940.000000  0.007397
 941.000000  0.009741
 942.000000  0.007373
 943.000000  0.009790
 944.000000  0.007397
 945.000000  0.007349
 946.000000  0.009887
 947.000000  0.009765
 948.000000  0.007373
 949.000000  0.009765
 950.000000  0.009814
 951.000000  0.009741
 952.000000  0.007300
 953.000000  0.009741
 954.000000  0.007422
 955.000000  0.009741
 956.000000  0.007422
 957.000000  0.009765
 958.000000  0.007446
 959.000000  0.007324
 960.000000  0.007349
 961.000000  0.007300
 962.000000  0.009838
 963.000000  0.007300
 964.000000  0.007324
 965.000000  0.009741
 966.000000  0.007349
 967.000000  0.009765
 968.000000  0.007397
 969.000000  0.009741
 970.000000  0.009765
 971.000000  0.009716
 972.000000  0.007397
 973.000000  0.009692
 974.000000  0.007397
 975.000000  0.009741
 976.000000  0.007373
 977.000000  0.009692
 978.000000  0.007422
 979.000000  0.009765
 980.000000  0.007397
 981.000000  0.009765
 982.000000  0.007373
 983.000000  0.007300
 984.000000  0.007324
 985.000000  0.009716
 986.000000  0.007324
 987.000000  0.009741
 988.000000  0.009838
 989.000000  0.009741
 990.000000  0.007422
 991.000000  0.009765
 992.000000  0.007397
 993.000000  0.009716
 994.000000  0.007373
 995.000000  0.009716
 996.000000  0.007397
 997.000000  0.009765
 998.000000  0.009765
 999.000000  0.009765
 1000.000000  0.009912
 1001.000000  0.009741
 1002.000000  0.007373
 1003.000000  0.009765
 1004.000000  0.007373
 1005.000000  0.009741
 1006.000000  0.007422
 1007.000000  0.009692
 1008.000000  0.007495
 1009.000000  0.009716
 1010.000000  0.007373
 1011.000000  0.009765
 1012.000000  0.007349
 1013.000000  0.009741
 1014.000000  0.007373
 1015.000000  0.009716
 1016.000000  0.007349
 1017.000000  0.009668
 1018.000000  0.007373
 1019.000000  0.009765
 1020.000000  0.007397
 1021.000000  0.009643
 1022.000000  0.007373
 1023.000000  0.009668
