 0.000000  0.008838
 1.000000  0.007446
 2.000000  0.008130
 3.000000  0.007495
 4.000000  0.008667
 5.000000  0.007373
 6.000000  0.008911
 7.000000  0.007471
 8.000000  0.008618
 9.000000  0.007471
 10.000000  0.009033
 11.000000  0.007349
 12.000000  0.008960
 13.000000  0.007471
 14.000000  0.008765
 15.000000  0.007422
 16.000000  0.008813
 17.000000  0.007373
 18.000000  0.008960
 19.000000  0.007617
 20.000000  0.008496
 21.000000  0.007446
 22.000000  0.008691
 23.000000  0.007471
 24.000000  0.009009
 25.000000  0.007495
 26.000000  0.009375
 27.000000  0.009863
 28.000000  0.008716
 29.000000  0.007446
 30.000000  0.008813
 31.000000  0.007422
 32.000000  0.009082
 33.000000  0.007519
 34.000000  0.008960
 35.000000  0.007471
 36.000000  0.009058
 37.000000  0.007397
 38.000000  0.008911
 39.000000  0.009912
 40.000000  0.009253
 41.000000  0.007349
 42.000000  0.008789
 43.000000  0.007446
 44.000000  0.009228
 45.000000  0.007349
 46.000000  0.009131
 47.000000  0.007471
 48.000000  0.009033
 49.000000  0.007471
 50.000000  0.008545
 51.000000  0.007471
 52.000000  0.008911
 53.000000  0.007446
 54.000000  0.008545
 55.000000  0.007471
 56.000000  0.009302
 57.000000  0.007373
 58.000000  0.009204
 59.000000  0.009790
 60.000000  0.008911
 61.000000  0.009741
 62.000000  0.008545
 63.000000  0.007397
 64.000000  0.008960
 65.000000  0.007422
 66.000000  0.008911
 67.000000  0.009838
 68.000000  0.008594
 69.000000  0.007446
 70.000000  0.008716
 71.000000  0.007422
 72.000000  0.008667
 73.000000  0.007373
 74.000000  0.008569
 75.000000  0.007349
 76.000000  0.009058
 77.000000  0.007397
 78.000000  0.008862
 79.000000  0.007471
 80.000000  0.009033
 81.000000  0.007471
 82.000000  0.008789
 83.000000  0.007422
 84.000000  0.008618
 85.000000  0.007446
 86.000000  0.008789
 87.000000  0.007422
 88.000000  0.009009
 89.000000  0.007495
 90.000000  0.008667
 91.000000  0.007471
 92.000000  0.009009
 93.000000  0.007397
 94.000000  0.008472
 95.000000  0.007422
 96.000000  0.008716
 97.000000  0.007446
 98.000000  0.009033
 99.000000  0.007544
 100.000000  0.009131
 101.000000  0.009912
 102.000000  0.008789
 103.000000  0.009912
 104.000000  0.008594
 105.000000  0.007397
 106.000000  0.009082
 107.000000  0.007568
 108.000000  0.009082
 109.000000  0.009863
 110.000000  0.008911
 111.000000  0.007422
 112.000000  0.008594
 113.000000  0.007471
 114.000000  0.008765
 115.000000  0.007471
 116.000000  0.008887
 117.000000  0.007519
 118.000000  0.008960
 119.000000  0.007422
 120.000000  0.009082
 121.000000  0.007397
 122.000000  0.008789
 123.000000  0.007446
 124.000000  0.008960
 125.000000  0.007397
 126.000000  0.009009
 127.000000  0.009838
 128.000000  0.009009
 129.000000  0.007446
 130.000000  0.008960
 131.000000  0.009887
 132.000000  0.008691
 133.000000  0.007422
 134.000000  0.009131
 135.000000  0.009887
 136.000000  0.008789
 137.000000  0.007422
 138.000000  0.008862
 139.000000  0.007446
 140.000000  0.008960
 141.000000  0.007446
 142.000000  0.008936
 143.000000  0.007471
 144.000000  0.008813
 145.000000  0.009887
 146.000000  0.008765
 147.000000  0.007422
 148.000000  0.008691
 149.000000  0.009912
 150.000000  0.008716
 151.000000  0.007349
 152.000000  0.008960
 153.000000  0.007422
 154.000000  0.008716
 155.000000  0.007422
 156.000000  0.008765
 157.000000  0.009887
 158.000000  0.008862
 159.000000  0.007397
 160.000000  0.008960
 161.000000  0.007422
 162.000000  0.008789
 163.000000  0.007422
 164.000000  0.008447
 165.000000  0.007422
 166.000000  0.008643
 167.000000  0.007422
 168.000000  0.008740
 169.000000  0.009790
 170.000000  0.008716
 171.000000  0.007373
 172.000000  0.008350
 173.000000  0.007397
 174.000000  0.008545
 175.000000  0.007397
 176.000000  0.008643
 177.000000  0.007422
 178.000000  0.008960
 179.000000  0.009863
 180.000000  0.008423
 181.000000  0.007349
 182.000000  0.008569
 183.000000  0.007422
 184.000000  0.008765
 185.000000  0.007471
 186.000000  0.009009
 187.000000  0.007471
 188.000000  0.008667
 189.000000  0.007373
 190.000000  0.008740
 191.000000  0.007373
 192.000000  0.008496
 193.000000  0.007373
 194.000000  0.008545
 195.000000  0.007397
 196.000000  0.010961
 197.000000  0.007446
 198.000000  0.008716
 199.000000  0.009863
 200.000000  0.008716
 201.000000  0.009863
 202.000000  0.008569
 203.000000  0.007373
 204.000000  0.008472
 205.000000  0.007373
 206.000000  0.008423
 207.000000  0.007495
 208.000000  0.008765
 209.000000  0.009863
 210.000000  0.008838
 211.000000  0.007373
 212.000000  0.008765
 213.000000  0.009887
 214.000000  0.008398
 215.000000  0.007397
 216.000000  0.008618
 217.000000  0.007349
 218.000000  0.008545
 219.000000  0.009814
 220.000000  0.008691
 221.000000  0.007324
 222.000000  0.008667
 223.000000  0.007422
 224.000000  0.008716
 225.000000  0.007422
 226.000000  0.008545
 227.000000  0.009863
 228.000000  0.008887
 229.000000  0.009790
 230.000000  0.009009
 231.000000  0.007422
 232.000000  0.008740
 233.000000  0.009765
 234.000000  0.008545
 235.000000  0.007422
 236.000000  0.008789
 237.000000  0.007397
 238.000000  0.008716
 239.000000  0.009887
 240.000000  0.008911
 241.000000  0.007324
 242.000000  0.008813
 243.000000  0.009838
 244.000000  0.008252
 245.000000  0.007446
 246.000000  0.008813
 247.000000  0.007446
 248.000000  0.008813
 249.000000  0.007471
 250.000000  0.008496
 251.000000  0.007422
 252.000000  0.008618
 253.000000  0.007373
 254.000000  0.008105
 255.000000  0.009912
 256.000000  0.008716
 257.000000  0.007471
 258.000000  0.008301
 259.000000  0.007397
 260.000000  0.008691
 261.000000  0.007422
 262.000000  0.008374
 263.000000  0.009863
 264.000000  0.008276
 265.000000  0.009887
 266.000000  0.008545
 267.000000  0.009790
 268.000000  0.008423
 269.000000  0.009814
 270.000000  0.008618
 271.000000  0.007397
 272.000000  0.008496
 273.000000  0.007349
 274.000000  0.008667
 275.000000  0.009887
 276.000000  0.008594
 277.000000  0.009863
 278.000000  0.008862
 279.000000  0.007422
 280.000000  0.008862
 281.000000  0.009814
 282.000000  0.008765
 283.000000  0.009790
 284.000000  0.008740
 285.000000  0.007446
 286.000000  0.008423
 287.000000  0.007495
 288.000000  0.008350
 289.000000  0.009961
 290.000000  0.008520
 291.000000  0.007397
 292.000000  0.008862
 293.000000  0.007373
 294.000000  0.008569
 295.000000  0.009838
 296.000000  0.008740
 297.000000  0.009936
 298.000000  0.008838
 299.000000  0.009863
 300.000000  0.008716
 301.000000  0.007519
 302.000000  0.008813
 303.000000  0.009985
 304.000000  0.008887
 305.000000  0.007373
 306.000000  0.008813
 307.000000  0.009887
 308.000000  0.008765
 309.000000  0.009790
 310.000000  0.009009
 311.000000  0.007422
 312.000000  0.008887
 313.000000  0.007495
 314.000000  0.009082
 315.000000  0.009838
 316.000000  0.008789
 317.000000  0.007446
 318.000000  0.008765
 319.000000  0.007422
 320.000000  0.008887
 321.000000  0.009912
 322.000000  0.008838
 323.000000  0.009838
 324.000000  0.008691
 325.000000  0.007324
 326.000000  0.008472
 327.000000  0.007446
 328.000000  0.008374
 329.000000  0.009912
 330.000000  0.009180
 331.000000  0.009936
 332.000000  0.008838
 333.000000  0.009863
 334.000000  0.008643
 335.000000  0.009936
 336.000000  0.008740
 337.000000  0.007349
 338.000000  0.009131
 339.000000  0.007422
 340.000000  0.008984
 341.000000  0.009936
 342.000000  0.011181
 343.000000  0.009912
 344.000000  0.008911
 345.000000  0.009814
 346.000000  0.009009
 347.000000  0.007349
 348.000000  0.008740
 349.000000  0.009936
 350.000000  0.009009
 351.000000  0.009961
 352.000000  0.008545
 353.000000  0.009936
 354.000000  0.008936
 355.000000  0.007495
 356.000000  0.008740
 357.000000  0.007422
 358.000000  0.008936
 359.000000  0.009863
 360.000000  0.009033
 361.000000  0.007397
 362.000000  0.009009
 363.000000  0.009863
 364.000000  0.008984
 365.000000  0.007373
 366.000000  0.008911
 367.000000  0.007422
 368.000000  0.009204
 369.000000  0.007519
 370.000000  0.008813
 371.000000  0.009863
 372.000000  0.008740
 373.000000  0.010009
 374.000000  0.009058
 375.000000  0.009936
 376.000000  0.008838
 377.000000  0.007495
 378.000000  0.009180
 379.000000  0.007349
 380.000000  0.008838
 381.000000  0.009838
 382.000000  0.008960
 383.000000  0.007519
 384.000000  0.009131
 385.000000  0.007593
 386.000000  0.009082
 387.000000  0.009814
 388.000000  0.009253
 389.000000  0.009912
 390.000000  0.009253
 391.000000  0.009887
 392.000000  0.008936
 393.000000  0.007471
 394.000000  0.008984
 395.000000  0.007495
 396.000000  0.009131
 397.000000  0.007593
 398.000000  0.009180
 399.000000  0.007471
 400.000000  0.009228
 401.000000  0.010034
 402.000000  0.009253
 403.000000  0.007593
 404.000000  0.008813
 405.000000  0.007544
 406.000000  0.009009
 407.000000  0.007690
 408.000000  0.009375
 409.000000  0.010083
 410.000000  0.009326
 411.000000  0.010083
 412.000000  0.009424
 413.000000  0.007715
 414.000000  0.009399
 415.000000  0.009936
 416.000000  0.009326
 417.000000  0.007642
 418.000000  0.009302
 419.000000  0.007764
 420.000000  0.009253
 421.000000  0.007471
 422.000000  0.009106
 423.000000  0.007593
 424.000000  0.009180
 425.000000  0.010009
 426.000000  0.009277
 427.000000  0.009814
 428.000000  0.009253
 429.000000  0.009912
 430.000000  0.009253
 431.000000  0.009961
 432.000000  0.009106
 433.000000  0.007715
 434.000000  0.009204
 435.000000  0.010107
 436.000000  0.009131
 437.000000  0.009863
 438.000000  0.008813
 439.000000  0.009936
 440.000000  0.009277
 441.000000  0.010083
 442.000000  0.009155
 443.000000  0.009912
 444.000000  0.009424
 445.000000  0.010107
 446.000000  0.009497
 447.000000  0.007568
 448.000000  0.009131
 449.000000  0.009985
 450.000000  0.009180
 451.000000  0.009863
 452.000000  0.009082
 453.000000  0.010107
 454.000000  0.009473
 455.000000  0.010083
 456.000000  0.009424
 457.000000  0.010351
 458.000000  0.009351
 459.000000  0.010083
 460.000000  0.009595
 461.000000  0.010229
 462.000000  0.009253
 463.000000  0.009936
 464.000000  0.009570
 465.000000  0.010351
 466.000000  0.009644
 467.000000  0.007617
 468.000000  0.009277
 469.000000  0.007739
 470.000000  0.009131
 471.000000  0.010131
 472.000000  0.009375
 473.000000  0.007642
 474.000000  0.009595
 475.000000  0.010229
 476.000000  0.009473
 477.000000  0.007544
 478.000000  0.009644
 479.000000  0.010131
 480.000000  0.009497
 481.000000  0.010083
 482.000000  0.009351
 483.000000  0.007861
 484.000000  0.009131
 485.000000  0.010498
 486.000000  0.009277
 487.000000  0.007617
 488.000000  0.009448
 489.000000  0.007812
 490.000000  0.009595
 491.000000  0.010034
 492.000000  0.009277
 493.000000  0.010107
 494.000000  0.009644
 495.000000  0.010302
 496.000000  0.009521
 497.000000  0.007593
 498.000000  0.009351
 499.000000  0.010278
 500.000000  0.009326
 501.000000  0.010229
 502.000000  0.009180
 503.000000  0.009985
 504.000000  0.009619
 505.000000  0.010376
 506.000000  0.009473
 507.000000  0.007690
 508.000000  0.009595
 509.000000  0.007690
 510.000000  0.009619
 511.000000  0.010205
 512.000000  0.009448
 513.000000  0.007739
 514.000000  0.009204
 515.000000  0.007861
 516.000000  0.009326
 517.000000  0.007886
 518.000000  0.009546
 519.000000  0.007739
 520.000000  0.009473
 521.000000  0.008081
 522.000000  0.009302
 523.000000  0.010278
 524.000000  0.009473
 525.000000  0.010522
 526.000000  0.009546
 527.000000  0.010180
 528.000000  0.009399
 529.000000  0.010400
 530.000000  0.009644
 531.000000  0.010595
 532.000000  0.009546
 533.000000  0.008301
 534.000000  0.009570
 535.000000  0.008203
 536.000000  0.009521
 537.000000  0.010424
 538.000000  0.009619
 539.000000  0.010546
 540.000000  0.009644
 541.000000  0.008374
 542.000000  0.009692
 543.000000  0.008252
 544.000000  0.009595
 545.000000  0.008520
 546.000000  0.009717
 547.000000  0.010937
 548.000000  0.009692
 549.000000  0.011035
 550.000000  0.009619
 551.000000  0.011254
 552.000000  0.009668
 553.000000  0.009180
 554.000000  0.009766
 555.000000  0.008813
 556.000000  0.009692
 557.000000  0.010791
 558.000000  0.009741
 559.000000  0.011254
 560.000000  0.009741
 561.000000  0.009180
 562.000000  0.009766
 563.000000  0.011889
 564.000000  0.009766
 565.000000  0.011792
 566.000000  0.009790
 567.000000  0.012158
 568.000000  0.009766
 569.000000  0.012109
 570.000000  0.009790
 571.000000  0.012182
 572.000000  0.009741
 573.000000  0.012207
 574.000000  0.009814
 575.000000  0.012158
 576.000000  0.009863
 577.000000  0.012207
 578.000000  0.010205
 579.000000  0.012231
 580.000000  0.010718
 581.000000  0.010156
 582.000000  0.011450
 583.000000  0.012915
 584.000000  0.012134
 585.000000  0.014550
 586.000000  0.012476
 587.000000  0.014721
 588.000000  0.014355
 589.000000  0.014233
 590.000000  0.016650
 591.000000  0.023095
 592.000000  0.058740
 593.000000  0.168311
 594.000000  0.258374
 595.000000  0.255908
 596.000000  0.191528
 597.000000  0.088037
 598.000000  0.022046
 599.000000  0.017114
 600.000000  0.014233
 601.000000  0.014697
 602.000000  0.012427
 603.000000  0.014526
 604.000000  0.012256
 605.000000  0.013427
 606.000000  0.011719
 607.000000  0.012426
 608.000000  0.010644
 609.000000  0.012207
 610.000000  0.009863
 611.000000  0.012182
 612.000000  0.012280
 613.000000  0.012158
 614.000000  0.012207
 615.000000  0.012133
 616.000000  0.009766
 617.000000  0.009717
 618.000000  0.009790
 619.000000  0.011987
 620.000000  0.009766
 621.000000  0.011596
 622.000000  0.009766
 623.000000  0.011645
 624.000000  0.012182
 625.000000  0.011645
 626.000000  0.009741
 627.000000  0.011523
 628.000000  0.009741
 629.000000  0.011425
 630.000000  0.009766
 631.000000  0.011743
 632.000000  0.009790
 633.000000  0.011865
 634.000000  0.009741
 635.000000  0.011450
 636.000000  0.009717
 637.000000  0.008716
 638.000000  0.009692
 639.000000  0.010937
 640.000000  0.009766
 641.000000  0.011816
 642.000000  0.009790
 643.000000  0.009424
 644.000000  0.012182
 645.000000  0.011914
 646.000000  0.012182
 647.000000  0.011377
 648.000000  0.009741
 649.000000  0.008594
 650.000000  0.009644
 651.000000  0.008813
 652.000000  0.009692
 653.000000  0.008765
 654.000000  0.009717
 655.000000  0.010986
 656.000000  0.009717
 657.000000  0.010937
 658.000000  0.009692
 659.000000  0.008618
 660.000000  0.009692
 661.000000  0.010986
 662.000000  0.009668
 663.000000  0.011084
 664.000000  0.012036
 665.000000  0.010986
 666.000000  0.012060
 667.000000  0.010791
 668.000000  0.009644
 669.000000  0.008667
 670.000000  0.009741
 671.000000  0.008691
 672.000000  0.009692
 673.000000  0.010815
 674.000000  0.012133
 675.000000  0.011035
 676.000000  0.009692
 677.000000  0.010913
 678.000000  0.009668
 679.000000  0.010888
 680.000000  0.009595
 681.000000  0.008496
 682.000000  0.009668
 683.000000  0.010986
 684.000000  0.009717
 685.000000  0.010986
 686.000000  0.009668
 687.000000  0.008813
 688.000000  0.012158
 689.000000  0.008643
 690.000000  0.012207
 691.000000  0.010864
 692.000000  0.009717
 693.000000  0.010571
 694.000000  0.009692
 695.000000  0.010864
 696.000000  0.011938
 697.000000  0.010424
 698.000000  0.009692
 699.000000  0.010766
 700.000000  0.009741
 701.000000  0.008325
 702.000000  0.009692
 703.000000  0.008350
 704.000000  0.012133
 705.000000  0.010302
 706.000000  0.009668
 707.000000  0.008276
 708.000000  0.009717
 709.000000  0.010571
 710.000000  0.009619
 711.000000  0.011035
 712.000000  0.009717
 713.000000  0.011108
 714.000000  0.009692
 715.000000  0.011035
 716.000000  0.009692
 717.000000  0.010888
 718.000000  0.009619
 719.000000  0.010644
 720.000000  0.009692
 721.000000  0.011059
 722.000000  0.009692
 723.000000  0.010888
 724.000000  0.009717
 725.000000  0.011377
 726.000000  0.009717
 727.000000  0.011010
 728.000000  0.009644
 729.000000  0.008276
 730.000000  0.009741
 731.000000  0.011230
 732.000000  0.009619
 733.000000  0.010449
 734.000000  0.012109
 735.000000  0.011254
 736.000000  0.009668
 737.000000  0.011157
 738.000000  0.009692
 739.000000  0.010644
 740.000000  0.009619
 741.000000  0.010717
 742.000000  0.009717
 743.000000  0.008423
 744.000000  0.009595
 745.000000  0.010839
 746.000000  0.009644
 747.000000  0.008203
 748.000000  0.009668
 749.000000  0.010961
 750.000000  0.009692
 751.000000  0.010961
 752.000000  0.012109
 753.000000  0.011328
 754.000000  0.009741
 755.000000  0.011474
 756.000000  0.009717
 757.000000  0.010986
 758.000000  0.009717
 759.000000  0.008569
 760.000000  0.009692
 761.000000  0.011084
 762.000000  0.009717
 763.000000  0.010522
 764.000000  0.009570
 765.000000  0.010595
 766.000000  0.009448
 767.000000  0.008398
 768.000000  0.009497
 769.000000  0.010742
 770.000000  0.009644
 771.000000  0.010302
 772.000000  0.009766
 773.000000  0.010302
 774.000000  0.012060
 775.000000  0.011059
 776.000000  0.012158
 777.000000  0.010620
 778.000000  0.009766
 779.000000  0.007983
 780.000000  0.009668
 781.000000  0.007983
 782.000000  0.011962
 783.000000  0.010571
 784.000000  0.009497
 785.000000  0.010717
 786.000000  0.009644
 787.000000  0.010498
 788.000000  0.012085
 789.000000  0.010400
 790.000000  0.009570
 791.000000  0.010400
 792.000000  0.009692
 793.000000  0.010693
 794.000000  0.009644
 795.000000  0.011084
 796.000000  0.009717
 797.000000  0.011132
 798.000000  0.009692
 799.000000  0.010986
 800.000000  0.009692
 801.000000  0.010473
 802.000000  0.012011
 803.000000  0.010327
 804.000000  0.009399
 805.000000  0.010376
 806.000000  0.009546
 807.000000  0.010327
 808.000000  0.012133
 809.000000  0.008301
 810.000000  0.009595
 811.000000  0.008081
 812.000000  0.009595
 813.000000  0.008032
 814.000000  0.009619
 815.000000  0.010522
 816.000000  0.009595
 817.000000  0.010815
 818.000000  0.009668
 819.000000  0.010498
 820.000000  0.009668
 821.000000  0.010571
 822.000000  0.009570
 823.000000  0.011181
 824.000000  0.012158
 825.000000  0.010669
 826.000000  0.009644
 827.000000  0.010717
 828.000000  0.009619
 829.000000  0.010717
 830.000000  0.009351
 831.000000  0.010156
 832.000000  0.009570
 833.000000  0.010278
 834.000000  0.009570
 835.000000  0.010278
 836.000000  0.011987
 837.000000  0.010424
 838.000000  0.009668
 839.000000  0.010546
 840.000000  0.009644
 841.000000  0.010595
 842.000000  0.012060
 843.000000  0.010253
 844.000000  0.009668
 845.000000  0.007910
 846.000000  0.011938
 847.000000  0.010864
 848.000000  0.009473
 849.000000  0.010327
 850.000000  0.009570
 851.000000  0.010644
 852.000000  0.009619
 853.000000  0.008325
 854.000000  0.012133
 855.000000  0.010302
 856.000000  0.009570
 857.000000  0.008057
 858.000000  0.009717
 859.000000  0.008325
 860.000000  0.011938
 861.000000  0.010546
 862.000000  0.009644
 863.000000  0.007788
 864.000000  0.009644
 865.000000  0.010278
 866.000000  0.012133
 867.000000  0.008081
 868.000000  0.009644
 869.000000  0.010083
 870.000000  0.009717
 871.000000  0.010986
 872.000000  0.009692
 873.000000  0.011084
 874.000000  0.009424
 875.000000  0.010522
 876.000000  0.009644
 877.000000  0.008032
 878.000000  0.009644
 879.000000  0.007935
 880.000000  0.009351
 881.000000  0.010791
 882.000000  0.009351
 883.000000  0.010791
 884.000000  0.009741
 885.000000  0.010595
 886.000000  0.009692
 887.000000  0.008081
 888.000000  0.009570
 889.000000  0.010302
 890.000000  0.009448
 891.000000  0.010498
 892.000000  0.009570
 893.000000  0.010717
 894.000000  0.009570
 895.000000  0.010693
 896.000000  0.009570
 897.000000  0.010864
 898.000000  0.009521
 899.000000  0.010424
 900.000000  0.009546
 901.000000  0.010253
 902.000000  0.011816
 903.000000  0.010327
 904.000000  0.009253
 905.000000  0.010449
 906.000000  0.011914
 907.000000  0.010498
 908.000000  0.012060
 909.000000  0.010522
 910.000000  0.009668
 911.000000  0.010693
 912.000000  0.009619
 913.000000  0.010278
 914.000000  0.009595
 915.000000  0.010449
 916.000000  0.009424
 917.000000  0.010791
 918.000000  0.012207
 919.000000  0.010351
 920.000000  0.012158
 921.000000  0.010376
 922.000000  0.009619
 923.000000  0.010669
 924.000000  0.009619
 925.000000  0.010131
 926.000000  0.009546
 927.000000  0.010400
 928.000000  0.009668
 929.000000  0.011084
 930.000000  0.009741
 931.000000  0.010864
 932.000000  0.009692
 933.000000  0.010595
 934.000000  0.009619
 935.000000  0.010400
 936.000000  0.009741
 937.000000  0.010376
 938.000000  0.009692
 939.000000  0.010546
 940.000000  0.009668
 941.000000  0.010693
 942.000000  0.009619
 943.000000  0.010546
 944.000000  0.009570
 945.000000  0.008545
 946.000000  0.012109
 947.000000  0.010961
 948.000000  0.009619
 949.000000  0.010522
 950.000000  0.011987
 951.000000  0.010424
 952.000000  0.009595
 953.000000  0.010693
 954.000000  0.009570
 955.000000  0.010302
 956.000000  0.009692
 957.000000  0.010620
 958.000000  0.009375
 959.000000  0.007715
 960.000000  0.009521
 961.000000  0.007764
 962.000000  0.012036
 963.000000  0.008301
 964.000000  0.009302
 965.000000  0.010742
 966.000000  0.009570
 967.000000  0.010351
 968.000000  0.009521
 969.000000  0.010717
 970.000000  0.011938
 971.000000  0.010522
 972.000000  0.009717
 973.000000  0.010644
 974.000000  0.009595
 975.000000  0.010864
 976.000000  0.009351
 977.000000  0.010107
 978.000000  0.009546
 979.000000  0.010473
 980.000000  0.009521
 981.000000  0.010693
 982.000000  0.009277
 983.000000  0.007886
 984.000000  0.009399
 985.000000  0.010278
 986.000000  0.009326
 987.000000  0.010156
 988.000000  0.012036
 989.000000  0.010351
 990.000000  0.009717
 991.000000  0.010376
 992.000000  0.009692
 993.000000  0.010156
 994.000000  0.009546
 995.000000  0.010913
 996.000000  0.009473
 997.000000  0.010986
 998.000000  0.012109
 999.000000  0.010400
 1000.000000  0.012011
 1001.000000  0.010473
 1002.000000  0.009595
 1003.000000  0.010009
 1004.000000  0.009424
 1005.000000  0.010107
 1006.000000  0.009253
 1007.000000  0.010400
 1008.000000  0.009497
 1009.000000  0.010180
 1010.000000  0.009351
 1011.000000  0.010083
 1012.000000  0.009399
 1013.000000  0.010327
 1014.000000  0.009326
 1015.000000  0.010009
 1016.000000  0.009131
 1017.000000  0.010302
 1018.000000  0.009228
 1019.000000  0.010180
 1020.000000  0.009180
 1021.000000  0.009936
 1022.000000  0.009180
 1023.000000  0.010522
