 0.000000  0.008252
 1.000000  0.007471
 2.000000  0.008130
 3.000000  0.007349
 4.000000  0.008276
 5.000000  0.007422
 6.000000  0.008569
 7.000000  0.007373
 8.000000  0.008252
 9.000000  0.007373
 10.000000  0.008276
 11.000000  0.007349
 12.000000  0.008545
 13.000000  0.007471
 14.000000  0.008350
 15.000000  0.007349
 16.000000  0.008252
 17.000000  0.007373
 18.000000  0.008594
 19.000000  0.007397
 20.000000  0.008032
 21.000000  0.007373
 22.000000  0.008252
 23.000000  0.007495
 24.000000  0.008545
 25.000000  0.007349
 26.000000  0.009106
 27.000000  0.009814
 28.000000  0.008423
 29.000000  0.007373
 30.000000  0.008374
 31.000000  0.007349
 32.000000  0.008667
 33.000000  0.007373
 34.000000  0.008130
 35.000000  0.007373
 36.000000  0.008545
 37.000000  0.007373
 38.000000  0.008520
 39.000000  0.009790
 40.000000  0.008691
 41.000000  0.007397
 42.000000  0.008545
 43.000000  0.007397
 44.000000  0.008618
 45.000000  0.007397
 46.000000  0.008594
 47.000000  0.007324
 48.000000  0.008472
 49.000000  0.007324
 50.000000  0.008081
 51.000000  0.007373
 52.000000  0.008179
 53.000000  0.007422
 54.000000  0.008374
 55.000000  0.007349
 56.000000  0.008496
 57.000000  0.007349
 58.000000  0.008984
 59.000000  0.009814
 60.000000  0.008398
 61.000000  0.009838
 62.000000  0.008374
 63.000000  0.007324
 64.000000  0.008496
 65.000000  0.007373
 66.000000  0.008398
 67.000000  0.009765
 68.000000  0.008496
 69.000000  0.007349
 70.000000  0.008252
 71.000000  0.007422
 72.000000  0.008130
 73.000000  0.007324
 74.000000  0.008447
 75.000000  0.007373
 76.000000  0.008447
 77.000000  0.007324
 78.000000  0.008325
 79.000000  0.007397
 80.000000  0.008374
 81.000000  0.007324
 82.000000  0.008301
 83.000000  0.007349
 84.000000  0.008203
 85.000000  0.007422
 86.000000  0.008203
 87.000000  0.007373
 88.000000  0.008130
 89.000000  0.007471
 90.000000  0.008276
 91.000000  0.007422
 92.000000  0.008276
 93.000000  0.007373
 94.000000  0.008057
 95.000000  0.007373
 96.000000  0.008105
 97.000000  0.007300
 98.000000  0.008154
 99.000000  0.007397
 100.000000  0.008252
 101.000000  0.009838
 102.000000  0.008057
 103.000000  0.009790
 104.000000  0.008252
 105.000000  0.007349
 106.000000  0.008643
 107.000000  0.007422
 108.000000  0.008594
 109.000000  0.009814
 110.000000  0.008325
 111.000000  0.007471
 112.000000  0.008130
 113.000000  0.007324
 114.000000  0.008154
 115.000000  0.007422
 116.000000  0.008179
 117.000000  0.007324
 118.000000  0.008179
 119.000000  0.007373
 120.000000  0.008398
 121.000000  0.007373
 122.000000  0.008227
 123.000000  0.007373
 124.000000  0.008081
 125.000000  0.007324
 126.000000  0.008252
 127.000000  0.009790
 128.000000  0.008423
 129.000000  0.007397
 130.000000  0.008374
 131.000000  0.009765
 132.000000  0.008154
 133.000000  0.007349
 134.000000  0.008227
 135.000000  0.009863
 136.000000  0.008423
 137.000000  0.007324
 138.000000  0.008276
 139.000000  0.007349
 140.000000  0.008398
 141.000000  0.007349
 142.000000  0.008179
 143.000000  0.007471
 144.000000  0.008130
 145.000000  0.009790
 146.000000  0.007935
 147.000000  0.007397
 148.000000  0.008496
 149.000000  0.009765
 150.000000  0.008423
 151.000000  0.007324
 152.000000  0.008179
 153.000000  0.007422
 154.000000  0.008447
 155.000000  0.007397
 156.000000  0.007983
 157.000000  0.009790
 158.000000  0.008130
 159.000000  0.007349
 160.000000  0.008423
 161.000000  0.007373
 162.000000  0.008130
 163.000000  0.007349
 164.000000  0.007935
 165.000000  0.007373
 166.000000  0.008008
 167.000000  0.007446
 168.000000  0.008081
 169.000000  0.009765
 170.000000  0.008057
 171.000000  0.007373
 172.000000  0.008130
 173.000000  0.007349
 174.000000  0.007886
 175.000000  0.007300
 176.000000  0.007910
 177.000000  0.007349
 178.000000  0.008227
 179.000000  0.009790
 180.000000  0.007935
 181.000000  0.007324
 182.000000  0.008252
 183.000000  0.007324
 184.000000  0.008301
 185.000000  0.007373
 186.000000  0.008227
 187.000000  0.007324
 188.000000  0.007983
 189.000000  0.007324
 190.000000  0.008057
 191.000000  0.007349
 192.000000  0.008179
 193.000000  0.007373
 194.000000  0.008008
 195.000000  0.007422
 196.000000  0.010327
 197.000000  0.007373
 198.000000  0.007837
 199.000000  0.009790
 200.000000  0.008081
 201.000000  0.009814
 202.000000  0.008105
 203.000000  0.007324
 204.000000  0.008057
 205.000000  0.007324
 206.000000  0.007935
 207.000000  0.007324
 208.000000  0.007959
 209.000000  0.009814
 210.000000  0.008252
 211.000000  0.007373
 212.000000  0.007983
 213.000000  0.009790
 214.000000  0.007935
 215.000000  0.007349
 216.000000  0.007812
 217.000000  0.007324
 218.000000  0.008008
 219.000000  0.009741
 220.000000  0.008008
 221.000000  0.007349
 222.000000  0.007788
 223.000000  0.007349
 224.000000  0.007935
 225.000000  0.007349
 226.000000  0.007837
 227.000000  0.009790
 228.000000  0.008130
 229.000000  0.009790
 230.000000  0.008227
 231.000000  0.007324
 232.000000  0.008032
 233.000000  0.009765
 234.000000  0.007983
 235.000000  0.007324
 236.000000  0.008057
 237.000000  0.007349
 238.000000  0.007886
 239.000000  0.009814
 240.000000  0.008154
 241.000000  0.007300
 242.000000  0.008154
 243.000000  0.009790
 244.000000  0.007959
 245.000000  0.007324
 246.000000  0.008374
 247.000000  0.007349
 248.000000  0.007959
 249.000000  0.007324
 250.000000  0.007861
 251.000000  0.007397
 252.000000  0.007861
 253.000000  0.007300
 254.000000  0.007812
 255.000000  0.009765
 256.000000  0.008081
 257.000000  0.007373
 258.000000  0.007886
 259.000000  0.007349
 260.000000  0.008276
 261.000000  0.007324
 262.000000  0.007886
 263.000000  0.009790
 264.000000  0.007910
 265.000000  0.009814
 266.000000  0.007764
 267.000000  0.009814
 268.000000  0.007861
 269.000000  0.009814
 270.000000  0.008081
 271.000000  0.007324
 272.000000  0.007861
 273.000000  0.007324
 274.000000  0.008081
 275.000000  0.009814
 276.000000  0.007910
 277.000000  0.009765
 278.000000  0.008105
 279.000000  0.007349
 280.000000  0.008105
 281.000000  0.009765
 282.000000  0.007715
 283.000000  0.009790
 284.000000  0.007886
 285.000000  0.007324
 286.000000  0.007739
 287.000000  0.007349
 288.000000  0.007983
 289.000000  0.009814
 290.000000  0.008105
 291.000000  0.007349
 292.000000  0.007837
 293.000000  0.007349
 294.000000  0.007910
 295.000000  0.009765
 296.000000  0.008032
 297.000000  0.009838
 298.000000  0.008105
 299.000000  0.009790
 300.000000  0.007910
 301.000000  0.007349
 302.000000  0.008008
 303.000000  0.009863
 304.000000  0.008325
 305.000000  0.007422
 306.000000  0.007983
 307.000000  0.009838
 308.000000  0.008032
 309.000000  0.009814
 310.000000  0.008154
 311.000000  0.007373
 312.000000  0.007959
 313.000000  0.007422
 314.000000  0.008374
 315.000000  0.009765
 316.000000  0.008130
 317.000000  0.007373
 318.000000  0.008032
 319.000000  0.007422
 320.000000  0.007910
 321.000000  0.009790
 322.000000  0.007983
 323.000000  0.009790
 324.000000  0.008154
 325.000000  0.007397
 326.000000  0.007715
 327.000000  0.007275
 328.000000  0.008057
 329.000000  0.009814
 330.000000  0.008203
 331.000000  0.009814
 332.000000  0.008203
 333.000000  0.009765
 334.000000  0.008105
 335.000000  0.009790
 336.000000  0.007983
 337.000000  0.007349
 338.000000  0.008203
 339.000000  0.007349
 340.000000  0.008154
 341.000000  0.009814
 342.000000  0.010253
 343.000000  0.009838
 344.000000  0.008105
 345.000000  0.009814
 346.000000  0.008301
 347.000000  0.007324
 348.000000  0.007837
 349.000000  0.009814
 350.000000  0.007983
 351.000000  0.009814
 352.000000  0.008105
 353.000000  0.009790
 354.000000  0.007959
 355.000000  0.007349
 356.000000  0.007764
 357.000000  0.007349
 358.000000  0.008032
 359.000000  0.009814
 360.000000  0.008447
 361.000000  0.007373
 362.000000  0.008032
 363.000000  0.009765
 364.000000  0.007886
 365.000000  0.007349
 366.000000  0.008081
 367.000000  0.007373
 368.000000  0.008081
 369.000000  0.007324
 370.000000  0.007861
 371.000000  0.009790
 372.000000  0.007983
 373.000000  0.009765
 374.000000  0.007837
 375.000000  0.009765
 376.000000  0.008008
 377.000000  0.007324
 378.000000  0.008325
 379.000000  0.007397
 380.000000  0.008130
 381.000000  0.009790
 382.000000  0.008032
 383.000000  0.007373
 384.000000  0.008398
 385.000000  0.007373
 386.000000  0.007983
 387.000000  0.009790
 388.000000  0.007959
 389.000000  0.009790
 390.000000  0.008301
 391.000000  0.009790
 392.000000  0.008276
 393.000000  0.007349
 394.000000  0.008081
 395.000000  0.007373
 396.000000  0.008276
 397.000000  0.007300
 398.000000  0.008154
 399.000000  0.007373
 400.000000  0.008252
 401.000000  0.009814
 402.000000  0.008081
 403.000000  0.007422
 404.000000  0.007764
 405.000000  0.007349
 406.000000  0.007935
 407.000000  0.007324
 408.000000  0.008203
 409.000000  0.009838
 410.000000  0.008350
 411.000000  0.009765
 412.000000  0.008227
 413.000000  0.007349
 414.000000  0.008545
 415.000000  0.009790
 416.000000  0.008325
 417.000000  0.007324
 418.000000  0.008252
 419.000000  0.007324
 420.000000  0.008398
 421.000000  0.007349
 422.000000  0.008057
 423.000000  0.007349
 424.000000  0.007983
 425.000000  0.009765
 426.000000  0.008057
 427.000000  0.009838
 428.000000  0.008227
 429.000000  0.009790
 430.000000  0.008130
 431.000000  0.009790
 432.000000  0.008081
 433.000000  0.007349
 434.000000  0.008008
 435.000000  0.009790
 436.000000  0.008130
 437.000000  0.009863
 438.000000  0.007739
 439.000000  0.009790
 440.000000  0.007861
 441.000000  0.009790
 442.000000  0.008276
 443.000000  0.009814
 444.000000  0.008203
 445.000000  0.009765
 446.000000  0.008276
 447.000000  0.007349
 448.000000  0.008179
 449.000000  0.009765
 450.000000  0.008032
 451.000000  0.009863
 452.000000  0.007764
 453.000000  0.009863
 454.000000  0.008252
 455.000000  0.009790
 456.000000  0.008276
 457.000000  0.009814
 458.000000  0.008203
 459.000000  0.009814
 460.000000  0.008594
 461.000000  0.009887
 462.000000  0.008105
 463.000000  0.009741
 464.000000  0.008398
 465.000000  0.009838
 466.000000  0.008643
 467.000000  0.007349
 468.000000  0.008203
 469.000000  0.007349
 470.000000  0.008374
 471.000000  0.009790
 472.000000  0.008227
 473.000000  0.007422
 474.000000  0.008301
 475.000000  0.009838
 476.000000  0.008276
 477.000000  0.007349
 478.000000  0.008105
 479.000000  0.009765
 480.000000  0.008227
 481.000000  0.009838
 482.000000  0.008130
 483.000000  0.007519
 484.000000  0.007788
 485.000000  0.009887
 486.000000  0.008032
 487.000000  0.007349
 488.000000  0.008350
 489.000000  0.007422
 490.000000  0.008447
 491.000000  0.009765
 492.000000  0.008105
 493.000000  0.009838
 494.000000  0.008130
 495.000000  0.009814
 496.000000  0.008301
 497.000000  0.007422
 498.000000  0.008154
 499.000000  0.009765
 500.000000  0.008374
 501.000000  0.009887
 502.000000  0.007983
 503.000000  0.009814
 504.000000  0.008179
 505.000000  0.009814
 506.000000  0.008374
 507.000000  0.007300
 508.000000  0.008325
 509.000000  0.007324
 510.000000  0.008667
 511.000000  0.009765
 512.000000  0.008154
 513.000000  0.007373
 514.000000  0.008032
 515.000000  0.007324
 516.000000  0.008179
 517.000000  0.007373
 518.000000  0.008496
 519.000000  0.007373
 520.000000  0.008472
 521.000000  0.007349
 522.000000  0.008227
 523.000000  0.009814
 524.000000  0.008301
 525.000000  0.009814
 526.000000  0.008447
 527.000000  0.009765
 528.000000  0.008667
 529.000000  0.009790
 530.000000  0.008496
 531.000000  0.009887
 532.000000  0.008740
 533.000000  0.007397
 534.000000  0.008472
 535.000000  0.007446
 536.000000  0.008447
 537.000000  0.009814
 538.000000  0.008862
 539.000000  0.009838
 540.000000  0.008716
 541.000000  0.007471
 542.000000  0.008936
 543.000000  0.007471
 544.000000  0.008545
 545.000000  0.007373
 546.000000  0.009155
 547.000000  0.009912
 548.000000  0.008984
 549.000000  0.009985
 550.000000  0.008520
 551.000000  0.010009
 552.000000  0.008667
 553.000000  0.007519
 554.000000  0.009180
 555.000000  0.007544
 556.000000  0.009448
 557.000000  0.009912
 558.000000  0.009277
 559.000000  0.009961
 560.000000  0.009595
 561.000000  0.007495
 562.000000  0.009521
 563.000000  0.010449
 564.000000  0.009570
 565.000000  0.010644
 566.000000  0.009497
 567.000000  0.011132
 568.000000  0.009717
 569.000000  0.011254
 570.000000  0.009766
 571.000000  0.011474
 572.000000  0.009741
 573.000000  0.011987
 574.000000  0.009766
 575.000000  0.012060
 576.000000  0.009790
 577.000000  0.012158
 578.000000  0.009839
 579.000000  0.012207
 580.000000  0.011719
 581.000000  0.012183
 582.000000  0.017139
 583.000000  0.051049
 584.000000  0.123389
 585.000000  0.159106
 586.000000  0.136621
 587.000000  0.108471
 588.000000  0.043970
 589.000000  0.014648
 590.000000  0.012476
 591.000000  0.013769
 592.000000  0.011743
 593.000000  0.009888
 594.000000  0.009912
 595.000000  0.012182
 596.000000  0.009814
 597.000000  0.012060
 598.000000  0.009717
 599.000000  0.011206
 600.000000  0.009619
 601.000000  0.010571
 602.000000  0.009570
 603.000000  0.010400
 604.000000  0.009692
 605.000000  0.010522
 606.000000  0.009546
 607.000000  0.010302
 608.000000  0.009668
 609.000000  0.010107
 610.000000  0.009424
 611.000000  0.009961
 612.000000  0.011840
 613.000000  0.010107
 614.000000  0.011669
 615.000000  0.009961
 616.000000  0.009033
 617.000000  0.007617
 618.000000  0.009009
 619.000000  0.009961
 620.000000  0.009277
 621.000000  0.009887
 622.000000  0.008911
 623.000000  0.009838
 624.000000  0.011328
 625.000000  0.009838
 626.000000  0.008765
 627.000000  0.009838
 628.000000  0.008813
 629.000000  0.009838
 630.000000  0.008765
 631.000000  0.009961
 632.000000  0.009106
 633.000000  0.010156
 634.000000  0.009204
 635.000000  0.009863
 636.000000  0.009155
 637.000000  0.007519
 638.000000  0.008813
 639.000000  0.009765
 640.000000  0.008911
 641.000000  0.009765
 642.000000  0.008643
 643.000000  0.007422
 644.000000  0.011035
 645.000000  0.009790
 646.000000  0.011084
 647.000000  0.009765
 648.000000  0.008545
 649.000000  0.007373
 650.000000  0.008374
 651.000000  0.007446
 652.000000  0.008594
 653.000000  0.007422
 654.000000  0.008594
 655.000000  0.009863
 656.000000  0.008301
 657.000000  0.009814
 658.000000  0.008618
 659.000000  0.007446
 660.000000  0.008545
 661.000000  0.009765
 662.000000  0.008569
 663.000000  0.009887
 664.000000  0.010815
 665.000000  0.009814
 666.000000  0.010815
 667.000000  0.009765
 668.000000  0.008252
 669.000000  0.007397
 670.000000  0.008765
 671.000000  0.007422
 672.000000  0.008618
 673.000000  0.009765
 674.000000  0.011108
 675.000000  0.009838
 676.000000  0.008643
 677.000000  0.009912
 678.000000  0.008179
 679.000000  0.009814
 680.000000  0.008154
 681.000000  0.007324
 682.000000  0.008545
 683.000000  0.009838
 684.000000  0.008740
 685.000000  0.009838
 686.000000  0.008252
 687.000000  0.007349
 688.000000  0.011035
 689.000000  0.007495
 690.000000  0.011523
 691.000000  0.009838
 692.000000  0.008569
 693.000000  0.009765
 694.000000  0.008545
 695.000000  0.009790
 696.000000  0.010376
 697.000000  0.009790
 698.000000  0.008374
 699.000000  0.009790
 700.000000  0.008203
 701.000000  0.007422
 702.000000  0.008105
 703.000000  0.007349
 704.000000  0.010693
 705.000000  0.009838
 706.000000  0.008179
 707.000000  0.007397
 708.000000  0.008325
 709.000000  0.009814
 710.000000  0.008374
 711.000000  0.009838
 712.000000  0.008716
 713.000000  0.009912
 714.000000  0.008398
 715.000000  0.009838
 716.000000  0.008594
 717.000000  0.009814
 718.000000  0.008520
 719.000000  0.009814
 720.000000  0.008130
 721.000000  0.009838
 722.000000  0.008301
 723.000000  0.009838
 724.000000  0.008618
 725.000000  0.009838
 726.000000  0.008618
 727.000000  0.009838
 728.000000  0.008227
 729.000000  0.007373
 730.000000  0.008447
 731.000000  0.009838
 732.000000  0.008203
 733.000000  0.009814
 734.000000  0.010913
 735.000000  0.009863
 736.000000  0.008032
 737.000000  0.009838
 738.000000  0.008179
 739.000000  0.009838
 740.000000  0.008618
 741.000000  0.009863
 742.000000  0.008618
 743.000000  0.007324
 744.000000  0.008130
 745.000000  0.009814
 746.000000  0.008154
 747.000000  0.007397
 748.000000  0.008472
 749.000000  0.009814
 750.000000  0.008227
 751.000000  0.009790
 752.000000  0.010791
 753.000000  0.009887
 754.000000  0.008423
 755.000000  0.009814
 756.000000  0.008350
 757.000000  0.009765
 758.000000  0.008594
 759.000000  0.007397
 760.000000  0.008179
 761.000000  0.009741
 762.000000  0.008813
 763.000000  0.009814
 764.000000  0.008203
 765.000000  0.009790
 766.000000  0.007764
 767.000000  0.007446
 768.000000  0.007910
 769.000000  0.009765
 770.000000  0.008130
 771.000000  0.009814
 772.000000  0.007983
 773.000000  0.009814
 774.000000  0.010571
 775.000000  0.009765
 776.000000  0.010717
 777.000000  0.009790
 778.000000  0.007983
 779.000000  0.007397
 780.000000  0.008398
 781.000000  0.007397
 782.000000  0.010498
 783.000000  0.009741
 784.000000  0.007959
 785.000000  0.009790
 786.000000  0.008032
 787.000000  0.009790
 788.000000  0.010522
 789.000000  0.009790
 790.000000  0.008179
 791.000000  0.009790
 792.000000  0.008105
 793.000000  0.009790
 794.000000  0.008081
 795.000000  0.009790
 796.000000  0.008569
 797.000000  0.009838
 798.000000  0.007788
 799.000000  0.009790
 800.000000  0.008130
 801.000000  0.009790
 802.000000  0.010498
 803.000000  0.009814
 804.000000  0.007959
 805.000000  0.009790
 806.000000  0.007910
 807.000000  0.009814
 808.000000  0.010571
 809.000000  0.007373
 810.000000  0.008154
 811.000000  0.007324
 812.000000  0.008008
 813.000000  0.007349
 814.000000  0.008081
 815.000000  0.009790
 816.000000  0.007935
 817.000000  0.009790
 818.000000  0.007959
 819.000000  0.009790
 820.000000  0.007910
 821.000000  0.009814
 822.000000  0.008057
 823.000000  0.009790
 824.000000  0.010669
 825.000000  0.009790
 826.000000  0.008301
 827.000000  0.009741
 828.000000  0.008081
 829.000000  0.009765
 830.000000  0.008008
 831.000000  0.009790
 832.000000  0.007788
 833.000000  0.009790
 834.000000  0.007764
 835.000000  0.009790
 836.000000  0.010498
 837.000000  0.009765
 838.000000  0.008032
 839.000000  0.009790
 840.000000  0.008227
 841.000000  0.009765
 842.000000  0.010766
 843.000000  0.009790
 844.000000  0.007959
 845.000000  0.007324
 846.000000  0.010107
 847.000000  0.009790
 848.000000  0.007788
 849.000000  0.009765
 850.000000  0.007812
 851.000000  0.009814
 852.000000  0.007910
 853.000000  0.007397
 854.000000  0.010717
 855.000000  0.009765
 856.000000  0.007715
 857.000000  0.007324
 858.000000  0.008301
 859.000000  0.007324
 860.000000  0.010473
 861.000000  0.009790
 862.000000  0.007983
 863.000000  0.007324
 864.000000  0.007812
 865.000000  0.009765
 866.000000  0.010669
 867.000000  0.007373
 868.000000  0.008374
 869.000000  0.009765
 870.000000  0.008325
 871.000000  0.009814
 872.000000  0.008227
 873.000000  0.009814
 874.000000  0.008130
 875.000000  0.009790
 876.000000  0.008325
 877.000000  0.007349
 878.000000  0.008057
 879.000000  0.007324
 880.000000  0.007812
 881.000000  0.009814
 882.000000  0.007983
 883.000000  0.009790
 884.000000  0.008789
 885.000000  0.009863
 886.000000  0.008276
 887.000000  0.007397
 888.000000  0.008203
 889.000000  0.009790
 890.000000  0.008081
 891.000000  0.009790
 892.000000  0.007886
 893.000000  0.009838
 894.000000  0.007935
 895.000000  0.009790
 896.000000  0.007861
 897.000000  0.009765
 898.000000  0.008032
 899.000000  0.009790
 900.000000  0.008276
 901.000000  0.009838
 902.000000  0.010229
 903.000000  0.009814
 904.000000  0.007910
 905.000000  0.009790
 906.000000  0.010449
 907.000000  0.009790
 908.000000  0.010522
 909.000000  0.009814
 910.000000  0.008227
 911.000000  0.009814
 912.000000  0.008154
 913.000000  0.009790
 914.000000  0.007739
 915.000000  0.009741
 916.000000  0.007642
 917.000000  0.009863
 918.000000  0.010620
 919.000000  0.009790
 920.000000  0.010937
 921.000000  0.009814
 922.000000  0.008057
 923.000000  0.009814
 924.000000  0.007910
 925.000000  0.009790
 926.000000  0.008081
 927.000000  0.009790
 928.000000  0.008032
 929.000000  0.009887
 930.000000  0.008496
 931.000000  0.009814
 932.000000  0.008081
 933.000000  0.009814
 934.000000  0.008130
 935.000000  0.009863
 936.000000  0.008081
 937.000000  0.009741
 938.000000  0.008423
 939.000000  0.009790
 940.000000  0.008447
 941.000000  0.009790
 942.000000  0.008252
 943.000000  0.009863
 944.000000  0.007886
 945.000000  0.007349
 946.000000  0.010693
 947.000000  0.009863
 948.000000  0.007983
 949.000000  0.009887
 950.000000  0.010278
 951.000000  0.009765
 952.000000  0.007959
 953.000000  0.009838
 954.000000  0.008057
 955.000000  0.009814
 956.000000  0.007983
 957.000000  0.009863
 958.000000  0.007764
 959.000000  0.007349
 960.000000  0.007935
 961.000000  0.007324
 962.000000  0.010522
 963.000000  0.007397
 964.000000  0.007983
 965.000000  0.009912
 966.000000  0.007812
 967.000000  0.009838
 968.000000  0.008008
 969.000000  0.009790
 970.000000  0.010669
 971.000000  0.009790
 972.000000  0.008081
 973.000000  0.009814
 974.000000  0.007983
 975.000000  0.009863
 976.000000  0.007568
 977.000000  0.009814
 978.000000  0.007812
 979.000000  0.009814
 980.000000  0.007739
 981.000000  0.009814
 982.000000  0.007739
 983.000000  0.007324
 984.000000  0.007593
 985.000000  0.009790
 986.000000  0.007910
 987.000000  0.009765
 988.000000  0.010253
 989.000000  0.009741
 990.000000  0.008154
 991.000000  0.009814
 992.000000  0.008105
 993.000000  0.009765
 994.000000  0.008032
 995.000000  0.009765
 996.000000  0.007886
 997.000000  0.009863
 998.000000  0.010644
 999.000000  0.009765
 1000.000000  0.010473
 1001.000000  0.009765
 1002.000000  0.007642
 1003.000000  0.009790
 1004.000000  0.007715
 1005.000000  0.009765
 1006.000000  0.007617
 1007.000000  0.009765
 1008.000000  0.007812
 1009.000000  0.009814
 1010.000000  0.007519
 1011.000000  0.009790
 1012.000000  0.007837
 1013.000000  0.009790
 1014.000000  0.007568
 1015.000000  0.009765
 1016.000000  0.007519
 1017.000000  0.009765
 1018.000000  0.007690
 1019.000000  0.009765
 1020.000000  0.007495
 1021.000000  0.009765
 1022.000000  0.007739
 1023.000000  0.009790
