 0.000000  0.008032
 1.000000  0.007373
 2.000000  0.007666
 3.000000  0.007373
 4.000000  0.008008
 5.000000  0.007349
 6.000000  0.008008
 7.000000  0.007324
 8.000000  0.007812
 9.000000  0.007349
 10.000000  0.007837
 11.000000  0.007373
 12.000000  0.008203
 13.000000  0.007397
 14.000000  0.007910
 15.000000  0.007349
 16.000000  0.008032
 17.000000  0.007373
 18.000000  0.008179
 19.000000  0.007324
 20.000000  0.007715
 21.000000  0.007324
 22.000000  0.007715
 23.000000  0.007324
 24.000000  0.008203
 25.000000  0.007373
 26.000000  0.008423
 27.000000  0.009814
 28.000000  0.007886
 29.000000  0.007349
 30.000000  0.007690
 31.000000  0.007349
 32.000000  0.007812
 33.000000  0.007373
 34.000000  0.007812
 35.000000  0.007324
 36.000000  0.007910
 37.000000  0.007349
 38.000000  0.007861
 39.000000  0.009790
 40.000000  0.008081
 41.000000  0.007324
 42.000000  0.008057
 43.000000  0.007324
 44.000000  0.008081
 45.000000  0.007349
 46.000000  0.008227
 47.000000  0.007324
 48.000000  0.007983
 49.000000  0.007373
 50.000000  0.007690
 51.000000  0.007349
 52.000000  0.007764
 53.000000  0.007324
 54.000000  0.007764
 55.000000  0.007324
 56.000000  0.008105
 57.000000  0.007349
 58.000000  0.008301
 59.000000  0.009765
 60.000000  0.007983
 61.000000  0.009765
 62.000000  0.007690
 63.000000  0.007324
 64.000000  0.007715
 65.000000  0.007349
 66.000000  0.007739
 67.000000  0.009765
 68.000000  0.007666
 69.000000  0.007349
 70.000000  0.007764
 71.000000  0.007324
 72.000000  0.007544
 73.000000  0.007349
 74.000000  0.007690
 75.000000  0.007373
 76.000000  0.007983
 77.000000  0.007349
 78.000000  0.007935
 79.000000  0.007300
 80.000000  0.008032
 81.000000  0.007300
 82.000000  0.007690
 83.000000  0.007300
 84.000000  0.007690
 85.000000  0.007324
 86.000000  0.007861
 87.000000  0.007373
 88.000000  0.007861
 89.000000  0.007324
 90.000000  0.007666
 91.000000  0.007349
 92.000000  0.007617
 93.000000  0.007349
 94.000000  0.007642
 95.000000  0.007349
 96.000000  0.007861
 97.000000  0.007349
 98.000000  0.007837
 99.000000  0.007373
 100.000000  0.008105
 101.000000  0.009765
 102.000000  0.007593
 103.000000  0.009765
 104.000000  0.007739
 105.000000  0.007324
 106.000000  0.008130
 107.000000  0.007324
 108.000000  0.008057
 109.000000  0.009790
 110.000000  0.007812
 111.000000  0.007349
 112.000000  0.007642
 113.000000  0.007373
 114.000000  0.007739
 115.000000  0.007397
 116.000000  0.007886
 117.000000  0.007324
 118.000000  0.007739
 119.000000  0.007324
 120.000000  0.007886
 121.000000  0.007324
 122.000000  0.007935
 123.000000  0.007349
 124.000000  0.007690
 125.000000  0.007324
 126.000000  0.007886
 127.000000  0.009765
 128.000000  0.007764
 129.000000  0.007324
 130.000000  0.007690
 131.000000  0.009765
 132.000000  0.007642
 133.000000  0.007300
 134.000000  0.007739
 135.000000  0.009790
 136.000000  0.007642
 137.000000  0.007300
 138.000000  0.007959
 139.000000  0.007300
 140.000000  0.007886
 141.000000  0.007324
 142.000000  0.007739
 143.000000  0.007275
 144.000000  0.007593
 145.000000  0.009790
 146.000000  0.007666
 147.000000  0.007324
 148.000000  0.007715
 149.000000  0.009814
 150.000000  0.007788
 151.000000  0.007349
 152.000000  0.007568
 153.000000  0.007349
 154.000000  0.007788
 155.000000  0.007300
 156.000000  0.007568
 157.000000  0.009790
 158.000000  0.007690
 159.000000  0.007300
 160.000000  0.007837
 161.000000  0.007324
 162.000000  0.007544
 163.000000  0.007300
 164.000000  0.007495
 165.000000  0.007324
 166.000000  0.007544
 167.000000  0.007324
 168.000000  0.007568
 169.000000  0.009765
 170.000000  0.007593
 171.000000  0.007324
 172.000000  0.007593
 173.000000  0.007324
 174.000000  0.007617
 175.000000  0.007324
 176.000000  0.007812
 177.000000  0.007300
 178.000000  0.007568
 179.000000  0.009765
 180.000000  0.007349
 181.000000  0.007300
 182.000000  0.007495
 183.000000  0.007324
 184.000000  0.007495
 185.000000  0.007275
 186.000000  0.007519
 187.000000  0.007300
 188.000000  0.007544
 189.000000  0.007300
 190.000000  0.007519
 191.000000  0.007300
 192.000000  0.007519
 193.000000  0.007275
 194.000000  0.007471
 195.000000  0.007324
 196.000000  0.009838
 197.000000  0.007373
 198.000000  0.007519
 199.000000  0.009765
 200.000000  0.007739
 201.000000  0.009790
 202.000000  0.007544
 203.000000  0.007324
 204.000000  0.007495
 205.000000  0.007300
 206.000000  0.007471
 207.000000  0.007300
 208.000000  0.007446
 209.000000  0.009765
 210.000000  0.007715
 211.000000  0.007300
 212.000000  0.007495
 213.000000  0.009765
 214.000000  0.007519
 215.000000  0.007324
 216.000000  0.007593
 217.000000  0.007324
 218.000000  0.007471
 219.000000  0.009765
 220.000000  0.007544
 221.000000  0.007300
 222.000000  0.007397
 223.000000  0.007324
 224.000000  0.007519
 225.000000  0.007275
 226.000000  0.007397
 227.000000  0.009790
 228.000000  0.007642
 229.000000  0.009741
 230.000000  0.007690
 231.000000  0.007300
 232.000000  0.007690
 233.000000  0.009741
 234.000000  0.007471
 235.000000  0.007300
 236.000000  0.007495
 237.000000  0.007324
 238.000000  0.007519
 239.000000  0.009741
 240.000000  0.007593
 241.000000  0.007324
 242.000000  0.007642
 243.000000  0.009741
 244.000000  0.007373
 245.000000  0.007324
 246.000000  0.007446
 247.000000  0.007300
 248.000000  0.007446
 249.000000  0.007324
 250.000000  0.007495
 251.000000  0.007275
 252.000000  0.007495
 253.000000  0.007324
 254.000000  0.007446
 255.000000  0.009790
 256.000000  0.007495
 257.000000  0.007324
 258.000000  0.007568
 259.000000  0.007275
 260.000000  0.007568
 261.000000  0.007349
 262.000000  0.007495
 263.000000  0.009765
 264.000000  0.007495
 265.000000  0.009765
 266.000000  0.007373
 267.000000  0.009741
 268.000000  0.007495
 269.000000  0.009765
 270.000000  0.007446
 271.000000  0.007349
 272.000000  0.007349
 273.000000  0.007275
 274.000000  0.007495
 275.000000  0.009765
 276.000000  0.007495
 277.000000  0.009741
 278.000000  0.007617
 279.000000  0.007349
 280.000000  0.007642
 281.000000  0.009790
 282.000000  0.007495
 283.000000  0.009765
 284.000000  0.007519
 285.000000  0.007324
 286.000000  0.007397
 287.000000  0.007300
 288.000000  0.007568
 289.000000  0.009765
 290.000000  0.007642
 291.000000  0.007324
 292.000000  0.007495
 293.000000  0.007300
 294.000000  0.007666
 295.000000  0.009716
 296.000000  0.007568
 297.000000  0.009790
 298.000000  0.007764
 299.000000  0.009790
 300.000000  0.007446
 301.000000  0.007324
 302.000000  0.007593
 303.000000  0.009741
 304.000000  0.007642
 305.000000  0.007324
 306.000000  0.007471
 307.000000  0.009716
 308.000000  0.007495
 309.000000  0.009741
 310.000000  0.007568
 311.000000  0.007251
 312.000000  0.007495
 313.000000  0.007300
 314.000000  0.007519
 315.000000  0.009765
 316.000000  0.007593
 317.000000  0.007300
 318.000000  0.007349
 319.000000  0.007349
 320.000000  0.007642
 321.000000  0.009765
 322.000000  0.007519
 323.000000  0.009790
 324.000000  0.007397
 325.000000  0.007349
 326.000000  0.007422
 327.000000  0.007349
 328.000000  0.007397
 329.000000  0.009716
 330.000000  0.007568
 331.000000  0.009765
 332.000000  0.007397
 333.000000  0.009716
 334.000000  0.007397
 335.000000  0.009741
 336.000000  0.007593
 337.000000  0.007324
 338.000000  0.007471
 339.000000  0.007300
 340.000000  0.007495
 341.000000  0.009814
 342.000000  0.009863
 343.000000  0.009765
 344.000000  0.007446
 345.000000  0.009741
 346.000000  0.007544
 347.000000  0.007324
 348.000000  0.007397
 349.000000  0.009741
 350.000000  0.007397
 351.000000  0.009790
 352.000000  0.007519
 353.000000  0.009790
 354.000000  0.007422
 355.000000  0.007324
 356.000000  0.007373
 357.000000  0.007324
 358.000000  0.007568
 359.000000  0.009765
 360.000000  0.007495
 361.000000  0.007324
 362.000000  0.007519
 363.000000  0.009765
 364.000000  0.007397
 365.000000  0.007349
 366.000000  0.007471
 367.000000  0.007324
 368.000000  0.007519
 369.000000  0.007300
 370.000000  0.007471
 371.000000  0.009716
 372.000000  0.007397
 373.000000  0.009765
 374.000000  0.007446
 375.000000  0.009765
 376.000000  0.007446
 377.000000  0.007275
 378.000000  0.007568
 379.000000  0.007373
 380.000000  0.007397
 381.000000  0.009741
 382.000000  0.007422
 383.000000  0.007373
 384.000000  0.007495
 385.000000  0.007349
 386.000000  0.007568
 387.000000  0.009790
 388.000000  0.007324
 389.000000  0.009765
 390.000000  0.007519
 391.000000  0.009765
 392.000000  0.007422
 393.000000  0.007324
 394.000000  0.007519
 395.000000  0.007300
 396.000000  0.007422
 397.000000  0.007349
 398.000000  0.007446
 399.000000  0.007324
 400.000000  0.007495
 401.000000  0.009765
 402.000000  0.007471
 403.000000  0.007300
 404.000000  0.007422
 405.000000  0.007300
 406.000000  0.007495
 407.000000  0.007324
 408.000000  0.007446
 409.000000  0.009765
 410.000000  0.007471
 411.000000  0.009716
 412.000000  0.007519
 413.000000  0.007275
 414.000000  0.007519
 415.000000  0.009765
 416.000000  0.007446
 417.000000  0.007275
 418.000000  0.007471
 419.000000  0.007324
 420.000000  0.007397
 421.000000  0.007324
 422.000000  0.007495
 423.000000  0.007300
 424.000000  0.007519
 425.000000  0.009814
 426.000000  0.007495
 427.000000  0.009765
 428.000000  0.007446
 429.000000  0.009765
 430.000000  0.007544
 431.000000  0.009716
 432.000000  0.007519
 433.000000  0.007202
 434.000000  0.007422
 435.000000  0.009741
 436.000000  0.007373
 437.000000  0.009716
 438.000000  0.007397
 439.000000  0.009790
 440.000000  0.007495
 441.000000  0.009790
 442.000000  0.007446
 443.000000  0.009741
 444.000000  0.007422
 445.000000  0.009716
 446.000000  0.007422
 447.000000  0.007251
 448.000000  0.007422
 449.000000  0.009692
 450.000000  0.007422
 451.000000  0.009765
 452.000000  0.007471
 453.000000  0.009765
 454.000000  0.007471
 455.000000  0.009790
 456.000000  0.007544
 457.000000  0.009790
 458.000000  0.007519
 459.000000  0.009741
 460.000000  0.007715
 461.000000  0.009741
 462.000000  0.007519
 463.000000  0.009741
 464.000000  0.007642
 465.000000  0.009790
 466.000000  0.007568
 467.000000  0.007324
 468.000000  0.007446
 469.000000  0.007324
 470.000000  0.007422
 471.000000  0.009692
 472.000000  0.007446
 473.000000  0.007275
 474.000000  0.007544
 475.000000  0.009741
 476.000000  0.007593
 477.000000  0.007251
 478.000000  0.007373
 479.000000  0.009716
 480.000000  0.007422
 481.000000  0.009765
 482.000000  0.007471
 483.000000  0.007324
 484.000000  0.007397
 485.000000  0.009741
 486.000000  0.007373
 487.000000  0.007324
 488.000000  0.007446
 489.000000  0.007324
 490.000000  0.007422
 491.000000  0.009765
 492.000000  0.007495
 493.000000  0.009765
 494.000000  0.007422
 495.000000  0.009790
 496.000000  0.007422
 497.000000  0.007300
 498.000000  0.007397
 499.000000  0.009741
 500.000000  0.007397
 501.000000  0.009765
 502.000000  0.007397
 503.000000  0.009765
 504.000000  0.007446
 505.000000  0.009765
 506.000000  0.007397
 507.000000  0.007300
 508.000000  0.007519
 509.000000  0.007324
 510.000000  0.007519
 511.000000  0.009765
 512.000000  0.007471
 513.000000  0.007349
 514.000000  0.007324
 515.000000  0.007349
 516.000000  0.007373
 517.000000  0.007349
 518.000000  0.007349
 519.000000  0.007300
 520.000000  0.007397
 521.000000  0.007300
 522.000000  0.007495
 523.000000  0.009765
 524.000000  0.007471
 525.000000  0.009741
 526.000000  0.007422
 527.000000  0.009765
 528.000000  0.007568
 529.000000  0.009790
 530.000000  0.007544
 531.000000  0.009765
 532.000000  0.007446
 533.000000  0.007324
 534.000000  0.007495
 535.000000  0.007324
 536.000000  0.007544
 537.000000  0.009790
 538.000000  0.007617
 539.000000  0.009814
 540.000000  0.007837
 541.000000  0.007349
 542.000000  0.007837
 543.000000  0.007349
 544.000000  0.007812
 545.000000  0.007324
 546.000000  0.008105
 547.000000  0.009838
 548.000000  0.008691
 549.000000  0.010009
 550.000000  0.009473
 551.000000  0.011450
 552.000000  0.009790
 553.000000  0.009839
 554.000000  0.011084
 555.000000  0.009912
 556.000000  0.010010
 557.000000  0.012207
 558.000000  0.013818
 559.000000  0.028564
 560.000000  0.039990
 561.000000  0.043555
 562.000000  0.041235
 563.000000  0.026611
 564.000000  0.012207
 565.000000  0.012182
 566.000000  0.009766
 567.000000  0.011230
 568.000000  0.009473
 569.000000  0.010034
 570.000000  0.009033
 571.000000  0.009912
 572.000000  0.008374
 573.000000  0.009790
 574.000000  0.007910
 575.000000  0.009814
 576.000000  0.007568
 577.000000  0.009716
 578.000000  0.007666
 579.000000  0.009765
 580.000000  0.007568
 581.000000  0.007349
 582.000000  0.007617
 583.000000  0.009741
 584.000000  0.007446
 585.000000  0.009765
 586.000000  0.007495
 587.000000  0.009741
 588.000000  0.007495
 589.000000  0.007349
 590.000000  0.007446
 591.000000  0.009765
 592.000000  0.007568
 593.000000  0.007324
 594.000000  0.007568
 595.000000  0.009741
 596.000000  0.007471
 597.000000  0.009692
 598.000000  0.007397
 599.000000  0.009765
 600.000000  0.007397
 601.000000  0.009619
 602.000000  0.007422
 603.000000  0.009741
 604.000000  0.007446
 605.000000  0.009741
 606.000000  0.007544
 607.000000  0.009692
 608.000000  0.007544
 609.000000  0.009692
 610.000000  0.007471
 611.000000  0.009643
 612.000000  0.009936
 613.000000  0.009716
 614.000000  0.009936
 615.000000  0.009716
 616.000000  0.007373
 617.000000  0.007349
 618.000000  0.007397
 619.000000  0.009741
 620.000000  0.007446
 621.000000  0.009765
 622.000000  0.007446
 623.000000  0.009716
 624.000000  0.009912
 625.000000  0.009741
 626.000000  0.007495
 627.000000  0.009741
 628.000000  0.007422
 629.000000  0.009741
 630.000000  0.007373
 631.000000  0.009741
 632.000000  0.007324
 633.000000  0.009790
 634.000000  0.007349
 635.000000  0.009765
 636.000000  0.007373
 637.000000  0.007300
 638.000000  0.007349
 639.000000  0.009741
 640.000000  0.007422
 641.000000  0.009741
 642.000000  0.007397
 643.000000  0.007300
 644.000000  0.009790
 645.000000  0.009741
 646.000000  0.009790
 647.000000  0.009741
 648.000000  0.007349
 649.000000  0.007324
 650.000000  0.007373
 651.000000  0.007275
 652.000000  0.007397
 653.000000  0.007300
 654.000000  0.007349
 655.000000  0.009765
 656.000000  0.007397
 657.000000  0.009741
 658.000000  0.007349
 659.000000  0.007300
 660.000000  0.007397
 661.000000  0.009741
 662.000000  0.007373
 663.000000  0.009716
 664.000000  0.009814
 665.000000  0.009741
 666.000000  0.009838
 667.000000  0.009741
 668.000000  0.007324
 669.000000  0.007251
 670.000000  0.007349
 671.000000  0.007275
 672.000000  0.007324
 673.000000  0.009765
 674.000000  0.009814
 675.000000  0.009765
 676.000000  0.007397
 677.000000  0.009790
 678.000000  0.007324
 679.000000  0.009741
 680.000000  0.007373
 681.000000  0.007300
 682.000000  0.007373
 683.000000  0.009692
 684.000000  0.007324
 685.000000  0.009741
 686.000000  0.007373
 687.000000  0.007300
 688.000000  0.009790
 689.000000  0.007324
 690.000000  0.009765
 691.000000  0.009741
 692.000000  0.007397
 693.000000  0.009716
 694.000000  0.007373
 695.000000  0.009741
 696.000000  0.009765
 697.000000  0.009765
 698.000000  0.007373
 699.000000  0.009741
 700.000000  0.007349
 701.000000  0.007275
 702.000000  0.007324
 703.000000  0.007300
 704.000000  0.009790
 705.000000  0.009668
 706.000000  0.007373
 707.000000  0.007324
 708.000000  0.007349
 709.000000  0.009741
 710.000000  0.007349
 711.000000  0.009765
 712.000000  0.007373
 713.000000  0.009741
 714.000000  0.007373
 715.000000  0.009741
 716.000000  0.007349
 717.000000  0.009741
 718.000000  0.007349
 719.000000  0.009765
 720.000000  0.007422
 721.000000  0.009716
 722.000000  0.007397
 723.000000  0.009765
 724.000000  0.007349
 725.000000  0.009668
 726.000000  0.007373
 727.000000  0.009741
 728.000000  0.007373
 729.000000  0.007251
 730.000000  0.007300
 731.000000  0.009741
 732.000000  0.007397
 733.000000  0.009741
 734.000000  0.009912
 735.000000  0.009716
 736.000000  0.007349
 737.000000  0.009765
 738.000000  0.007397
 739.000000  0.009692
 740.000000  0.007422
 741.000000  0.009692
 742.000000  0.007446
 743.000000  0.007178
 744.000000  0.007349
 745.000000  0.009716
 746.000000  0.007373
 747.000000  0.007251
 748.000000  0.007373
 749.000000  0.009668
 750.000000  0.007349
 751.000000  0.009643
 752.000000  0.009814
 753.000000  0.009692
 754.000000  0.007349
 755.000000  0.009668
 756.000000  0.007373
 757.000000  0.009692
 758.000000  0.007397
 759.000000  0.007251
 760.000000  0.007324
 761.000000  0.009668
 762.000000  0.007373
 763.000000  0.009594
 764.000000  0.007397
 765.000000  0.009716
 766.000000  0.007373
 767.000000  0.007202
 768.000000  0.007349
 769.000000  0.009643
 770.000000  0.007324
 771.000000  0.009570
 772.000000  0.007397
 773.000000  0.009643
 774.000000  0.009790
 775.000000  0.009668
 776.000000  0.009863
 777.000000  0.009594
 778.000000  0.007349
 779.000000  0.007275
 780.000000  0.007300
 781.000000  0.007178
 782.000000  0.009790
 783.000000  0.009594
 784.000000  0.007275
 785.000000  0.009619
 786.000000  0.007324
 787.000000  0.009570
 788.000000  0.009790
 789.000000  0.009716
 790.000000  0.007324
 791.000000  0.009570
 792.000000  0.007324
 793.000000  0.009668
 794.000000  0.007349
 795.000000  0.009692
 796.000000  0.007349
 797.000000  0.009643
 798.000000  0.007324
 799.000000  0.009692
 800.000000  0.007349
 801.000000  0.009643
 802.000000  0.009790
 803.000000  0.009692
 804.000000  0.007324
 805.000000  0.009668
 806.000000  0.007349
 807.000000  0.009668
 808.000000  0.009765
 809.000000  0.007251
 810.000000  0.007324
 811.000000  0.007202
 812.000000  0.007373
 813.000000  0.007202
 814.000000  0.007324
 815.000000  0.009692
 816.000000  0.007349
 817.000000  0.009619
 818.000000  0.007349
 819.000000  0.009643
 820.000000  0.007324
 821.000000  0.009692
 822.000000  0.007349
 823.000000  0.009668
 824.000000  0.009765
 825.000000  0.009668
 826.000000  0.007324
 827.000000  0.009716
 828.000000  0.007324
 829.000000  0.009716
 830.000000  0.007349
 831.000000  0.009619
 832.000000  0.007324
 833.000000  0.009716
 834.000000  0.007349
 835.000000  0.009692
 836.000000  0.009814
 837.000000  0.009619
 838.000000  0.007275
 839.000000  0.009643
 840.000000  0.007349
 841.000000  0.009570
 842.000000  0.009765
 843.000000  0.009619
 844.000000  0.007373
 845.000000  0.007227
 846.000000  0.009790
 847.000000  0.009741
 848.000000  0.007324
 849.000000  0.009619
 850.000000  0.007324
 851.000000  0.009765
 852.000000  0.007324
 853.000000  0.007227
 854.000000  0.009863
 855.000000  0.009668
 856.000000  0.007324
 857.000000  0.007104
 858.000000  0.007349
 859.000000  0.007056
 860.000000  0.009765
 861.000000  0.009594
 862.000000  0.007324
 863.000000  0.007178
 864.000000  0.007324
 865.000000  0.009619
 866.000000  0.009790
 867.000000  0.007227
 868.000000  0.007373
 869.000000  0.009619
 870.000000  0.007373
 871.000000  0.009643
 872.000000  0.007300
 873.000000  0.009692
 874.000000  0.007324
 875.000000  0.009619
 876.000000  0.007324
 877.000000  0.007129
 878.000000  0.007349
 879.000000  0.007080
 880.000000  0.007349
 881.000000  0.009668
 882.000000  0.007300
 883.000000  0.009668
 884.000000  0.007324
 885.000000  0.009643
 886.000000  0.007324
 887.000000  0.007275
 888.000000  0.007349
 889.000000  0.009692
 890.000000  0.007300
 891.000000  0.009643
 892.000000  0.007349
 893.000000  0.009594
 894.000000  0.007349
 895.000000  0.009692
 896.000000  0.007275
 897.000000  0.009692
 898.000000  0.007324
 899.000000  0.009545
 900.000000  0.007349
 901.000000  0.009570
 902.000000  0.009790
 903.000000  0.009545
 904.000000  0.007373
 905.000000  0.009643
 906.000000  0.009741
 907.000000  0.009521
 908.000000  0.009790
 909.000000  0.009643
 910.000000  0.007324
 911.000000  0.009619
 912.000000  0.007349
 913.000000  0.009619
 914.000000  0.007397
 915.000000  0.009692
 916.000000  0.007324
 917.000000  0.009716
 918.000000  0.009814
 919.000000  0.009472
 920.000000  0.009838
 921.000000  0.009619
 922.000000  0.007373
 923.000000  0.009497
 924.000000  0.007373
 925.000000  0.009594
 926.000000  0.007373
 927.000000  0.009570
 928.000000  0.007422
 929.000000  0.009668
 930.000000  0.007349
 931.000000  0.009643
 932.000000  0.007349
 933.000000  0.009668
 934.000000  0.007373
 935.000000  0.009668
 936.000000  0.007349
 937.000000  0.009643
 938.000000  0.007349
 939.000000  0.009619
 940.000000  0.007397
 941.000000  0.009668
 942.000000  0.007349
 943.000000  0.009643
 944.000000  0.007324
 945.000000  0.007104
 946.000000  0.009814
 947.000000  0.009692
 948.000000  0.007324
 949.000000  0.009668
 950.000000  0.009765
 951.000000  0.009692
 952.000000  0.007349
 953.000000  0.009790
 954.000000  0.007349
 955.000000  0.009692
 956.000000  0.007349
 957.000000  0.009619
 958.000000  0.007324
 959.000000  0.007227
 960.000000  0.007324
 961.000000  0.007227
 962.000000  0.009790
 963.000000  0.007275
 964.000000  0.007324
 965.000000  0.009765
 966.000000  0.007324
 967.000000  0.009716
 968.000000  0.007324
 969.000000  0.009741
 970.000000  0.009790
 971.000000  0.009716
 972.000000  0.007349
 973.000000  0.009765
 974.000000  0.007349
 975.000000  0.009692
 976.000000  0.007349
 977.000000  0.009643
 978.000000  0.007349
 979.000000  0.009692
 980.000000  0.007349
 981.000000  0.009741
 982.000000  0.007349
 983.000000  0.007227
 984.000000  0.007324
 985.000000  0.009716
 986.000000  0.007324
 987.000000  0.009619
 988.000000  0.009790
 989.000000  0.009741
 990.000000  0.007324
 991.000000  0.009716
 992.000000  0.007324
 993.000000  0.009668
 994.000000  0.007373
 995.000000  0.009692
 996.000000  0.007324
 997.000000  0.009643
 998.000000  0.009790
 999.000000  0.009668
 1000.000000  0.009765
 1001.000000  0.009716
 1002.000000  0.007349
 1003.000000  0.009643
 1004.000000  0.007324
 1005.000000  0.009765
 1006.000000  0.007324
 1007.000000  0.009643
 1008.000000  0.007324
 1009.000000  0.009668
 1010.000000  0.007349
 1011.000000  0.009668
 1012.000000  0.007373
 1013.000000  0.009619
 1014.000000  0.007349
 1015.000000  0.009643
 1016.000000  0.007349
 1017.000000  0.009643
 1018.000000  0.007324
 1019.000000  0.009570
 1020.000000  0.007349
 1021.000000  0.009570
 1022.000000  0.007300
 1023.000000  0.009741
