 0.000000  0.008447
 1.000000  0.007397
 2.000000  0.008008
 3.000000  0.007349
 4.000000  0.008520
 5.000000  0.007446
 6.000000  0.008594
 7.000000  0.007446
 8.000000  0.008301
 9.000000  0.007544
 10.000000  0.008447
 11.000000  0.007471
 12.000000  0.008643
 13.000000  0.007373
 14.000000  0.008643
 15.000000  0.007446
 16.000000  0.008765
 17.000000  0.007422
 18.000000  0.008398
 19.000000  0.007593
 20.000000  0.008032
 21.000000  0.007471
 22.000000  0.008203
 23.000000  0.007446
 24.000000  0.008643
 25.000000  0.007397
 26.000000  0.008789
 27.000000  0.009814
 28.000000  0.008520
 29.000000  0.007422
 30.000000  0.008276
 31.000000  0.007446
 32.000000  0.008691
 33.000000  0.007397
 34.000000  0.008643
 35.000000  0.007446
 36.000000  0.008569
 37.000000  0.007397
 38.000000  0.008472
 39.000000  0.009790
 40.000000  0.008789
 41.000000  0.007471
 42.000000  0.008765
 43.000000  0.007373
 44.000000  0.008667
 45.000000  0.007349
 46.000000  0.008569
 47.000000  0.007397
 48.000000  0.008374
 49.000000  0.007519
 50.000000  0.008105
 51.000000  0.007349
 52.000000  0.008398
 53.000000  0.007373
 54.000000  0.008203
 55.000000  0.007397
 56.000000  0.008569
 57.000000  0.007373
 58.000000  0.008936
 59.000000  0.009814
 60.000000  0.008569
 61.000000  0.009814
 62.000000  0.008179
 63.000000  0.007349
 64.000000  0.008887
 65.000000  0.007397
 66.000000  0.008447
 67.000000  0.009765
 68.000000  0.008398
 69.000000  0.007422
 70.000000  0.008301
 71.000000  0.007397
 72.000000  0.008325
 73.000000  0.007397
 74.000000  0.008496
 75.000000  0.007349
 76.000000  0.008569
 77.000000  0.007397
 78.000000  0.008252
 79.000000  0.007422
 80.000000  0.008545
 81.000000  0.007422
 82.000000  0.008154
 83.000000  0.007422
 84.000000  0.008105
 85.000000  0.007373
 86.000000  0.008374
 87.000000  0.007446
 88.000000  0.008594
 89.000000  0.007397
 90.000000  0.008618
 91.000000  0.007422
 92.000000  0.008374
 93.000000  0.007349
 94.000000  0.008203
 95.000000  0.007349
 96.000000  0.008496
 97.000000  0.007373
 98.000000  0.008643
 99.000000  0.007324
 100.000000  0.008520
 101.000000  0.009814
 102.000000  0.008252
 103.000000  0.009790
 104.000000  0.008374
 105.000000  0.007446
 106.000000  0.008862
 107.000000  0.007397
 108.000000  0.008618
 109.000000  0.009863
 110.000000  0.008520
 111.000000  0.007349
 112.000000  0.008325
 113.000000  0.007349
 114.000000  0.008227
 115.000000  0.007373
 116.000000  0.008398
 117.000000  0.007349
 118.000000  0.008789
 119.000000  0.007349
 120.000000  0.008643
 121.000000  0.007349
 122.000000  0.008545
 123.000000  0.007349
 124.000000  0.008447
 125.000000  0.007373
 126.000000  0.008691
 127.000000  0.009765
 128.000000  0.008325
 129.000000  0.007324
 130.000000  0.008227
 131.000000  0.009790
 132.000000  0.008130
 133.000000  0.007349
 134.000000  0.008765
 135.000000  0.009790
 136.000000  0.008447
 137.000000  0.007324
 138.000000  0.008423
 139.000000  0.007349
 140.000000  0.008643
 141.000000  0.007324
 142.000000  0.008447
 143.000000  0.007397
 144.000000  0.008350
 145.000000  0.009765
 146.000000  0.008105
 147.000000  0.007422
 148.000000  0.008472
 149.000000  0.009765
 150.000000  0.008252
 151.000000  0.007373
 152.000000  0.008447
 153.000000  0.007373
 154.000000  0.008520
 155.000000  0.007373
 156.000000  0.008179
 157.000000  0.009790
 158.000000  0.008472
 159.000000  0.007349
 160.000000  0.008545
 161.000000  0.007471
 162.000000  0.008227
 163.000000  0.007397
 164.000000  0.008008
 165.000000  0.007373
 166.000000  0.008179
 167.000000  0.007373
 168.000000  0.008472
 169.000000  0.009814
 170.000000  0.008130
 171.000000  0.007422
 172.000000  0.008130
 173.000000  0.007349
 174.000000  0.008130
 175.000000  0.007300
 176.000000  0.008447
 177.000000  0.007324
 178.000000  0.008179
 179.000000  0.009790
 180.000000  0.008154
 181.000000  0.007349
 182.000000  0.008301
 183.000000  0.007373
 184.000000  0.008252
 185.000000  0.007397
 186.000000  0.008447
 187.000000  0.007373
 188.000000  0.008179
 189.000000  0.007373
 190.000000  0.008179
 191.000000  0.007397
 192.000000  0.008398
 193.000000  0.007373
 194.000000  0.007910
 195.000000  0.007373
 196.000000  0.010864
 197.000000  0.007324
 198.000000  0.008203
 199.000000  0.009790
 200.000000  0.008301
 201.000000  0.009790
 202.000000  0.008325
 203.000000  0.007349
 204.000000  0.008130
 205.000000  0.007373
 206.000000  0.008130
 207.000000  0.007397
 208.000000  0.008423
 209.000000  0.009814
 210.000000  0.008398
 211.000000  0.007349
 212.000000  0.008252
 213.000000  0.009838
 214.000000  0.008154
 215.000000  0.007300
 216.000000  0.007959
 217.000000  0.007349
 218.000000  0.008203
 219.000000  0.009790
 220.000000  0.008105
 221.000000  0.007349
 222.000000  0.008057
 223.000000  0.007397
 224.000000  0.008301
 225.000000  0.007349
 226.000000  0.008130
 227.000000  0.009765
 228.000000  0.008227
 229.000000  0.009790
 230.000000  0.008594
 231.000000  0.007471
 232.000000  0.008301
 233.000000  0.009814
 234.000000  0.008276
 235.000000  0.007446
 236.000000  0.008130
 237.000000  0.007324
 238.000000  0.008130
 239.000000  0.009790
 240.000000  0.008374
 241.000000  0.007373
 242.000000  0.008154
 243.000000  0.009765
 244.000000  0.008154
 245.000000  0.007324
 246.000000  0.008545
 247.000000  0.007373
 248.000000  0.008203
 249.000000  0.007373
 250.000000  0.008105
 251.000000  0.007373
 252.000000  0.008227
 253.000000  0.007349
 254.000000  0.007812
 255.000000  0.009838
 256.000000  0.008350
 257.000000  0.007324
 258.000000  0.008057
 259.000000  0.007349
 260.000000  0.008130
 261.000000  0.007324
 262.000000  0.008081
 263.000000  0.009765
 264.000000  0.008105
 265.000000  0.009790
 266.000000  0.008130
 267.000000  0.009765
 268.000000  0.007935
 269.000000  0.009765
 270.000000  0.008179
 271.000000  0.007324
 272.000000  0.007788
 273.000000  0.007324
 274.000000  0.008447
 275.000000  0.009790
 276.000000  0.008398
 277.000000  0.009765
 278.000000  0.008252
 279.000000  0.007324
 280.000000  0.008203
 281.000000  0.009790
 282.000000  0.007959
 283.000000  0.009765
 284.000000  0.008179
 285.000000  0.007324
 286.000000  0.007983
 287.000000  0.007349
 288.000000  0.008154
 289.000000  0.009765
 290.000000  0.007959
 291.000000  0.007349
 292.000000  0.008130
 293.000000  0.007349
 294.000000  0.008203
 295.000000  0.009765
 296.000000  0.008276
 297.000000  0.009765
 298.000000  0.008276
 299.000000  0.009790
 300.000000  0.008008
 301.000000  0.007422
 302.000000  0.008203
 303.000000  0.009790
 304.000000  0.008472
 305.000000  0.007373
 306.000000  0.008227
 307.000000  0.009741
 308.000000  0.008276
 309.000000  0.009863
 310.000000  0.008374
 311.000000  0.007300
 312.000000  0.008252
 313.000000  0.007349
 314.000000  0.008398
 315.000000  0.009790
 316.000000  0.008105
 317.000000  0.007422
 318.000000  0.007983
 319.000000  0.007373
 320.000000  0.008081
 321.000000  0.009765
 322.000000  0.008081
 323.000000  0.009790
 324.000000  0.007910
 325.000000  0.007300
 326.000000  0.007959
 327.000000  0.007324
 328.000000  0.007983
 329.000000  0.009790
 330.000000  0.008423
 331.000000  0.009887
 332.000000  0.008154
 333.000000  0.009814
 334.000000  0.008032
 335.000000  0.009912
 336.000000  0.008203
 337.000000  0.007373
 338.000000  0.008325
 339.000000  0.007397
 340.000000  0.008301
 341.000000  0.009814
 342.000000  0.010253
 343.000000  0.009814
 344.000000  0.008154
 345.000000  0.009765
 346.000000  0.008716
 347.000000  0.007349
 348.000000  0.007886
 349.000000  0.009765
 350.000000  0.008276
 351.000000  0.009912
 352.000000  0.007983
 353.000000  0.009863
 354.000000  0.008130
 355.000000  0.007373
 356.000000  0.008301
 357.000000  0.007349
 358.000000  0.008398
 359.000000  0.009790
 360.000000  0.008447
 361.000000  0.007397
 362.000000  0.008447
 363.000000  0.009838
 364.000000  0.008179
 365.000000  0.007446
 366.000000  0.008301
 367.000000  0.007397
 368.000000  0.008398
 369.000000  0.007471
 370.000000  0.008203
 371.000000  0.009887
 372.000000  0.008276
 373.000000  0.009863
 374.000000  0.008301
 375.000000  0.009765
 376.000000  0.008398
 377.000000  0.007397
 378.000000  0.008594
 379.000000  0.007397
 380.000000  0.008252
 381.000000  0.009838
 382.000000  0.008105
 383.000000  0.007397
 384.000000  0.008227
 385.000000  0.007422
 386.000000  0.008618
 387.000000  0.009838
 388.000000  0.008179
 389.000000  0.009863
 390.000000  0.008545
 391.000000  0.009790
 392.000000  0.008691
 393.000000  0.007397
 394.000000  0.008545
 395.000000  0.007397
 396.000000  0.008374
 397.000000  0.007324
 398.000000  0.008301
 399.000000  0.007373
 400.000000  0.008398
 401.000000  0.009814
 402.000000  0.008105
 403.000000  0.007446
 404.000000  0.008325
 405.000000  0.007349
 406.000000  0.008154
 407.000000  0.007373
 408.000000  0.008398
 409.000000  0.009790
 410.000000  0.008765
 411.000000  0.009838
 412.000000  0.008520
 413.000000  0.007373
 414.000000  0.008813
 415.000000  0.009790
 416.000000  0.008472
 417.000000  0.007397
 418.000000  0.008691
 419.000000  0.007349
 420.000000  0.008716
 421.000000  0.007324
 422.000000  0.008179
 423.000000  0.007349
 424.000000  0.008301
 425.000000  0.009765
 426.000000  0.008374
 427.000000  0.009814
 428.000000  0.008594
 429.000000  0.009814
 430.000000  0.008594
 431.000000  0.009838
 432.000000  0.008325
 433.000000  0.007349
 434.000000  0.008301
 435.000000  0.009790
 436.000000  0.008350
 437.000000  0.009838
 438.000000  0.008301
 439.000000  0.009814
 440.000000  0.008472
 441.000000  0.009765
 442.000000  0.008423
 443.000000  0.009765
 444.000000  0.008569
 445.000000  0.009814
 446.000000  0.008667
 447.000000  0.007349
 448.000000  0.008423
 449.000000  0.009838
 450.000000  0.008227
 451.000000  0.009790
 452.000000  0.008203
 453.000000  0.009790
 454.000000  0.008520
 455.000000  0.009863
 456.000000  0.008496
 457.000000  0.009838
 458.000000  0.008594
 459.000000  0.009790
 460.000000  0.009033
 461.000000  0.009838
 462.000000  0.008398
 463.000000  0.009790
 464.000000  0.008765
 465.000000  0.009863
 466.000000  0.008765
 467.000000  0.007349
 468.000000  0.008447
 469.000000  0.007373
 470.000000  0.008960
 471.000000  0.009912
 472.000000  0.008691
 473.000000  0.007446
 474.000000  0.008862
 475.000000  0.009912
 476.000000  0.008887
 477.000000  0.007373
 478.000000  0.008545
 479.000000  0.009838
 480.000000  0.008960
 481.000000  0.009863
 482.000000  0.008691
 483.000000  0.007519
 484.000000  0.008520
 485.000000  0.009936
 486.000000  0.008643
 487.000000  0.007495
 488.000000  0.008691
 489.000000  0.007519
 490.000000  0.008643
 491.000000  0.009887
 492.000000  0.008862
 493.000000  0.009838
 494.000000  0.008862
 495.000000  0.009912
 496.000000  0.008936
 497.000000  0.007544
 498.000000  0.008520
 499.000000  0.009838
 500.000000  0.008569
 501.000000  0.009887
 502.000000  0.008691
 503.000000  0.009936
 504.000000  0.008862
 505.000000  0.009985
 506.000000  0.008838
 507.000000  0.007519
 508.000000  0.008813
 509.000000  0.007422
 510.000000  0.009106
 511.000000  0.009790
 512.000000  0.008594
 513.000000  0.007446
 514.000000  0.008594
 515.000000  0.007373
 516.000000  0.008667
 517.000000  0.007495
 518.000000  0.009033
 519.000000  0.007422
 520.000000  0.008887
 521.000000  0.007495
 522.000000  0.008862
 523.000000  0.009863
 524.000000  0.008740
 525.000000  0.010009
 526.000000  0.009155
 527.000000  0.009814
 528.000000  0.009155
 529.000000  0.009912
 530.000000  0.009033
 531.000000  0.009961
 532.000000  0.009033
 533.000000  0.007715
 534.000000  0.009155
 535.000000  0.007593
 536.000000  0.009106
 537.000000  0.009863
 538.000000  0.009302
 539.000000  0.009961
 540.000000  0.009277
 541.000000  0.007568
 542.000000  0.009351
 543.000000  0.007568
 544.000000  0.009009
 545.000000  0.007568
 546.000000  0.009448
 547.000000  0.009961
 548.000000  0.009277
 549.000000  0.010229
 550.000000  0.009131
 551.000000  0.010180
 552.000000  0.009131
 553.000000  0.007983
 554.000000  0.009424
 555.000000  0.007812
 556.000000  0.009595
 557.000000  0.010009
 558.000000  0.009619
 559.000000  0.010424
 560.000000  0.009668
 561.000000  0.007935
 562.000000  0.009692
 563.000000  0.010986
 564.000000  0.009668
 565.000000  0.011425
 566.000000  0.009717
 567.000000  0.011767
 568.000000  0.009766
 569.000000  0.011645
 570.000000  0.009766
 571.000000  0.011938
 572.000000  0.009790
 573.000000  0.012182
 574.000000  0.009790
 575.000000  0.012207
 576.000000  0.009839
 577.000000  0.012255
 578.000000  0.010571
 579.000000  0.012695
 580.000000  0.012207
 581.000000  0.012305
 582.000000  0.017065
 583.000000  0.041162
 584.000000  0.119043
 585.000000  0.185180
 586.000000  0.190381
 587.000000  0.174096
 588.000000  0.078076
 589.000000  0.021948
 590.000000  0.015186
 591.000000  0.014965
 592.000000  0.012256
 593.000000  0.011987
 594.000000  0.012134
 595.000000  0.012768
 596.000000  0.010767
 597.000000  0.012207
 598.000000  0.009766
 599.000000  0.012109
 600.000000  0.009766
 601.000000  0.011547
 602.000000  0.009766
 603.000000  0.011425
 604.000000  0.009741
 605.000000  0.011669
 606.000000  0.009766
 607.000000  0.010815
 608.000000  0.009766
 609.000000  0.010791
 610.000000  0.009766
 611.000000  0.010302
 612.000000  0.012109
 613.000000  0.010595
 614.000000  0.012060
 615.000000  0.010571
 616.000000  0.009473
 617.000000  0.008057
 618.000000  0.009521
 619.000000  0.010449
 620.000000  0.009644
 621.000000  0.010327
 622.000000  0.009497
 623.000000  0.010034
 624.000000  0.011938
 625.000000  0.010058
 626.000000  0.009448
 627.000000  0.010058
 628.000000  0.009277
 629.000000  0.009912
 630.000000  0.009375
 631.000000  0.010327
 632.000000  0.009570
 633.000000  0.011010
 634.000000  0.009717
 635.000000  0.010571
 636.000000  0.009595
 637.000000  0.007837
 638.000000  0.009326
 639.000000  0.009985
 640.000000  0.009497
 641.000000  0.009912
 642.000000  0.008984
 643.000000  0.007593
 644.000000  0.011401
 645.000000  0.010009
 646.000000  0.011499
 647.000000  0.010083
 648.000000  0.009131
 649.000000  0.007519
 650.000000  0.009009
 651.000000  0.007568
 652.000000  0.009155
 653.000000  0.007642
 654.000000  0.009082
 655.000000  0.009912
 656.000000  0.008960
 657.000000  0.009961
 658.000000  0.009082
 659.000000  0.007471
 660.000000  0.008960
 661.000000  0.009985
 662.000000  0.009204
 663.000000  0.009985
 664.000000  0.011279
 665.000000  0.009936
 666.000000  0.011352
 667.000000  0.009961
 668.000000  0.008569
 669.000000  0.007666
 670.000000  0.009204
 671.000000  0.007642
 672.000000  0.009180
 673.000000  0.010058
 674.000000  0.011352
 675.000000  0.009961
 676.000000  0.009228
 677.000000  0.009863
 678.000000  0.008520
 679.000000  0.010009
 680.000000  0.008789
 681.000000  0.007471
 682.000000  0.009106
 683.000000  0.010034
 684.000000  0.009302
 685.000000  0.009985
 686.000000  0.008960
 687.000000  0.007593
 688.000000  0.011499
 689.000000  0.007666
 690.000000  0.011840
 691.000000  0.009863
 692.000000  0.009302
 693.000000  0.009887
 694.000000  0.009082
 695.000000  0.009961
 696.000000  0.010961
 697.000000  0.009887
 698.000000  0.008545
 699.000000  0.009838
 700.000000  0.008862
 701.000000  0.007544
 702.000000  0.008838
 703.000000  0.007422
 704.000000  0.011206
 705.000000  0.009863
 706.000000  0.008691
 707.000000  0.007471
 708.000000  0.008960
 709.000000  0.009936
 710.000000  0.009009
 711.000000  0.010058
 712.000000  0.009204
 713.000000  0.010034
 714.000000  0.009180
 715.000000  0.009936
 716.000000  0.009302
 717.000000  0.010009
 718.000000  0.009033
 719.000000  0.009814
 720.000000  0.008813
 721.000000  0.009887
 722.000000  0.008936
 723.000000  0.009912
 724.000000  0.009253
 725.000000  0.009961
 726.000000  0.009228
 727.000000  0.010034
 728.000000  0.008667
 729.000000  0.007495
 730.000000  0.009228
 731.000000  0.009985
 732.000000  0.008594
 733.000000  0.009790
 734.000000  0.011718
 735.000000  0.009912
 736.000000  0.008740
 737.000000  0.009936
 738.000000  0.008960
 739.000000  0.009887
 740.000000  0.009155
 741.000000  0.009985
 742.000000  0.009180
 743.000000  0.007422
 744.000000  0.009009
 745.000000  0.010034
 746.000000  0.008765
 747.000000  0.007422
 748.000000  0.008887
 749.000000  0.009790
 750.000000  0.008911
 751.000000  0.009887
 752.000000  0.011474
 753.000000  0.009863
 754.000000  0.009204
 755.000000  0.009814
 756.000000  0.008984
 757.000000  0.010009
 758.000000  0.009131
 759.000000  0.007495
 760.000000  0.009131
 761.000000  0.009887
 762.000000  0.009351
 763.000000  0.009863
 764.000000  0.008643
 765.000000  0.009765
 766.000000  0.008325
 767.000000  0.007373
 768.000000  0.008447
 769.000000  0.009863
 770.000000  0.008862
 771.000000  0.009790
 772.000000  0.008667
 773.000000  0.009838
 774.000000  0.011059
 775.000000  0.009961
 776.000000  0.011352
 777.000000  0.009790
 778.000000  0.008569
 779.000000  0.007397
 780.000000  0.008789
 781.000000  0.007519
 782.000000  0.011254
 783.000000  0.009838
 784.000000  0.008765
 785.000000  0.009863
 786.000000  0.008887
 787.000000  0.009838
 788.000000  0.011035
 789.000000  0.009814
 790.000000  0.008374
 791.000000  0.009838
 792.000000  0.008447
 793.000000  0.009863
 794.000000  0.008252
 795.000000  0.010009
 796.000000  0.009399
 797.000000  0.009961
 798.000000  0.008765
 799.000000  0.009912
 800.000000  0.008765
 801.000000  0.009863
 802.000000  0.011108
 803.000000  0.009912
 804.000000  0.008594
 805.000000  0.009838
 806.000000  0.008472
 807.000000  0.009887
 808.000000  0.011328
 809.000000  0.007397
 810.000000  0.008862
 811.000000  0.007568
 812.000000  0.008716
 813.000000  0.007422
 814.000000  0.008496
 815.000000  0.009887
 816.000000  0.008545
 817.000000  0.009961
 818.000000  0.008618
 819.000000  0.009814
 820.000000  0.008569
 821.000000  0.009838
 822.000000  0.008716
 823.000000  0.009912
 824.000000  0.011157
 825.000000  0.009887
 826.000000  0.008813
 827.000000  0.009863
 828.000000  0.008472
 829.000000  0.009863
 830.000000  0.008496
 831.000000  0.009863
 832.000000  0.008691
 833.000000  0.010009
 834.000000  0.008301
 835.000000  0.009863
 836.000000  0.011157
 837.000000  0.009814
 838.000000  0.008594
 839.000000  0.009961
 840.000000  0.008691
 841.000000  0.009838
 842.000000  0.011328
 843.000000  0.009912
 844.000000  0.008618
 845.000000  0.007471
 846.000000  0.010815
 847.000000  0.009838
 848.000000  0.008227
 849.000000  0.009863
 850.000000  0.008569
 851.000000  0.009912
 852.000000  0.008911
 853.000000  0.007544
 854.000000  0.011523
 855.000000  0.009838
 856.000000  0.008325
 857.000000  0.007397
 858.000000  0.008862
 859.000000  0.007519
 860.000000  0.010937
 861.000000  0.009887
 862.000000  0.008667
 863.000000  0.007349
 864.000000  0.008252
 865.000000  0.009887
 866.000000  0.010937
 867.000000  0.007544
 868.000000  0.008594
 869.000000  0.009814
 870.000000  0.008765
 871.000000  0.010009
 872.000000  0.008643
 873.000000  0.009887
 874.000000  0.008643
 875.000000  0.009961
 876.000000  0.008813
 877.000000  0.007422
 878.000000  0.009058
 879.000000  0.007446
 880.000000  0.008325
 881.000000  0.009838
 882.000000  0.008496
 883.000000  0.009838
 884.000000  0.009033
 885.000000  0.009838
 886.000000  0.008984
 887.000000  0.007373
 888.000000  0.009180
 889.000000  0.009814
 890.000000  0.008423
 891.000000  0.009838
 892.000000  0.008325
 893.000000  0.009814
 894.000000  0.008740
 895.000000  0.009814
 896.000000  0.008350
 897.000000  0.009863
 898.000000  0.008374
 899.000000  0.009814
 900.000000  0.008496
 901.000000  0.009790
 902.000000  0.010864
 903.000000  0.009765
 904.000000  0.008594
 905.000000  0.009863
 906.000000  0.011108
 907.000000  0.009765
 908.000000  0.011303
 909.000000  0.009814
 910.000000  0.008716
 911.000000  0.009790
 912.000000  0.008765
 913.000000  0.009790
 914.000000  0.008594
 915.000000  0.009790
 916.000000  0.008130
 917.000000  0.009863
 918.000000  0.011108
 919.000000  0.009790
 920.000000  0.011694
 921.000000  0.009790
 922.000000  0.008594
 923.000000  0.009790
 924.000000  0.008569
 925.000000  0.009838
 926.000000  0.008203
 927.000000  0.009838
 928.000000  0.008789
 929.000000  0.009838
 930.000000  0.008887
 931.000000  0.009887
 932.000000  0.008374
 933.000000  0.009863
 934.000000  0.008984
 935.000000  0.009887
 936.000000  0.008813
 937.000000  0.009863
 938.000000  0.008911
 939.000000  0.009887
 940.000000  0.008862
 941.000000  0.009863
 942.000000  0.008789
 943.000000  0.009838
 944.000000  0.008569
 945.000000  0.007519
 946.000000  0.011303
 947.000000  0.009985
 948.000000  0.008716
 949.000000  0.009887
 950.000000  0.010937
 951.000000  0.009814
 952.000000  0.008154
 953.000000  0.009912
 954.000000  0.008081
 955.000000  0.009814
 956.000000  0.008520
 957.000000  0.009863
 958.000000  0.008276
 959.000000  0.007446
 960.000000  0.008472
 961.000000  0.007397
 962.000000  0.010791
 963.000000  0.007373
 964.000000  0.008325
 965.000000  0.009790
 966.000000  0.008301
 967.000000  0.009838
 968.000000  0.008569
 969.000000  0.009814
 970.000000  0.011303
 971.000000  0.009863
 972.000000  0.008887
 973.000000  0.009936
 974.000000  0.008569
 975.000000  0.009887
 976.000000  0.008252
 977.000000  0.009887
 978.000000  0.008325
 979.000000  0.009814
 980.000000  0.008350
 981.000000  0.009961
 982.000000  0.008227
 983.000000  0.007446
 984.000000  0.008105
 985.000000  0.009887
 986.000000  0.008203
 987.000000  0.009863
 988.000000  0.010888
 989.000000  0.009887
 990.000000  0.008545
 991.000000  0.009863
 992.000000  0.008569
 993.000000  0.009961
 994.000000  0.008667
 995.000000  0.010009
 996.000000  0.008447
 997.000000  0.009985
 998.000000  0.010986
 999.000000  0.009838
 1000.000000  0.010986
 1001.000000  0.009838
 1002.000000  0.008423
 1003.000000  0.009814
 1004.000000  0.008325
 1005.000000  0.009863
 1006.000000  0.008423
 1007.000000  0.009814
 1008.000000  0.008350
 1009.000000  0.009790
 1010.000000  0.008032
 1011.000000  0.009814
 1012.000000  0.008105
 1013.000000  0.009790
 1014.000000  0.007910
 1015.000000  0.009838
 1016.000000  0.007983
 1017.000000  0.009863
 1018.000000  0.008203
 1019.000000  0.009838
 1020.000000  0.008227
 1021.000000  0.009790
 1022.000000  0.007886
 1023.000000  0.009936
