 0.000000  0.008105
 1.000000  0.007349
 2.000000  0.007910
 3.000000  0.007373
 4.000000  0.008057
 5.000000  0.007324
 6.000000  0.008276
 7.000000  0.007422
 8.000000  0.008032
 9.000000  0.007349
 10.000000  0.008301
 11.000000  0.007300
 12.000000  0.008203
 13.000000  0.007397
 14.000000  0.008105
 15.000000  0.007373
 16.000000  0.008227
 17.000000  0.007373
 18.000000  0.008301
 19.000000  0.007422
 20.000000  0.007837
 21.000000  0.007349
 22.000000  0.007837
 23.000000  0.007349
 24.000000  0.008179
 25.000000  0.007349
 26.000000  0.008887
 27.000000  0.009790
 28.000000  0.008227
 29.000000  0.007397
 30.000000  0.008179
 31.000000  0.007397
 32.000000  0.008325
 33.000000  0.007324
 34.000000  0.008227
 35.000000  0.007324
 36.000000  0.008350
 37.000000  0.007397
 38.000000  0.008496
 39.000000  0.009765
 40.000000  0.008398
 41.000000  0.007349
 42.000000  0.008203
 43.000000  0.007373
 44.000000  0.008276
 45.000000  0.007324
 46.000000  0.008301
 47.000000  0.007373
 48.000000  0.008081
 49.000000  0.007349
 50.000000  0.007837
 51.000000  0.007373
 52.000000  0.007910
 53.000000  0.007349
 54.000000  0.007812
 55.000000  0.007324
 56.000000  0.008276
 57.000000  0.007349
 58.000000  0.008350
 59.000000  0.009765
 60.000000  0.008057
 61.000000  0.009790
 62.000000  0.008032
 63.000000  0.007300
 64.000000  0.008008
 65.000000  0.007324
 66.000000  0.008179
 67.000000  0.009790
 68.000000  0.007983
 69.000000  0.007349
 70.000000  0.007788
 71.000000  0.007349
 72.000000  0.007861
 73.000000  0.007397
 74.000000  0.008057
 75.000000  0.007349
 76.000000  0.008105
 77.000000  0.007373
 78.000000  0.007886
 79.000000  0.007300
 80.000000  0.008032
 81.000000  0.007349
 82.000000  0.007788
 83.000000  0.007373
 84.000000  0.007910
 85.000000  0.007397
 86.000000  0.007910
 87.000000  0.007300
 88.000000  0.008057
 89.000000  0.007373
 90.000000  0.008105
 91.000000  0.007349
 92.000000  0.008081
 93.000000  0.007373
 94.000000  0.008057
 95.000000  0.007324
 96.000000  0.007959
 97.000000  0.007373
 98.000000  0.008105
 99.000000  0.007373
 100.000000  0.008008
 101.000000  0.009838
 102.000000  0.007764
 103.000000  0.009765
 104.000000  0.007837
 105.000000  0.007422
 106.000000  0.008179
 107.000000  0.007373
 108.000000  0.008423
 109.000000  0.009741
 110.000000  0.008032
 111.000000  0.007373
 112.000000  0.007861
 113.000000  0.007422
 114.000000  0.007983
 115.000000  0.007324
 116.000000  0.007935
 117.000000  0.007373
 118.000000  0.008227
 119.000000  0.007300
 120.000000  0.008057
 121.000000  0.007349
 122.000000  0.008057
 123.000000  0.007349
 124.000000  0.007983
 125.000000  0.007349
 126.000000  0.008105
 127.000000  0.009765
 128.000000  0.007983
 129.000000  0.007324
 130.000000  0.008008
 131.000000  0.009814
 132.000000  0.007861
 133.000000  0.007349
 134.000000  0.008008
 135.000000  0.009814
 136.000000  0.007959
 137.000000  0.007324
 138.000000  0.008179
 139.000000  0.007324
 140.000000  0.008081
 141.000000  0.007373
 142.000000  0.007983
 143.000000  0.007349
 144.000000  0.007788
 145.000000  0.009863
 146.000000  0.007666
 147.000000  0.007324
 148.000000  0.008154
 149.000000  0.009790
 150.000000  0.007935
 151.000000  0.007373
 152.000000  0.007910
 153.000000  0.007373
 154.000000  0.007935
 155.000000  0.007349
 156.000000  0.007739
 157.000000  0.009765
 158.000000  0.007812
 159.000000  0.007349
 160.000000  0.008008
 161.000000  0.007349
 162.000000  0.007812
 163.000000  0.007300
 164.000000  0.007642
 165.000000  0.007349
 166.000000  0.007690
 167.000000  0.007324
 168.000000  0.007910
 169.000000  0.009790
 170.000000  0.008081
 171.000000  0.007324
 172.000000  0.007617
 173.000000  0.007373
 174.000000  0.007617
 175.000000  0.007349
 176.000000  0.007837
 177.000000  0.007324
 178.000000  0.007935
 179.000000  0.009765
 180.000000  0.007812
 181.000000  0.007324
 182.000000  0.007788
 183.000000  0.007349
 184.000000  0.007764
 185.000000  0.007300
 186.000000  0.007837
 187.000000  0.007324
 188.000000  0.007666
 189.000000  0.007324
 190.000000  0.007812
 191.000000  0.007324
 192.000000  0.007617
 193.000000  0.007324
 194.000000  0.007837
 195.000000  0.007324
 196.000000  0.010253
 197.000000  0.007300
 198.000000  0.007715
 199.000000  0.009741
 200.000000  0.007739
 201.000000  0.009814
 202.000000  0.007837
 203.000000  0.007324
 204.000000  0.007715
 205.000000  0.007300
 206.000000  0.007666
 207.000000  0.007349
 208.000000  0.007642
 209.000000  0.009741
 210.000000  0.007739
 211.000000  0.007324
 212.000000  0.007739
 213.000000  0.009741
 214.000000  0.007715
 215.000000  0.007324
 216.000000  0.007568
 217.000000  0.007300
 218.000000  0.007617
 219.000000  0.009814
 220.000000  0.007715
 221.000000  0.007397
 222.000000  0.007519
 223.000000  0.007349
 224.000000  0.007788
 225.000000  0.007324
 226.000000  0.007666
 227.000000  0.009765
 228.000000  0.007764
 229.000000  0.009765
 230.000000  0.007983
 231.000000  0.007324
 232.000000  0.007837
 233.000000  0.009741
 234.000000  0.007617
 235.000000  0.007373
 236.000000  0.007715
 237.000000  0.007324
 238.000000  0.007837
 239.000000  0.009741
 240.000000  0.007837
 241.000000  0.007300
 242.000000  0.007666
 243.000000  0.009765
 244.000000  0.007519
 245.000000  0.007324
 246.000000  0.007764
 247.000000  0.007373
 248.000000  0.007837
 249.000000  0.007324
 250.000000  0.007642
 251.000000  0.007300
 252.000000  0.007764
 253.000000  0.007349
 254.000000  0.007568
 255.000000  0.009741
 256.000000  0.007739
 257.000000  0.007300
 258.000000  0.007666
 259.000000  0.007324
 260.000000  0.007788
 261.000000  0.007373
 262.000000  0.007471
 263.000000  0.009765
 264.000000  0.007642
 265.000000  0.009790
 266.000000  0.007568
 267.000000  0.009741
 268.000000  0.007446
 269.000000  0.009790
 270.000000  0.007642
 271.000000  0.007324
 272.000000  0.007593
 273.000000  0.007349
 274.000000  0.007715
 275.000000  0.009765
 276.000000  0.007690
 277.000000  0.009765
 278.000000  0.007715
 279.000000  0.007324
 280.000000  0.007739
 281.000000  0.009741
 282.000000  0.007690
 283.000000  0.009741
 284.000000  0.007617
 285.000000  0.007324
 286.000000  0.007519
 287.000000  0.007324
 288.000000  0.007642
 289.000000  0.009790
 290.000000  0.007690
 291.000000  0.007373
 292.000000  0.007593
 293.000000  0.007275
 294.000000  0.007764
 295.000000  0.009765
 296.000000  0.007617
 297.000000  0.009790
 298.000000  0.007861
 299.000000  0.009741
 300.000000  0.007617
 301.000000  0.007397
 302.000000  0.007519
 303.000000  0.009790
 304.000000  0.007715
 305.000000  0.007324
 306.000000  0.007593
 307.000000  0.009741
 308.000000  0.007812
 309.000000  0.009790
 310.000000  0.007715
 311.000000  0.007373
 312.000000  0.007690
 313.000000  0.007349
 314.000000  0.007886
 315.000000  0.009790
 316.000000  0.007788
 317.000000  0.007324
 318.000000  0.007568
 319.000000  0.007324
 320.000000  0.007568
 321.000000  0.009814
 322.000000  0.007519
 323.000000  0.009765
 324.000000  0.007422
 325.000000  0.007373
 326.000000  0.007690
 327.000000  0.007275
 328.000000  0.007617
 329.000000  0.009814
 330.000000  0.007739
 331.000000  0.009741
 332.000000  0.007861
 333.000000  0.009790
 334.000000  0.007593
 335.000000  0.009790
 336.000000  0.007812
 337.000000  0.007324
 338.000000  0.007788
 339.000000  0.007373
 340.000000  0.007666
 341.000000  0.009838
 342.000000  0.009985
 343.000000  0.009790
 344.000000  0.007568
 345.000000  0.009741
 346.000000  0.007886
 347.000000  0.007349
 348.000000  0.007593
 349.000000  0.009741
 350.000000  0.007642
 351.000000  0.009765
 352.000000  0.007544
 353.000000  0.009814
 354.000000  0.007568
 355.000000  0.007300
 356.000000  0.007568
 357.000000  0.007324
 358.000000  0.007690
 359.000000  0.009765
 360.000000  0.007788
 361.000000  0.007349
 362.000000  0.007715
 363.000000  0.009790
 364.000000  0.007642
 365.000000  0.007324
 366.000000  0.007788
 367.000000  0.007324
 368.000000  0.007715
 369.000000  0.007324
 370.000000  0.007544
 371.000000  0.009790
 372.000000  0.007642
 373.000000  0.009765
 374.000000  0.007690
 375.000000  0.009741
 376.000000  0.007764
 377.000000  0.007349
 378.000000  0.007739
 379.000000  0.007373
 380.000000  0.007739
 381.000000  0.009741
 382.000000  0.007764
 383.000000  0.007324
 384.000000  0.007788
 385.000000  0.007397
 386.000000  0.007861
 387.000000  0.009790
 388.000000  0.007544
 389.000000  0.009790
 390.000000  0.007837
 391.000000  0.009765
 392.000000  0.007715
 393.000000  0.007324
 394.000000  0.007593
 395.000000  0.007349
 396.000000  0.007861
 397.000000  0.007324
 398.000000  0.007593
 399.000000  0.007324
 400.000000  0.007690
 401.000000  0.009741
 402.000000  0.007764
 403.000000  0.007349
 404.000000  0.007519
 405.000000  0.007373
 406.000000  0.007642
 407.000000  0.007349
 408.000000  0.007690
 409.000000  0.009765
 410.000000  0.007812
 411.000000  0.009790
 412.000000  0.007788
 413.000000  0.007300
 414.000000  0.007886
 415.000000  0.009790
 416.000000  0.007642
 417.000000  0.007349
 418.000000  0.007861
 419.000000  0.007349
 420.000000  0.007739
 421.000000  0.007324
 422.000000  0.007544
 423.000000  0.007373
 424.000000  0.007642
 425.000000  0.009741
 426.000000  0.007593
 427.000000  0.009765
 428.000000  0.007666
 429.000000  0.009765
 430.000000  0.007837
 431.000000  0.009790
 432.000000  0.007788
 433.000000  0.007324
 434.000000  0.007812
 435.000000  0.009741
 436.000000  0.007666
 437.000000  0.009765
 438.000000  0.007739
 439.000000  0.009814
 440.000000  0.007715
 441.000000  0.009790
 442.000000  0.007788
 443.000000  0.009790
 444.000000  0.007593
 445.000000  0.009790
 446.000000  0.007764
 447.000000  0.007349
 448.000000  0.007617
 449.000000  0.009838
 450.000000  0.007788
 451.000000  0.009790
 452.000000  0.007642
 453.000000  0.009790
 454.000000  0.007642
 455.000000  0.009790
 456.000000  0.007788
 457.000000  0.009741
 458.000000  0.007764
 459.000000  0.009765
 460.000000  0.007983
 461.000000  0.009790
 462.000000  0.007642
 463.000000  0.009790
 464.000000  0.007715
 465.000000  0.009790
 466.000000  0.007861
 467.000000  0.007349
 468.000000  0.007764
 469.000000  0.007324
 470.000000  0.007812
 471.000000  0.009838
 472.000000  0.007812
 473.000000  0.007373
 474.000000  0.007959
 475.000000  0.009838
 476.000000  0.007983
 477.000000  0.007324
 478.000000  0.007788
 479.000000  0.009790
 480.000000  0.007715
 481.000000  0.009790
 482.000000  0.007666
 483.000000  0.007373
 484.000000  0.007788
 485.000000  0.009838
 486.000000  0.007544
 487.000000  0.007349
 488.000000  0.007690
 489.000000  0.007324
 490.000000  0.007812
 491.000000  0.009741
 492.000000  0.007593
 493.000000  0.009790
 494.000000  0.007764
 495.000000  0.009765
 496.000000  0.007910
 497.000000  0.007324
 498.000000  0.007739
 499.000000  0.009741
 500.000000  0.007886
 501.000000  0.009790
 502.000000  0.007617
 503.000000  0.009765
 504.000000  0.007764
 505.000000  0.009814
 506.000000  0.007715
 507.000000  0.007324
 508.000000  0.007739
 509.000000  0.007324
 510.000000  0.008032
 511.000000  0.009765
 512.000000  0.007544
 513.000000  0.007349
 514.000000  0.007861
 515.000000  0.007324
 516.000000  0.007764
 517.000000  0.007349
 518.000000  0.007959
 519.000000  0.007349
 520.000000  0.007886
 521.000000  0.007324
 522.000000  0.007788
 523.000000  0.009814
 524.000000  0.007690
 525.000000  0.009741
 526.000000  0.008276
 527.000000  0.009765
 528.000000  0.008130
 529.000000  0.009790
 530.000000  0.008423
 531.000000  0.009838
 532.000000  0.008008
 533.000000  0.007397
 534.000000  0.008008
 535.000000  0.007373
 536.000000  0.008154
 537.000000  0.009838
 538.000000  0.008350
 539.000000  0.009765
 540.000000  0.008765
 541.000000  0.007373
 542.000000  0.008667
 543.000000  0.007446
 544.000000  0.009033
 545.000000  0.007544
 546.000000  0.009424
 547.000000  0.009961
 548.000000  0.009326
 549.000000  0.010473
 550.000000  0.009595
 551.000000  0.011279
 552.000000  0.009595
 553.000000  0.009521
 554.000000  0.009839
 555.000000  0.009790
 556.000000  0.010742
 557.000000  0.013378
 558.000000  0.014575
 559.000000  0.035107
 560.000000  0.078418
 561.000000  0.113599
 562.000000  0.100732
 563.000000  0.080078
 564.000000  0.040942
 565.000000  0.018066
 566.000000  0.014551
 567.000000  0.014672
 568.000000  0.012134
 569.000000  0.012304
 570.000000  0.009888
 571.000000  0.011914
 572.000000  0.009766
 573.000000  0.011206
 574.000000  0.009717
 575.000000  0.010205
 576.000000  0.009131
 577.000000  0.009985
 578.000000  0.009253
 579.000000  0.009961
 580.000000  0.008789
 581.000000  0.007568
 582.000000  0.008838
 583.000000  0.009887
 584.000000  0.008325
 585.000000  0.009863
 586.000000  0.007959
 587.000000  0.009863
 588.000000  0.008179
 589.000000  0.007373
 590.000000  0.008179
 591.000000  0.009814
 592.000000  0.007910
 593.000000  0.007324
 594.000000  0.007959
 595.000000  0.009838
 596.000000  0.008227
 597.000000  0.009765
 598.000000  0.007812
 599.000000  0.009814
 600.000000  0.007690
 601.000000  0.009790
 602.000000  0.007739
 603.000000  0.009814
 604.000000  0.007861
 605.000000  0.009814
 606.000000  0.007861
 607.000000  0.009790
 608.000000  0.008081
 609.000000  0.009790
 610.000000  0.007959
 611.000000  0.009765
 612.000000  0.010229
 613.000000  0.009838
 614.000000  0.010180
 615.000000  0.009765
 616.000000  0.007690
 617.000000  0.007349
 618.000000  0.007617
 619.000000  0.009814
 620.000000  0.007935
 621.000000  0.009741
 622.000000  0.007568
 623.000000  0.009741
 624.000000  0.010083
 625.000000  0.009765
 626.000000  0.007764
 627.000000  0.009790
 628.000000  0.007666
 629.000000  0.009765
 630.000000  0.007666
 631.000000  0.009741
 632.000000  0.007812
 633.000000  0.009765
 634.000000  0.007739
 635.000000  0.009741
 636.000000  0.007617
 637.000000  0.007275
 638.000000  0.007617
 639.000000  0.009765
 640.000000  0.007910
 641.000000  0.009814
 642.000000  0.007617
 643.000000  0.007300
 644.000000  0.010131
 645.000000  0.009790
 646.000000  0.010058
 647.000000  0.009814
 648.000000  0.007764
 649.000000  0.007324
 650.000000  0.007519
 651.000000  0.007324
 652.000000  0.007715
 653.000000  0.007373
 654.000000  0.007837
 655.000000  0.009765
 656.000000  0.007886
 657.000000  0.009790
 658.000000  0.007617
 659.000000  0.007324
 660.000000  0.007690
 661.000000  0.009741
 662.000000  0.007544
 663.000000  0.009765
 664.000000  0.009887
 665.000000  0.009765
 666.000000  0.010156
 667.000000  0.009741
 668.000000  0.007495
 669.000000  0.007349
 670.000000  0.007593
 671.000000  0.007349
 672.000000  0.007617
 673.000000  0.009765
 674.000000  0.010180
 675.000000  0.009765
 676.000000  0.007690
 677.000000  0.009765
 678.000000  0.007666
 679.000000  0.009765
 680.000000  0.007642
 681.000000  0.007349
 682.000000  0.007715
 683.000000  0.009790
 684.000000  0.007739
 685.000000  0.009790
 686.000000  0.007495
 687.000000  0.007349
 688.000000  0.010058
 689.000000  0.007349
 690.000000  0.010327
 691.000000  0.009765
 692.000000  0.007837
 693.000000  0.009765
 694.000000  0.007568
 695.000000  0.009741
 696.000000  0.009936
 697.000000  0.009765
 698.000000  0.007397
 699.000000  0.009741
 700.000000  0.007642
 701.000000  0.007324
 702.000000  0.007617
 703.000000  0.007324
 704.000000  0.010083
 705.000000  0.009814
 706.000000  0.007739
 707.000000  0.007349
 708.000000  0.007642
 709.000000  0.009765
 710.000000  0.007617
 711.000000  0.009814
 712.000000  0.007617
 713.000000  0.009765
 714.000000  0.007593
 715.000000  0.009765
 716.000000  0.007544
 717.000000  0.009765
 718.000000  0.007788
 719.000000  0.009765
 720.000000  0.007690
 721.000000  0.009790
 722.000000  0.007739
 723.000000  0.009790
 724.000000  0.007715
 725.000000  0.009765
 726.000000  0.007788
 727.000000  0.009814
 728.000000  0.007495
 729.000000  0.007373
 730.000000  0.007568
 731.000000  0.009790
 732.000000  0.007690
 733.000000  0.009790
 734.000000  0.010229
 735.000000  0.009790
 736.000000  0.007519
 737.000000  0.009814
 738.000000  0.007495
 739.000000  0.009716
 740.000000  0.007690
 741.000000  0.009790
 742.000000  0.007739
 743.000000  0.007300
 744.000000  0.007519
 745.000000  0.009741
 746.000000  0.007495
 747.000000  0.007349
 748.000000  0.007739
 749.000000  0.009765
 750.000000  0.007471
 751.000000  0.009741
 752.000000  0.009936
 753.000000  0.009765
 754.000000  0.007593
 755.000000  0.009765
 756.000000  0.007593
 757.000000  0.009765
 758.000000  0.007666
 759.000000  0.007324
 760.000000  0.007617
 761.000000  0.009790
 762.000000  0.007739
 763.000000  0.009765
 764.000000  0.007666
 765.000000  0.009692
 766.000000  0.007495
 767.000000  0.007324
 768.000000  0.007593
 769.000000  0.009716
 770.000000  0.007519
 771.000000  0.009716
 772.000000  0.007422
 773.000000  0.009741
 774.000000  0.009912
 775.000000  0.009790
 776.000000  0.009985
 777.000000  0.009790
 778.000000  0.007593
 779.000000  0.007227
 780.000000  0.007544
 781.000000  0.007324
 782.000000  0.010034
 783.000000  0.009716
 784.000000  0.007471
 785.000000  0.009790
 786.000000  0.007544
 787.000000  0.009765
 788.000000  0.009936
 789.000000  0.009790
 790.000000  0.007519
 791.000000  0.009741
 792.000000  0.007446
 793.000000  0.009765
 794.000000  0.007519
 795.000000  0.009765
 796.000000  0.007471
 797.000000  0.009765
 798.000000  0.007544
 799.000000  0.009790
 800.000000  0.007446
 801.000000  0.009716
 802.000000  0.009961
 803.000000  0.009741
 804.000000  0.007397
 805.000000  0.009765
 806.000000  0.007495
 807.000000  0.009765
 808.000000  0.009838
 809.000000  0.007300
 810.000000  0.007519
 811.000000  0.007300
 812.000000  0.007422
 813.000000  0.007324
 814.000000  0.007446
 815.000000  0.009741
 816.000000  0.007519
 817.000000  0.009741
 818.000000  0.007544
 819.000000  0.009814
 820.000000  0.007397
 821.000000  0.009765
 822.000000  0.007471
 823.000000  0.009765
 824.000000  0.009887
 825.000000  0.009741
 826.000000  0.007544
 827.000000  0.009814
 828.000000  0.007349
 829.000000  0.009765
 830.000000  0.007373
 831.000000  0.009765
 832.000000  0.007349
 833.000000  0.009741
 834.000000  0.007397
 835.000000  0.009741
 836.000000  0.009863
 837.000000  0.009765
 838.000000  0.007471
 839.000000  0.009741
 840.000000  0.007593
 841.000000  0.009741
 842.000000  0.009887
 843.000000  0.009741
 844.000000  0.007495
 845.000000  0.007300
 846.000000  0.009814
 847.000000  0.009765
 848.000000  0.007446
 849.000000  0.009741
 850.000000  0.007471
 851.000000  0.009790
 852.000000  0.007422
 853.000000  0.007324
 854.000000  0.009985
 855.000000  0.009765
 856.000000  0.007422
 857.000000  0.007349
 858.000000  0.007422
 859.000000  0.007349
 860.000000  0.009887
 861.000000  0.009741
 862.000000  0.007422
 863.000000  0.007251
 864.000000  0.007446
 865.000000  0.009765
 866.000000  0.009838
 867.000000  0.007275
 868.000000  0.007642
 869.000000  0.009741
 870.000000  0.007593
 871.000000  0.009741
 872.000000  0.007544
 873.000000  0.009790
 874.000000  0.007397
 875.000000  0.009741
 876.000000  0.007349
 877.000000  0.007251
 878.000000  0.007471
 879.000000  0.007300
 880.000000  0.007397
 881.000000  0.009790
 882.000000  0.007446
 883.000000  0.009741
 884.000000  0.007519
 885.000000  0.009765
 886.000000  0.007471
 887.000000  0.007324
 888.000000  0.007495
 889.000000  0.009741
 890.000000  0.007495
 891.000000  0.009716
 892.000000  0.007544
 893.000000  0.009741
 894.000000  0.007617
 895.000000  0.009741
 896.000000  0.007471
 897.000000  0.009741
 898.000000  0.007471
 899.000000  0.009765
 900.000000  0.007495
 901.000000  0.009814
 902.000000  0.009863
 903.000000  0.009765
 904.000000  0.007471
 905.000000  0.009790
 906.000000  0.010034
 907.000000  0.009741
 908.000000  0.009912
 909.000000  0.009741
 910.000000  0.007519
 911.000000  0.009741
 912.000000  0.007397
 913.000000  0.009765
 914.000000  0.007373
 915.000000  0.009765
 916.000000  0.007593
 917.000000  0.009765
 918.000000  0.009961
 919.000000  0.009765
 920.000000  0.009912
 921.000000  0.009692
 922.000000  0.007519
 923.000000  0.009668
 924.000000  0.007568
 925.000000  0.009741
 926.000000  0.007666
 927.000000  0.009741
 928.000000  0.007519
 929.000000  0.009814
 930.000000  0.007495
 931.000000  0.009790
 932.000000  0.007495
 933.000000  0.009765
 934.000000  0.007471
 935.000000  0.009790
 936.000000  0.007593
 937.000000  0.009765
 938.000000  0.007422
 939.000000  0.009741
 940.000000  0.007446
 941.000000  0.009741
 942.000000  0.007422
 943.000000  0.009716
 944.000000  0.007422
 945.000000  0.007324
 946.000000  0.009887
 947.000000  0.009741
 948.000000  0.007495
 949.000000  0.009741
 950.000000  0.009814
 951.000000  0.009790
 952.000000  0.007397
 953.000000  0.009765
 954.000000  0.007471
 955.000000  0.009765
 956.000000  0.007446
 957.000000  0.009790
 958.000000  0.007373
 959.000000  0.007324
 960.000000  0.007397
 961.000000  0.007300
 962.000000  0.009863
 963.000000  0.007349
 964.000000  0.007422
 965.000000  0.009741
 966.000000  0.007446
 967.000000  0.009765
 968.000000  0.007495
 969.000000  0.009765
 970.000000  0.009936
 971.000000  0.009765
 972.000000  0.007519
 973.000000  0.009741
 974.000000  0.007471
 975.000000  0.009741
 976.000000  0.007397
 977.000000  0.009765
 978.000000  0.007519
 979.000000  0.009741
 980.000000  0.007397
 981.000000  0.009790
 982.000000  0.007397
 983.000000  0.007275
 984.000000  0.007471
 985.000000  0.009765
 986.000000  0.007446
 987.000000  0.009790
 988.000000  0.009887
 989.000000  0.009741
 990.000000  0.007642
 991.000000  0.009790
 992.000000  0.007397
 993.000000  0.009765
 994.000000  0.007397
 995.000000  0.009790
 996.000000  0.007446
 997.000000  0.009716
 998.000000  0.009912
 999.000000  0.009790
 1000.000000  0.009838
 1001.000000  0.009790
 1002.000000  0.007422
 1003.000000  0.009765
 1004.000000  0.007422
 1005.000000  0.009765
 1006.000000  0.007471
 1007.000000  0.009741
 1008.000000  0.007349
 1009.000000  0.009765
 1010.000000  0.007397
 1011.000000  0.009741
 1012.000000  0.007349
 1013.000000  0.009716
 1014.000000  0.007349
 1015.000000  0.009765
 1016.000000  0.007397
 1017.000000  0.009741
 1018.000000  0.007422
 1019.000000  0.009765
 1020.000000  0.007397
 1021.000000  0.009765
 1022.000000  0.007349
 1023.000000  0.009765
