 0.000000  0.008740
 1.000000  0.007544
 2.000000  0.008398
 3.000000  0.007422
 4.000000  0.009155
 5.000000  0.007642
 6.000000  0.009155
 7.000000  0.007422
 8.000000  0.009180
 9.000000  0.007495
 10.000000  0.008813
 11.000000  0.007568
 12.000000  0.008960
 13.000000  0.007568
 14.000000  0.009131
 15.000000  0.007471
 16.000000  0.009204
 17.000000  0.007568
 18.000000  0.009131
 19.000000  0.007446
 20.000000  0.008716
 21.000000  0.007690
 22.000000  0.008813
 23.000000  0.007617
 24.000000  0.009253
 25.000000  0.007471
 26.000000  0.009448
 27.000000  0.009863
 28.000000  0.008960
 29.000000  0.007544
 30.000000  0.009033
 31.000000  0.007544
 32.000000  0.009106
 33.000000  0.007593
 34.000000  0.009204
 35.000000  0.007519
 36.000000  0.009180
 37.000000  0.007446
 38.000000  0.009082
 39.000000  0.009912
 40.000000  0.009204
 41.000000  0.007495
 42.000000  0.009155
 43.000000  0.007568
 44.000000  0.009106
 45.000000  0.007544
 46.000000  0.009058
 47.000000  0.007446
 48.000000  0.009131
 49.000000  0.007349
 50.000000  0.008936
 51.000000  0.007495
 52.000000  0.009009
 53.000000  0.007519
 54.000000  0.008862
 55.000000  0.007519
 56.000000  0.009277
 57.000000  0.007446
 58.000000  0.009424
 59.000000  0.009790
 60.000000  0.009033
 61.000000  0.010034
 62.000000  0.008862
 63.000000  0.007471
 64.000000  0.008911
 65.000000  0.007422
 66.000000  0.009180
 67.000000  0.009961
 68.000000  0.009106
 69.000000  0.007495
 70.000000  0.008765
 71.000000  0.007617
 72.000000  0.009033
 73.000000  0.007471
 74.000000  0.008936
 75.000000  0.007471
 76.000000  0.009155
 77.000000  0.007422
 78.000000  0.008887
 79.000000  0.007495
 80.000000  0.009033
 81.000000  0.007471
 82.000000  0.008862
 83.000000  0.007519
 84.000000  0.008789
 85.000000  0.007544
 86.000000  0.008960
 87.000000  0.007495
 88.000000  0.009253
 89.000000  0.007495
 90.000000  0.009033
 91.000000  0.007568
 92.000000  0.008838
 93.000000  0.007446
 94.000000  0.008984
 95.000000  0.007519
 96.000000  0.008936
 97.000000  0.007397
 98.000000  0.009180
 99.000000  0.007617
 100.000000  0.009033
 101.000000  0.009887
 102.000000  0.008813
 103.000000  0.009961
 104.000000  0.008936
 105.000000  0.007446
 106.000000  0.009302
 107.000000  0.007519
 108.000000  0.009277
 109.000000  0.010034
 110.000000  0.009228
 111.000000  0.007519
 112.000000  0.008911
 113.000000  0.007495
 114.000000  0.008887
 115.000000  0.007568
 116.000000  0.009009
 117.000000  0.007544
 118.000000  0.009228
 119.000000  0.007422
 120.000000  0.009375
 121.000000  0.007519
 122.000000  0.009204
 123.000000  0.007568
 124.000000  0.009180
 125.000000  0.007495
 126.000000  0.009155
 127.000000  0.009814
 128.000000  0.008862
 129.000000  0.007495
 130.000000  0.009302
 131.000000  0.009912
 132.000000  0.008984
 133.000000  0.007495
 134.000000  0.009131
 135.000000  0.009912
 136.000000  0.009180
 137.000000  0.007519
 138.000000  0.009033
 139.000000  0.007397
 140.000000  0.009228
 141.000000  0.007519
 142.000000  0.009228
 143.000000  0.007666
 144.000000  0.009058
 145.000000  0.009985
 146.000000  0.009009
 147.000000  0.007422
 148.000000  0.009424
 149.000000  0.009912
 150.000000  0.008862
 151.000000  0.007397
 152.000000  0.009058
 153.000000  0.007568
 154.000000  0.009302
 155.000000  0.007544
 156.000000  0.008936
 157.000000  0.009838
 158.000000  0.009131
 159.000000  0.007666
 160.000000  0.009253
 161.000000  0.007495
 162.000000  0.008765
 163.000000  0.007568
 164.000000  0.008838
 165.000000  0.007373
 166.000000  0.008911
 167.000000  0.007519
 168.000000  0.009058
 169.000000  0.009912
 170.000000  0.008936
 171.000000  0.007422
 172.000000  0.008740
 173.000000  0.007568
 174.000000  0.009082
 175.000000  0.007446
 176.000000  0.008740
 177.000000  0.007519
 178.000000  0.009106
 179.000000  0.009912
 180.000000  0.008960
 181.000000  0.007519
 182.000000  0.008862
 183.000000  0.007519
 184.000000  0.009033
 185.000000  0.007690
 186.000000  0.009180
 187.000000  0.007495
 188.000000  0.008984
 189.000000  0.007471
 190.000000  0.008960
 191.000000  0.007422
 192.000000  0.008862
 193.000000  0.007617
 194.000000  0.008911
 195.000000  0.007446
 196.000000  0.011474
 197.000000  0.007519
 198.000000  0.008936
 199.000000  0.009985
 200.000000  0.009033
 201.000000  0.009838
 202.000000  0.008936
 203.000000  0.007568
 204.000000  0.009058
 205.000000  0.007471
 206.000000  0.008887
 207.000000  0.007519
 208.000000  0.008960
 209.000000  0.009985
 210.000000  0.009326
 211.000000  0.007471
 212.000000  0.008569
 213.000000  0.009936
 214.000000  0.009180
 215.000000  0.007422
 216.000000  0.008936
 217.000000  0.007397
 218.000000  0.008936
 219.000000  0.009961
 220.000000  0.008838
 221.000000  0.007446
 222.000000  0.008887
 223.000000  0.007471
 224.000000  0.009082
 225.000000  0.007422
 226.000000  0.008960
 227.000000  0.009863
 228.000000  0.009058
 229.000000  0.009936
 230.000000  0.009326
 231.000000  0.007446
 232.000000  0.009131
 233.000000  0.009936
 234.000000  0.009180
 235.000000  0.007666
 236.000000  0.009009
 237.000000  0.007495
 238.000000  0.008838
 239.000000  0.009887
 240.000000  0.009106
 241.000000  0.007422
 242.000000  0.008936
 243.000000  0.009985
 244.000000  0.008691
 245.000000  0.007519
 246.000000  0.009277
 247.000000  0.007568
 248.000000  0.009131
 249.000000  0.007495
 250.000000  0.008984
 251.000000  0.007519
 252.000000  0.009131
 253.000000  0.007471
 254.000000  0.008838
 255.000000  0.009912
 256.000000  0.009058
 257.000000  0.007519
 258.000000  0.008984
 259.000000  0.007495
 260.000000  0.009302
 261.000000  0.007446
 262.000000  0.008643
 263.000000  0.009863
 264.000000  0.008862
 265.000000  0.009936
 266.000000  0.008984
 267.000000  0.009863
 268.000000  0.008911
 269.000000  0.009912
 270.000000  0.009033
 271.000000  0.007568
 272.000000  0.008838
 273.000000  0.007446
 274.000000  0.009204
 275.000000  0.009887
 276.000000  0.009009
 277.000000  0.009838
 278.000000  0.009302
 279.000000  0.007715
 280.000000  0.009399
 281.000000  0.009961
 282.000000  0.009228
 283.000000  0.009863
 284.000000  0.009058
 285.000000  0.007471
 286.000000  0.008960
 287.000000  0.007617
 288.000000  0.009058
 289.000000  0.009912
 290.000000  0.009204
 291.000000  0.007422
 292.000000  0.009375
 293.000000  0.007519
 294.000000  0.009253
 295.000000  0.009838
 296.000000  0.009106
 297.000000  0.010058
 298.000000  0.009180
 299.000000  0.009985
 300.000000  0.008984
 301.000000  0.007495
 302.000000  0.009228
 303.000000  0.009985
 304.000000  0.009473
 305.000000  0.007666
 306.000000  0.009277
 307.000000  0.009912
 308.000000  0.009326
 309.000000  0.009887
 310.000000  0.009302
 311.000000  0.007666
 312.000000  0.009277
 313.000000  0.007715
 314.000000  0.009424
 315.000000  0.009985
 316.000000  0.009204
 317.000000  0.007642
 318.000000  0.009277
 319.000000  0.007519
 320.000000  0.009302
 321.000000  0.010034
 322.000000  0.009277
 323.000000  0.010034
 324.000000  0.009155
 325.000000  0.007544
 326.000000  0.009009
 327.000000  0.007568
 328.000000  0.009204
 329.000000  0.010180
 330.000000  0.009448
 331.000000  0.010205
 332.000000  0.009277
 333.000000  0.010107
 334.000000  0.009082
 335.000000  0.010180
 336.000000  0.009155
 337.000000  0.007495
 338.000000  0.009253
 339.000000  0.007544
 340.000000  0.009204
 341.000000  0.010327
 342.000000  0.011669
 343.000000  0.010180
 344.000000  0.009399
 345.000000  0.010107
 346.000000  0.009424
 347.000000  0.007568
 348.000000  0.009277
 349.000000  0.010009
 350.000000  0.009399
 351.000000  0.010009
 352.000000  0.009253
 353.000000  0.010205
 354.000000  0.009155
 355.000000  0.007764
 356.000000  0.009204
 357.000000  0.007715
 358.000000  0.009424
 359.000000  0.010009
 360.000000  0.009497
 361.000000  0.007617
 362.000000  0.009521
 363.000000  0.010327
 364.000000  0.009351
 365.000000  0.007739
 366.000000  0.009326
 367.000000  0.007642
 368.000000  0.009546
 369.000000  0.008008
 370.000000  0.009326
 371.000000  0.010156
 372.000000  0.009277
 373.000000  0.010083
 374.000000  0.009473
 375.000000  0.010229
 376.000000  0.009473
 377.000000  0.007568
 378.000000  0.009473
 379.000000  0.007935
 380.000000  0.009521
 381.000000  0.010302
 382.000000  0.009399
 383.000000  0.008105
 384.000000  0.009521
 385.000000  0.008252
 386.000000  0.009399
 387.000000  0.010107
 388.000000  0.009131
 389.000000  0.010034
 390.000000  0.009619
 391.000000  0.010424
 392.000000  0.009424
 393.000000  0.007764
 394.000000  0.009375
 395.000000  0.007861
 396.000000  0.009473
 397.000000  0.007764
 398.000000  0.009595
 399.000000  0.007642
 400.000000  0.009546
 401.000000  0.010400
 402.000000  0.009448
 403.000000  0.008301
 404.000000  0.009473
 405.000000  0.007764
 406.000000  0.009277
 407.000000  0.008154
 408.000000  0.009521
 409.000000  0.010473
 410.000000  0.009644
 411.000000  0.010473
 412.000000  0.009741
 413.000000  0.008032
 414.000000  0.009570
 415.000000  0.010351
 416.000000  0.009668
 417.000000  0.008032
 418.000000  0.009546
 419.000000  0.008350
 420.000000  0.009668
 421.000000  0.007861
 422.000000  0.009546
 423.000000  0.007764
 424.000000  0.009424
 425.000000  0.010058
 426.000000  0.009595
 427.000000  0.010571
 428.000000  0.009595
 429.000000  0.010424
 430.000000  0.009692
 431.000000  0.010302
 432.000000  0.009717
 433.000000  0.007983
 434.000000  0.009644
 435.000000  0.010571
 436.000000  0.009692
 437.000000  0.010424
 438.000000  0.009497
 439.000000  0.010424
 440.000000  0.009546
 441.000000  0.010522
 442.000000  0.009644
 443.000000  0.010376
 444.000000  0.009692
 445.000000  0.010693
 446.000000  0.009717
 447.000000  0.008105
 448.000000  0.009595
 449.000000  0.010937
 450.000000  0.009546
 451.000000  0.010498
 452.000000  0.009595
 453.000000  0.010571
 454.000000  0.009692
 455.000000  0.010937
 456.000000  0.009741
 457.000000  0.010571
 458.000000  0.009668
 459.000000  0.010644
 460.000000  0.009692
 461.000000  0.010888
 462.000000  0.009595
 463.000000  0.010571
 464.000000  0.009741
 465.000000  0.010986
 466.000000  0.009766
 467.000000  0.008496
 468.000000  0.009644
 469.000000  0.008472
 470.000000  0.009717
 471.000000  0.011059
 472.000000  0.009668
 473.000000  0.008350
 474.000000  0.009741
 475.000000  0.010937
 476.000000  0.009741
 477.000000  0.008325
 478.000000  0.009741
 479.000000  0.010913
 480.000000  0.009644
 481.000000  0.010913
 482.000000  0.009717
 483.000000  0.008594
 484.000000  0.009595
 485.000000  0.011303
 486.000000  0.009595
 487.000000  0.008374
 488.000000  0.009570
 489.000000  0.008911
 490.000000  0.009692
 491.000000  0.010864
 492.000000  0.009692
 493.000000  0.010888
 494.000000  0.009692
 495.000000  0.011132
 496.000000  0.009741
 497.000000  0.009009
 498.000000  0.009717
 499.000000  0.010986
 500.000000  0.009717
 501.000000  0.011401
 502.000000  0.009692
 503.000000  0.011181
 504.000000  0.009741
 505.000000  0.011352
 506.000000  0.009741
 507.000000  0.008862
 508.000000  0.009741
 509.000000  0.008716
 510.000000  0.009692
 511.000000  0.010888
 512.000000  0.009692
 513.000000  0.008813
 514.000000  0.009668
 515.000000  0.008691
 516.000000  0.009717
 517.000000  0.009277
 518.000000  0.009741
 519.000000  0.009058
 520.000000  0.009717
 521.000000  0.009009
 522.000000  0.009717
 523.000000  0.011181
 524.000000  0.009668
 525.000000  0.011572
 526.000000  0.009766
 527.000000  0.011328
 528.000000  0.009766
 529.000000  0.011645
 530.000000  0.009741
 531.000000  0.011743
 532.000000  0.009766
 533.000000  0.009595
 534.000000  0.009790
 535.000000  0.009448
 536.000000  0.009766
 537.000000  0.011962
 538.000000  0.009766
 539.000000  0.011816
 540.000000  0.009741
 541.000000  0.009424
 542.000000  0.009790
 543.000000  0.009668
 544.000000  0.009766
 545.000000  0.009619
 546.000000  0.009766
 547.000000  0.012133
 548.000000  0.009790
 549.000000  0.012158
 550.000000  0.009814
 551.000000  0.012109
 552.000000  0.009790
 553.000000  0.009790
 554.000000  0.009912
 555.000000  0.009790
 556.000000  0.010229
 557.000000  0.012329
 558.000000  0.011060
 559.000000  0.012500
 560.000000  0.011011
 561.000000  0.010107
 562.000000  0.011426
 563.000000  0.013330
 564.000000  0.011865
 565.000000  0.014013
 566.000000  0.012012
 567.000000  0.014086
 568.000000  0.012451
 569.000000  0.014697
 570.000000  0.013428
 571.000000  0.015429
 572.000000  0.013769
 573.000000  0.016235
 574.000000  0.015723
 575.000000  0.018505
 576.000000  0.018921
 577.000000  0.023461
 578.000000  0.026709
 579.000000  0.037695
 580.000000  0.058105
 581.000000  0.123047
 582.000000  0.240356
 583.000000  0.312231
 584.000000  0.308179
 585.000000  0.229028
 586.000000  0.115771
 587.000000  0.055688
 588.000000  0.036987
 589.000000  0.027100
 590.000000  0.021558
 591.000000  0.019213
 592.000000  0.015234
 593.000000  0.013208
 594.000000  0.013184
 595.000000  0.014599
 596.000000  0.012256
 597.000000  0.013427
 598.000000  0.011230
 599.000000  0.012304
 600.000000  0.009912
 601.000000  0.012255
 602.000000  0.010034
 603.000000  0.012207
 604.000000  0.010229
 605.000000  0.012255
 606.000000  0.009863
 607.000000  0.012207
 608.000000  0.010010
 609.000000  0.012158
 610.000000  0.009814
 611.000000  0.012182
 612.000000  0.012304
 613.000000  0.012207
 614.000000  0.012255
 615.000000  0.012182
 616.000000  0.009790
 617.000000  0.009692
 618.000000  0.009766
 619.000000  0.011987
 620.000000  0.009766
 621.000000  0.011987
 622.000000  0.009766
 623.000000  0.012011
 624.000000  0.012207
 625.000000  0.011914
 626.000000  0.009766
 627.000000  0.012011
 628.000000  0.009790
 629.000000  0.012158
 630.000000  0.009790
 631.000000  0.012011
 632.000000  0.009839
 633.000000  0.012182
 634.000000  0.009717
 635.000000  0.012133
 636.000000  0.009814
 637.000000  0.009619
 638.000000  0.009741
 639.000000  0.011914
 640.000000  0.009790
 641.000000  0.011962
 642.000000  0.009766
 643.000000  0.009668
 644.000000  0.012231
 645.000000  0.011938
 646.000000  0.012207
 647.000000  0.012085
 648.000000  0.009766
 649.000000  0.009497
 650.000000  0.009766
 651.000000  0.009644
 652.000000  0.009766
 653.000000  0.009668
 654.000000  0.009790
 655.000000  0.011962
 656.000000  0.009790
 657.000000  0.011987
 658.000000  0.009790
 659.000000  0.009595
 660.000000  0.009766
 661.000000  0.011865
 662.000000  0.009741
 663.000000  0.011865
 664.000000  0.012207
 665.000000  0.012158
 666.000000  0.012207
 667.000000  0.011889
 668.000000  0.009766
 669.000000  0.009644
 670.000000  0.009790
 671.000000  0.009619
 672.000000  0.009814
 673.000000  0.012158
 674.000000  0.012231
 675.000000  0.011816
 676.000000  0.009766
 677.000000  0.011987
 678.000000  0.009717
 679.000000  0.012011
 680.000000  0.009839
 681.000000  0.009302
 682.000000  0.009741
 683.000000  0.011816
 684.000000  0.009790
 685.000000  0.011938
 686.000000  0.009766
 687.000000  0.009546
 688.000000  0.012207
 689.000000  0.009375
 690.000000  0.012231
 691.000000  0.011743
 692.000000  0.009766
 693.000000  0.011474
 694.000000  0.009717
 695.000000  0.011523
 696.000000  0.012231
 697.000000  0.011865
 698.000000  0.009766
 699.000000  0.011840
 700.000000  0.009717
 701.000000  0.009473
 702.000000  0.009741
 703.000000  0.009253
 704.000000  0.012207
 705.000000  0.011474
 706.000000  0.009741
 707.000000  0.009424
 708.000000  0.009741
 709.000000  0.011547
 710.000000  0.009766
 711.000000  0.012036
 712.000000  0.009717
 713.000000  0.012036
 714.000000  0.009766
 715.000000  0.012036
 716.000000  0.009790
 717.000000  0.011865
 718.000000  0.009717
 719.000000  0.011621
 720.000000  0.009790
 721.000000  0.011914
 722.000000  0.009766
 723.000000  0.011743
 724.000000  0.009790
 725.000000  0.011914
 726.000000  0.009766
 727.000000  0.011743
 728.000000  0.009741
 729.000000  0.009424
 730.000000  0.009741
 731.000000  0.012133
 732.000000  0.009766
 733.000000  0.011914
 734.000000  0.012280
 735.000000  0.012011
 736.000000  0.009692
 737.000000  0.011792
 738.000000  0.009741
 739.000000  0.011743
 740.000000  0.009741
 741.000000  0.012060
 742.000000  0.009741
 743.000000  0.009399
 744.000000  0.009766
 745.000000  0.012158
 746.000000  0.009766
 747.000000  0.009424
 748.000000  0.009766
 749.000000  0.011816
 750.000000  0.009790
 751.000000  0.012085
 752.000000  0.012182
 753.000000  0.011962
 754.000000  0.009790
 755.000000  0.012036
 756.000000  0.009790
 757.000000  0.012060
 758.000000  0.009741
 759.000000  0.009546
 760.000000  0.009790
 761.000000  0.012158
 762.000000  0.009814
 763.000000  0.011889
 764.000000  0.009741
 765.000000  0.011572
 766.000000  0.009766
 767.000000  0.009375
 768.000000  0.009741
 769.000000  0.011767
 770.000000  0.009741
 771.000000  0.011572
 772.000000  0.009741
 773.000000  0.011743
 774.000000  0.012207
 775.000000  0.011914
 776.000000  0.012231
 777.000000  0.011914
 778.000000  0.009766
 779.000000  0.009131
 780.000000  0.009790
 781.000000  0.009473
 782.000000  0.012207
 783.000000  0.011865
 784.000000  0.009692
 785.000000  0.011792
 786.000000  0.009790
 787.000000  0.011669
 788.000000  0.012158
 789.000000  0.011572
 790.000000  0.009741
 791.000000  0.011450
 792.000000  0.009717
 793.000000  0.011499
 794.000000  0.009717
 795.000000  0.011694
 796.000000  0.009766
 797.000000  0.012036
 798.000000  0.009766
 799.000000  0.011816
 800.000000  0.009766
 801.000000  0.011303
 802.000000  0.012182
 803.000000  0.011669
 804.000000  0.009741
 805.000000  0.011889
 806.000000  0.009741
 807.000000  0.011499
 808.000000  0.012182
 809.000000  0.009180
 810.000000  0.009741
 811.000000  0.009058
 812.000000  0.009717
 813.000000  0.009424
 814.000000  0.009741
 815.000000  0.011596
 816.000000  0.009741
 817.000000  0.011962
 818.000000  0.009814
 819.000000  0.011792
 820.000000  0.009717
 821.000000  0.011572
 822.000000  0.009766
 823.000000  0.011816
 824.000000  0.012207
 825.000000  0.011840
 826.000000  0.009692
 827.000000  0.010986
 828.000000  0.009717
 829.000000  0.011523
 830.000000  0.009644
 831.000000  0.011694
 832.000000  0.009741
 833.000000  0.011694
 834.000000  0.009766
 835.000000  0.011450
 836.000000  0.012182
 837.000000  0.011450
 838.000000  0.009766
 839.000000  0.011450
 840.000000  0.009741
 841.000000  0.011621
 842.000000  0.012182
 843.000000  0.012011
 844.000000  0.009741
 845.000000  0.009253
 846.000000  0.012133
 847.000000  0.011645
 848.000000  0.009619
 849.000000  0.011767
 850.000000  0.009717
 851.000000  0.011474
 852.000000  0.009741
 853.000000  0.009326
 854.000000  0.012182
 855.000000  0.011596
 856.000000  0.009692
 857.000000  0.009326
 858.000000  0.009790
 859.000000  0.009497
 860.000000  0.012207
 861.000000  0.011547
 862.000000  0.009790
 863.000000  0.009351
 864.000000  0.009790
 865.000000  0.011938
 866.000000  0.012182
 867.000000  0.009521
 868.000000  0.009766
 869.000000  0.011474
 870.000000  0.009741
 871.000000  0.012133
 872.000000  0.009790
 873.000000  0.011840
 874.000000  0.009717
 875.000000  0.011425
 876.000000  0.009717
 877.000000  0.009326
 878.000000  0.009741
 879.000000  0.009253
 880.000000  0.009717
 881.000000  0.011914
 882.000000  0.009766
 883.000000  0.011865
 884.000000  0.009790
 885.000000  0.011621
 886.000000  0.009790
 887.000000  0.009204
 888.000000  0.009814
 889.000000  0.011523
 890.000000  0.009692
 891.000000  0.011425
 892.000000  0.009814
 893.000000  0.011816
 894.000000  0.009741
 895.000000  0.011474
 896.000000  0.009741
 897.000000  0.011987
 898.000000  0.009790
 899.000000  0.011645
 900.000000  0.009766
 901.000000  0.011547
 902.000000  0.012207
 903.000000  0.011694
 904.000000  0.009741
 905.000000  0.012011
 906.000000  0.012207
 907.000000  0.011718
 908.000000  0.012158
 909.000000  0.011694
 910.000000  0.009766
 911.000000  0.011572
 912.000000  0.009741
 913.000000  0.011035
 914.000000  0.009717
 915.000000  0.011621
 916.000000  0.009766
 917.000000  0.011572
 918.000000  0.012182
 919.000000  0.011792
 920.000000  0.012182
 921.000000  0.011450
 922.000000  0.009741
 923.000000  0.011254
 924.000000  0.009766
 925.000000  0.011816
 926.000000  0.009741
 927.000000  0.011450
 928.000000  0.009790
 929.000000  0.012085
 930.000000  0.009766
 931.000000  0.012158
 932.000000  0.009766
 933.000000  0.011914
 934.000000  0.009741
 935.000000  0.011792
 936.000000  0.009741
 937.000000  0.011792
 938.000000  0.009741
 939.000000  0.011181
 940.000000  0.009790
 941.000000  0.011718
 942.000000  0.009741
 943.000000  0.011792
 944.000000  0.009741
 945.000000  0.009180
 946.000000  0.012231
 947.000000  0.011987
 948.000000  0.009766
 949.000000  0.011889
 950.000000  0.012207
 951.000000  0.011767
 952.000000  0.009717
 953.000000  0.012036
 954.000000  0.009741
 955.000000  0.011743
 956.000000  0.009790
 957.000000  0.011328
 958.000000  0.009692
 959.000000  0.009302
 960.000000  0.009741
 961.000000  0.009106
 962.000000  0.012182
 963.000000  0.009082
 964.000000  0.009644
 965.000000  0.011645
 966.000000  0.009717
 967.000000  0.011377
 968.000000  0.009692
 969.000000  0.011767
 970.000000  0.012255
 971.000000  0.011499
 972.000000  0.009766
 973.000000  0.011865
 974.000000  0.009717
 975.000000  0.011914
 976.000000  0.009717
 977.000000  0.011279
 978.000000  0.009814
 979.000000  0.011010
 980.000000  0.009741
 981.000000  0.011669
 982.000000  0.009766
 983.000000  0.009228
 984.000000  0.009692
 985.000000  0.011743
 986.000000  0.009717
 987.000000  0.011425
 988.000000  0.012158
 989.000000  0.011621
 990.000000  0.009741
 991.000000  0.011499
 992.000000  0.009790
 993.000000  0.011938
 994.000000  0.009741
 995.000000  0.011938
 996.000000  0.009790
 997.000000  0.011938
 998.000000  0.012207
 999.000000  0.011596
 1000.000000  0.012085
 1001.000000  0.011572
 1002.000000  0.009668
 1003.000000  0.011279
 1004.000000  0.009619
 1005.000000  0.011425
 1006.000000  0.009741
 1007.000000  0.011352
 1008.000000  0.009741
 1009.000000  0.011279
 1010.000000  0.009692
 1011.000000  0.011230
 1012.000000  0.009717
 1013.000000  0.011499
 1014.000000  0.009668
 1015.000000  0.011108
 1016.000000  0.009595
 1017.000000  0.011328
 1018.000000  0.009741
 1019.000000  0.011401
 1020.000000  0.009717
 1021.000000  0.010791
 1022.000000  0.009717
 1023.000000  0.011792
