 0.000000  0.008179
 1.000000  0.007373
 2.000000  0.007935
 3.000000  0.007397
 4.000000  0.008447
 5.000000  0.007349
 6.000000  0.008472
 7.000000  0.007349
 8.000000  0.008081
 9.000000  0.007349
 10.000000  0.008398
 11.000000  0.007349
 12.000000  0.008545
 13.000000  0.007397
 14.000000  0.008276
 15.000000  0.007397
 16.000000  0.008447
 17.000000  0.007373
 18.000000  0.008594
 19.000000  0.007349
 20.000000  0.007983
 21.000000  0.007373
 22.000000  0.008325
 23.000000  0.007446
 24.000000  0.008569
 25.000000  0.007349
 26.000000  0.008838
 27.000000  0.009814
 28.000000  0.008496
 29.000000  0.007422
 30.000000  0.008350
 31.000000  0.007349
 32.000000  0.008325
 33.000000  0.007324
 34.000000  0.008472
 35.000000  0.007446
 36.000000  0.008350
 37.000000  0.007373
 38.000000  0.008423
 39.000000  0.009838
 40.000000  0.008350
 41.000000  0.007324
 42.000000  0.008496
 43.000000  0.007373
 44.000000  0.008398
 45.000000  0.007397
 46.000000  0.008496
 47.000000  0.007397
 48.000000  0.008350
 49.000000  0.007373
 50.000000  0.008179
 51.000000  0.007397
 52.000000  0.008130
 53.000000  0.007349
 54.000000  0.008350
 55.000000  0.007373
 56.000000  0.008398
 57.000000  0.007373
 58.000000  0.008813
 59.000000  0.009814
 60.000000  0.008520
 61.000000  0.009790
 62.000000  0.008154
 63.000000  0.007324
 64.000000  0.008227
 65.000000  0.007349
 66.000000  0.008154
 67.000000  0.009887
 68.000000  0.008203
 69.000000  0.007324
 70.000000  0.008179
 71.000000  0.007349
 72.000000  0.008203
 73.000000  0.007422
 74.000000  0.008032
 75.000000  0.007349
 76.000000  0.008374
 77.000000  0.007373
 78.000000  0.008301
 79.000000  0.007349
 80.000000  0.008594
 81.000000  0.007373
 82.000000  0.007959
 83.000000  0.007324
 84.000000  0.008081
 85.000000  0.007349
 86.000000  0.008350
 87.000000  0.007397
 88.000000  0.008374
 89.000000  0.007397
 90.000000  0.008276
 91.000000  0.007446
 92.000000  0.008154
 93.000000  0.007349
 94.000000  0.008032
 95.000000  0.007422
 96.000000  0.008203
 97.000000  0.007422
 98.000000  0.008301
 99.000000  0.007275
 100.000000  0.008520
 101.000000  0.009814
 102.000000  0.008105
 103.000000  0.009863
 104.000000  0.008227
 105.000000  0.007422
 106.000000  0.008496
 107.000000  0.007349
 108.000000  0.008325
 109.000000  0.009887
 110.000000  0.008350
 111.000000  0.007373
 112.000000  0.007983
 113.000000  0.007349
 114.000000  0.008252
 115.000000  0.007373
 116.000000  0.008227
 117.000000  0.007397
 118.000000  0.008325
 119.000000  0.007324
 120.000000  0.008203
 121.000000  0.007324
 122.000000  0.008301
 123.000000  0.007373
 124.000000  0.008179
 125.000000  0.007349
 126.000000  0.008423
 127.000000  0.009814
 128.000000  0.008057
 129.000000  0.007373
 130.000000  0.008203
 131.000000  0.009790
 132.000000  0.008179
 133.000000  0.007349
 134.000000  0.008472
 135.000000  0.009741
 136.000000  0.008350
 137.000000  0.007349
 138.000000  0.008227
 139.000000  0.007397
 140.000000  0.008472
 141.000000  0.007373
 142.000000  0.008350
 143.000000  0.007397
 144.000000  0.008154
 145.000000  0.009814
 146.000000  0.008130
 147.000000  0.007349
 148.000000  0.008130
 149.000000  0.009814
 150.000000  0.008301
 151.000000  0.007324
 152.000000  0.008203
 153.000000  0.007373
 154.000000  0.008252
 155.000000  0.007373
 156.000000  0.008154
 157.000000  0.009814
 158.000000  0.008203
 159.000000  0.007373
 160.000000  0.008130
 161.000000  0.007422
 162.000000  0.008130
 163.000000  0.007349
 164.000000  0.008057
 165.000000  0.007349
 166.000000  0.007935
 167.000000  0.007397
 168.000000  0.008130
 169.000000  0.009814
 170.000000  0.008105
 171.000000  0.007349
 172.000000  0.007959
 173.000000  0.007397
 174.000000  0.008105
 175.000000  0.007397
 176.000000  0.008105
 177.000000  0.007300
 178.000000  0.008057
 179.000000  0.009765
 180.000000  0.007812
 181.000000  0.007373
 182.000000  0.007935
 183.000000  0.007373
 184.000000  0.007935
 185.000000  0.007373
 186.000000  0.008032
 187.000000  0.007397
 188.000000  0.008057
 189.000000  0.007373
 190.000000  0.007959
 191.000000  0.007397
 192.000000  0.007910
 193.000000  0.007349
 194.000000  0.007959
 195.000000  0.007397
 196.000000  0.010473
 197.000000  0.007324
 198.000000  0.007764
 199.000000  0.009790
 200.000000  0.007910
 201.000000  0.009790
 202.000000  0.008154
 203.000000  0.007324
 204.000000  0.007959
 205.000000  0.007349
 206.000000  0.007837
 207.000000  0.007349
 208.000000  0.007959
 209.000000  0.009790
 210.000000  0.008032
 211.000000  0.007324
 212.000000  0.008032
 213.000000  0.009790
 214.000000  0.007837
 215.000000  0.007349
 216.000000  0.007935
 217.000000  0.007324
 218.000000  0.007861
 219.000000  0.009814
 220.000000  0.008032
 221.000000  0.007373
 222.000000  0.007666
 223.000000  0.007373
 224.000000  0.007812
 225.000000  0.007349
 226.000000  0.008057
 227.000000  0.009790
 228.000000  0.008398
 229.000000  0.009790
 230.000000  0.008301
 231.000000  0.007349
 232.000000  0.008008
 233.000000  0.009814
 234.000000  0.007935
 235.000000  0.007324
 236.000000  0.007910
 237.000000  0.007373
 238.000000  0.007837
 239.000000  0.009790
 240.000000  0.008105
 241.000000  0.007373
 242.000000  0.008227
 243.000000  0.009765
 244.000000  0.007764
 245.000000  0.007324
 246.000000  0.007935
 247.000000  0.007349
 248.000000  0.008130
 249.000000  0.007349
 250.000000  0.007666
 251.000000  0.007324
 252.000000  0.008130
 253.000000  0.007349
 254.000000  0.007788
 255.000000  0.009814
 256.000000  0.007983
 257.000000  0.007349
 258.000000  0.007837
 259.000000  0.007324
 260.000000  0.008057
 261.000000  0.007373
 262.000000  0.007666
 263.000000  0.009765
 264.000000  0.007690
 265.000000  0.009790
 266.000000  0.007764
 267.000000  0.009765
 268.000000  0.007739
 269.000000  0.009790
 270.000000  0.007935
 271.000000  0.007300
 272.000000  0.007959
 273.000000  0.007349
 274.000000  0.007959
 275.000000  0.009790
 276.000000  0.007812
 277.000000  0.009790
 278.000000  0.008057
 279.000000  0.007349
 280.000000  0.008252
 281.000000  0.009790
 282.000000  0.007788
 283.000000  0.009814
 284.000000  0.007739
 285.000000  0.007300
 286.000000  0.007690
 287.000000  0.007373
 288.000000  0.007959
 289.000000  0.009814
 290.000000  0.007812
 291.000000  0.007324
 292.000000  0.007959
 293.000000  0.007349
 294.000000  0.008032
 295.000000  0.009790
 296.000000  0.008081
 297.000000  0.009790
 298.000000  0.008105
 299.000000  0.009716
 300.000000  0.007788
 301.000000  0.007397
 302.000000  0.008032
 303.000000  0.009765
 304.000000  0.008081
 305.000000  0.007373
 306.000000  0.008154
 307.000000  0.009741
 308.000000  0.008203
 309.000000  0.009790
 310.000000  0.008227
 311.000000  0.007324
 312.000000  0.008130
 313.000000  0.007373
 314.000000  0.007935
 315.000000  0.009790
 316.000000  0.008081
 317.000000  0.007324
 318.000000  0.007983
 319.000000  0.007349
 320.000000  0.008057
 321.000000  0.009765
 322.000000  0.008057
 323.000000  0.009814
 324.000000  0.007959
 325.000000  0.007324
 326.000000  0.007812
 327.000000  0.007324
 328.000000  0.007812
 329.000000  0.009765
 330.000000  0.007983
 331.000000  0.009741
 332.000000  0.008179
 333.000000  0.009814
 334.000000  0.008057
 335.000000  0.009814
 336.000000  0.007983
 337.000000  0.007349
 338.000000  0.008130
 339.000000  0.007349
 340.000000  0.007983
 341.000000  0.009814
 342.000000  0.010327
 343.000000  0.009790
 344.000000  0.008032
 345.000000  0.009814
 346.000000  0.008057
 347.000000  0.007397
 348.000000  0.007739
 349.000000  0.009790
 350.000000  0.008154
 351.000000  0.009790
 352.000000  0.007959
 353.000000  0.009790
 354.000000  0.008008
 355.000000  0.007324
 356.000000  0.007642
 357.000000  0.007349
 358.000000  0.008008
 359.000000  0.009741
 360.000000  0.008496
 361.000000  0.007373
 362.000000  0.007935
 363.000000  0.009790
 364.000000  0.007812
 365.000000  0.007324
 366.000000  0.008276
 367.000000  0.007349
 368.000000  0.007983
 369.000000  0.007397
 370.000000  0.008154
 371.000000  0.009790
 372.000000  0.008057
 373.000000  0.009790
 374.000000  0.008008
 375.000000  0.009790
 376.000000  0.007910
 377.000000  0.007324
 378.000000  0.008301
 379.000000  0.007422
 380.000000  0.008130
 381.000000  0.009790
 382.000000  0.008130
 383.000000  0.007324
 384.000000  0.008350
 385.000000  0.007349
 386.000000  0.008374
 387.000000  0.009765
 388.000000  0.007886
 389.000000  0.009814
 390.000000  0.008423
 391.000000  0.009814
 392.000000  0.008008
 393.000000  0.007324
 394.000000  0.008301
 395.000000  0.007397
 396.000000  0.008301
 397.000000  0.007349
 398.000000  0.007983
 399.000000  0.007373
 400.000000  0.008105
 401.000000  0.009765
 402.000000  0.008179
 403.000000  0.007422
 404.000000  0.007959
 405.000000  0.007349
 406.000000  0.008105
 407.000000  0.007349
 408.000000  0.008227
 409.000000  0.009765
 410.000000  0.008301
 411.000000  0.009814
 412.000000  0.008325
 413.000000  0.007397
 414.000000  0.008301
 415.000000  0.009814
 416.000000  0.008081
 417.000000  0.007422
 418.000000  0.008130
 419.000000  0.007422
 420.000000  0.008203
 421.000000  0.007349
 422.000000  0.008105
 423.000000  0.007349
 424.000000  0.008057
 425.000000  0.009765
 426.000000  0.008032
 427.000000  0.009790
 428.000000  0.008423
 429.000000  0.009765
 430.000000  0.008350
 431.000000  0.009790
 432.000000  0.008081
 433.000000  0.007349
 434.000000  0.007861
 435.000000  0.009790
 436.000000  0.008008
 437.000000  0.009790
 438.000000  0.008057
 439.000000  0.009790
 440.000000  0.008081
 441.000000  0.009741
 442.000000  0.008374
 443.000000  0.009838
 444.000000  0.008325
 445.000000  0.009814
 446.000000  0.008276
 447.000000  0.007422
 448.000000  0.008203
 449.000000  0.009814
 450.000000  0.008105
 451.000000  0.009765
 452.000000  0.007983
 453.000000  0.009790
 454.000000  0.008227
 455.000000  0.009912
 456.000000  0.008105
 457.000000  0.009765
 458.000000  0.008130
 459.000000  0.009814
 460.000000  0.008545
 461.000000  0.009765
 462.000000  0.008203
 463.000000  0.009814
 464.000000  0.008350
 465.000000  0.009838
 466.000000  0.008813
 467.000000  0.007349
 468.000000  0.008447
 469.000000  0.007373
 470.000000  0.008350
 471.000000  0.009838
 472.000000  0.008496
 473.000000  0.007422
 474.000000  0.008496
 475.000000  0.009814
 476.000000  0.008545
 477.000000  0.007422
 478.000000  0.008179
 479.000000  0.009765
 480.000000  0.008545
 481.000000  0.009814
 482.000000  0.008643
 483.000000  0.007397
 484.000000  0.008154
 485.000000  0.009961
 486.000000  0.008325
 487.000000  0.007373
 488.000000  0.008301
 489.000000  0.007397
 490.000000  0.008472
 491.000000  0.009765
 492.000000  0.008398
 493.000000  0.009838
 494.000000  0.008472
 495.000000  0.009863
 496.000000  0.008325
 497.000000  0.007373
 498.000000  0.008350
 499.000000  0.009863
 500.000000  0.008423
 501.000000  0.009838
 502.000000  0.008472
 503.000000  0.009838
 504.000000  0.008374
 505.000000  0.009790
 506.000000  0.008594
 507.000000  0.007422
 508.000000  0.008862
 509.000000  0.007446
 510.000000  0.008716
 511.000000  0.009790
 512.000000  0.008350
 513.000000  0.007373
 514.000000  0.008520
 515.000000  0.007422
 516.000000  0.008447
 517.000000  0.007422
 518.000000  0.008887
 519.000000  0.007397
 520.000000  0.009009
 521.000000  0.007373
 522.000000  0.008520
 523.000000  0.009863
 524.000000  0.008643
 525.000000  0.009863
 526.000000  0.008984
 527.000000  0.009838
 528.000000  0.008740
 529.000000  0.009985
 530.000000  0.009399
 531.000000  0.009936
 532.000000  0.009155
 533.000000  0.007910
 534.000000  0.009399
 535.000000  0.007617
 536.000000  0.009302
 537.000000  0.010083
 538.000000  0.009448
 539.000000  0.010083
 540.000000  0.009424
 541.000000  0.007837
 542.000000  0.009668
 543.000000  0.008252
 544.000000  0.009595
 545.000000  0.008569
 546.000000  0.009766
 547.000000  0.011108
 548.000000  0.009741
 549.000000  0.011767
 550.000000  0.009766
 551.000000  0.012207
 552.000000  0.009888
 553.000000  0.011792
 554.000000  0.016064
 555.000000  0.016699
 556.000000  0.016724
 557.000000  0.017041
 558.000000  0.013867
 559.000000  0.015258
 560.000000  0.015234
 561.000000  0.016797
 562.000000  0.019238
 563.000000  0.022876
 564.000000  0.029370
 565.000000  0.045605
 566.000000  0.065991
 567.000000  0.107739
 568.000000  0.139722
 569.000000  0.137915
 570.000000  0.111279
 571.000000  0.063305
 572.000000  0.025024
 573.000000  0.019531
 574.000000  0.014648
 575.000000  0.014770
 576.000000  0.012061
 577.000000  0.012353
 578.000000  0.009985
 579.000000  0.012207
 580.000000  0.009790
 581.000000  0.009766
 582.000000  0.009766
 583.000000  0.011840
 584.000000  0.009766
 585.000000  0.011157
 586.000000  0.009595
 587.000000  0.010864
 588.000000  0.009692
 589.000000  0.007861
 590.000000  0.009473
 591.000000  0.010180
 592.000000  0.009326
 593.000000  0.007617
 594.000000  0.009351
 595.000000  0.010376
 596.000000  0.009619
 597.000000  0.010229
 598.000000  0.009399
 599.000000  0.009887
 600.000000  0.008667
 601.000000  0.009863
 602.000000  0.008887
 603.000000  0.009863
 604.000000  0.009375
 605.000000  0.009912
 606.000000  0.009131
 607.000000  0.009887
 608.000000  0.009082
 609.000000  0.009790
 610.000000  0.009009
 611.000000  0.009863
 612.000000  0.011303
 613.000000  0.010009
 614.000000  0.010986
 615.000000  0.009936
 616.000000  0.008813
 617.000000  0.007593
 618.000000  0.008472
 619.000000  0.009887
 620.000000  0.009106
 621.000000  0.009863
 622.000000  0.008716
 623.000000  0.009838
 624.000000  0.011059
 625.000000  0.009863
 626.000000  0.008545
 627.000000  0.009887
 628.000000  0.008569
 629.000000  0.009790
 630.000000  0.008545
 631.000000  0.009814
 632.000000  0.008691
 633.000000  0.009961
 634.000000  0.008618
 635.000000  0.009887
 636.000000  0.008398
 637.000000  0.007373
 638.000000  0.008618
 639.000000  0.009765
 640.000000  0.008740
 641.000000  0.009887
 642.000000  0.008740
 643.000000  0.007397
 644.000000  0.010913
 645.000000  0.009838
 646.000000  0.011059
 647.000000  0.009912
 648.000000  0.008496
 649.000000  0.007519
 650.000000  0.008398
 651.000000  0.007422
 652.000000  0.008887
 653.000000  0.007544
 654.000000  0.008765
 655.000000  0.009887
 656.000000  0.008569
 657.000000  0.009838
 658.000000  0.008350
 659.000000  0.007397
 660.000000  0.008643
 661.000000  0.009863
 662.000000  0.008716
 663.000000  0.009814
 664.000000  0.010620
 665.000000  0.009887
 666.000000  0.010913
 667.000000  0.009838
 668.000000  0.008203
 669.000000  0.007422
 670.000000  0.008447
 671.000000  0.007373
 672.000000  0.008740
 673.000000  0.009863
 674.000000  0.011010
 675.000000  0.009814
 676.000000  0.008691
 677.000000  0.009814
 678.000000  0.008057
 679.000000  0.009887
 680.000000  0.008276
 681.000000  0.007373
 682.000000  0.008740
 683.000000  0.009790
 684.000000  0.008496
 685.000000  0.009863
 686.000000  0.008276
 687.000000  0.007446
 688.000000  0.010986
 689.000000  0.007373
 690.000000  0.011401
 691.000000  0.009838
 692.000000  0.008643
 693.000000  0.009790
 694.000000  0.008472
 695.000000  0.009790
 696.000000  0.010400
 697.000000  0.009790
 698.000000  0.008350
 699.000000  0.009790
 700.000000  0.008276
 701.000000  0.007397
 702.000000  0.008252
 703.000000  0.007373
 704.000000  0.010937
 705.000000  0.009814
 706.000000  0.008374
 707.000000  0.007422
 708.000000  0.008398
 709.000000  0.009814
 710.000000  0.008252
 711.000000  0.009790
 712.000000  0.008472
 713.000000  0.009912
 714.000000  0.008594
 715.000000  0.009863
 716.000000  0.008496
 717.000000  0.009838
 718.000000  0.008545
 719.000000  0.009814
 720.000000  0.008472
 721.000000  0.009863
 722.000000  0.008594
 723.000000  0.009838
 724.000000  0.008569
 725.000000  0.009838
 726.000000  0.008789
 727.000000  0.009863
 728.000000  0.008374
 729.000000  0.007397
 730.000000  0.008789
 731.000000  0.009961
 732.000000  0.008325
 733.000000  0.009863
 734.000000  0.011084
 735.000000  0.009912
 736.000000  0.007910
 737.000000  0.009790
 738.000000  0.008569
 739.000000  0.009790
 740.000000  0.008569
 741.000000  0.009887
 742.000000  0.008691
 743.000000  0.007349
 744.000000  0.008301
 745.000000  0.009838
 746.000000  0.008252
 747.000000  0.007373
 748.000000  0.008447
 749.000000  0.009838
 750.000000  0.008301
 751.000000  0.009765
 752.000000  0.010913
 753.000000  0.009838
 754.000000  0.008520
 755.000000  0.009814
 756.000000  0.008618
 757.000000  0.009790
 758.000000  0.008740
 759.000000  0.007422
 760.000000  0.008447
 761.000000  0.009838
 762.000000  0.008789
 763.000000  0.009790
 764.000000  0.008423
 765.000000  0.009765
 766.000000  0.008179
 767.000000  0.007373
 768.000000  0.008179
 769.000000  0.009790
 770.000000  0.008105
 771.000000  0.009765
 772.000000  0.007983
 773.000000  0.009790
 774.000000  0.010620
 775.000000  0.009838
 776.000000  0.010791
 777.000000  0.009765
 778.000000  0.008203
 779.000000  0.007446
 780.000000  0.008276
 781.000000  0.007422
 782.000000  0.010571
 783.000000  0.009765
 784.000000  0.007983
 785.000000  0.009838
 786.000000  0.008618
 787.000000  0.009790
 788.000000  0.010693
 789.000000  0.009790
 790.000000  0.008081
 791.000000  0.009741
 792.000000  0.008227
 793.000000  0.009790
 794.000000  0.007983
 795.000000  0.009814
 796.000000  0.008472
 797.000000  0.009887
 798.000000  0.007983
 799.000000  0.009790
 800.000000  0.008179
 801.000000  0.009838
 802.000000  0.010498
 803.000000  0.009790
 804.000000  0.008105
 805.000000  0.009741
 806.000000  0.007910
 807.000000  0.009765
 808.000000  0.010498
 809.000000  0.007349
 810.000000  0.008154
 811.000000  0.007324
 812.000000  0.007983
 813.000000  0.007349
 814.000000  0.008301
 815.000000  0.009814
 816.000000  0.008057
 817.000000  0.009790
 818.000000  0.008643
 819.000000  0.009814
 820.000000  0.007910
 821.000000  0.009790
 822.000000  0.007861
 823.000000  0.009814
 824.000000  0.010595
 825.000000  0.009863
 826.000000  0.008154
 827.000000  0.009765
 828.000000  0.007837
 829.000000  0.009765
 830.000000  0.007983
 831.000000  0.009790
 832.000000  0.007983
 833.000000  0.009790
 834.000000  0.007812
 835.000000  0.009765
 836.000000  0.010351
 837.000000  0.009765
 838.000000  0.008130
 839.000000  0.009765
 840.000000  0.008325
 841.000000  0.009838
 842.000000  0.010644
 843.000000  0.009814
 844.000000  0.008252
 845.000000  0.007349
 846.000000  0.010400
 847.000000  0.009863
 848.000000  0.007837
 849.000000  0.009814
 850.000000  0.007739
 851.000000  0.009765
 852.000000  0.007983
 853.000000  0.007324
 854.000000  0.010717
 855.000000  0.009790
 856.000000  0.007764
 857.000000  0.007349
 858.000000  0.008301
 859.000000  0.007324
 860.000000  0.010424
 861.000000  0.009790
 862.000000  0.007983
 863.000000  0.007397
 864.000000  0.008032
 865.000000  0.009790
 866.000000  0.010595
 867.000000  0.007373
 868.000000  0.008276
 869.000000  0.009814
 870.000000  0.008301
 871.000000  0.009838
 872.000000  0.008496
 873.000000  0.009838
 874.000000  0.007983
 875.000000  0.009790
 876.000000  0.007983
 877.000000  0.007349
 878.000000  0.008179
 879.000000  0.007397
 880.000000  0.007764
 881.000000  0.009838
 882.000000  0.007935
 883.000000  0.009814
 884.000000  0.008130
 885.000000  0.009790
 886.000000  0.008032
 887.000000  0.007349
 888.000000  0.008350
 889.000000  0.009814
 890.000000  0.008447
 891.000000  0.009790
 892.000000  0.008032
 893.000000  0.009790
 894.000000  0.008130
 895.000000  0.009790
 896.000000  0.007861
 897.000000  0.009814
 898.000000  0.007812
 899.000000  0.009814
 900.000000  0.008154
 901.000000  0.009863
 902.000000  0.010595
 903.000000  0.009814
 904.000000  0.008081
 905.000000  0.009790
 906.000000  0.010546
 907.000000  0.009838
 908.000000  0.010498
 909.000000  0.009814
 910.000000  0.008130
 911.000000  0.009790
 912.000000  0.008276
 913.000000  0.009814
 914.000000  0.007861
 915.000000  0.009765
 916.000000  0.007935
 917.000000  0.009790
 918.000000  0.010669
 919.000000  0.009814
 920.000000  0.011010
 921.000000  0.009838
 922.000000  0.008032
 923.000000  0.009741
 924.000000  0.008008
 925.000000  0.009814
 926.000000  0.008154
 927.000000  0.009814
 928.000000  0.007983
 929.000000  0.009814
 930.000000  0.008057
 931.000000  0.009912
 932.000000  0.008154
 933.000000  0.009887
 934.000000  0.008130
 935.000000  0.009790
 936.000000  0.008472
 937.000000  0.009765
 938.000000  0.008325
 939.000000  0.009790
 940.000000  0.008472
 941.000000  0.009814
 942.000000  0.008276
 943.000000  0.009814
 944.000000  0.008081
 945.000000  0.007349
 946.000000  0.010693
 947.000000  0.009887
 948.000000  0.008447
 949.000000  0.009741
 950.000000  0.010522
 951.000000  0.009863
 952.000000  0.008154
 953.000000  0.009814
 954.000000  0.007983
 955.000000  0.009790
 956.000000  0.008472
 957.000000  0.009790
 958.000000  0.008301
 959.000000  0.007373
 960.000000  0.007886
 961.000000  0.007324
 962.000000  0.010351
 963.000000  0.007373
 964.000000  0.007861
 965.000000  0.009863
 966.000000  0.007886
 967.000000  0.009790
 968.000000  0.007666
 969.000000  0.009790
 970.000000  0.010351
 971.000000  0.009863
 972.000000  0.008081
 973.000000  0.009765
 974.000000  0.008276
 975.000000  0.009912
 976.000000  0.007886
 977.000000  0.009790
 978.000000  0.008081
 979.000000  0.009814
 980.000000  0.007886
 981.000000  0.009838
 982.000000  0.007788
 983.000000  0.007373
 984.000000  0.007715
 985.000000  0.009790
 986.000000  0.007959
 987.000000  0.009814
 988.000000  0.010522
 989.000000  0.009863
 990.000000  0.008130
 991.000000  0.009863
 992.000000  0.008252
 993.000000  0.009838
 994.000000  0.007837
 995.000000  0.009790
 996.000000  0.007886
 997.000000  0.009790
 998.000000  0.010376
 999.000000  0.009790
 1000.000000  0.010498
 1001.000000  0.009887
 1002.000000  0.007764
 1003.000000  0.009765
 1004.000000  0.007666
 1005.000000  0.009765
 1006.000000  0.007861
 1007.000000  0.009765
 1008.000000  0.008032
 1009.000000  0.009790
 1010.000000  0.007715
 1011.000000  0.009814
 1012.000000  0.007593
 1013.000000  0.009814
 1014.000000  0.007764
 1015.000000  0.009814
 1016.000000  0.007690
 1017.000000  0.009765
 1018.000000  0.007739
 1019.000000  0.009790
 1020.000000  0.007788
 1021.000000  0.009741
 1022.000000  0.007544
 1023.000000  0.009814
