 0.000000  0.008740
 1.000000  0.007544
 2.000000  0.008813
 3.000000  0.007349
 4.000000  0.008936
 5.000000  0.007397
 6.000000  0.009302
 7.000000  0.007495
 8.000000  0.009131
 9.000000  0.007544
 10.000000  0.008936
 11.000000  0.007373
 12.000000  0.009131
 13.000000  0.007593
 14.000000  0.009033
 15.000000  0.007471
 16.000000  0.009228
 17.000000  0.007568
 18.000000  0.009058
 19.000000  0.007666
 20.000000  0.008545
 21.000000  0.007568
 22.000000  0.009009
 23.000000  0.007617
 24.000000  0.009302
 25.000000  0.007568
 26.000000  0.009399
 27.000000  0.009985
 28.000000  0.008984
 29.000000  0.007519
 30.000000  0.009302
 31.000000  0.007593
 32.000000  0.009033
 33.000000  0.007519
 34.000000  0.009351
 35.000000  0.007666
 36.000000  0.009253
 37.000000  0.007519
 38.000000  0.008960
 39.000000  0.010009
 40.000000  0.009302
 41.000000  0.007568
 42.000000  0.009033
 43.000000  0.007446
 44.000000  0.009277
 45.000000  0.007544
 46.000000  0.009302
 47.000000  0.007422
 48.000000  0.009180
 49.000000  0.007593
 50.000000  0.008716
 51.000000  0.007544
 52.000000  0.009131
 53.000000  0.007495
 54.000000  0.008862
 55.000000  0.007495
 56.000000  0.009326
 57.000000  0.007446
 58.000000  0.009351
 59.000000  0.009985
 60.000000  0.008936
 61.000000  0.009961
 62.000000  0.008789
 63.000000  0.007471
 64.000000  0.009253
 65.000000  0.007495
 66.000000  0.008936
 67.000000  0.010034
 68.000000  0.008911
 69.000000  0.007495
 70.000000  0.009009
 71.000000  0.007446
 72.000000  0.009009
 73.000000  0.007495
 74.000000  0.009033
 75.000000  0.007471
 76.000000  0.009228
 77.000000  0.007471
 78.000000  0.009253
 79.000000  0.007593
 80.000000  0.009228
 81.000000  0.007495
 82.000000  0.008838
 83.000000  0.007397
 84.000000  0.009009
 85.000000  0.007495
 86.000000  0.009204
 87.000000  0.007544
 88.000000  0.009204
 89.000000  0.007544
 90.000000  0.009180
 91.000000  0.007446
 92.000000  0.009082
 93.000000  0.007422
 94.000000  0.008960
 95.000000  0.007495
 96.000000  0.008960
 97.000000  0.007397
 98.000000  0.009106
 99.000000  0.007471
 100.000000  0.009058
 101.000000  0.010009
 102.000000  0.008862
 103.000000  0.009961
 104.000000  0.008960
 105.000000  0.007593
 106.000000  0.009375
 107.000000  0.007446
 108.000000  0.009302
 109.000000  0.009961
 110.000000  0.009033
 111.000000  0.007544
 112.000000  0.008984
 113.000000  0.007495
 114.000000  0.009106
 115.000000  0.007397
 116.000000  0.008887
 117.000000  0.007422
 118.000000  0.009180
 119.000000  0.007471
 120.000000  0.009253
 121.000000  0.007422
 122.000000  0.009253
 123.000000  0.007519
 124.000000  0.009228
 125.000000  0.007397
 126.000000  0.009448
 127.000000  0.009912
 128.000000  0.009131
 129.000000  0.007397
 130.000000  0.009155
 131.000000  0.010034
 132.000000  0.008716
 133.000000  0.007495
 134.000000  0.009326
 135.000000  0.009961
 136.000000  0.009228
 137.000000  0.007446
 138.000000  0.009375
 139.000000  0.007446
 140.000000  0.009180
 141.000000  0.007495
 142.000000  0.009253
 143.000000  0.007593
 144.000000  0.009131
 145.000000  0.009985
 146.000000  0.009106
 147.000000  0.007495
 148.000000  0.009375
 149.000000  0.009887
 150.000000  0.009253
 151.000000  0.007495
 152.000000  0.009326
 153.000000  0.007593
 154.000000  0.009302
 155.000000  0.007593
 156.000000  0.009058
 157.000000  0.009887
 158.000000  0.009204
 159.000000  0.007519
 160.000000  0.009399
 161.000000  0.007373
 162.000000  0.009058
 163.000000  0.007397
 164.000000  0.009106
 165.000000  0.007544
 166.000000  0.008716
 167.000000  0.007519
 168.000000  0.009228
 169.000000  0.009838
 170.000000  0.009082
 171.000000  0.007373
 172.000000  0.008887
 173.000000  0.007397
 174.000000  0.008765
 175.000000  0.007446
 176.000000  0.009082
 177.000000  0.007422
 178.000000  0.009106
 179.000000  0.009838
 180.000000  0.008862
 181.000000  0.007544
 182.000000  0.008936
 183.000000  0.007446
 184.000000  0.009155
 185.000000  0.007593
 186.000000  0.009131
 187.000000  0.007495
 188.000000  0.008911
 189.000000  0.007568
 190.000000  0.008789
 191.000000  0.007422
 192.000000  0.008691
 193.000000  0.007519
 194.000000  0.008887
 195.000000  0.007471
 196.000000  0.011450
 197.000000  0.007373
 198.000000  0.009058
 199.000000  0.009863
 200.000000  0.009009
 201.000000  0.009936
 202.000000  0.008813
 203.000000  0.007446
 204.000000  0.009082
 205.000000  0.007422
 206.000000  0.009058
 207.000000  0.007422
 208.000000  0.009131
 209.000000  0.009838
 210.000000  0.009106
 211.000000  0.007397
 212.000000  0.008984
 213.000000  0.009936
 214.000000  0.008789
 215.000000  0.007495
 216.000000  0.009131
 217.000000  0.007446
 218.000000  0.009106
 219.000000  0.010009
 220.000000  0.008911
 221.000000  0.007422
 222.000000  0.008887
 223.000000  0.007495
 224.000000  0.008813
 225.000000  0.007519
 226.000000  0.009058
 227.000000  0.010034
 228.000000  0.009277
 229.000000  0.009936
 230.000000  0.009302
 231.000000  0.007519
 232.000000  0.009155
 233.000000  0.009985
 234.000000  0.009082
 235.000000  0.007642
 236.000000  0.009009
 237.000000  0.007544
 238.000000  0.009058
 239.000000  0.009887
 240.000000  0.008984
 241.000000  0.007397
 242.000000  0.009326
 243.000000  0.009936
 244.000000  0.008691
 245.000000  0.007519
 246.000000  0.009180
 247.000000  0.007446
 248.000000  0.009180
 249.000000  0.007471
 250.000000  0.008911
 251.000000  0.007666
 252.000000  0.008984
 253.000000  0.007471
 254.000000  0.008887
 255.000000  0.009961
 256.000000  0.009106
 257.000000  0.007519
 258.000000  0.009009
 259.000000  0.007495
 260.000000  0.009399
 261.000000  0.007471
 262.000000  0.008813
 263.000000  0.009961
 264.000000  0.008813
 265.000000  0.009863
 266.000000  0.008936
 267.000000  0.009814
 268.000000  0.009131
 269.000000  0.009961
 270.000000  0.009253
 271.000000  0.007471
 272.000000  0.008887
 273.000000  0.007446
 274.000000  0.009351
 275.000000  0.009985
 276.000000  0.009033
 277.000000  0.009887
 278.000000  0.009375
 279.000000  0.007471
 280.000000  0.009326
 281.000000  0.009936
 282.000000  0.008887
 283.000000  0.009985
 284.000000  0.009228
 285.000000  0.007471
 286.000000  0.008887
 287.000000  0.007617
 288.000000  0.008984
 289.000000  0.009961
 290.000000  0.009277
 291.000000  0.007397
 292.000000  0.009351
 293.000000  0.007471
 294.000000  0.009106
 295.000000  0.009887
 296.000000  0.009253
 297.000000  0.009936
 298.000000  0.009253
 299.000000  0.009936
 300.000000  0.009058
 301.000000  0.007544
 302.000000  0.009228
 303.000000  0.010083
 304.000000  0.009399
 305.000000  0.007715
 306.000000  0.009082
 307.000000  0.009912
 308.000000  0.009253
 309.000000  0.009985
 310.000000  0.009277
 311.000000  0.007666
 312.000000  0.009082
 313.000000  0.007617
 314.000000  0.009375
 315.000000  0.010058
 316.000000  0.009082
 317.000000  0.007617
 318.000000  0.009277
 319.000000  0.007471
 320.000000  0.009228
 321.000000  0.009814
 322.000000  0.009082
 323.000000  0.009936
 324.000000  0.009326
 325.000000  0.007593
 326.000000  0.009009
 327.000000  0.007764
 328.000000  0.009204
 329.000000  0.009936
 330.000000  0.009399
 331.000000  0.010083
 332.000000  0.009375
 333.000000  0.010180
 334.000000  0.009180
 335.000000  0.010034
 336.000000  0.009302
 337.000000  0.007617
 338.000000  0.009351
 339.000000  0.007593
 340.000000  0.009375
 341.000000  0.010156
 342.000000  0.011523
 343.000000  0.010107
 344.000000  0.009424
 345.000000  0.010034
 346.000000  0.009424
 347.000000  0.007690
 348.000000  0.009155
 349.000000  0.010107
 350.000000  0.009302
 351.000000  0.010156
 352.000000  0.009351
 353.000000  0.010327
 354.000000  0.009302
 355.000000  0.007642
 356.000000  0.009399
 357.000000  0.007739
 358.000000  0.009204
 359.000000  0.010180
 360.000000  0.009644
 361.000000  0.007739
 362.000000  0.009399
 363.000000  0.010058
 364.000000  0.009424
 365.000000  0.007666
 366.000000  0.009521
 367.000000  0.008032
 368.000000  0.009521
 369.000000  0.007910
 370.000000  0.009351
 371.000000  0.010180
 372.000000  0.009399
 373.000000  0.010180
 374.000000  0.009546
 375.000000  0.010180
 376.000000  0.009424
 377.000000  0.007788
 378.000000  0.009644
 379.000000  0.007861
 380.000000  0.009448
 381.000000  0.010156
 382.000000  0.009399
 383.000000  0.008008
 384.000000  0.009521
 385.000000  0.007959
 386.000000  0.009399
 387.000000  0.010302
 388.000000  0.009497
 389.000000  0.010376
 390.000000  0.009521
 391.000000  0.010424
 392.000000  0.009497
 393.000000  0.007666
 394.000000  0.009473
 395.000000  0.007812
 396.000000  0.009473
 397.000000  0.007788
 398.000000  0.009546
 399.000000  0.007617
 400.000000  0.009546
 401.000000  0.010351
 402.000000  0.009546
 403.000000  0.008130
 404.000000  0.009497
 405.000000  0.007910
 406.000000  0.009375
 407.000000  0.008252
 408.000000  0.009521
 409.000000  0.010376
 410.000000  0.009619
 411.000000  0.010424
 412.000000  0.009595
 413.000000  0.008008
 414.000000  0.009668
 415.000000  0.010376
 416.000000  0.009619
 417.000000  0.008130
 418.000000  0.009644
 419.000000  0.008252
 420.000000  0.009668
 421.000000  0.007861
 422.000000  0.009424
 423.000000  0.007666
 424.000000  0.009595
 425.000000  0.010376
 426.000000  0.009473
 427.000000  0.010498
 428.000000  0.009619
 429.000000  0.010351
 430.000000  0.009668
 431.000000  0.010351
 432.000000  0.009570
 433.000000  0.007837
 434.000000  0.009692
 435.000000  0.010522
 436.000000  0.009399
 437.000000  0.010449
 438.000000  0.009521
 439.000000  0.010376
 440.000000  0.009619
 441.000000  0.010473
 442.000000  0.009619
 443.000000  0.010351
 444.000000  0.009717
 445.000000  0.010424
 446.000000  0.009668
 447.000000  0.008032
 448.000000  0.009644
 449.000000  0.010595
 450.000000  0.009546
 451.000000  0.010595
 452.000000  0.009570
 453.000000  0.010644
 454.000000  0.009668
 455.000000  0.010669
 456.000000  0.009692
 457.000000  0.010937
 458.000000  0.009717
 459.000000  0.010473
 460.000000  0.009741
 461.000000  0.010742
 462.000000  0.009644
 463.000000  0.010400
 464.000000  0.009668
 465.000000  0.010888
 466.000000  0.009717
 467.000000  0.008301
 468.000000  0.009692
 469.000000  0.008496
 470.000000  0.009668
 471.000000  0.010742
 472.000000  0.009741
 473.000000  0.008716
 474.000000  0.009741
 475.000000  0.010839
 476.000000  0.009668
 477.000000  0.008057
 478.000000  0.009717
 479.000000  0.010937
 480.000000  0.009717
 481.000000  0.010888
 482.000000  0.009717
 483.000000  0.008789
 484.000000  0.009766
 485.000000  0.011425
 486.000000  0.009692
 487.000000  0.008667
 488.000000  0.009668
 489.000000  0.008496
 490.000000  0.009595
 491.000000  0.010644
 492.000000  0.009668
 493.000000  0.010791
 494.000000  0.009766
 495.000000  0.010937
 496.000000  0.009717
 497.000000  0.008667
 498.000000  0.009668
 499.000000  0.010669
 500.000000  0.009668
 501.000000  0.011035
 502.000000  0.009668
 503.000000  0.010644
 504.000000  0.009741
 505.000000  0.011206
 506.000000  0.009717
 507.000000  0.008594
 508.000000  0.009717
 509.000000  0.008765
 510.000000  0.009766
 511.000000  0.011035
 512.000000  0.009741
 513.000000  0.008569
 514.000000  0.009668
 515.000000  0.008789
 516.000000  0.009717
 517.000000  0.009131
 518.000000  0.009717
 519.000000  0.008740
 520.000000  0.009692
 521.000000  0.008936
 522.000000  0.009595
 523.000000  0.010864
 524.000000  0.009717
 525.000000  0.011621
 526.000000  0.009766
 527.000000  0.010937
 528.000000  0.009717
 529.000000  0.011694
 530.000000  0.009717
 531.000000  0.011621
 532.000000  0.009790
 533.000000  0.009204
 534.000000  0.009741
 535.000000  0.009326
 536.000000  0.009717
 537.000000  0.011377
 538.000000  0.009741
 539.000000  0.011499
 540.000000  0.009790
 541.000000  0.009497
 542.000000  0.009741
 543.000000  0.009326
 544.000000  0.009741
 545.000000  0.009302
 546.000000  0.009790
 547.000000  0.011962
 548.000000  0.009766
 549.000000  0.012011
 550.000000  0.009741
 551.000000  0.012133
 552.000000  0.009766
 553.000000  0.009717
 554.000000  0.009790
 555.000000  0.009619
 556.000000  0.009766
 557.000000  0.011816
 558.000000  0.009814
 559.000000  0.012011
 560.000000  0.009863
 561.000000  0.009668
 562.000000  0.009766
 563.000000  0.012158
 564.000000  0.009839
 565.000000  0.012133
 566.000000  0.009766
 567.000000  0.012158
 568.000000  0.009863
 569.000000  0.012207
 570.000000  0.009863
 571.000000  0.012231
 572.000000  0.009863
 573.000000  0.012231
 574.000000  0.010229
 575.000000  0.012304
 576.000000  0.010132
 577.000000  0.012255
 578.000000  0.010962
 579.000000  0.012597
 580.000000  0.011645
 581.000000  0.011157
 582.000000  0.012036
 583.000000  0.014160
 584.000000  0.012183
 585.000000  0.014648
 586.000000  0.013623
 587.000000  0.015918
 588.000000  0.014673
 589.000000  0.014648
 590.000000  0.017114
 591.000000  0.021557
 592.000000  0.029712
 593.000000  0.092822
 594.000000  0.249585
 595.000000  0.330273
 596.000000  0.327026
 597.000000  0.236474
 598.000000  0.064697
 599.000000  0.024194
 600.000000  0.017725
 601.000000  0.018603
 602.000000  0.016089
 603.000000  0.017016
 604.000000  0.014648
 605.000000  0.015698
 606.000000  0.014062
 607.000000  0.014624
 608.000000  0.012353
 609.000000  0.014282
 610.000000  0.012134
 611.000000  0.012719
 612.000000  0.014038
 613.000000  0.012695
 614.000000  0.013232
 615.000000  0.012329
 616.000000  0.010083
 617.000000  0.009790
 618.000000  0.009985
 619.000000  0.012207
 620.000000  0.010107
 621.000000  0.012207
 622.000000  0.009790
 623.000000  0.012182
 624.000000  0.012231
 625.000000  0.012182
 626.000000  0.009888
 627.000000  0.012207
 628.000000  0.009863
 629.000000  0.012182
 630.000000  0.009888
 631.000000  0.012207
 632.000000  0.009814
 633.000000  0.012133
 634.000000  0.009790
 635.000000  0.012158
 636.000000  0.009814
 637.000000  0.009644
 638.000000  0.009741
 639.000000  0.012011
 640.000000  0.009741
 641.000000  0.012182
 642.000000  0.009912
 643.000000  0.009766
 644.000000  0.012426
 645.000000  0.012158
 646.000000  0.012255
 647.000000  0.012182
 648.000000  0.009814
 649.000000  0.009692
 650.000000  0.009766
 651.000000  0.009717
 652.000000  0.009766
 653.000000  0.009570
 654.000000  0.009766
 655.000000  0.012109
 656.000000  0.009741
 657.000000  0.012036
 658.000000  0.009741
 659.000000  0.009668
 660.000000  0.009790
 661.000000  0.011962
 662.000000  0.009741
 663.000000  0.012011
 664.000000  0.012207
 665.000000  0.011987
 666.000000  0.012207
 667.000000  0.011816
 668.000000  0.009741
 669.000000  0.009717
 670.000000  0.009790
 671.000000  0.009668
 672.000000  0.009766
 673.000000  0.011840
 674.000000  0.012231
 675.000000  0.011840
 676.000000  0.009790
 677.000000  0.011987
 678.000000  0.009741
 679.000000  0.011914
 680.000000  0.009766
 681.000000  0.009668
 682.000000  0.009741
 683.000000  0.012133
 684.000000  0.009766
 685.000000  0.011889
 686.000000  0.009790
 687.000000  0.009448
 688.000000  0.012182
 689.000000  0.009644
 690.000000  0.012231
 691.000000  0.011914
 692.000000  0.009741
 693.000000  0.011767
 694.000000  0.009741
 695.000000  0.012060
 696.000000  0.012182
 697.000000  0.011669
 698.000000  0.009741
 699.000000  0.011743
 700.000000  0.009766
 701.000000  0.009399
 702.000000  0.009717
 703.000000  0.009497
 704.000000  0.012207
 705.000000  0.011377
 706.000000  0.009790
 707.000000  0.009668
 708.000000  0.009741
 709.000000  0.011645
 710.000000  0.009741
 711.000000  0.012011
 712.000000  0.009692
 713.000000  0.012036
 714.000000  0.009766
 715.000000  0.011962
 716.000000  0.009766
 717.000000  0.012085
 718.000000  0.009790
 719.000000  0.011596
 720.000000  0.009766
 721.000000  0.011938
 722.000000  0.009790
 723.000000  0.012011
 724.000000  0.009766
 725.000000  0.012036
 726.000000  0.009766
 727.000000  0.012060
 728.000000  0.009790
 729.000000  0.009351
 730.000000  0.009814
 731.000000  0.012060
 732.000000  0.009692
 733.000000  0.011840
 734.000000  0.012207
 735.000000  0.012060
 736.000000  0.009741
 737.000000  0.011987
 738.000000  0.009766
 739.000000  0.011767
 740.000000  0.009766
 741.000000  0.011987
 742.000000  0.009766
 743.000000  0.009644
 744.000000  0.009766
 745.000000  0.011914
 746.000000  0.009766
 747.000000  0.009228
 748.000000  0.009741
 749.000000  0.012085
 750.000000  0.009766
 751.000000  0.011865
 752.000000  0.012231
 753.000000  0.012133
 754.000000  0.009790
 755.000000  0.012133
 756.000000  0.009741
 757.000000  0.011962
 758.000000  0.009766
 759.000000  0.009448
 760.000000  0.009790
 761.000000  0.012133
 762.000000  0.009790
 763.000000  0.011889
 764.000000  0.009766
 765.000000  0.011718
 766.000000  0.009717
 767.000000  0.009692
 768.000000  0.009717
 769.000000  0.011914
 770.000000  0.009790
 771.000000  0.011694
 772.000000  0.009766
 773.000000  0.011987
 774.000000  0.012207
 775.000000  0.012060
 776.000000  0.012207
 777.000000  0.011938
 778.000000  0.009766
 779.000000  0.009326
 780.000000  0.009766
 781.000000  0.009448
 782.000000  0.012207
 783.000000  0.011523
 784.000000  0.009790
 785.000000  0.011840
 786.000000  0.009790
 787.000000  0.011645
 788.000000  0.012182
 789.000000  0.011865
 790.000000  0.009741
 791.000000  0.011840
 792.000000  0.009766
 793.000000  0.011962
 794.000000  0.009790
 795.000000  0.012085
 796.000000  0.009790
 797.000000  0.012158
 798.000000  0.009790
 799.000000  0.011840
 800.000000  0.009766
 801.000000  0.011767
 802.000000  0.012207
 803.000000  0.011669
 804.000000  0.009692
 805.000000  0.011230
 806.000000  0.009766
 807.000000  0.011499
 808.000000  0.012182
 809.000000  0.009473
 810.000000  0.009766
 811.000000  0.009595
 812.000000  0.009741
 813.000000  0.009351
 814.000000  0.009717
 815.000000  0.011889
 816.000000  0.009741
 817.000000  0.011962
 818.000000  0.009790
 819.000000  0.011865
 820.000000  0.009766
 821.000000  0.011914
 822.000000  0.009741
 823.000000  0.012036
 824.000000  0.012231
 825.000000  0.011914
 826.000000  0.009790
 827.000000  0.011669
 828.000000  0.009741
 829.000000  0.011914
 830.000000  0.009741
 831.000000  0.011425
 832.000000  0.009692
 833.000000  0.011718
 834.000000  0.009741
 835.000000  0.011303
 836.000000  0.012182
 837.000000  0.011792
 838.000000  0.009766
 839.000000  0.011767
 840.000000  0.009766
 841.000000  0.011718
 842.000000  0.012182
 843.000000  0.011840
 844.000000  0.009741
 845.000000  0.009228
 846.000000  0.012182
 847.000000  0.011987
 848.000000  0.009790
 849.000000  0.011889
 850.000000  0.009766
 851.000000  0.011792
 852.000000  0.009766
 853.000000  0.009473
 854.000000  0.012255
 855.000000  0.011645
 856.000000  0.009717
 857.000000  0.009424
 858.000000  0.009790
 859.000000  0.009399
 860.000000  0.012207
 861.000000  0.011743
 862.000000  0.009766
 863.000000  0.009033
 864.000000  0.009766
 865.000000  0.011669
 866.000000  0.012207
 867.000000  0.009497
 868.000000  0.009790
 869.000000  0.011084
 870.000000  0.009790
 871.000000  0.012036
 872.000000  0.009717
 873.000000  0.012109
 874.000000  0.009741
 875.000000  0.011840
 876.000000  0.009741
 877.000000  0.009277
 878.000000  0.009741
 879.000000  0.009253
 880.000000  0.009741
 881.000000  0.011840
 882.000000  0.009766
 883.000000  0.012085
 884.000000  0.009766
 885.000000  0.011792
 886.000000  0.009766
 887.000000  0.008936
 888.000000  0.009766
 889.000000  0.011084
 890.000000  0.009766
 891.000000  0.011840
 892.000000  0.009717
 893.000000  0.011840
 894.000000  0.009741
 895.000000  0.011621
 896.000000  0.009741
 897.000000  0.012011
 898.000000  0.009741
 899.000000  0.011743
 900.000000  0.009766
 901.000000  0.011596
 902.000000  0.012207
 903.000000  0.011523
 904.000000  0.009741
 905.000000  0.011865
 906.000000  0.012207
 907.000000  0.011621
 908.000000  0.012207
 909.000000  0.011499
 910.000000  0.009741
 911.000000  0.011547
 912.000000  0.009766
 913.000000  0.011401
 914.000000  0.009717
 915.000000  0.011938
 916.000000  0.009717
 917.000000  0.011914
 918.000000  0.012158
 919.000000  0.011669
 920.000000  0.012207
 921.000000  0.011450
 922.000000  0.009741
 923.000000  0.011743
 924.000000  0.009766
 925.000000  0.011010
 926.000000  0.009741
 927.000000  0.011694
 928.000000  0.009741
 929.000000  0.011914
 930.000000  0.009766
 931.000000  0.011962
 932.000000  0.009766
 933.000000  0.011914
 934.000000  0.009766
 935.000000  0.011840
 936.000000  0.009741
 937.000000  0.011914
 938.000000  0.009766
 939.000000  0.011914
 940.000000  0.009766
 941.000000  0.011914
 942.000000  0.009766
 943.000000  0.011694
 944.000000  0.009766
 945.000000  0.009473
 946.000000  0.012231
 947.000000  0.012109
 948.000000  0.009741
 949.000000  0.011987
 950.000000  0.012158
 951.000000  0.011792
 952.000000  0.009741
 953.000000  0.011840
 954.000000  0.009717
 955.000000  0.011523
 956.000000  0.009741
 957.000000  0.011474
 958.000000  0.009717
 959.000000  0.009351
 960.000000  0.009766
 961.000000  0.008862
 962.000000  0.012182
 963.000000  0.009326
 964.000000  0.009644
 965.000000  0.011792
 966.000000  0.009741
 967.000000  0.011840
 968.000000  0.009692
 969.000000  0.011718
 970.000000  0.012158
 971.000000  0.011596
 972.000000  0.009790
 973.000000  0.011767
 974.000000  0.009766
 975.000000  0.011816
 976.000000  0.009644
 977.000000  0.011132
 978.000000  0.009741
 979.000000  0.011450
 980.000000  0.009717
 981.000000  0.011938
 982.000000  0.009717
 983.000000  0.009033
 984.000000  0.009741
 985.000000  0.011425
 986.000000  0.009692
 987.000000  0.011499
 988.000000  0.012182
 989.000000  0.011499
 990.000000  0.009766
 991.000000  0.011645
 992.000000  0.009668
 993.000000  0.011816
 994.000000  0.009790
 995.000000  0.012060
 996.000000  0.009766
 997.000000  0.012011
 998.000000  0.012182
 999.000000  0.011450
 1000.000000  0.012231
 1001.000000  0.011694
 1002.000000  0.009692
 1003.000000  0.011254
 1004.000000  0.009644
 1005.000000  0.011645
 1006.000000  0.009717
 1007.000000  0.011499
 1008.000000  0.009717
 1009.000000  0.011352
 1010.000000  0.009692
 1011.000000  0.011157
 1012.000000  0.009766
 1013.000000  0.011621
 1014.000000  0.009717
 1015.000000  0.011474
 1016.000000  0.009741
 1017.000000  0.011694
 1018.000000  0.009717
 1019.000000  0.011279
 1020.000000  0.009766
 1021.000000  0.010571
 1022.000000  0.009766
 1023.000000  0.011572
