 0.000000  0.008447
 1.000000  0.007422
 2.000000  0.008325
 3.000000  0.007300
 4.000000  0.008569
 5.000000  0.007422
 6.000000  0.008691
 7.000000  0.007373
 8.000000  0.008569
 9.000000  0.007495
 10.000000  0.008618
 11.000000  0.007422
 12.000000  0.008716
 13.000000  0.007349
 14.000000  0.008740
 15.000000  0.007373
 16.000000  0.008740
 17.000000  0.007349
 18.000000  0.008716
 19.000000  0.007544
 20.000000  0.008301
 21.000000  0.007422
 22.000000  0.008423
 23.000000  0.007422
 24.000000  0.008740
 25.000000  0.007446
 26.000000  0.009131
 27.000000  0.009863
 28.000000  0.008691
 29.000000  0.007471
 30.000000  0.008594
 31.000000  0.007422
 32.000000  0.008691
 33.000000  0.007422
 34.000000  0.008813
 35.000000  0.007397
 36.000000  0.008813
 37.000000  0.007373
 38.000000  0.008813
 39.000000  0.009790
 40.000000  0.008765
 41.000000  0.007446
 42.000000  0.008545
 43.000000  0.007373
 44.000000  0.008667
 45.000000  0.007397
 46.000000  0.008936
 47.000000  0.007397
 48.000000  0.008716
 49.000000  0.007446
 50.000000  0.008374
 51.000000  0.007471
 52.000000  0.008594
 53.000000  0.007446
 54.000000  0.008569
 55.000000  0.007471
 56.000000  0.008765
 57.000000  0.007397
 58.000000  0.009009
 59.000000  0.009765
 60.000000  0.008740
 61.000000  0.009838
 62.000000  0.008227
 63.000000  0.007373
 64.000000  0.008667
 65.000000  0.007422
 66.000000  0.008472
 67.000000  0.009838
 68.000000  0.008520
 69.000000  0.007349
 70.000000  0.008496
 71.000000  0.007373
 72.000000  0.008301
 73.000000  0.007324
 74.000000  0.008423
 75.000000  0.007397
 76.000000  0.008691
 77.000000  0.007397
 78.000000  0.008643
 79.000000  0.007471
 80.000000  0.008862
 81.000000  0.007446
 82.000000  0.008276
 83.000000  0.007373
 84.000000  0.008398
 85.000000  0.007471
 86.000000  0.008667
 87.000000  0.007446
 88.000000  0.008691
 89.000000  0.007397
 90.000000  0.008643
 91.000000  0.007422
 92.000000  0.008520
 93.000000  0.007471
 94.000000  0.008423
 95.000000  0.007422
 96.000000  0.008496
 97.000000  0.007324
 98.000000  0.008667
 99.000000  0.007373
 100.000000  0.008740
 101.000000  0.009790
 102.000000  0.008496
 103.000000  0.009887
 104.000000  0.008447
 105.000000  0.007324
 106.000000  0.008960
 107.000000  0.007446
 108.000000  0.008545
 109.000000  0.009863
 110.000000  0.008569
 111.000000  0.007422
 112.000000  0.008252
 113.000000  0.007373
 114.000000  0.008472
 115.000000  0.007495
 116.000000  0.008325
 117.000000  0.007397
 118.000000  0.008545
 119.000000  0.007446
 120.000000  0.008765
 121.000000  0.007397
 122.000000  0.008496
 123.000000  0.007471
 124.000000  0.008447
 125.000000  0.007397
 126.000000  0.008618
 127.000000  0.009936
 128.000000  0.008301
 129.000000  0.007324
 130.000000  0.008716
 131.000000  0.009887
 132.000000  0.008398
 133.000000  0.007397
 134.000000  0.008374
 135.000000  0.009838
 136.000000  0.008520
 137.000000  0.007397
 138.000000  0.008716
 139.000000  0.007397
 140.000000  0.008813
 141.000000  0.007446
 142.000000  0.008740
 143.000000  0.007349
 144.000000  0.008374
 145.000000  0.009838
 146.000000  0.008374
 147.000000  0.007349
 148.000000  0.008496
 149.000000  0.009814
 150.000000  0.008496
 151.000000  0.007349
 152.000000  0.008569
 153.000000  0.007422
 154.000000  0.008545
 155.000000  0.007373
 156.000000  0.008325
 157.000000  0.009838
 158.000000  0.008569
 159.000000  0.007373
 160.000000  0.008569
 161.000000  0.007446
 162.000000  0.008398
 163.000000  0.007446
 164.000000  0.008203
 165.000000  0.007373
 166.000000  0.008350
 167.000000  0.007422
 168.000000  0.008594
 169.000000  0.009790
 170.000000  0.008252
 171.000000  0.007373
 172.000000  0.008325
 173.000000  0.007397
 174.000000  0.008325
 175.000000  0.007324
 176.000000  0.008496
 177.000000  0.007349
 178.000000  0.008325
 179.000000  0.009814
 180.000000  0.008154
 181.000000  0.007397
 182.000000  0.008203
 183.000000  0.007349
 184.000000  0.008301
 185.000000  0.007397
 186.000000  0.008618
 187.000000  0.007471
 188.000000  0.008276
 189.000000  0.007397
 190.000000  0.008252
 191.000000  0.007373
 192.000000  0.008203
 193.000000  0.007349
 194.000000  0.008301
 195.000000  0.007349
 196.000000  0.010693
 197.000000  0.007397
 198.000000  0.008423
 199.000000  0.009814
 200.000000  0.008325
 201.000000  0.009863
 202.000000  0.008227
 203.000000  0.007349
 204.000000  0.008325
 205.000000  0.007373
 206.000000  0.008130
 207.000000  0.007373
 208.000000  0.008252
 209.000000  0.009814
 210.000000  0.008716
 211.000000  0.007349
 212.000000  0.008325
 213.000000  0.009814
 214.000000  0.008447
 215.000000  0.007422
 216.000000  0.008252
 217.000000  0.007397
 218.000000  0.008398
 219.000000  0.009790
 220.000000  0.008252
 221.000000  0.007373
 222.000000  0.008252
 223.000000  0.007373
 224.000000  0.008569
 225.000000  0.007373
 226.000000  0.008398
 227.000000  0.009814
 228.000000  0.008374
 229.000000  0.009765
 230.000000  0.008520
 231.000000  0.007397
 232.000000  0.008520
 233.000000  0.009863
 234.000000  0.008276
 235.000000  0.007349
 236.000000  0.008203
 237.000000  0.007300
 238.000000  0.008130
 239.000000  0.009838
 240.000000  0.008423
 241.000000  0.007422
 242.000000  0.008374
 243.000000  0.009790
 244.000000  0.008203
 245.000000  0.007471
 246.000000  0.008594
 247.000000  0.007349
 248.000000  0.008447
 249.000000  0.007373
 250.000000  0.008032
 251.000000  0.007349
 252.000000  0.008276
 253.000000  0.007446
 254.000000  0.008227
 255.000000  0.009838
 256.000000  0.008350
 257.000000  0.007349
 258.000000  0.008374
 259.000000  0.007446
 260.000000  0.008447
 261.000000  0.007373
 262.000000  0.008105
 263.000000  0.009814
 264.000000  0.008203
 265.000000  0.009863
 266.000000  0.008130
 267.000000  0.009790
 268.000000  0.008105
 269.000000  0.009790
 270.000000  0.008545
 271.000000  0.007324
 272.000000  0.008203
 273.000000  0.007373
 274.000000  0.008447
 275.000000  0.009765
 276.000000  0.008447
 277.000000  0.009814
 278.000000  0.008520
 279.000000  0.007397
 280.000000  0.008765
 281.000000  0.009814
 282.000000  0.008350
 283.000000  0.009765
 284.000000  0.008203
 285.000000  0.007373
 286.000000  0.008130
 287.000000  0.007324
 288.000000  0.008179
 289.000000  0.009838
 290.000000  0.008716
 291.000000  0.007397
 292.000000  0.008594
 293.000000  0.007373
 294.000000  0.008520
 295.000000  0.009838
 296.000000  0.008618
 297.000000  0.009790
 298.000000  0.008569
 299.000000  0.009814
 300.000000  0.008398
 301.000000  0.007397
 302.000000  0.008447
 303.000000  0.009790
 304.000000  0.008691
 305.000000  0.007373
 306.000000  0.008423
 307.000000  0.009838
 308.000000  0.008667
 309.000000  0.009863
 310.000000  0.008545
 311.000000  0.007397
 312.000000  0.008374
 313.000000  0.007397
 314.000000  0.008520
 315.000000  0.009912
 316.000000  0.008520
 317.000000  0.007373
 318.000000  0.008374
 319.000000  0.007397
 320.000000  0.008301
 321.000000  0.009814
 322.000000  0.008423
 323.000000  0.009765
 324.000000  0.008325
 325.000000  0.007397
 326.000000  0.008179
 327.000000  0.007373
 328.000000  0.008325
 329.000000  0.009814
 330.000000  0.008789
 331.000000  0.009863
 332.000000  0.008447
 333.000000  0.009912
 334.000000  0.008252
 335.000000  0.009863
 336.000000  0.008496
 337.000000  0.007446
 338.000000  0.008667
 339.000000  0.007397
 340.000000  0.008447
 341.000000  0.009912
 342.000000  0.010620
 343.000000  0.009790
 344.000000  0.008520
 345.000000  0.009838
 346.000000  0.008765
 347.000000  0.007397
 348.000000  0.008398
 349.000000  0.009838
 350.000000  0.008545
 351.000000  0.009790
 352.000000  0.008740
 353.000000  0.009814
 354.000000  0.008423
 355.000000  0.007446
 356.000000  0.008447
 357.000000  0.007446
 358.000000  0.008740
 359.000000  0.009814
 360.000000  0.008765
 361.000000  0.007446
 362.000000  0.008643
 363.000000  0.009790
 364.000000  0.008496
 365.000000  0.007349
 366.000000  0.008765
 367.000000  0.007397
 368.000000  0.008496
 369.000000  0.007373
 370.000000  0.008423
 371.000000  0.009863
 372.000000  0.008594
 373.000000  0.009838
 374.000000  0.008594
 375.000000  0.009790
 376.000000  0.008789
 377.000000  0.007446
 378.000000  0.008740
 379.000000  0.007373
 380.000000  0.008960
 381.000000  0.009814
 382.000000  0.008569
 383.000000  0.007422
 384.000000  0.009033
 385.000000  0.007373
 386.000000  0.008838
 387.000000  0.009863
 388.000000  0.008374
 389.000000  0.009863
 390.000000  0.008911
 391.000000  0.009936
 392.000000  0.008838
 393.000000  0.007422
 394.000000  0.008716
 395.000000  0.007422
 396.000000  0.008789
 397.000000  0.007446
 398.000000  0.008618
 399.000000  0.007446
 400.000000  0.008789
 401.000000  0.009863
 402.000000  0.008691
 403.000000  0.007593
 404.000000  0.008520
 405.000000  0.007422
 406.000000  0.008545
 407.000000  0.007422
 408.000000  0.008887
 409.000000  0.009887
 410.000000  0.009204
 411.000000  0.009863
 412.000000  0.008911
 413.000000  0.007446
 414.000000  0.009082
 415.000000  0.009961
 416.000000  0.008813
 417.000000  0.007519
 418.000000  0.008960
 419.000000  0.007544
 420.000000  0.008862
 421.000000  0.007446
 422.000000  0.008862
 423.000000  0.007373
 424.000000  0.008594
 425.000000  0.009887
 426.000000  0.008423
 427.000000  0.009912
 428.000000  0.008862
 429.000000  0.009912
 430.000000  0.009155
 431.000000  0.009838
 432.000000  0.008984
 433.000000  0.007471
 434.000000  0.008789
 435.000000  0.009912
 436.000000  0.008813
 437.000000  0.009863
 438.000000  0.008545
 439.000000  0.009936
 440.000000  0.008740
 441.000000  0.009863
 442.000000  0.009302
 443.000000  0.009863
 444.000000  0.009009
 445.000000  0.009814
 446.000000  0.009180
 447.000000  0.007471
 448.000000  0.008984
 449.000000  0.010009
 450.000000  0.008813
 451.000000  0.010009
 452.000000  0.008789
 453.000000  0.009863
 454.000000  0.009131
 455.000000  0.009936
 456.000000  0.009155
 457.000000  0.009838
 458.000000  0.009106
 459.000000  0.009863
 460.000000  0.009253
 461.000000  0.010009
 462.000000  0.008716
 463.000000  0.009887
 464.000000  0.009058
 465.000000  0.009985
 466.000000  0.009180
 467.000000  0.007446
 468.000000  0.008936
 469.000000  0.007544
 470.000000  0.009106
 471.000000  0.010034
 472.000000  0.009228
 473.000000  0.007495
 474.000000  0.009302
 475.000000  0.009985
 476.000000  0.009326
 477.000000  0.007519
 478.000000  0.008838
 479.000000  0.009912
 480.000000  0.009131
 481.000000  0.009985
 482.000000  0.009082
 483.000000  0.007568
 484.000000  0.008862
 485.000000  0.010009
 486.000000  0.008911
 487.000000  0.007519
 488.000000  0.009155
 489.000000  0.007544
 490.000000  0.009228
 491.000000  0.009912
 492.000000  0.009082
 493.000000  0.010131
 494.000000  0.009253
 495.000000  0.010009
 496.000000  0.009277
 497.000000  0.007495
 498.000000  0.009253
 499.000000  0.010083
 500.000000  0.009180
 501.000000  0.010083
 502.000000  0.009204
 503.000000  0.010009
 504.000000  0.009204
 505.000000  0.009985
 506.000000  0.009351
 507.000000  0.007642
 508.000000  0.009228
 509.000000  0.007544
 510.000000  0.009570
 511.000000  0.010083
 512.000000  0.009326
 513.000000  0.007642
 514.000000  0.009058
 515.000000  0.007715
 516.000000  0.009204
 517.000000  0.007666
 518.000000  0.009253
 519.000000  0.007715
 520.000000  0.009448
 521.000000  0.007910
 522.000000  0.009253
 523.000000  0.010156
 524.000000  0.009375
 525.000000  0.010034
 526.000000  0.009448
 527.000000  0.010229
 528.000000  0.009399
 529.000000  0.010522
 530.000000  0.009570
 531.000000  0.010449
 532.000000  0.009595
 533.000000  0.008130
 534.000000  0.009595
 535.000000  0.008545
 536.000000  0.009619
 537.000000  0.010742
 538.000000  0.009717
 539.000000  0.010864
 540.000000  0.009717
 541.000000  0.008496
 542.000000  0.009741
 543.000000  0.009155
 544.000000  0.009741
 545.000000  0.009302
 546.000000  0.009766
 547.000000  0.012011
 548.000000  0.009766
 549.000000  0.012085
 550.000000  0.009766
 551.000000  0.012207
 552.000000  0.009985
 553.000000  0.010889
 554.000000  0.016138
 555.000000  0.023096
 556.000000  0.026318
 557.000000  0.026391
 558.000000  0.021606
 559.000000  0.016748
 560.000000  0.014746
 561.000000  0.016650
 562.000000  0.019311
 563.000000  0.022387
 564.000000  0.022632
 565.000000  0.029345
 566.000000  0.035132
 567.000000  0.054956
 568.000000  0.081934
 569.000000  0.101489
 570.000000  0.104443
 571.000000  0.101513
 572.000000  0.112671
 573.000000  0.120312
 574.000000  0.106128
 575.000000  0.086254
 576.000000  0.044019
 577.000000  0.022680
 578.000000  0.017017
 579.000000  0.017114
 580.000000  0.016943
 581.000000  0.017139
 582.000000  0.016724
 583.000000  0.017065
 584.000000  0.013281
 585.000000  0.012915
 586.000000  0.009863
 587.000000  0.012158
 588.000000  0.009741
 589.000000  0.009497
 590.000000  0.009790
 591.000000  0.011840
 592.000000  0.009766
 593.000000  0.009326
 594.000000  0.009741
 595.000000  0.011792
 596.000000  0.009766
 597.000000  0.011474
 598.000000  0.009717
 599.000000  0.010717
 600.000000  0.009717
 601.000000  0.010595
 602.000000  0.009692
 603.000000  0.010766
 604.000000  0.009644
 605.000000  0.010815
 606.000000  0.009717
 607.000000  0.010864
 608.000000  0.009644
 609.000000  0.010400
 610.000000  0.009619
 611.000000  0.010278
 612.000000  0.012060
 613.000000  0.010839
 614.000000  0.012085
 615.000000  0.010815
 616.000000  0.009521
 617.000000  0.008374
 618.000000  0.009570
 619.000000  0.010302
 620.000000  0.009717
 621.000000  0.010253
 622.000000  0.009619
 623.000000  0.010351
 624.000000  0.012011
 625.000000  0.010180
 626.000000  0.009424
 627.000000  0.010376
 628.000000  0.009570
 629.000000  0.010034
 630.000000  0.009546
 631.000000  0.010473
 632.000000  0.009619
 633.000000  0.010595
 634.000000  0.009546
 635.000000  0.010302
 636.000000  0.009497
 637.000000  0.007935
 638.000000  0.009497
 639.000000  0.010205
 640.000000  0.009497
 641.000000  0.010205
 642.000000  0.009570
 643.000000  0.008008
 644.000000  0.011816
 645.000000  0.010302
 646.000000  0.011962
 647.000000  0.010327
 648.000000  0.009497
 649.000000  0.008008
 650.000000  0.009595
 651.000000  0.007666
 652.000000  0.009644
 653.000000  0.008032
 654.000000  0.009351
 655.000000  0.010131
 656.000000  0.009399
 657.000000  0.010473
 658.000000  0.009424
 659.000000  0.007910
 660.000000  0.009570
 661.000000  0.010034
 662.000000  0.009326
 663.000000  0.010156
 664.000000  0.011572
 665.000000  0.010302
 666.000000  0.011962
 667.000000  0.010058
 668.000000  0.009521
 669.000000  0.007739
 670.000000  0.009497
 671.000000  0.007739
 672.000000  0.009448
 673.000000  0.010278
 674.000000  0.011938
 675.000000  0.010131
 676.000000  0.009375
 677.000000  0.010034
 678.000000  0.009009
 679.000000  0.010107
 680.000000  0.009375
 681.000000  0.007568
 682.000000  0.009473
 683.000000  0.010058
 684.000000  0.009497
 685.000000  0.010522
 686.000000  0.009253
 687.000000  0.007861
 688.000000  0.011914
 689.000000  0.007642
 690.000000  0.012109
 691.000000  0.010156
 692.000000  0.009521
 693.000000  0.010058
 694.000000  0.009351
 695.000000  0.010058
 696.000000  0.011401
 697.000000  0.010180
 698.000000  0.009351
 699.000000  0.010009
 700.000000  0.009424
 701.000000  0.007690
 702.000000  0.009180
 703.000000  0.007690
 704.000000  0.011889
 705.000000  0.010058
 706.000000  0.009399
 707.000000  0.007739
 708.000000  0.009448
 709.000000  0.009985
 710.000000  0.009326
 711.000000  0.010351
 712.000000  0.009546
 713.000000  0.010400
 714.000000  0.009326
 715.000000  0.010253
 716.000000  0.009326
 717.000000  0.010351
 718.000000  0.009399
 719.000000  0.010107
 720.000000  0.009375
 721.000000  0.010351
 722.000000  0.009570
 723.000000  0.010327
 724.000000  0.009375
 725.000000  0.010229
 726.000000  0.009595
 727.000000  0.010351
 728.000000  0.009375
 729.000000  0.008032
 730.000000  0.009521
 731.000000  0.010766
 732.000000  0.009570
 733.000000  0.010424
 734.000000  0.011962
 735.000000  0.010351
 736.000000  0.009155
 737.000000  0.010131
 738.000000  0.009253
 739.000000  0.010107
 740.000000  0.009473
 741.000000  0.010424
 742.000000  0.009473
 743.000000  0.007690
 744.000000  0.009326
 745.000000  0.010351
 746.000000  0.009253
 747.000000  0.007739
 748.000000  0.009351
 749.000000  0.010205
 750.000000  0.009399
 751.000000  0.010107
 752.000000  0.011840
 753.000000  0.010595
 754.000000  0.009424
 755.000000  0.010302
 756.000000  0.009497
 757.000000  0.010058
 758.000000  0.009521
 759.000000  0.007690
 760.000000  0.009521
 761.000000  0.010546
 762.000000  0.009497
 763.000000  0.010205
 764.000000  0.009399
 765.000000  0.009887
 766.000000  0.009082
 767.000000  0.007764
 768.000000  0.009155
 769.000000  0.009985
 770.000000  0.008887
 771.000000  0.009887
 772.000000  0.009082
 773.000000  0.009912
 774.000000  0.011914
 775.000000  0.010083
 776.000000  0.011767
 777.000000  0.010156
 778.000000  0.009326
 779.000000  0.007642
 780.000000  0.009131
 781.000000  0.007666
 782.000000  0.011718
 783.000000  0.010058
 784.000000  0.009155
 785.000000  0.010107
 786.000000  0.009375
 787.000000  0.009961
 788.000000  0.011621
 789.000000  0.009985
 790.000000  0.009180
 791.000000  0.010058
 792.000000  0.009131
 793.000000  0.010058
 794.000000  0.009106
 795.000000  0.010058
 796.000000  0.009497
 797.000000  0.010131
 798.000000  0.009351
 799.000000  0.010034
 800.000000  0.008936
 801.000000  0.010009
 802.000000  0.011694
 803.000000  0.009912
 804.000000  0.009058
 805.000000  0.009936
 806.000000  0.009009
 807.000000  0.010107
 808.000000  0.011596
 809.000000  0.007617
 810.000000  0.009277
 811.000000  0.007495
 812.000000  0.009155
 813.000000  0.007495
 814.000000  0.009302
 815.000000  0.010058
 816.000000  0.009228
 817.000000  0.009936
 818.000000  0.009546
 819.000000  0.009912
 820.000000  0.008838
 821.000000  0.009936
 822.000000  0.008936
 823.000000  0.010107
 824.000000  0.011669
 825.000000  0.010107
 826.000000  0.009180
 827.000000  0.009863
 828.000000  0.008862
 829.000000  0.010083
 830.000000  0.008691
 831.000000  0.009863
 832.000000  0.008911
 833.000000  0.009912
 834.000000  0.008984
 835.000000  0.009912
 836.000000  0.011474
 837.000000  0.010009
 838.000000  0.009131
 839.000000  0.009863
 840.000000  0.009155
 841.000000  0.009838
 842.000000  0.011547
 843.000000  0.010083
 844.000000  0.009082
 845.000000  0.007715
 846.000000  0.011303
 847.000000  0.009936
 848.000000  0.008643
 849.000000  0.009985
 850.000000  0.008911
 851.000000  0.009961
 852.000000  0.009058
 853.000000  0.007495
 854.000000  0.011743
 855.000000  0.009863
 856.000000  0.008887
 857.000000  0.007617
 858.000000  0.009033
 859.000000  0.007593
 860.000000  0.011352
 861.000000  0.009887
 862.000000  0.008960
 863.000000  0.007617
 864.000000  0.008716
 865.000000  0.010083
 866.000000  0.011523
 867.000000  0.007642
 868.000000  0.009399
 869.000000  0.010083
 870.000000  0.009546
 871.000000  0.010351
 872.000000  0.009473
 873.000000  0.010009
 874.000000  0.009033
 875.000000  0.009936
 876.000000  0.009009
 877.000000  0.007397
 878.000000  0.009399
 879.000000  0.007519
 880.000000  0.008936
 881.000000  0.010205
 882.000000  0.009058
 883.000000  0.010058
 884.000000  0.009082
 885.000000  0.010107
 886.000000  0.009277
 887.000000  0.007617
 888.000000  0.009277
 889.000000  0.009961
 890.000000  0.009277
 891.000000  0.009985
 892.000000  0.009277
 893.000000  0.010083
 894.000000  0.009399
 895.000000  0.009912
 896.000000  0.008740
 897.000000  0.010180
 898.000000  0.008911
 899.000000  0.009961
 900.000000  0.008936
 901.000000  0.010107
 902.000000  0.011718
 903.000000  0.010009
 904.000000  0.009009
 905.000000  0.010083
 906.000000  0.011645
 907.000000  0.009961
 908.000000  0.011450
 909.000000  0.010034
 910.000000  0.009228
 911.000000  0.009936
 912.000000  0.009375
 913.000000  0.009912
 914.000000  0.008862
 915.000000  0.010009
 916.000000  0.009180
 917.000000  0.009985
 918.000000  0.011816
 919.000000  0.010034
 920.000000  0.011987
 921.000000  0.009961
 922.000000  0.009033
 923.000000  0.009838
 924.000000  0.009228
 925.000000  0.009961
 926.000000  0.009106
 927.000000  0.010009
 928.000000  0.009277
 929.000000  0.010107
 930.000000  0.009326
 931.000000  0.010253
 932.000000  0.009521
 933.000000  0.010302
 934.000000  0.009473
 935.000000  0.010205
 936.000000  0.009497
 937.000000  0.010058
 938.000000  0.009253
 939.000000  0.009887
 940.000000  0.009424
 941.000000  0.009887
 942.000000  0.009155
 943.000000  0.009961
 944.000000  0.008911
 945.000000  0.007471
 946.000000  0.011596
 947.000000  0.010302
 948.000000  0.009399
 949.000000  0.009936
 950.000000  0.011669
 951.000000  0.010180
 952.000000  0.009302
 953.000000  0.010229
 954.000000  0.009155
 955.000000  0.010009
 956.000000  0.009497
 957.000000  0.010009
 958.000000  0.009058
 959.000000  0.007642
 960.000000  0.009058
 961.000000  0.007349
 962.000000  0.011572
 963.000000  0.007397
 964.000000  0.008765
 965.000000  0.010229
 966.000000  0.009131
 967.000000  0.009887
 968.000000  0.008936
 969.000000  0.010034
 970.000000  0.011621
 971.000000  0.010083
 972.000000  0.009375
 973.000000  0.009985
 974.000000  0.009424
 975.000000  0.010156
 976.000000  0.008960
 977.000000  0.010058
 978.000000  0.009277
 979.000000  0.009936
 980.000000  0.008887
 981.000000  0.010156
 982.000000  0.008960
 983.000000  0.007544
 984.000000  0.009033
 985.000000  0.010009
 986.000000  0.009058
 987.000000  0.009936
 988.000000  0.011743
 989.000000  0.010156
 990.000000  0.009399
 991.000000  0.009961
 992.000000  0.009448
 993.000000  0.010009
 994.000000  0.009009
 995.000000  0.010278
 996.000000  0.009155
 997.000000  0.010083
 998.000000  0.011450
 999.000000  0.009985
 1000.000000  0.011669
 1001.000000  0.010034
 1002.000000  0.008862
 1003.000000  0.009838
 1004.000000  0.008496
 1005.000000  0.009887
 1006.000000  0.008911
 1007.000000  0.009912
 1008.000000  0.009033
 1009.000000  0.009863
 1010.000000  0.008643
 1011.000000  0.010009
 1012.000000  0.008911
 1013.000000  0.009985
 1014.000000  0.008716
 1015.000000  0.009961
 1016.000000  0.008520
 1017.000000  0.010009
 1018.000000  0.008936
 1019.000000  0.009961
 1020.000000  0.008716
 1021.000000  0.009838
 1022.000000  0.008667
 1023.000000  0.010156
