 0.000000  0.008643
 1.000000  0.007617
 2.000000  0.008716
 3.000000  0.007373
 4.000000  0.008936
 5.000000  0.007471
 6.000000  0.009082
 7.000000  0.007446
 8.000000  0.008887
 9.000000  0.007544
 10.000000  0.008887
 11.000000  0.007495
 12.000000  0.009082
 13.000000  0.007519
 14.000000  0.009058
 15.000000  0.007422
 16.000000  0.008911
 17.000000  0.007446
 18.000000  0.009180
 19.000000  0.007642
 20.000000  0.008838
 21.000000  0.007519
 22.000000  0.008691
 23.000000  0.007544
 24.000000  0.008984
 25.000000  0.007642
 26.000000  0.009351
 27.000000  0.009790
 28.000000  0.009106
 29.000000  0.007519
 30.000000  0.008789
 31.000000  0.007446
 32.000000  0.009106
 33.000000  0.007422
 34.000000  0.009082
 35.000000  0.007544
 36.000000  0.009009
 37.000000  0.007471
 38.000000  0.009180
 39.000000  0.009961
 40.000000  0.009228
 41.000000  0.007471
 42.000000  0.008911
 43.000000  0.007373
 44.000000  0.009082
 45.000000  0.007422
 46.000000  0.009155
 47.000000  0.007446
 48.000000  0.009009
 49.000000  0.007471
 50.000000  0.008643
 51.000000  0.007495
 52.000000  0.008716
 53.000000  0.007519
 54.000000  0.009082
 55.000000  0.007471
 56.000000  0.009473
 57.000000  0.007471
 58.000000  0.009228
 59.000000  0.009936
 60.000000  0.008960
 61.000000  0.009961
 62.000000  0.008740
 63.000000  0.007495
 64.000000  0.009058
 65.000000  0.007446
 66.000000  0.008887
 67.000000  0.009887
 68.000000  0.009033
 69.000000  0.007422
 70.000000  0.008862
 71.000000  0.007471
 72.000000  0.008838
 73.000000  0.007446
 74.000000  0.009106
 75.000000  0.007397
 76.000000  0.009106
 77.000000  0.007495
 78.000000  0.009058
 79.000000  0.007495
 80.000000  0.009228
 81.000000  0.007471
 82.000000  0.008667
 83.000000  0.007471
 84.000000  0.008691
 85.000000  0.007495
 86.000000  0.008765
 87.000000  0.007397
 88.000000  0.009204
 89.000000  0.007446
 90.000000  0.009131
 91.000000  0.007495
 92.000000  0.008789
 93.000000  0.007568
 94.000000  0.008594
 95.000000  0.007397
 96.000000  0.008838
 97.000000  0.007373
 98.000000  0.008838
 99.000000  0.007471
 100.000000  0.008936
 101.000000  0.009936
 102.000000  0.008838
 103.000000  0.009887
 104.000000  0.008789
 105.000000  0.007471
 106.000000  0.009106
 107.000000  0.007519
 108.000000  0.009180
 109.000000  0.010034
 110.000000  0.009082
 111.000000  0.007519
 112.000000  0.008643
 113.000000  0.007495
 114.000000  0.008838
 115.000000  0.007593
 116.000000  0.009033
 117.000000  0.007471
 118.000000  0.009155
 119.000000  0.007422
 120.000000  0.009228
 121.000000  0.007373
 122.000000  0.009009
 123.000000  0.007471
 124.000000  0.009082
 125.000000  0.007544
 126.000000  0.009180
 127.000000  0.009838
 128.000000  0.008887
 129.000000  0.007397
 130.000000  0.009058
 131.000000  0.009863
 132.000000  0.008960
 133.000000  0.007471
 134.000000  0.009155
 135.000000  0.009814
 136.000000  0.009033
 137.000000  0.007519
 138.000000  0.008765
 139.000000  0.007471
 140.000000  0.009253
 141.000000  0.007422
 142.000000  0.009033
 143.000000  0.007519
 144.000000  0.008862
 145.000000  0.009912
 146.000000  0.008887
 147.000000  0.007446
 148.000000  0.009180
 149.000000  0.009814
 150.000000  0.009106
 151.000000  0.007422
 152.000000  0.009155
 153.000000  0.007519
 154.000000  0.009033
 155.000000  0.007519
 156.000000  0.008813
 157.000000  0.009838
 158.000000  0.008960
 159.000000  0.007397
 160.000000  0.009033
 161.000000  0.007471
 162.000000  0.009204
 163.000000  0.007446
 164.000000  0.008984
 165.000000  0.007519
 166.000000  0.008716
 167.000000  0.007422
 168.000000  0.008887
 169.000000  0.009814
 170.000000  0.009009
 171.000000  0.007373
 172.000000  0.008887
 173.000000  0.007519
 174.000000  0.008569
 175.000000  0.007471
 176.000000  0.008813
 177.000000  0.007495
 178.000000  0.009082
 179.000000  0.009912
 180.000000  0.008716
 181.000000  0.007471
 182.000000  0.008667
 183.000000  0.007544
 184.000000  0.008740
 185.000000  0.007471
 186.000000  0.009009
 187.000000  0.007519
 188.000000  0.008545
 189.000000  0.007446
 190.000000  0.008569
 191.000000  0.007373
 192.000000  0.008594
 193.000000  0.007446
 194.000000  0.008887
 195.000000  0.007446
 196.000000  0.011059
 197.000000  0.007422
 198.000000  0.008789
 199.000000  0.009814
 200.000000  0.009033
 201.000000  0.009838
 202.000000  0.008716
 203.000000  0.007397
 204.000000  0.008740
 205.000000  0.007397
 206.000000  0.008618
 207.000000  0.007397
 208.000000  0.008813
 209.000000  0.009790
 210.000000  0.009106
 211.000000  0.007397
 212.000000  0.008618
 213.000000  0.009912
 214.000000  0.008643
 215.000000  0.007397
 216.000000  0.008862
 217.000000  0.007446
 218.000000  0.008789
 219.000000  0.009912
 220.000000  0.008618
 221.000000  0.007373
 222.000000  0.008667
 223.000000  0.007446
 224.000000  0.008862
 225.000000  0.007397
 226.000000  0.008936
 227.000000  0.009863
 228.000000  0.009033
 229.000000  0.009814
 230.000000  0.009131
 231.000000  0.007397
 232.000000  0.008887
 233.000000  0.009887
 234.000000  0.008643
 235.000000  0.007471
 236.000000  0.008740
 237.000000  0.007446
 238.000000  0.008813
 239.000000  0.009814
 240.000000  0.009009
 241.000000  0.007495
 242.000000  0.008887
 243.000000  0.009863
 244.000000  0.008374
 245.000000  0.007446
 246.000000  0.008936
 247.000000  0.007471
 248.000000  0.009058
 249.000000  0.007495
 250.000000  0.008789
 251.000000  0.007544
 252.000000  0.008960
 253.000000  0.007422
 254.000000  0.008618
 255.000000  0.009936
 256.000000  0.008887
 257.000000  0.007422
 258.000000  0.008862
 259.000000  0.007446
 260.000000  0.008936
 261.000000  0.007495
 262.000000  0.008667
 263.000000  0.009765
 264.000000  0.008643
 265.000000  0.009814
 266.000000  0.008643
 267.000000  0.009961
 268.000000  0.008887
 269.000000  0.009887
 270.000000  0.008740
 271.000000  0.007349
 272.000000  0.008545
 273.000000  0.007519
 274.000000  0.009106
 275.000000  0.009985
 276.000000  0.008765
 277.000000  0.009838
 278.000000  0.009082
 279.000000  0.007568
 280.000000  0.008862
 281.000000  0.009863
 282.000000  0.008984
 283.000000  0.009863
 284.000000  0.008911
 285.000000  0.007373
 286.000000  0.008569
 287.000000  0.007519
 288.000000  0.008789
 289.000000  0.009887
 290.000000  0.008862
 291.000000  0.007349
 292.000000  0.008887
 293.000000  0.007397
 294.000000  0.008838
 295.000000  0.009863
 296.000000  0.009180
 297.000000  0.009985
 298.000000  0.008984
 299.000000  0.009838
 300.000000  0.008984
 301.000000  0.007544
 302.000000  0.009033
 303.000000  0.010083
 304.000000  0.009351
 305.000000  0.007544
 306.000000  0.008887
 307.000000  0.009912
 308.000000  0.009253
 309.000000  0.009936
 310.000000  0.009106
 311.000000  0.007422
 312.000000  0.009009
 313.000000  0.007519
 314.000000  0.009155
 315.000000  0.009912
 316.000000  0.008960
 317.000000  0.007519
 318.000000  0.009033
 319.000000  0.007397
 320.000000  0.009058
 321.000000  0.009961
 322.000000  0.008960
 323.000000  0.009985
 324.000000  0.009058
 325.000000  0.007397
 326.000000  0.008984
 327.000000  0.007495
 328.000000  0.008765
 329.000000  0.010009
 330.000000  0.009253
 331.000000  0.009985
 332.000000  0.009277
 333.000000  0.009985
 334.000000  0.009131
 335.000000  0.009985
 336.000000  0.009131
 337.000000  0.007544
 338.000000  0.009277
 339.000000  0.007568
 340.000000  0.009351
 341.000000  0.009985
 342.000000  0.011230
 343.000000  0.009912
 344.000000  0.009082
 345.000000  0.009912
 346.000000  0.009180
 347.000000  0.007495
 348.000000  0.008887
 349.000000  0.009863
 350.000000  0.009375
 351.000000  0.010107
 352.000000  0.009106
 353.000000  0.010009
 354.000000  0.008936
 355.000000  0.007568
 356.000000  0.008984
 357.000000  0.007544
 358.000000  0.009253
 359.000000  0.009912
 360.000000  0.009253
 361.000000  0.007568
 362.000000  0.009204
 363.000000  0.010009
 364.000000  0.009131
 365.000000  0.007471
 366.000000  0.009351
 367.000000  0.007788
 368.000000  0.009351
 369.000000  0.007617
 370.000000  0.008960
 371.000000  0.010083
 372.000000  0.009253
 373.000000  0.009936
 374.000000  0.009375
 375.000000  0.010034
 376.000000  0.009180
 377.000000  0.007617
 378.000000  0.009399
 379.000000  0.007495
 380.000000  0.009180
 381.000000  0.010009
 382.000000  0.009180
 383.000000  0.007739
 384.000000  0.009277
 385.000000  0.007593
 386.000000  0.009253
 387.000000  0.010009
 388.000000  0.009302
 389.000000  0.010180
 390.000000  0.009399
 391.000000  0.010058
 392.000000  0.009448
 393.000000  0.007495
 394.000000  0.009351
 395.000000  0.007837
 396.000000  0.009326
 397.000000  0.007593
 398.000000  0.009228
 399.000000  0.007471
 400.000000  0.009277
 401.000000  0.010058
 402.000000  0.009448
 403.000000  0.007739
 404.000000  0.009351
 405.000000  0.007471
 406.000000  0.009228
 407.000000  0.008008
 408.000000  0.009473
 409.000000  0.010058
 410.000000  0.009473
 411.000000  0.010180
 412.000000  0.009595
 413.000000  0.007910
 414.000000  0.009546
 415.000000  0.010131
 416.000000  0.009473
 417.000000  0.007837
 418.000000  0.009570
 419.000000  0.008057
 420.000000  0.009595
 421.000000  0.007715
 422.000000  0.009424
 423.000000  0.007519
 424.000000  0.009351
 425.000000  0.010009
 426.000000  0.009351
 427.000000  0.010205
 428.000000  0.009448
 429.000000  0.010107
 430.000000  0.009473
 431.000000  0.010058
 432.000000  0.009351
 433.000000  0.007666
 434.000000  0.009521
 435.000000  0.010351
 436.000000  0.009131
 437.000000  0.010376
 438.000000  0.009277
 439.000000  0.010229
 440.000000  0.009570
 441.000000  0.010229
 442.000000  0.009424
 443.000000  0.010131
 444.000000  0.009521
 445.000000  0.010376
 446.000000  0.009619
 447.000000  0.007886
 448.000000  0.009521
 449.000000  0.010522
 450.000000  0.009497
 451.000000  0.010253
 452.000000  0.009473
 453.000000  0.010156
 454.000000  0.009424
 455.000000  0.010400
 456.000000  0.009692
 457.000000  0.010449
 458.000000  0.009570
 459.000000  0.010180
 460.000000  0.009717
 461.000000  0.010473
 462.000000  0.009448
 463.000000  0.010156
 464.000000  0.009644
 465.000000  0.010595
 466.000000  0.009668
 467.000000  0.007788
 468.000000  0.009595
 469.000000  0.008130
 470.000000  0.009595
 471.000000  0.010400
 472.000000  0.009570
 473.000000  0.008057
 474.000000  0.009741
 475.000000  0.010522
 476.000000  0.009644
 477.000000  0.007788
 478.000000  0.009570
 479.000000  0.010424
 480.000000  0.009619
 481.000000  0.010449
 482.000000  0.009619
 483.000000  0.008398
 484.000000  0.009302
 485.000000  0.010937
 486.000000  0.009497
 487.000000  0.008325
 488.000000  0.009595
 489.000000  0.007886
 490.000000  0.009570
 491.000000  0.010546
 492.000000  0.009644
 493.000000  0.010229
 494.000000  0.009692
 495.000000  0.010669
 496.000000  0.009668
 497.000000  0.008032
 498.000000  0.009644
 499.000000  0.010449
 500.000000  0.009644
 501.000000  0.010571
 502.000000  0.009473
 503.000000  0.010473
 504.000000  0.009570
 505.000000  0.010717
 506.000000  0.009595
 507.000000  0.008154
 508.000000  0.009619
 509.000000  0.008105
 510.000000  0.009717
 511.000000  0.010644
 512.000000  0.009546
 513.000000  0.007910
 514.000000  0.009497
 515.000000  0.007983
 516.000000  0.009570
 517.000000  0.008252
 518.000000  0.009644
 519.000000  0.008032
 520.000000  0.009644
 521.000000  0.008350
 522.000000  0.009497
 523.000000  0.010522
 524.000000  0.009497
 525.000000  0.010937
 526.000000  0.009570
 527.000000  0.010522
 528.000000  0.009692
 529.000000  0.011108
 530.000000  0.009619
 531.000000  0.011010
 532.000000  0.009668
 533.000000  0.008643
 534.000000  0.009741
 535.000000  0.008862
 536.000000  0.009741
 537.000000  0.010913
 538.000000  0.009717
 539.000000  0.010888
 540.000000  0.009717
 541.000000  0.008716
 542.000000  0.009741
 543.000000  0.009033
 544.000000  0.009644
 545.000000  0.008862
 546.000000  0.009717
 547.000000  0.011474
 548.000000  0.009741
 549.000000  0.011889
 550.000000  0.009766
 551.000000  0.011889
 552.000000  0.009741
 553.000000  0.009424
 554.000000  0.009741
 555.000000  0.009009
 556.000000  0.009741
 557.000000  0.011303
 558.000000  0.009766
 559.000000  0.011792
 560.000000  0.009766
 561.000000  0.009424
 562.000000  0.009790
 563.000000  0.012060
 564.000000  0.009741
 565.000000  0.012133
 566.000000  0.009790
 567.000000  0.012158
 568.000000  0.009766
 569.000000  0.012207
 570.000000  0.009814
 571.000000  0.012182
 572.000000  0.009790
 573.000000  0.012207
 574.000000  0.009790
 575.000000  0.012207
 576.000000  0.009936
 577.000000  0.012231
 578.000000  0.010376
 579.000000  0.012329
 580.000000  0.010815
 581.000000  0.010205
 582.000000  0.011743
 583.000000  0.013745
 584.000000  0.012158
 585.000000  0.014526
 586.000000  0.012671
 587.000000  0.015185
 588.000000  0.014624
 589.000000  0.014648
 590.000000  0.017017
 591.000000  0.021948
 592.000000  0.042017
 593.000000  0.137524
 594.000000  0.295288
 595.000000  0.319336
 596.000000  0.267236
 597.000000  0.153149
 598.000000  0.036865
 599.000000  0.019726
 600.000000  0.015063
 601.000000  0.016577
 602.000000  0.014478
 603.000000  0.014794
 604.000000  0.013281
 605.000000  0.014599
 606.000000  0.012231
 607.000000  0.013720
 608.000000  0.011963
 609.000000  0.012451
 610.000000  0.010644
 611.000000  0.012280
 612.000000  0.012426
 613.000000  0.012182
 614.000000  0.012255
 615.000000  0.012207
 616.000000  0.009814
 617.000000  0.009790
 618.000000  0.009790
 619.000000  0.012085
 620.000000  0.009814
 621.000000  0.012085
 622.000000  0.009839
 623.000000  0.012109
 624.000000  0.012207
 625.000000  0.012060
 626.000000  0.009766
 627.000000  0.012085
 628.000000  0.009790
 629.000000  0.012085
 630.000000  0.009766
 631.000000  0.012060
 632.000000  0.009717
 633.000000  0.012109
 634.000000  0.009741
 635.000000  0.011987
 636.000000  0.009766
 637.000000  0.009546
 638.000000  0.009692
 639.000000  0.011694
 640.000000  0.009741
 641.000000  0.012036
 642.000000  0.009766
 643.000000  0.009741
 644.000000  0.012231
 645.000000  0.012133
 646.000000  0.012158
 647.000000  0.012036
 648.000000  0.009766
 649.000000  0.009497
 650.000000  0.009741
 651.000000  0.009351
 652.000000  0.009766
 653.000000  0.009180
 654.000000  0.009741
 655.000000  0.011767
 656.000000  0.009766
 657.000000  0.011596
 658.000000  0.009741
 659.000000  0.009277
 660.000000  0.009741
 661.000000  0.011401
 662.000000  0.009668
 663.000000  0.011645
 664.000000  0.012207
 665.000000  0.011718
 666.000000  0.012182
 667.000000  0.011401
 668.000000  0.009717
 669.000000  0.009253
 670.000000  0.009741
 671.000000  0.009351
 672.000000  0.009717
 673.000000  0.011645
 674.000000  0.012182
 675.000000  0.011669
 676.000000  0.009741
 677.000000  0.011621
 678.000000  0.009717
 679.000000  0.011669
 680.000000  0.009741
 681.000000  0.009131
 682.000000  0.009741
 683.000000  0.011840
 684.000000  0.009741
 685.000000  0.011694
 686.000000  0.009741
 687.000000  0.009131
 688.000000  0.012182
 689.000000  0.009228
 690.000000  0.012182
 691.000000  0.011499
 692.000000  0.009741
 693.000000  0.011132
 694.000000  0.009717
 695.000000  0.011254
 696.000000  0.012182
 697.000000  0.011084
 698.000000  0.009741
 699.000000  0.011474
 700.000000  0.009741
 701.000000  0.009058
 702.000000  0.009741
 703.000000  0.009155
 704.000000  0.012133
 705.000000  0.010815
 706.000000  0.009741
 707.000000  0.008936
 708.000000  0.009790
 709.000000  0.011206
 710.000000  0.009717
 711.000000  0.011743
 712.000000  0.009766
 713.000000  0.011840
 714.000000  0.009766
 715.000000  0.011596
 716.000000  0.009766
 717.000000  0.011499
 718.000000  0.009741
 719.000000  0.011206
 720.000000  0.009766
 721.000000  0.011523
 722.000000  0.009790
 723.000000  0.011596
 724.000000  0.009766
 725.000000  0.011621
 726.000000  0.009766
 727.000000  0.011816
 728.000000  0.009741
 729.000000  0.008765
 730.000000  0.009790
 731.000000  0.011889
 732.000000  0.009692
 733.000000  0.011303
 734.000000  0.012207
 735.000000  0.011547
 736.000000  0.009717
 737.000000  0.011352
 738.000000  0.009717
 739.000000  0.011108
 740.000000  0.009741
 741.000000  0.011718
 742.000000  0.009741
 743.000000  0.009204
 744.000000  0.009717
 745.000000  0.011523
 746.000000  0.009766
 747.000000  0.008960
 748.000000  0.009717
 749.000000  0.011694
 750.000000  0.009766
 751.000000  0.011596
 752.000000  0.012182
 753.000000  0.011792
 754.000000  0.009766
 755.000000  0.011596
 756.000000  0.009741
 757.000000  0.011572
 758.000000  0.009741
 759.000000  0.008789
 760.000000  0.009741
 761.000000  0.011596
 762.000000  0.009741
 763.000000  0.011254
 764.000000  0.009692
 765.000000  0.011059
 766.000000  0.009619
 767.000000  0.008960
 768.000000  0.009668
 769.000000  0.011059
 770.000000  0.009717
 771.000000  0.010961
 772.000000  0.009741
 773.000000  0.011328
 774.000000  0.012158
 775.000000  0.011547
 776.000000  0.012182
 777.000000  0.011352
 778.000000  0.009741
 779.000000  0.008569
 780.000000  0.009741
 781.000000  0.008911
 782.000000  0.012182
 783.000000  0.010815
 784.000000  0.009644
 785.000000  0.011035
 786.000000  0.009766
 787.000000  0.011157
 788.000000  0.012158
 789.000000  0.011059
 790.000000  0.009692
 791.000000  0.010961
 792.000000  0.009741
 793.000000  0.011401
 794.000000  0.009741
 795.000000  0.011718
 796.000000  0.009766
 797.000000  0.011865
 798.000000  0.009717
 799.000000  0.011572
 800.000000  0.009668
 801.000000  0.010961
 802.000000  0.012182
 803.000000  0.010937
 804.000000  0.009619
 805.000000  0.010961
 806.000000  0.009717
 807.000000  0.010913
 808.000000  0.012158
 809.000000  0.008911
 810.000000  0.009790
 811.000000  0.009009
 812.000000  0.009692
 813.000000  0.008594
 814.000000  0.009741
 815.000000  0.011181
 816.000000  0.009668
 817.000000  0.011523
 818.000000  0.009741
 819.000000  0.011303
 820.000000  0.009692
 821.000000  0.011108
 822.000000  0.009766
 823.000000  0.011669
 824.000000  0.012182
 825.000000  0.011377
 826.000000  0.009717
 827.000000  0.011108
 828.000000  0.009741
 829.000000  0.011474
 830.000000  0.009692
 831.000000  0.010644
 832.000000  0.009741
 833.000000  0.011206
 834.000000  0.009595
 835.000000  0.010888
 836.000000  0.012182
 837.000000  0.011132
 838.000000  0.009717
 839.000000  0.011157
 840.000000  0.009741
 841.000000  0.011206
 842.000000  0.012109
 843.000000  0.011132
 844.000000  0.009741
 845.000000  0.008911
 846.000000  0.012109
 847.000000  0.011572
 848.000000  0.009692
 849.000000  0.011352
 850.000000  0.009692
 851.000000  0.011206
 852.000000  0.009692
 853.000000  0.008374
 854.000000  0.012182
 855.000000  0.010644
 856.000000  0.009644
 857.000000  0.009033
 858.000000  0.009741
 859.000000  0.008838
 860.000000  0.012085
 861.000000  0.010986
 862.000000  0.009741
 863.000000  0.008374
 864.000000  0.009717
 865.000000  0.010864
 866.000000  0.012158
 867.000000  0.008789
 868.000000  0.009741
 869.000000  0.010742
 870.000000  0.009741
 871.000000  0.011572
 872.000000  0.009717
 873.000000  0.011572
 874.000000  0.009741
 875.000000  0.011279
 876.000000  0.009692
 877.000000  0.008618
 878.000000  0.009692
 879.000000  0.008520
 880.000000  0.009644
 881.000000  0.011328
 882.000000  0.009692
 883.000000  0.011474
 884.000000  0.009790
 885.000000  0.011059
 886.000000  0.009717
 887.000000  0.008105
 888.000000  0.009717
 889.000000  0.010571
 890.000000  0.009692
 891.000000  0.010766
 892.000000  0.009668
 893.000000  0.011108
 894.000000  0.009668
 895.000000  0.010913
 896.000000  0.009717
 897.000000  0.011499
 898.000000  0.009741
 899.000000  0.010888
 900.000000  0.009570
 901.000000  0.010888
 902.000000  0.012133
 903.000000  0.010913
 904.000000  0.009692
 905.000000  0.011279
 906.000000  0.012085
 907.000000  0.010937
 908.000000  0.012158
 909.000000  0.011108
 910.000000  0.009741
 911.000000  0.011084
 912.000000  0.009766
 913.000000  0.010620
 914.000000  0.009692
 915.000000  0.010937
 916.000000  0.009717
 917.000000  0.011523
 918.000000  0.012133
 919.000000  0.010961
 920.000000  0.012182
 921.000000  0.010888
 922.000000  0.009717
 923.000000  0.011035
 924.000000  0.009644
 925.000000  0.010327
 926.000000  0.009668
 927.000000  0.011279
 928.000000  0.009741
 929.000000  0.011694
 930.000000  0.009741
 931.000000  0.011425
 932.000000  0.009668
 933.000000  0.011523
 934.000000  0.009692
 935.000000  0.011401
 936.000000  0.009668
 937.000000  0.011474
 938.000000  0.009717
 939.000000  0.011352
 940.000000  0.009692
 941.000000  0.011254
 942.000000  0.009717
 943.000000  0.011181
 944.000000  0.009741
 945.000000  0.009180
 946.000000  0.012182
 947.000000  0.011523
 948.000000  0.009741
 949.000000  0.011377
 950.000000  0.012207
 951.000000  0.011181
 952.000000  0.009692
 953.000000  0.011279
 954.000000  0.009668
 955.000000  0.010742
 956.000000  0.009766
 957.000000  0.011108
 958.000000  0.009570
 959.000000  0.008325
 960.000000  0.009521
 961.000000  0.008227
 962.000000  0.012133
 963.000000  0.008691
 964.000000  0.009619
 965.000000  0.011352
 966.000000  0.009644
 967.000000  0.011108
 968.000000  0.009741
 969.000000  0.011206
 970.000000  0.012133
 971.000000  0.011230
 972.000000  0.009766
 973.000000  0.011157
 974.000000  0.009692
 975.000000  0.011157
 976.000000  0.009692
 977.000000  0.010595
 978.000000  0.009692
 979.000000  0.010766
 980.000000  0.009595
 981.000000  0.011352
 982.000000  0.009595
 983.000000  0.008496
 984.000000  0.009668
 985.000000  0.010669
 986.000000  0.009644
 987.000000  0.010864
 988.000000  0.012158
 989.000000  0.010742
 990.000000  0.009668
 991.000000  0.010913
 992.000000  0.009717
 993.000000  0.010986
 994.000000  0.009668
 995.000000  0.011718
 996.000000  0.009668
 997.000000  0.011377
 998.000000  0.012036
 999.000000  0.011035
 1000.000000  0.012133
 1001.000000  0.011059
 1002.000000  0.009546
 1003.000000  0.010376
 1004.000000  0.009692
 1005.000000  0.010791
 1006.000000  0.009546
 1007.000000  0.011181
 1008.000000  0.009717
 1009.000000  0.010742
 1010.000000  0.009521
 1011.000000  0.010546
 1012.000000  0.009741
 1013.000000  0.010815
 1014.000000  0.009448
 1015.000000  0.010839
 1016.000000  0.009448
 1017.000000  0.010888
 1018.000000  0.009570
 1019.000000  0.010766
 1020.000000  0.009570
 1021.000000  0.010156
 1022.000000  0.009521
 1023.000000  0.011132
