 0.000000  0.008557
 1.000000  0.007425
 2.000000  0.008532
 3.000000  0.007349
 4.000000  0.009011
 5.000000  0.007425
 6.000000  0.009011
 7.000000  0.007500
 8.000000  0.008859
 9.000000  0.007576
 10.000000  0.008683
 11.000000  0.007425
 12.000000  0.009136
 13.000000  0.007576
 14.000000  0.008834
 15.000000  0.007425
 16.000000  0.008935
 17.000000  0.007425
 18.000000  0.008985
 19.000000  0.007425
 20.000000  0.008457
 21.000000  0.007551
 22.000000  0.008583
 23.000000  0.007626
 24.000000  0.009061
 25.000000  0.007450
 26.000000  0.009388
 27.000000  0.009866
 28.000000  0.008834
 29.000000  0.007500
 30.000000  0.008960
 31.000000  0.007551
 32.000000  0.008910
 33.000000  0.007526
 34.000000  0.009086
 35.000000  0.007576
 36.000000  0.008935
 37.000000  0.007425
 38.000000  0.008859
 39.000000  0.010042
 40.000000  0.008910
 41.000000  0.007450
 42.000000  0.008960
 43.000000  0.007551
 44.000000  0.008885
 45.000000  0.007400
 46.000000  0.008809
 47.000000  0.007500
 48.000000  0.008910
 49.000000  0.007601
 50.000000  0.008608
 51.000000  0.007576
 52.000000  0.008608
 53.000000  0.007425
 54.000000  0.008734
 55.000000  0.007450
 56.000000  0.009036
 57.000000  0.007500
 58.000000  0.009011
 59.000000  0.009866
 60.000000  0.009011
 61.000000  0.009816
 62.000000  0.008583
 63.000000  0.007375
 64.000000  0.009061
 65.000000  0.007475
 66.000000  0.008910
 67.000000  0.009916
 68.000000  0.008708
 69.000000  0.007425
 70.000000  0.008583
 71.000000  0.007400
 72.000000  0.008633
 73.000000  0.007375
 74.000000  0.008759
 75.000000  0.007450
 76.000000  0.008910
 77.000000  0.007500
 78.000000  0.008784
 79.000000  0.007500
 80.000000  0.008935
 81.000000  0.007400
 82.000000  0.008557
 83.000000  0.007375
 84.000000  0.008457
 85.000000  0.007425
 86.000000  0.008759
 87.000000  0.007425
 88.000000  0.009111
 89.000000  0.007475
 90.000000  0.008960
 91.000000  0.007400
 92.000000  0.008784
 93.000000  0.007400
 94.000000  0.008734
 95.000000  0.007349
 96.000000  0.008834
 97.000000  0.007400
 98.000000  0.009011
 99.000000  0.007425
 100.000000  0.008708
 101.000000  0.009967
 102.000000  0.008507
 103.000000  0.009916
 104.000000  0.008910
 105.000000  0.007400
 106.000000  0.009086
 107.000000  0.007450
 108.000000  0.009061
 109.000000  0.009866
 110.000000  0.008734
 111.000000  0.007500
 112.000000  0.008708
 113.000000  0.007375
 114.000000  0.008658
 115.000000  0.007500
 116.000000  0.008734
 117.000000  0.007475
 118.000000  0.008885
 119.000000  0.007400
 120.000000  0.008935
 121.000000  0.007450
 122.000000  0.008885
 123.000000  0.007375
 124.000000  0.008859
 125.000000  0.007450
 126.000000  0.008985
 127.000000  0.009916
 128.000000  0.008859
 129.000000  0.007450
 130.000000  0.008809
 131.000000  0.009866
 132.000000  0.008532
 133.000000  0.007400
 134.000000  0.008885
 135.000000  0.009941
 136.000000  0.008985
 137.000000  0.007551
 138.000000  0.009061
 139.000000  0.007425
 140.000000  0.009061
 141.000000  0.007450
 142.000000  0.009111
 143.000000  0.007400
 144.000000  0.008507
 145.000000  0.009891
 146.000000  0.008784
 147.000000  0.007425
 148.000000  0.009061
 149.000000  0.009967
 150.000000  0.008809
 151.000000  0.007375
 152.000000  0.008583
 153.000000  0.007475
 154.000000  0.009061
 155.000000  0.007425
 156.000000  0.008859
 157.000000  0.009816
 158.000000  0.008583
 159.000000  0.007475
 160.000000  0.009086
 161.000000  0.007400
 162.000000  0.008935
 163.000000  0.007450
 164.000000  0.008708
 165.000000  0.007500
 166.000000  0.008683
 167.000000  0.007450
 168.000000  0.008859
 169.000000  0.009841
 170.000000  0.008859
 171.000000  0.007349
 172.000000  0.008583
 173.000000  0.007475
 174.000000  0.008708
 175.000000  0.007400
 176.000000  0.008608
 177.000000  0.007425
 178.000000  0.008859
 179.000000  0.009841
 180.000000  0.008658
 181.000000  0.007475
 182.000000  0.008583
 183.000000  0.007526
 184.000000  0.008708
 185.000000  0.007601
 186.000000  0.008935
 187.000000  0.007500
 188.000000  0.008608
 189.000000  0.007400
 190.000000  0.008759
 191.000000  0.007375
 192.000000  0.008658
 193.000000  0.007450
 194.000000  0.008683
 195.000000  0.007450
 196.000000  0.011175
 197.000000  0.007375
 198.000000  0.008834
 199.000000  0.009790
 200.000000  0.008784
 201.000000  0.009866
 202.000000  0.008708
 203.000000  0.007425
 204.000000  0.008784
 205.000000  0.007475
 206.000000  0.008356
 207.000000  0.007349
 208.000000  0.008633
 209.000000  0.009816
 210.000000  0.009036
 211.000000  0.007400
 212.000000  0.008482
 213.000000  0.009790
 214.000000  0.008608
 215.000000  0.007400
 216.000000  0.008708
 217.000000  0.007425
 218.000000  0.008935
 219.000000  0.009866
 220.000000  0.008608
 221.000000  0.007400
 222.000000  0.008583
 223.000000  0.007375
 224.000000  0.008708
 225.000000  0.007349
 226.000000  0.008809
 227.000000  0.009816
 228.000000  0.009111
 229.000000  0.009841
 230.000000  0.008834
 231.000000  0.007375
 232.000000  0.008834
 233.000000  0.009841
 234.000000  0.008708
 235.000000  0.007500
 236.000000  0.008557
 237.000000  0.007349
 238.000000  0.008658
 239.000000  0.009790
 240.000000  0.009011
 241.000000  0.007475
 242.000000  0.008885
 243.000000  0.009740
 244.000000  0.008432
 245.000000  0.007425
 246.000000  0.009011
 247.000000  0.007400
 248.000000  0.008784
 249.000000  0.007375
 250.000000  0.008406
 251.000000  0.007475
 252.000000  0.008809
 253.000000  0.007425
 254.000000  0.008432
 255.000000  0.009941
 256.000000  0.008834
 257.000000  0.007400
 258.000000  0.008708
 259.000000  0.007400
 260.000000  0.009011
 261.000000  0.007349
 262.000000  0.008230
 263.000000  0.009816
 264.000000  0.008960
 265.000000  0.009790
 266.000000  0.008507
 267.000000  0.009790
 268.000000  0.008406
 269.000000  0.009941
 270.000000  0.008658
 271.000000  0.007375
 272.000000  0.008885
 273.000000  0.007400
 274.000000  0.008809
 275.000000  0.009916
 276.000000  0.008759
 277.000000  0.009816
 278.000000  0.009287
 279.000000  0.007375
 280.000000  0.009111
 281.000000  0.009790
 282.000000  0.008683
 283.000000  0.009765
 284.000000  0.008809
 285.000000  0.007349
 286.000000  0.008583
 287.000000  0.007601
 288.000000  0.008910
 289.000000  0.009967
 290.000000  0.008784
 291.000000  0.007425
 292.000000  0.008583
 293.000000  0.007349
 294.000000  0.009036
 295.000000  0.009841
 296.000000  0.008784
 297.000000  0.009891
 298.000000  0.008985
 299.000000  0.009891
 300.000000  0.008708
 301.000000  0.007450
 302.000000  0.008809
 303.000000  0.009916
 304.000000  0.009136
 305.000000  0.007450
 306.000000  0.008859
 307.000000  0.009916
 308.000000  0.008985
 309.000000  0.009916
 310.000000  0.008859
 311.000000  0.007500
 312.000000  0.009061
 313.000000  0.007425
 314.000000  0.009162
 315.000000  0.009891
 316.000000  0.009187
 317.000000  0.007425
 318.000000  0.008834
 319.000000  0.007450
 320.000000  0.008859
 321.000000  0.010067
 322.000000  0.008734
 323.000000  0.009891
 324.000000  0.008809
 325.000000  0.007677
 326.000000  0.008683
 327.000000  0.007475
 328.000000  0.008935
 329.000000  0.009891
 330.000000  0.008960
 331.000000  0.009941
 332.000000  0.008935
 333.000000  0.010042
 334.000000  0.008633
 335.000000  0.009866
 336.000000  0.008784
 337.000000  0.007450
 338.000000  0.008960
 339.000000  0.007500
 340.000000  0.008910
 341.000000  0.010067
 342.000000  0.011351
 343.000000  0.010092
 344.000000  0.009111
 345.000000  0.009941
 346.000000  0.009111
 347.000000  0.007526
 348.000000  0.008985
 349.000000  0.009967
 350.000000  0.008910
 351.000000  0.009916
 352.000000  0.008935
 353.000000  0.010092
 354.000000  0.008759
 355.000000  0.007500
 356.000000  0.008960
 357.000000  0.007626
 358.000000  0.009111
 359.000000  0.010017
 360.000000  0.009212
 361.000000  0.007576
 362.000000  0.009086
 363.000000  0.009866
 364.000000  0.008960
 365.000000  0.007526
 366.000000  0.009162
 367.000000  0.007450
 368.000000  0.009363
 369.000000  0.007551
 370.000000  0.008985
 371.000000  0.009992
 372.000000  0.009086
 373.000000  0.009891
 374.000000  0.009086
 375.000000  0.009916
 376.000000  0.009111
 377.000000  0.007576
 378.000000  0.009212
 379.000000  0.007500
 380.000000  0.009212
 381.000000  0.009891
 382.000000  0.008859
 383.000000  0.007526
 384.000000  0.009237
 385.000000  0.007601
 386.000000  0.009262
 387.000000  0.009992
 388.000000  0.009036
 389.000000  0.010042
 390.000000  0.009413
 391.000000  0.010118
 392.000000  0.009187
 393.000000  0.007425
 394.000000  0.009136
 395.000000  0.007626
 396.000000  0.009187
 397.000000  0.007651
 398.000000  0.009363
 399.000000  0.007551
 400.000000  0.009162
 401.000000  0.010092
 402.000000  0.008960
 403.000000  0.007677
 404.000000  0.009011
 405.000000  0.007651
 406.000000  0.009111
 407.000000  0.007828
 408.000000  0.008960
 409.000000  0.010042
 410.000000  0.009464
 411.000000  0.009916
 412.000000  0.009589
 413.000000  0.007626
 414.000000  0.009615
 415.000000  0.010067
 416.000000  0.009438
 417.000000  0.007702
 418.000000  0.009187
 419.000000  0.007752
 420.000000  0.009287
 421.000000  0.007450
 422.000000  0.009187
 423.000000  0.007425
 424.000000  0.009212
 425.000000  0.009941
 426.000000  0.009011
 427.000000  0.010042
 428.000000  0.009438
 429.000000  0.010067
 430.000000  0.009640
 431.000000  0.009992
 432.000000  0.009363
 433.000000  0.007702
 434.000000  0.009438
 435.000000  0.009992
 436.000000  0.009388
 437.000000  0.010118
 438.000000  0.009111
 439.000000  0.010092
 440.000000  0.009162
 441.000000  0.010092
 442.000000  0.009413
 443.000000  0.010092
 444.000000  0.009413
 445.000000  0.010243
 446.000000  0.009539
 447.000000  0.007727
 448.000000  0.009464
 449.000000  0.010319
 450.000000  0.009338
 451.000000  0.010243
 452.000000  0.009187
 453.000000  0.010344
 454.000000  0.009514
 455.000000  0.010193
 456.000000  0.009338
 457.000000  0.010168
 458.000000  0.009489
 459.000000  0.010067
 460.000000  0.009690
 461.000000  0.010369
 462.000000  0.009413
 463.000000  0.010168
 464.000000  0.009413
 465.000000  0.010319
 466.000000  0.009564
 467.000000  0.007777
 468.000000  0.009489
 469.000000  0.007979
 470.000000  0.009640
 471.000000  0.010319
 472.000000  0.009564
 473.000000  0.007777
 474.000000  0.009539
 475.000000  0.010445
 476.000000  0.009589
 477.000000  0.007777
 478.000000  0.009690
 479.000000  0.010545
 480.000000  0.009489
 481.000000  0.010394
 482.000000  0.009514
 483.000000  0.008281
 484.000000  0.009262
 485.000000  0.010772
 486.000000  0.009363
 487.000000  0.007979
 488.000000  0.009564
 489.000000  0.008230
 490.000000  0.009514
 491.000000  0.010394
 492.000000  0.009514
 493.000000  0.010420
 494.000000  0.009564
 495.000000  0.010394
 496.000000  0.009690
 497.000000  0.008155
 498.000000  0.009640
 499.000000  0.010696
 500.000000  0.009464
 501.000000  0.010722
 502.000000  0.009564
 503.000000  0.010520
 504.000000  0.009539
 505.000000  0.010621
 506.000000  0.009615
 507.000000  0.008104
 508.000000  0.009665
 509.000000  0.008356
 510.000000  0.009715
 511.000000  0.010470
 512.000000  0.009564
 513.000000  0.008104
 514.000000  0.009615
 515.000000  0.008130
 516.000000  0.009690
 517.000000  0.008507
 518.000000  0.009715
 519.000000  0.008180
 520.000000  0.009715
 521.000000  0.008482
 522.000000  0.009640
 523.000000  0.010747
 524.000000  0.009665
 525.000000  0.011099
 526.000000  0.009740
 527.000000  0.010722
 528.000000  0.009690
 529.000000  0.010973
 530.000000  0.009740
 531.000000  0.011074
 532.000000  0.009715
 533.000000  0.009136
 534.000000  0.009665
 535.000000  0.008985
 536.000000  0.009715
 537.000000  0.011301
 538.000000  0.009715
 539.000000  0.011351
 540.000000  0.009740
 541.000000  0.009111
 542.000000  0.009740
 543.000000  0.009589
 544.000000  0.009766
 545.000000  0.009464
 546.000000  0.009791
 547.000000  0.012056
 548.000000  0.009791
 549.000000  0.012131
 550.000000  0.009791
 551.000000  0.012181
 552.000000  0.009816
 553.000000  0.009740
 554.000000  0.010923
 555.000000  0.011880
 556.000000  0.014497
 557.000000  0.016133
 558.000000  0.014372
 559.000000  0.014623
 560.000000  0.012207
 561.000000  0.011100
 562.000000  0.012257
 563.000000  0.014623
 564.000000  0.012333
 565.000000  0.014547
 566.000000  0.012182
 567.000000  0.013968
 568.000000  0.012182
 569.000000  0.014220
 570.000000  0.012157
 571.000000  0.014321
 572.000000  0.012207
 573.000000  0.014547
 574.000000  0.012333
 575.000000  0.014698
 576.000000  0.014497
 577.000000  0.017089
 578.000000  0.017518
 579.000000  0.028491
 580.000000  0.078049
 581.000000  0.210364
 582.000000  0.303011
 583.000000  0.341394
 584.000000  0.258185
 585.000000  0.100349
 586.000000  0.024263
 587.000000  0.018449
 588.000000  0.014623
 589.000000  0.012333
 590.000000  0.012257
 591.000000  0.014572
 592.000000  0.012207
 593.000000  0.010823
 594.000000  0.011855
 595.000000  0.012987
 596.000000  0.010798
 597.000000  0.012207
 598.000000  0.009816
 599.000000  0.012156
 600.000000  0.009791
 601.000000  0.012081
 602.000000  0.009791
 603.000000  0.012081
 604.000000  0.009791
 605.000000  0.012106
 606.000000  0.009766
 607.000000  0.012005
 608.000000  0.009816
 609.000000  0.012056
 610.000000  0.009791
 611.000000  0.011829
 612.000000  0.012232
 613.000000  0.011829
 614.000000  0.012156
 615.000000  0.012030
 616.000000  0.009766
 617.000000  0.009313
 618.000000  0.009766
 619.000000  0.011502
 620.000000  0.009766
 621.000000  0.011678
 622.000000  0.009740
 623.000000  0.011552
 624.000000  0.012156
 625.000000  0.011225
 626.000000  0.009715
 627.000000  0.011326
 628.000000  0.009715
 629.000000  0.011376
 630.000000  0.009766
 631.000000  0.011779
 632.000000  0.009740
 633.000000  0.011930
 634.000000  0.009766
 635.000000  0.011754
 636.000000  0.009740
 637.000000  0.009061
 638.000000  0.009740
 639.000000  0.011149
 640.000000  0.009766
 641.000000  0.011149
 642.000000  0.009715
 643.000000  0.008809
 644.000000  0.012181
 645.000000  0.011326
 646.000000  0.012106
 647.000000  0.011552
 648.000000  0.009791
 649.000000  0.008935
 650.000000  0.009740
 651.000000  0.009237
 652.000000  0.009715
 653.000000  0.008985
 654.000000  0.009715
 655.000000  0.011603
 656.000000  0.009665
 657.000000  0.011275
 658.000000  0.009665
 659.000000  0.008633
 660.000000  0.009690
 661.000000  0.010873
 662.000000  0.009539
 663.000000  0.011326
 664.000000  0.012156
 665.000000  0.011577
 666.000000  0.012131
 667.000000  0.011124
 668.000000  0.009665
 669.000000  0.009136
 670.000000  0.009766
 671.000000  0.008985
 672.000000  0.009740
 673.000000  0.011351
 674.000000  0.012156
 675.000000  0.011024
 676.000000  0.009715
 677.000000  0.010847
 678.000000  0.009564
 679.000000  0.011301
 680.000000  0.009690
 681.000000  0.008608
 682.000000  0.009715
 683.000000  0.010923
 684.000000  0.009740
 685.000000  0.011301
 686.000000  0.009564
 687.000000  0.009011
 688.000000  0.012181
 689.000000  0.008633
 690.000000  0.012207
 691.000000  0.010898
 692.000000  0.009740
 693.000000  0.010621
 694.000000  0.009740
 695.000000  0.010973
 696.000000  0.012106
 697.000000  0.010973
 698.000000  0.009740
 699.000000  0.011049
 700.000000  0.009640
 701.000000  0.008608
 702.000000  0.009665
 703.000000  0.008532
 704.000000  0.012181
 705.000000  0.010470
 706.000000  0.009715
 707.000000  0.008708
 708.000000  0.009615
 709.000000  0.010621
 710.000000  0.009690
 711.000000  0.011351
 712.000000  0.009740
 713.000000  0.011426
 714.000000  0.009640
 715.000000  0.011628
 716.000000  0.009740
 717.000000  0.011250
 718.000000  0.009715
 719.000000  0.010998
 720.000000  0.009766
 721.000000  0.011225
 722.000000  0.009690
 723.000000  0.011149
 724.000000  0.009715
 725.000000  0.011200
 726.000000  0.009690
 727.000000  0.011024
 728.000000  0.009665
 729.000000  0.008885
 730.000000  0.009715
 731.000000  0.011653
 732.000000  0.009690
 733.000000  0.011074
 734.000000  0.012181
 735.000000  0.011577
 736.000000  0.009640
 737.000000  0.010873
 738.000000  0.009640
 739.000000  0.010948
 740.000000  0.009715
 741.000000  0.011703
 742.000000  0.009715
 743.000000  0.008532
 744.000000  0.009715
 745.000000  0.011628
 746.000000  0.009740
 747.000000  0.008734
 748.000000  0.009766
 749.000000  0.011099
 750.000000  0.009715
 751.000000  0.011477
 752.000000  0.012106
 753.000000  0.011552
 754.000000  0.009665
 755.000000  0.011326
 756.000000  0.009740
 757.000000  0.011376
 758.000000  0.009766
 759.000000  0.009086
 760.000000  0.009740
 761.000000  0.011829
 762.000000  0.009766
 763.000000  0.011225
 764.000000  0.009665
 765.000000  0.010722
 766.000000  0.009539
 767.000000  0.008784
 768.000000  0.009665
 769.000000  0.010797
 770.000000  0.009564
 771.000000  0.010520
 772.000000  0.009589
 773.000000  0.011099
 774.000000  0.012156
 775.000000  0.011275
 776.000000  0.012207
 777.000000  0.010747
 778.000000  0.009690
 779.000000  0.008557
 780.000000  0.009665
 781.000000  0.008985
 782.000000  0.012207
 783.000000  0.011024
 784.000000  0.009589
 785.000000  0.010571
 786.000000  0.009690
 787.000000  0.011099
 788.000000  0.012131
 789.000000  0.010772
 790.000000  0.009665
 791.000000  0.010671
 792.000000  0.009640
 793.000000  0.010646
 794.000000  0.009665
 795.000000  0.011074
 796.000000  0.009740
 797.000000  0.011250
 798.000000  0.009766
 799.000000  0.011099
 800.000000  0.009690
 801.000000  0.010696
 802.000000  0.012156
 803.000000  0.010898
 804.000000  0.009539
 805.000000  0.011024
 806.000000  0.009665
 807.000000  0.010671
 808.000000  0.012131
 809.000000  0.008432
 810.000000  0.009589
 811.000000  0.008306
 812.000000  0.009665
 813.000000  0.008306
 814.000000  0.009640
 815.000000  0.010722
 816.000000  0.009740
 817.000000  0.011225
 818.000000  0.009740
 819.000000  0.010998
 820.000000  0.009589
 821.000000  0.010847
 822.000000  0.009589
 823.000000  0.010998
 824.000000  0.012131
 825.000000  0.010998
 826.000000  0.009589
 827.000000  0.010269
 828.000000  0.009564
 829.000000  0.011124
 830.000000  0.009564
 831.000000  0.010847
 832.000000  0.009589
 833.000000  0.010973
 834.000000  0.009564
 835.000000  0.010772
 836.000000  0.012081
 837.000000  0.010822
 838.000000  0.009715
 839.000000  0.010722
 840.000000  0.009740
 841.000000  0.010923
 842.000000  0.012156
 843.000000  0.011200
 844.000000  0.009615
 845.000000  0.008507
 846.000000  0.011905
 847.000000  0.010671
 848.000000  0.009413
 849.000000  0.011024
 850.000000  0.009564
 851.000000  0.010847
 852.000000  0.009615
 853.000000  0.008507
 854.000000  0.012131
 855.000000  0.010294
 856.000000  0.009564
 857.000000  0.008457
 858.000000  0.009665
 859.000000  0.008255
 860.000000  0.012156
 861.000000  0.010772
 862.000000  0.009665
 863.000000  0.008557
 864.000000  0.009589
 865.000000  0.011099
 866.000000  0.012131
 867.000000  0.009036
 868.000000  0.009715
 869.000000  0.010797
 870.000000  0.009766
 871.000000  0.011754
 872.000000  0.009766
 873.000000  0.011024
 874.000000  0.009715
 875.000000  0.010621
 876.000000  0.009539
 877.000000  0.008205
 878.000000  0.009690
 879.000000  0.008255
 880.000000  0.009514
 881.000000  0.011149
 882.000000  0.009665
 883.000000  0.011124
 884.000000  0.009690
 885.000000  0.011401
 886.000000  0.009740
 887.000000  0.008180
 888.000000  0.009740
 889.000000  0.010369
 890.000000  0.009715
 891.000000  0.010671
 892.000000  0.009690
 893.000000  0.010847
 894.000000  0.009740
 895.000000  0.010772
 896.000000  0.009615
 897.000000  0.011175
 898.000000  0.009690
 899.000000  0.010621
 900.000000  0.009690
 901.000000  0.010923
 902.000000  0.012131
 903.000000  0.010998
 904.000000  0.009615
 905.000000  0.011275
 906.000000  0.012131
 907.000000  0.010747
 908.000000  0.012156
 909.000000  0.010998
 910.000000  0.009740
 911.000000  0.010495
 912.000000  0.009690
 913.000000  0.010168
 914.000000  0.009539
 915.000000  0.010998
 916.000000  0.009690
 917.000000  0.010772
 918.000000  0.012156
 919.000000  0.010671
 920.000000  0.012232
 921.000000  0.010747
 922.000000  0.009615
 923.000000  0.010646
 924.000000  0.009715
 925.000000  0.010696
 926.000000  0.009665
 927.000000  0.010898
 928.000000  0.009690
 929.000000  0.011200
 930.000000  0.009715
 931.000000  0.011628
 932.000000  0.009740
 933.000000  0.011301
 934.000000  0.009766
 935.000000  0.011376
 936.000000  0.009640
 937.000000  0.010898
 938.000000  0.009715
 939.000000  0.010193
 940.000000  0.009640
 941.000000  0.010747
 942.000000  0.009640
 943.000000  0.010495
 944.000000  0.009615
 945.000000  0.008381
 946.000000  0.012156
 947.000000  0.011628
 948.000000  0.009740
 949.000000  0.011074
 950.000000  0.012030
 951.000000  0.011074
 952.000000  0.009665
 953.000000  0.011275
 954.000000  0.009564
 955.000000  0.010873
 956.000000  0.009615
 957.000000  0.010696
 958.000000  0.009589
 959.000000  0.008457
 960.000000  0.009514
 961.000000  0.008104
 962.000000  0.012181
 963.000000  0.008079
 964.000000  0.009539
 965.000000  0.010520
 966.000000  0.009615
 967.000000  0.010445
 968.000000  0.009615
 969.000000  0.010671
 970.000000  0.012106
 971.000000  0.010621
 972.000000  0.009640
 973.000000  0.011074
 974.000000  0.009715
 975.000000  0.011200
 976.000000  0.009338
 977.000000  0.010822
 978.000000  0.009715
 979.000000  0.010118
 980.000000  0.009489
 981.000000  0.011074
 982.000000  0.009514
 983.000000  0.008004
 984.000000  0.009438
 985.000000  0.010646
 986.000000  0.009539
 987.000000  0.010596
 988.000000  0.012030
 989.000000  0.011024
 990.000000  0.009589
 991.000000  0.010898
 992.000000  0.009665
 993.000000  0.010923
 994.000000  0.009715
 995.000000  0.011477
 996.000000  0.009690
 997.000000  0.011200
 998.000000  0.012106
 999.000000  0.010898
 1000.000000  0.012081
 1001.000000  0.010797
 1002.000000  0.009489
 1003.000000  0.010168
 1004.000000  0.009388
 1005.000000  0.010671
 1006.000000  0.009489
 1007.000000  0.010520
 1008.000000  0.009766
 1009.000000  0.010269
 1010.000000  0.009539
 1011.000000  0.010596
 1012.000000  0.009489
 1013.000000  0.010822
 1014.000000  0.009514
 1015.000000  0.010646
 1016.000000  0.009313
 1017.000000  0.010545
 1018.000000  0.009464
 1019.000000  0.010344
 1020.000000  0.009615
 1021.000000  0.010168
 1022.000000  0.009388
 1023.000000  0.011074
