 0.000000  0.008887
 1.000000  0.007617
 2.000000  0.008887
 3.000000  0.007568
 4.000000  0.009253
 5.000000  0.007617
 6.000000  0.009302
 7.000000  0.007471
 8.000000  0.009253
 9.000000  0.007764
 10.000000  0.009131
 11.000000  0.007519
 12.000000  0.009082
 13.000000  0.007764
 14.000000  0.009204
 15.000000  0.007593
 16.000000  0.009399
 17.000000  0.007617
 18.000000  0.009302
 19.000000  0.007812
 20.000000  0.008740
 21.000000  0.007666
 22.000000  0.009082
 23.000000  0.007910
 24.000000  0.009228
 25.000000  0.007544
 26.000000  0.009497
 27.000000  0.010034
 28.000000  0.009204
 29.000000  0.007593
 30.000000  0.009106
 31.000000  0.007642
 32.000000  0.009326
 33.000000  0.007690
 34.000000  0.009204
 35.000000  0.007568
 36.000000  0.009228
 37.000000  0.007593
 38.000000  0.009033
 39.000000  0.010058
 40.000000  0.009473
 41.000000  0.007617
 42.000000  0.009326
 43.000000  0.007544
 44.000000  0.009473
 45.000000  0.007422
 46.000000  0.009204
 47.000000  0.007544
 48.000000  0.009082
 49.000000  0.007617
 50.000000  0.008936
 51.000000  0.007690
 52.000000  0.009009
 53.000000  0.007642
 54.000000  0.009253
 55.000000  0.007544
 56.000000  0.009399
 57.000000  0.007642
 58.000000  0.009399
 59.000000  0.009912
 60.000000  0.009204
 61.000000  0.010107
 62.000000  0.009009
 63.000000  0.007544
 64.000000  0.009106
 65.000000  0.007568
 66.000000  0.009180
 67.000000  0.009863
 68.000000  0.009131
 69.000000  0.007471
 70.000000  0.009009
 71.000000  0.007519
 72.000000  0.009131
 73.000000  0.007471
 74.000000  0.009204
 75.000000  0.007568
 76.000000  0.009546
 77.000000  0.007617
 78.000000  0.009204
 79.000000  0.007593
 80.000000  0.009106
 81.000000  0.007617
 82.000000  0.008813
 83.000000  0.007446
 84.000000  0.009033
 85.000000  0.007544
 86.000000  0.009082
 87.000000  0.007471
 88.000000  0.009399
 89.000000  0.007593
 90.000000  0.009204
 91.000000  0.007568
 92.000000  0.009155
 93.000000  0.007519
 94.000000  0.009082
 95.000000  0.007544
 96.000000  0.009204
 97.000000  0.007568
 98.000000  0.009302
 99.000000  0.007519
 100.000000  0.009082
 101.000000  0.010034
 102.000000  0.009204
 103.000000  0.010107
 104.000000  0.008960
 105.000000  0.007544
 106.000000  0.009448
 107.000000  0.007593
 108.000000  0.009399
 109.000000  0.010034
 110.000000  0.009424
 111.000000  0.007666
 112.000000  0.008887
 113.000000  0.007593
 114.000000  0.009253
 115.000000  0.007642
 116.000000  0.009033
 117.000000  0.007666
 118.000000  0.009277
 119.000000  0.007519
 120.000000  0.009497
 121.000000  0.007544
 122.000000  0.009570
 123.000000  0.007471
 124.000000  0.009399
 125.000000  0.007471
 126.000000  0.009424
 127.000000  0.010009
 128.000000  0.009448
 129.000000  0.007519
 130.000000  0.009277
 131.000000  0.009912
 132.000000  0.009277
 133.000000  0.007519
 134.000000  0.009399
 135.000000  0.010278
 136.000000  0.009253
 137.000000  0.007519
 138.000000  0.009399
 139.000000  0.007568
 140.000000  0.009448
 141.000000  0.007617
 142.000000  0.009399
 143.000000  0.007642
 144.000000  0.009253
 145.000000  0.010058
 146.000000  0.009180
 147.000000  0.007568
 148.000000  0.009277
 149.000000  0.010131
 150.000000  0.009253
 151.000000  0.007519
 152.000000  0.009375
 153.000000  0.007519
 154.000000  0.009473
 155.000000  0.007544
 156.000000  0.009180
 157.000000  0.009961
 158.000000  0.009351
 159.000000  0.007666
 160.000000  0.009521
 161.000000  0.007544
 162.000000  0.009302
 163.000000  0.007495
 164.000000  0.009228
 165.000000  0.007471
 166.000000  0.009424
 167.000000  0.007666
 168.000000  0.009351
 169.000000  0.009887
 170.000000  0.009375
 171.000000  0.007519
 172.000000  0.009253
 173.000000  0.007690
 174.000000  0.009058
 175.000000  0.007568
 176.000000  0.009131
 177.000000  0.007519
 178.000000  0.009204
 179.000000  0.009961
 180.000000  0.009033
 181.000000  0.007544
 182.000000  0.009033
 183.000000  0.007519
 184.000000  0.009521
 185.000000  0.007617
 186.000000  0.009448
 187.000000  0.007568
 188.000000  0.009253
 189.000000  0.007544
 190.000000  0.009180
 191.000000  0.007422
 192.000000  0.009180
 193.000000  0.007764
 194.000000  0.009204
 195.000000  0.007495
 196.000000  0.011401
 197.000000  0.007519
 198.000000  0.009204
 199.000000  0.010058
 200.000000  0.009277
 201.000000  0.010058
 202.000000  0.009253
 203.000000  0.007519
 204.000000  0.009351
 205.000000  0.007617
 206.000000  0.009302
 207.000000  0.007519
 208.000000  0.009326
 209.000000  0.009912
 210.000000  0.009326
 211.000000  0.007471
 212.000000  0.009277
 213.000000  0.010034
 214.000000  0.009399
 215.000000  0.007519
 216.000000  0.009253
 217.000000  0.007519
 218.000000  0.009253
 219.000000  0.010107
 220.000000  0.009131
 221.000000  0.007617
 222.000000  0.009106
 223.000000  0.007593
 224.000000  0.009155
 225.000000  0.007593
 226.000000  0.009131
 227.000000  0.010083
 228.000000  0.009399
 229.000000  0.010058
 230.000000  0.009497
 231.000000  0.007715
 232.000000  0.009448
 233.000000  0.010156
 234.000000  0.009473
 235.000000  0.007666
 236.000000  0.009180
 237.000000  0.007519
 238.000000  0.009521
 239.000000  0.009985
 240.000000  0.009228
 241.000000  0.007519
 242.000000  0.009351
 243.000000  0.009985
 244.000000  0.009155
 245.000000  0.007666
 246.000000  0.009228
 247.000000  0.007617
 248.000000  0.009228
 249.000000  0.007666
 250.000000  0.009180
 251.000000  0.007568
 252.000000  0.009326
 253.000000  0.007642
 254.000000  0.008960
 255.000000  0.010034
 256.000000  0.009473
 257.000000  0.007593
 258.000000  0.009204
 259.000000  0.007519
 260.000000  0.009448
 261.000000  0.007519
 262.000000  0.009351
 263.000000  0.009887
 264.000000  0.009228
 265.000000  0.009936
 266.000000  0.009253
 267.000000  0.009961
 268.000000  0.009253
 269.000000  0.009961
 270.000000  0.009302
 271.000000  0.007495
 272.000000  0.009302
 273.000000  0.007764
 274.000000  0.009497
 275.000000  0.009936
 276.000000  0.009302
 277.000000  0.009912
 278.000000  0.009448
 279.000000  0.007788
 280.000000  0.009668
 281.000000  0.010009
 282.000000  0.009155
 283.000000  0.010229
 284.000000  0.009473
 285.000000  0.007642
 286.000000  0.009180
 287.000000  0.007715
 288.000000  0.009399
 289.000000  0.010107
 290.000000  0.009228
 291.000000  0.007544
 292.000000  0.009399
 293.000000  0.007544
 294.000000  0.009302
 295.000000  0.009985
 296.000000  0.009351
 297.000000  0.010009
 298.000000  0.009424
 299.000000  0.010205
 300.000000  0.009326
 301.000000  0.007764
 302.000000  0.009448
 303.000000  0.010376
 304.000000  0.009546
 305.000000  0.007812
 306.000000  0.009424
 307.000000  0.010156
 308.000000  0.009473
 309.000000  0.010107
 310.000000  0.009521
 311.000000  0.007739
 312.000000  0.009326
 313.000000  0.008154
 314.000000  0.009497
 315.000000  0.010180
 316.000000  0.009424
 317.000000  0.007715
 318.000000  0.009351
 319.000000  0.007715
 320.000000  0.009326
 321.000000  0.010034
 322.000000  0.009277
 323.000000  0.010083
 324.000000  0.009326
 325.000000  0.007739
 326.000000  0.009521
 327.000000  0.007983
 328.000000  0.009277
 329.000000  0.010302
 330.000000  0.009619
 331.000000  0.010522
 332.000000  0.009497
 333.000000  0.010498
 334.000000  0.009448
 335.000000  0.010424
 336.000000  0.009375
 337.000000  0.007715
 338.000000  0.009546
 339.000000  0.007861
 340.000000  0.009521
 341.000000  0.010351
 342.000000  0.011694
 343.000000  0.010351
 344.000000  0.009473
 345.000000  0.010156
 346.000000  0.009668
 347.000000  0.007764
 348.000000  0.009375
 349.000000  0.010253
 350.000000  0.009570
 351.000000  0.010253
 352.000000  0.009497
 353.000000  0.010400
 354.000000  0.009570
 355.000000  0.007886
 356.000000  0.009521
 357.000000  0.007983
 358.000000  0.009424
 359.000000  0.010156
 360.000000  0.009644
 361.000000  0.007886
 362.000000  0.009570
 363.000000  0.010302
 364.000000  0.009570
 365.000000  0.008008
 366.000000  0.009692
 367.000000  0.008154
 368.000000  0.009595
 369.000000  0.007910
 370.000000  0.009521
 371.000000  0.010449
 372.000000  0.009521
 373.000000  0.010473
 374.000000  0.009595
 375.000000  0.010376
 376.000000  0.009546
 377.000000  0.008081
 378.000000  0.009595
 379.000000  0.007715
 380.000000  0.009570
 381.000000  0.010229
 382.000000  0.009595
 383.000000  0.008374
 384.000000  0.009546
 385.000000  0.008350
 386.000000  0.009595
 387.000000  0.010864
 388.000000  0.009619
 389.000000  0.010766
 390.000000  0.009692
 391.000000  0.010766
 392.000000  0.009741
 393.000000  0.007983
 394.000000  0.009692
 395.000000  0.008008
 396.000000  0.009570
 397.000000  0.008203
 398.000000  0.009619
 399.000000  0.008032
 400.000000  0.009595
 401.000000  0.010888
 402.000000  0.009644
 403.000000  0.008618
 404.000000  0.009644
 405.000000  0.007959
 406.000000  0.009570
 407.000000  0.008618
 408.000000  0.009644
 409.000000  0.010815
 410.000000  0.009692
 411.000000  0.010815
 412.000000  0.009644
 413.000000  0.008276
 414.000000  0.009717
 415.000000  0.010766
 416.000000  0.009692
 417.000000  0.008716
 418.000000  0.009668
 419.000000  0.008765
 420.000000  0.009741
 421.000000  0.008227
 422.000000  0.009644
 423.000000  0.008301
 424.000000  0.009619
 425.000000  0.010595
 426.000000  0.009619
 427.000000  0.010791
 428.000000  0.009741
 429.000000  0.010839
 430.000000  0.009717
 431.000000  0.010815
 432.000000  0.009668
 433.000000  0.008130
 434.000000  0.009717
 435.000000  0.011108
 436.000000  0.009717
 437.000000  0.010913
 438.000000  0.009644
 439.000000  0.010815
 440.000000  0.009717
 441.000000  0.010937
 442.000000  0.009692
 443.000000  0.010717
 444.000000  0.009741
 445.000000  0.010913
 446.000000  0.009644
 447.000000  0.008691
 448.000000  0.009717
 449.000000  0.010839
 450.000000  0.009692
 451.000000  0.011157
 452.000000  0.009741
 453.000000  0.010864
 454.000000  0.009717
 455.000000  0.011132
 456.000000  0.009741
 457.000000  0.011230
 458.000000  0.009741
 459.000000  0.010742
 460.000000  0.009741
 461.000000  0.011377
 462.000000  0.009766
 463.000000  0.010986
 464.000000  0.009766
 465.000000  0.011572
 466.000000  0.009741
 467.000000  0.008838
 468.000000  0.009741
 469.000000  0.009082
 470.000000  0.009717
 471.000000  0.011157
 472.000000  0.009668
 473.000000  0.009009
 474.000000  0.009766
 475.000000  0.011254
 476.000000  0.009741
 477.000000  0.008813
 478.000000  0.009766
 479.000000  0.011523
 480.000000  0.009766
 481.000000  0.011499
 482.000000  0.009766
 483.000000  0.009351
 484.000000  0.009692
 485.000000  0.011865
 486.000000  0.009717
 487.000000  0.009375
 488.000000  0.009766
 489.000000  0.009082
 490.000000  0.009741
 491.000000  0.011303
 492.000000  0.009766
 493.000000  0.011279
 494.000000  0.009741
 495.000000  0.011523
 496.000000  0.009766
 497.000000  0.009131
 498.000000  0.009717
 499.000000  0.011377
 500.000000  0.009717
 501.000000  0.011743
 502.000000  0.009741
 503.000000  0.011303
 504.000000  0.009741
 505.000000  0.011987
 506.000000  0.009717
 507.000000  0.009131
 508.000000  0.009717
 509.000000  0.009253
 510.000000  0.009790
 511.000000  0.011254
 512.000000  0.009741
 513.000000  0.009009
 514.000000  0.009766
 515.000000  0.009204
 516.000000  0.009692
 517.000000  0.009473
 518.000000  0.009717
 519.000000  0.009180
 520.000000  0.009790
 521.000000  0.009546
 522.000000  0.009717
 523.000000  0.011694
 524.000000  0.009766
 525.000000  0.011938
 526.000000  0.009741
 527.000000  0.011596
 528.000000  0.009766
 529.000000  0.011938
 530.000000  0.009790
 531.000000  0.011987
 532.000000  0.009790
 533.000000  0.009644
 534.000000  0.009741
 535.000000  0.009619
 536.000000  0.009766
 537.000000  0.011889
 538.000000  0.009766
 539.000000  0.011962
 540.000000  0.009766
 541.000000  0.009692
 542.000000  0.009814
 543.000000  0.009619
 544.000000  0.009741
 545.000000  0.009619
 546.000000  0.009766
 547.000000  0.011938
 548.000000  0.009790
 549.000000  0.012133
 550.000000  0.009790
 551.000000  0.012085
 552.000000  0.009790
 553.000000  0.009741
 554.000000  0.009790
 555.000000  0.009717
 556.000000  0.009790
 557.000000  0.012133
 558.000000  0.009839
 559.000000  0.012133
 560.000000  0.010010
 561.000000  0.009741
 562.000000  0.009814
 563.000000  0.012182
 564.000000  0.009936
 565.000000  0.012207
 566.000000  0.009936
 567.000000  0.012207
 568.000000  0.010107
 569.000000  0.012231
 570.000000  0.010474
 571.000000  0.012280
 572.000000  0.010620
 573.000000  0.012353
 574.000000  0.011182
 575.000000  0.012573
 576.000000  0.011084
 577.000000  0.012841
 578.000000  0.011816
 579.000000  0.013720
 580.000000  0.012207
 581.000000  0.012061
 582.000000  0.012256
 583.000000  0.014599
 584.000000  0.012817
 585.000000  0.015478
 586.000000  0.015039
 587.000000  0.017627
 588.000000  0.016821
 589.000000  0.017187
 590.000000  0.018823
 591.000000  0.023461
 592.000000  0.028491
 593.000000  0.061938
 594.000000  0.205444
 595.000000  0.319800
 596.000000  0.358057
 597.000000  0.269336
 598.000000  0.101611
 599.000000  0.038891
 600.000000  0.029639
 601.000000  0.029809
 602.000000  0.026514
 603.000000  0.025878
 604.000000  0.021094
 605.000000  0.020654
 606.000000  0.017236
 607.000000  0.017358
 608.000000  0.014722
 609.000000  0.015014
 610.000000  0.012646
 611.000000  0.014477
 612.000000  0.014746
 613.000000  0.013989
 614.000000  0.014526
 615.000000  0.013159
 616.000000  0.011523
 617.000000  0.010376
 618.000000  0.011108
 619.000000  0.012402
 620.000000  0.011377
 621.000000  0.012329
 622.000000  0.010181
 623.000000  0.012231
 624.000000  0.012451
 625.000000  0.012207
 626.000000  0.010156
 627.000000  0.012207
 628.000000  0.009888
 629.000000  0.012207
 630.000000  0.011084
 631.000000  0.012548
 632.000000  0.010742
 633.000000  0.012353
 634.000000  0.010059
 635.000000  0.012207
 636.000000  0.009888
 637.000000  0.009790
 638.000000  0.009814
 639.000000  0.012158
 640.000000  0.009912
 641.000000  0.012207
 642.000000  0.010718
 643.000000  0.009888
 644.000000  0.012890
 645.000000  0.012255
 646.000000  0.012255
 647.000000  0.012207
 648.000000  0.009912
 649.000000  0.009741
 650.000000  0.009863
 651.000000  0.009790
 652.000000  0.009936
 653.000000  0.009741
 654.000000  0.009888
 655.000000  0.012158
 656.000000  0.009888
 657.000000  0.012182
 658.000000  0.009814
 659.000000  0.009668
 660.000000  0.009766
 661.000000  0.012182
 662.000000  0.009766
 663.000000  0.012158
 664.000000  0.012231
 665.000000  0.012158
 666.000000  0.012231
 667.000000  0.012158
 668.000000  0.009790
 669.000000  0.009766
 670.000000  0.009790
 671.000000  0.009766
 672.000000  0.009814
 673.000000  0.012182
 674.000000  0.012182
 675.000000  0.012133
 676.000000  0.009766
 677.000000  0.012182
 678.000000  0.009790
 679.000000  0.012109
 680.000000  0.009790
 681.000000  0.009619
 682.000000  0.009912
 683.000000  0.012207
 684.000000  0.009863
 685.000000  0.012182
 686.000000  0.009766
 687.000000  0.009668
 688.000000  0.012207
 689.000000  0.009717
 690.000000  0.012280
 691.000000  0.012133
 692.000000  0.009863
 693.000000  0.012109
 694.000000  0.009863
 695.000000  0.012158
 696.000000  0.012231
 697.000000  0.011914
 698.000000  0.009790
 699.000000  0.012036
 700.000000  0.009741
 701.000000  0.009521
 702.000000  0.009766
 703.000000  0.009692
 704.000000  0.012207
 705.000000  0.011889
 706.000000  0.009790
 707.000000  0.009717
 708.000000  0.009790
 709.000000  0.012060
 710.000000  0.009741
 711.000000  0.012133
 712.000000  0.009766
 713.000000  0.012109
 714.000000  0.009766
 715.000000  0.012158
 716.000000  0.009766
 717.000000  0.012207
 718.000000  0.009814
 719.000000  0.012060
 720.000000  0.009766
 721.000000  0.012109
 722.000000  0.009766
 723.000000  0.012158
 724.000000  0.009766
 725.000000  0.012158
 726.000000  0.009839
 727.000000  0.012207
 728.000000  0.009814
 729.000000  0.009668
 730.000000  0.009839
 731.000000  0.012158
 732.000000  0.009766
 733.000000  0.012109
 734.000000  0.012255
 735.000000  0.012182
 736.000000  0.009790
 737.000000  0.012109
 738.000000  0.009766
 739.000000  0.011962
 740.000000  0.009766
 741.000000  0.012060
 742.000000  0.009814
 743.000000  0.009766
 744.000000  0.009790
 745.000000  0.012133
 746.000000  0.009766
 747.000000  0.009717
 748.000000  0.009790
 749.000000  0.012182
 750.000000  0.009863
 751.000000  0.012207
 752.000000  0.012304
 753.000000  0.012207
 754.000000  0.009863
 755.000000  0.012231
 756.000000  0.009814
 757.000000  0.012133
 758.000000  0.009790
 759.000000  0.009692
 760.000000  0.009814
 761.000000  0.012182
 762.000000  0.009790
 763.000000  0.012133
 764.000000  0.009790
 765.000000  0.012036
 766.000000  0.009766
 767.000000  0.009741
 768.000000  0.009717
 769.000000  0.012133
 770.000000  0.009790
 771.000000  0.012036
 772.000000  0.009790
 773.000000  0.012109
 774.000000  0.012231
 775.000000  0.012182
 776.000000  0.012231
 777.000000  0.012109
 778.000000  0.009839
 779.000000  0.009644
 780.000000  0.009790
 781.000000  0.009692
 782.000000  0.012231
 783.000000  0.012060
 784.000000  0.009766
 785.000000  0.012085
 786.000000  0.009790
 787.000000  0.012085
 788.000000  0.012231
 789.000000  0.012085
 790.000000  0.009790
 791.000000  0.012133
 792.000000  0.009839
 793.000000  0.012182
 794.000000  0.009766
 795.000000  0.012182
 796.000000  0.009888
 797.000000  0.012207
 798.000000  0.009766
 799.000000  0.012158
 800.000000  0.009814
 801.000000  0.011987
 802.000000  0.012207
 803.000000  0.012085
 804.000000  0.009741
 805.000000  0.011889
 806.000000  0.009766
 807.000000  0.011987
 808.000000  0.012207
 809.000000  0.009717
 810.000000  0.009888
 811.000000  0.009668
 812.000000  0.009790
 813.000000  0.009619
 814.000000  0.009766
 815.000000  0.012133
 816.000000  0.009790
 817.000000  0.012207
 818.000000  0.009790
 819.000000  0.012133
 820.000000  0.009790
 821.000000  0.012085
 822.000000  0.009790
 823.000000  0.012158
 824.000000  0.012182
 825.000000  0.012182
 826.000000  0.009814
 827.000000  0.012011
 828.000000  0.009790
 829.000000  0.012085
 830.000000  0.009790
 831.000000  0.011962
 832.000000  0.009790
 833.000000  0.012011
 834.000000  0.009766
 835.000000  0.011987
 836.000000  0.012255
 837.000000  0.012036
 838.000000  0.009766
 839.000000  0.012109
 840.000000  0.009790
 841.000000  0.012060
 842.000000  0.012231
 843.000000  0.012158
 844.000000  0.009790
 845.000000  0.009766
 846.000000  0.012182
 847.000000  0.012182
 848.000000  0.009790
 849.000000  0.012060
 850.000000  0.009790
 851.000000  0.012109
 852.000000  0.009766
 853.000000  0.009668
 854.000000  0.012329
 855.000000  0.011987
 856.000000  0.009790
 857.000000  0.009692
 858.000000  0.009839
 859.000000  0.009619
 860.000000  0.012231
 861.000000  0.012182
 862.000000  0.009814
 863.000000  0.009448
 864.000000  0.009741
 865.000000  0.011987
 866.000000  0.012255
 867.000000  0.009692
 868.000000  0.009790
 869.000000  0.011840
 870.000000  0.009839
 871.000000  0.012085
 872.000000  0.009766
 873.000000  0.012182
 874.000000  0.009766
 875.000000  0.011914
 876.000000  0.009766
 877.000000  0.009668
 878.000000  0.009863
 879.000000  0.009741
 880.000000  0.009766
 881.000000  0.012085
 882.000000  0.009766
 883.000000  0.012109
 884.000000  0.009814
 885.000000  0.012011
 886.000000  0.009839
 887.000000  0.009741
 888.000000  0.009790
 889.000000  0.011865
 890.000000  0.009741
 891.000000  0.012060
 892.000000  0.009790
 893.000000  0.012182
 894.000000  0.009766
 895.000000  0.012011
 896.000000  0.009766
 897.000000  0.012158
 898.000000  0.009766
 899.000000  0.012109
 900.000000  0.009766
 901.000000  0.011987
 902.000000  0.012182
 903.000000  0.011743
 904.000000  0.009717
 905.000000  0.012158
 906.000000  0.012231
 907.000000  0.012036
 908.000000  0.012231
 909.000000  0.012011
 910.000000  0.009790
 911.000000  0.012085
 912.000000  0.009790
 913.000000  0.011914
 914.000000  0.009766
 915.000000  0.012158
 916.000000  0.009790
 917.000000  0.012060
 918.000000  0.012207
 919.000000  0.012011
 920.000000  0.012280
 921.000000  0.012158
 922.000000  0.009766
 923.000000  0.012109
 924.000000  0.009790
 925.000000  0.011816
 926.000000  0.009741
 927.000000  0.012158
 928.000000  0.009766
 929.000000  0.012182
 930.000000  0.009839
 931.000000  0.012109
 932.000000  0.009766
 933.000000  0.012133
 934.000000  0.009766
 935.000000  0.012207
 936.000000  0.009766
 937.000000  0.012060
 938.000000  0.009766
 939.000000  0.012085
 940.000000  0.009790
 941.000000  0.012133
 942.000000  0.009814
 943.000000  0.011938
 944.000000  0.009766
 945.000000  0.009766
 946.000000  0.012231
 947.000000  0.012133
 948.000000  0.009766
 949.000000  0.012085
 950.000000  0.012255
 951.000000  0.012060
 952.000000  0.009741
 953.000000  0.012109
 954.000000  0.009766
 955.000000  0.011865
 956.000000  0.009790
 957.000000  0.011962
 958.000000  0.009766
 959.000000  0.009497
 960.000000  0.009741
 961.000000  0.009375
 962.000000  0.012207
 963.000000  0.009644
 964.000000  0.009766
 965.000000  0.012085
 966.000000  0.009790
 967.000000  0.012158
 968.000000  0.009814
 969.000000  0.012060
 970.000000  0.012207
 971.000000  0.012182
 972.000000  0.009888
 973.000000  0.012060
 974.000000  0.009790
 975.000000  0.012060
 976.000000  0.009741
 977.000000  0.011792
 978.000000  0.009717
 979.000000  0.012011
 980.000000  0.009790
 981.000000  0.012085
 982.000000  0.009741
 983.000000  0.009399
 984.000000  0.009790
 985.000000  0.011914
 986.000000  0.009717
 987.000000  0.011767
 988.000000  0.012182
 989.000000  0.012109
 990.000000  0.009766
 991.000000  0.012085
 992.000000  0.009741
 993.000000  0.012109
 994.000000  0.009766
 995.000000  0.012158
 996.000000  0.009766
 997.000000  0.012133
 998.000000  0.012255
 999.000000  0.011938
 1000.000000  0.012207
 1001.000000  0.012060
 1002.000000  0.009741
 1003.000000  0.011547
 1004.000000  0.009741
 1005.000000  0.011962
 1006.000000  0.009766
 1007.000000  0.011792
 1008.000000  0.009741
 1009.000000  0.011694
 1010.000000  0.009766
 1011.000000  0.011523
 1012.000000  0.009766
 1013.000000  0.011962
 1014.000000  0.009741
 1015.000000  0.011816
 1016.000000  0.009717
 1017.000000  0.011987
 1018.000000  0.009717
 1019.000000  0.011938
 1020.000000  0.009741
 1021.000000  0.011499
 1022.000000  0.009741
 1023.000000  0.012011
