 0.000000  0.009058
 1.000000  0.007642
 2.000000  0.008789
 3.000000  0.007642
 4.000000  0.009180
 5.000000  0.007690
 6.000000  0.009302
 7.000000  0.007568
 8.000000  0.009033
 9.000000  0.007471
 10.000000  0.009253
 11.000000  0.007495
 12.000000  0.009399
 13.000000  0.007471
 14.000000  0.009302
 15.000000  0.007519
 16.000000  0.009399
 17.000000  0.007495
 18.000000  0.009424
 19.000000  0.007861
 20.000000  0.008960
 21.000000  0.007715
 22.000000  0.008911
 23.000000  0.008032
 24.000000  0.009326
 25.000000  0.007593
 26.000000  0.009570
 27.000000  0.010034
 28.000000  0.009326
 29.000000  0.007715
 30.000000  0.009399
 31.000000  0.007715
 32.000000  0.009326
 33.000000  0.007495
 34.000000  0.009399
 35.000000  0.007861
 36.000000  0.009448
 37.000000  0.007617
 38.000000  0.009424
 39.000000  0.010083
 40.000000  0.009448
 41.000000  0.007495
 42.000000  0.009399
 43.000000  0.007446
 44.000000  0.009448
 45.000000  0.007568
 46.000000  0.009204
 47.000000  0.007471
 48.000000  0.009326
 49.000000  0.007690
 50.000000  0.008984
 51.000000  0.007739
 52.000000  0.008984
 53.000000  0.007544
 54.000000  0.009180
 55.000000  0.007739
 56.000000  0.009302
 57.000000  0.007568
 58.000000  0.009497
 59.000000  0.009961
 60.000000  0.009473
 61.000000  0.010083
 62.000000  0.008911
 63.000000  0.007568
 64.000000  0.009375
 65.000000  0.007544
 66.000000  0.009180
 67.000000  0.010156
 68.000000  0.009155
 69.000000  0.007642
 70.000000  0.009326
 71.000000  0.007666
 72.000000  0.009009
 73.000000  0.007666
 74.000000  0.009302
 75.000000  0.007715
 76.000000  0.009302
 77.000000  0.007715
 78.000000  0.009253
 79.000000  0.007788
 80.000000  0.009302
 81.000000  0.007617
 82.000000  0.008984
 83.000000  0.007617
 84.000000  0.009277
 85.000000  0.007886
 86.000000  0.009204
 87.000000  0.007837
 88.000000  0.009302
 89.000000  0.007568
 90.000000  0.009155
 91.000000  0.007568
 92.000000  0.009155
 93.000000  0.007544
 94.000000  0.008936
 95.000000  0.007422
 96.000000  0.009155
 97.000000  0.007617
 98.000000  0.009448
 99.000000  0.007642
 100.000000  0.009399
 101.000000  0.010034
 102.000000  0.009253
 103.000000  0.010131
 104.000000  0.009131
 105.000000  0.007617
 106.000000  0.009546
 107.000000  0.007812
 108.000000  0.009448
 109.000000  0.010009
 110.000000  0.009473
 111.000000  0.007715
 112.000000  0.009106
 113.000000  0.007764
 114.000000  0.009448
 115.000000  0.007666
 116.000000  0.009106
 117.000000  0.007544
 118.000000  0.009375
 119.000000  0.007519
 120.000000  0.009497
 121.000000  0.007690
 122.000000  0.009204
 123.000000  0.007666
 124.000000  0.009399
 125.000000  0.007715
 126.000000  0.009302
 127.000000  0.009985
 128.000000  0.009497
 129.000000  0.007568
 130.000000  0.009375
 131.000000  0.010083
 132.000000  0.009180
 133.000000  0.007666
 134.000000  0.009253
 135.000000  0.010180
 136.000000  0.009228
 137.000000  0.007544
 138.000000  0.009448
 139.000000  0.007617
 140.000000  0.009277
 141.000000  0.007617
 142.000000  0.009375
 143.000000  0.007666
 144.000000  0.009204
 145.000000  0.010058
 146.000000  0.009180
 147.000000  0.007519
 148.000000  0.009326
 149.000000  0.010180
 150.000000  0.009375
 151.000000  0.007471
 152.000000  0.009131
 153.000000  0.007642
 154.000000  0.009351
 155.000000  0.007568
 156.000000  0.009228
 157.000000  0.010205
 158.000000  0.009351
 159.000000  0.007690
 160.000000  0.009497
 161.000000  0.007690
 162.000000  0.009473
 163.000000  0.007764
 164.000000  0.008936
 165.000000  0.007690
 166.000000  0.009277
 167.000000  0.007812
 168.000000  0.009521
 169.000000  0.010058
 170.000000  0.009277
 171.000000  0.007568
 172.000000  0.009204
 173.000000  0.007617
 174.000000  0.009180
 175.000000  0.007568
 176.000000  0.009424
 177.000000  0.007422
 178.000000  0.009448
 179.000000  0.010034
 180.000000  0.009399
 181.000000  0.007617
 182.000000  0.009326
 183.000000  0.007593
 184.000000  0.009326
 185.000000  0.007715
 186.000000  0.009497
 187.000000  0.007666
 188.000000  0.009375
 189.000000  0.007544
 190.000000  0.009375
 191.000000  0.007422
 192.000000  0.009058
 193.000000  0.007495
 194.000000  0.009253
 195.000000  0.007617
 196.000000  0.011596
 197.000000  0.007519
 198.000000  0.009424
 199.000000  0.010156
 200.000000  0.009375
 201.000000  0.010083
 202.000000  0.009326
 203.000000  0.007544
 204.000000  0.009448
 205.000000  0.007593
 206.000000  0.009277
 207.000000  0.007666
 208.000000  0.009302
 209.000000  0.010083
 210.000000  0.009424
 211.000000  0.007471
 212.000000  0.009326
 213.000000  0.010229
 214.000000  0.009277
 215.000000  0.007495
 216.000000  0.009302
 217.000000  0.007519
 218.000000  0.009204
 219.000000  0.010009
 220.000000  0.009033
 221.000000  0.007690
 222.000000  0.009424
 223.000000  0.007715
 224.000000  0.009033
 225.000000  0.007715
 226.000000  0.009253
 227.000000  0.010058
 228.000000  0.009473
 229.000000  0.010009
 230.000000  0.009473
 231.000000  0.007764
 232.000000  0.009521
 233.000000  0.010229
 234.000000  0.009277
 235.000000  0.007715
 236.000000  0.009375
 237.000000  0.007788
 238.000000  0.009424
 239.000000  0.010131
 240.000000  0.009424
 241.000000  0.007739
 242.000000  0.009521
 243.000000  0.010156
 244.000000  0.009106
 245.000000  0.007593
 246.000000  0.009375
 247.000000  0.007715
 248.000000  0.009521
 249.000000  0.007812
 250.000000  0.009546
 251.000000  0.007812
 252.000000  0.009351
 253.000000  0.007715
 254.000000  0.009180
 255.000000  0.010107
 256.000000  0.009570
 257.000000  0.007739
 258.000000  0.009448
 259.000000  0.007544
 260.000000  0.009424
 261.000000  0.007666
 262.000000  0.009351
 263.000000  0.009912
 264.000000  0.009302
 265.000000  0.009985
 266.000000  0.009033
 267.000000  0.010107
 268.000000  0.009302
 269.000000  0.010058
 270.000000  0.009521
 271.000000  0.007764
 272.000000  0.009326
 273.000000  0.007739
 274.000000  0.009351
 275.000000  0.009961
 276.000000  0.009448
 277.000000  0.010131
 278.000000  0.009644
 279.000000  0.008008
 280.000000  0.009570
 281.000000  0.010009
 282.000000  0.009473
 283.000000  0.010302
 284.000000  0.009497
 285.000000  0.007837
 286.000000  0.009473
 287.000000  0.008130
 288.000000  0.009521
 289.000000  0.010351
 290.000000  0.009473
 291.000000  0.007642
 292.000000  0.009644
 293.000000  0.007690
 294.000000  0.009399
 295.000000  0.010302
 296.000000  0.009546
 297.000000  0.010156
 298.000000  0.009521
 299.000000  0.010156
 300.000000  0.009595
 301.000000  0.008008
 302.000000  0.009521
 303.000000  0.010546
 304.000000  0.009595
 305.000000  0.007739
 306.000000  0.009595
 307.000000  0.010498
 308.000000  0.009521
 309.000000  0.010205
 310.000000  0.009668
 311.000000  0.007690
 312.000000  0.009546
 313.000000  0.008032
 314.000000  0.009619
 315.000000  0.010620
 316.000000  0.009546
 317.000000  0.007935
 318.000000  0.009521
 319.000000  0.007788
 320.000000  0.009570
 321.000000  0.010253
 322.000000  0.009644
 323.000000  0.010522
 324.000000  0.009497
 325.000000  0.008154
 326.000000  0.009497
 327.000000  0.007886
 328.000000  0.009473
 329.000000  0.010742
 330.000000  0.009644
 331.000000  0.010278
 332.000000  0.009668
 333.000000  0.010693
 334.000000  0.009399
 335.000000  0.010449
 336.000000  0.009546
 337.000000  0.008105
 338.000000  0.009546
 339.000000  0.008105
 340.000000  0.009570
 341.000000  0.010595
 342.000000  0.011962
 343.000000  0.010571
 344.000000  0.009595
 345.000000  0.010107
 346.000000  0.009717
 347.000000  0.007935
 348.000000  0.009619
 349.000000  0.010180
 350.000000  0.009692
 351.000000  0.010644
 352.000000  0.009595
 353.000000  0.010644
 354.000000  0.009668
 355.000000  0.008057
 356.000000  0.009570
 357.000000  0.008057
 358.000000  0.009570
 359.000000  0.010424
 360.000000  0.009692
 361.000000  0.008227
 362.000000  0.009570
 363.000000  0.010888
 364.000000  0.009595
 365.000000  0.008227
 366.000000  0.009570
 367.000000  0.008374
 368.000000  0.009717
 369.000000  0.008252
 370.000000  0.009595
 371.000000  0.010766
 372.000000  0.009619
 373.000000  0.010815
 374.000000  0.009644
 375.000000  0.010424
 376.000000  0.009570
 377.000000  0.008350
 378.000000  0.009668
 379.000000  0.008130
 380.000000  0.009717
 381.000000  0.010644
 382.000000  0.009595
 383.000000  0.008618
 384.000000  0.009546
 385.000000  0.008374
 386.000000  0.009619
 387.000000  0.010742
 388.000000  0.009668
 389.000000  0.010961
 390.000000  0.009570
 391.000000  0.010766
 392.000000  0.009668
 393.000000  0.008325
 394.000000  0.009644
 395.000000  0.008520
 396.000000  0.009644
 397.000000  0.008301
 398.000000  0.009595
 399.000000  0.008105
 400.000000  0.009741
 401.000000  0.011010
 402.000000  0.009692
 403.000000  0.008838
 404.000000  0.009668
 405.000000  0.008154
 406.000000  0.009717
 407.000000  0.009351
 408.000000  0.009692
 409.000000  0.011254
 410.000000  0.009741
 411.000000  0.011059
 412.000000  0.009717
 413.000000  0.008691
 414.000000  0.009766
 415.000000  0.011108
 416.000000  0.009668
 417.000000  0.008520
 418.000000  0.009741
 419.000000  0.008838
 420.000000  0.009741
 421.000000  0.008374
 422.000000  0.009741
 423.000000  0.008276
 424.000000  0.009741
 425.000000  0.010742
 426.000000  0.009644
 427.000000  0.010913
 428.000000  0.009692
 429.000000  0.010961
 430.000000  0.009741
 431.000000  0.011035
 432.000000  0.009692
 433.000000  0.008716
 434.000000  0.009717
 435.000000  0.011084
 436.000000  0.009692
 437.000000  0.011108
 438.000000  0.009570
 439.000000  0.010595
 440.000000  0.009692
 441.000000  0.011181
 442.000000  0.009741
 443.000000  0.011010
 444.000000  0.009741
 445.000000  0.010961
 446.000000  0.009717
 447.000000  0.009180
 448.000000  0.009644
 449.000000  0.011450
 450.000000  0.009692
 451.000000  0.011328
 452.000000  0.009741
 453.000000  0.011377
 454.000000  0.009741
 455.000000  0.011450
 456.000000  0.009741
 457.000000  0.011328
 458.000000  0.009766
 459.000000  0.011450
 460.000000  0.009741
 461.000000  0.011352
 462.000000  0.009741
 463.000000  0.011230
 464.000000  0.009741
 465.000000  0.011596
 466.000000  0.009717
 467.000000  0.008936
 468.000000  0.009717
 469.000000  0.009228
 470.000000  0.009766
 471.000000  0.011450
 472.000000  0.009741
 473.000000  0.009106
 474.000000  0.009766
 475.000000  0.011474
 476.000000  0.009741
 477.000000  0.009058
 478.000000  0.009766
 479.000000  0.011840
 480.000000  0.009717
 481.000000  0.011718
 482.000000  0.009766
 483.000000  0.009448
 484.000000  0.009692
 485.000000  0.012011
 486.000000  0.009741
 487.000000  0.009351
 488.000000  0.009692
 489.000000  0.009253
 490.000000  0.009717
 491.000000  0.011816
 492.000000  0.009766
 493.000000  0.011621
 494.000000  0.009766
 495.000000  0.011865
 496.000000  0.009741
 497.000000  0.009448
 498.000000  0.009766
 499.000000  0.011523
 500.000000  0.009766
 501.000000  0.011914
 502.000000  0.009790
 503.000000  0.011718
 504.000000  0.009766
 505.000000  0.011962
 506.000000  0.009766
 507.000000  0.009351
 508.000000  0.009766
 509.000000  0.009424
 510.000000  0.009741
 511.000000  0.011816
 512.000000  0.009741
 513.000000  0.009351
 514.000000  0.009741
 515.000000  0.009228
 516.000000  0.009790
 517.000000  0.009521
 518.000000  0.009741
 519.000000  0.009326
 520.000000  0.009790
 521.000000  0.009375
 522.000000  0.009717
 523.000000  0.011694
 524.000000  0.009741
 525.000000  0.011987
 526.000000  0.009766
 527.000000  0.011596
 528.000000  0.009814
 529.000000  0.012036
 530.000000  0.009839
 531.000000  0.012109
 532.000000  0.009741
 533.000000  0.009644
 534.000000  0.009766
 535.000000  0.009570
 536.000000  0.009741
 537.000000  0.011816
 538.000000  0.009766
 539.000000  0.012036
 540.000000  0.009790
 541.000000  0.009570
 542.000000  0.009814
 543.000000  0.009668
 544.000000  0.009766
 545.000000  0.009717
 546.000000  0.009814
 547.000000  0.012085
 548.000000  0.009790
 549.000000  0.012158
 550.000000  0.009814
 551.000000  0.012207
 552.000000  0.009790
 553.000000  0.009668
 554.000000  0.009814
 555.000000  0.009692
 556.000000  0.009790
 557.000000  0.012133
 558.000000  0.009814
 559.000000  0.012182
 560.000000  0.009961
 561.000000  0.009766
 562.000000  0.009863
 563.000000  0.012207
 564.000000  0.009936
 565.000000  0.012231
 566.000000  0.009814
 567.000000  0.012280
 568.000000  0.010132
 569.000000  0.012207
 570.000000  0.010425
 571.000000  0.012377
 572.000000  0.010474
 573.000000  0.012500
 574.000000  0.011108
 575.000000  0.012768
 576.000000  0.011328
 577.000000  0.013037
 578.000000  0.011890
 579.000000  0.014062
 580.000000  0.012305
 581.000000  0.012158
 582.000000  0.013013
 583.000000  0.015356
 584.000000  0.014770
 585.000000  0.018969
 586.000000  0.021802
 587.000000  0.031469
 588.000000  0.033740
 589.000000  0.032886
 590.000000  0.031982
 591.000000  0.029541
 592.000000  0.026709
 593.000000  0.026685
 594.000000  0.028809
 595.000000  0.032934
 596.000000  0.032861
 597.000000  0.034741
 598.000000  0.033203
 599.000000  0.035131
 600.000000  0.036353
 601.000000  0.047778
 602.000000  0.071558
 603.000000  0.129590
 604.000000  0.205493
 605.000000  0.281445
 606.000000  0.274585
 607.000000  0.205347
 608.000000  0.129834
 609.000000  0.064404
 610.000000  0.039795
 611.000000  0.030102
 612.000000  0.022729
 613.000000  0.018408
 614.000000  0.017773
 615.000000  0.016210
 616.000000  0.014087
 617.000000  0.012451
 618.000000  0.012549
 619.000000  0.014502
 620.000000  0.012207
 621.000000  0.013964
 622.000000  0.012036
 623.000000  0.012695
 624.000000  0.013867
 625.000000  0.012744
 626.000000  0.011108
 627.000000  0.012304
 628.000000  0.010498
 629.000000  0.012304
 630.000000  0.010742
 631.000000  0.012377
 632.000000  0.010937
 633.000000  0.012231
 634.000000  0.010034
 635.000000  0.012231
 636.000000  0.010693
 637.000000  0.009790
 638.000000  0.010205
 639.000000  0.012231
 640.000000  0.010229
 641.000000  0.012231
 642.000000  0.010229
 643.000000  0.009790
 644.000000  0.012426
 645.000000  0.012231
 646.000000  0.012451
 647.000000  0.012231
 648.000000  0.010083
 649.000000  0.009766
 650.000000  0.010034
 651.000000  0.009814
 652.000000  0.011035
 653.000000  0.009790
 654.000000  0.010571
 655.000000  0.012207
 656.000000  0.010107
 657.000000  0.012182
 658.000000  0.009961
 659.000000  0.009766
 660.000000  0.009936
 661.000000  0.012207
 662.000000  0.009863
 663.000000  0.012207
 664.000000  0.012231
 665.000000  0.012231
 666.000000  0.012329
 667.000000  0.012182
 668.000000  0.009814
 669.000000  0.009814
 670.000000  0.009936
 671.000000  0.009766
 672.000000  0.009839
 673.000000  0.012182
 674.000000  0.012304
 675.000000  0.012158
 676.000000  0.009839
 677.000000  0.012182
 678.000000  0.009814
 679.000000  0.012158
 680.000000  0.009814
 681.000000  0.009717
 682.000000  0.009912
 683.000000  0.012207
 684.000000  0.009888
 685.000000  0.012207
 686.000000  0.009790
 687.000000  0.009766
 688.000000  0.012377
 689.000000  0.009790
 690.000000  0.012426
 691.000000  0.012182
 692.000000  0.009888
 693.000000  0.012158
 694.000000  0.009936
 695.000000  0.012158
 696.000000  0.012280
 697.000000  0.012109
 698.000000  0.009814
 699.000000  0.012133
 700.000000  0.009814
 701.000000  0.009741
 702.000000  0.009790
 703.000000  0.009692
 704.000000  0.012280
 705.000000  0.012109
 706.000000  0.009814
 707.000000  0.009717
 708.000000  0.009790
 709.000000  0.012182
 710.000000  0.009863
 711.000000  0.012207
 712.000000  0.009814
 713.000000  0.012182
 714.000000  0.009790
 715.000000  0.012182
 716.000000  0.009839
 717.000000  0.012207
 718.000000  0.009741
 719.000000  0.012158
 720.000000  0.009790
 721.000000  0.012133
 722.000000  0.009863
 723.000000  0.012182
 724.000000  0.009814
 725.000000  0.012158
 726.000000  0.009839
 727.000000  0.012231
 728.000000  0.009839
 729.000000  0.009668
 730.000000  0.009888
 731.000000  0.012207
 732.000000  0.009766
 733.000000  0.012182
 734.000000  0.012207
 735.000000  0.012182
 736.000000  0.009766
 737.000000  0.012182
 738.000000  0.009814
 739.000000  0.012158
 740.000000  0.009814
 741.000000  0.012207
 742.000000  0.009766
 743.000000  0.009741
 744.000000  0.009766
 745.000000  0.012207
 746.000000  0.009790
 747.000000  0.009741
 748.000000  0.009839
 749.000000  0.012207
 750.000000  0.009814
 751.000000  0.012207
 752.000000  0.012402
 753.000000  0.012231
 754.000000  0.009888
 755.000000  0.012182
 756.000000  0.009912
 757.000000  0.012207
 758.000000  0.009814
 759.000000  0.009717
 760.000000  0.009814
 761.000000  0.012158
 762.000000  0.009766
 763.000000  0.012207
 764.000000  0.009741
 765.000000  0.012133
 766.000000  0.009766
 767.000000  0.009692
 768.000000  0.009741
 769.000000  0.012133
 770.000000  0.009790
 771.000000  0.012109
 772.000000  0.009814
 773.000000  0.012158
 774.000000  0.012231
 775.000000  0.012133
 776.000000  0.012182
 777.000000  0.012182
 778.000000  0.009790
 779.000000  0.009668
 780.000000  0.009839
 781.000000  0.009741
 782.000000  0.012255
 783.000000  0.012182
 784.000000  0.009766
 785.000000  0.012158
 786.000000  0.009790
 787.000000  0.012133
 788.000000  0.012231
 789.000000  0.012158
 790.000000  0.009790
 791.000000  0.012207
 792.000000  0.009888
 793.000000  0.012158
 794.000000  0.009790
 795.000000  0.012231
 796.000000  0.009888
 797.000000  0.012231
 798.000000  0.009814
 799.000000  0.012207
 800.000000  0.009790
 801.000000  0.012133
 802.000000  0.012231
 803.000000  0.012133
 804.000000  0.009766
 805.000000  0.012109
 806.000000  0.009814
 807.000000  0.012109
 808.000000  0.012207
 809.000000  0.009766
 810.000000  0.009961
 811.000000  0.009692
 812.000000  0.009766
 813.000000  0.009692
 814.000000  0.009814
 815.000000  0.012182
 816.000000  0.009863
 817.000000  0.012231
 818.000000  0.009839
 819.000000  0.012158
 820.000000  0.009766
 821.000000  0.012109
 822.000000  0.009790
 823.000000  0.012231
 824.000000  0.012255
 825.000000  0.012158
 826.000000  0.009839
 827.000000  0.012182
 828.000000  0.009839
 829.000000  0.012207
 830.000000  0.009790
 831.000000  0.012133
 832.000000  0.009766
 833.000000  0.012109
 834.000000  0.009790
 835.000000  0.012133
 836.000000  0.012304
 837.000000  0.012158
 838.000000  0.009741
 839.000000  0.012182
 840.000000  0.009888
 841.000000  0.012158
 842.000000  0.012255
 843.000000  0.012109
 844.000000  0.009839
 845.000000  0.009717
 846.000000  0.012255
 847.000000  0.012182
 848.000000  0.009790
 849.000000  0.012133
 850.000000  0.009839
 851.000000  0.012158
 852.000000  0.009790
 853.000000  0.009668
 854.000000  0.012304
 855.000000  0.012109
 856.000000  0.009839
 857.000000  0.009741
 858.000000  0.009839
 859.000000  0.009692
 860.000000  0.012207
 861.000000  0.012182
 862.000000  0.009814
 863.000000  0.009644
 864.000000  0.009814
 865.000000  0.012060
 866.000000  0.012255
 867.000000  0.009741
 868.000000  0.009790
 869.000000  0.012036
 870.000000  0.010034
 871.000000  0.012109
 872.000000  0.009790
 873.000000  0.012207
 874.000000  0.009888
 875.000000  0.012085
 876.000000  0.009766
 877.000000  0.009741
 878.000000  0.009912
 879.000000  0.009766
 880.000000  0.009790
 881.000000  0.012182
 882.000000  0.009814
 883.000000  0.012182
 884.000000  0.009912
 885.000000  0.012182
 886.000000  0.009839
 887.000000  0.009619
 888.000000  0.009814
 889.000000  0.012085
 890.000000  0.009766
 891.000000  0.012133
 892.000000  0.009790
 893.000000  0.012133
 894.000000  0.009766
 895.000000  0.012207
 896.000000  0.009766
 897.000000  0.012133
 898.000000  0.009839
 899.000000  0.012207
 900.000000  0.009766
 901.000000  0.012109
 902.000000  0.012231
 903.000000  0.012133
 904.000000  0.009766
 905.000000  0.012182
 906.000000  0.012231
 907.000000  0.012182
 908.000000  0.012280
 909.000000  0.012060
 910.000000  0.009839
 911.000000  0.012182
 912.000000  0.009814
 913.000000  0.012109
 914.000000  0.009790
 915.000000  0.012182
 916.000000  0.009766
 917.000000  0.012207
 918.000000  0.012231
 919.000000  0.012207
 920.000000  0.012304
 921.000000  0.012207
 922.000000  0.009790
 923.000000  0.012182
 924.000000  0.009814
 925.000000  0.012109
 926.000000  0.009790
 927.000000  0.012158
 928.000000  0.009790
 929.000000  0.012182
 930.000000  0.010156
 931.000000  0.012182
 932.000000  0.009790
 933.000000  0.012182
 934.000000  0.009741
 935.000000  0.012182
 936.000000  0.009790
 937.000000  0.012231
 938.000000  0.009790
 939.000000  0.012158
 940.000000  0.009814
 941.000000  0.012158
 942.000000  0.009814
 943.000000  0.012158
 944.000000  0.009814
 945.000000  0.009741
 946.000000  0.012377
 947.000000  0.012182
 948.000000  0.009814
 949.000000  0.012207
 950.000000  0.012207
 951.000000  0.012158
 952.000000  0.009766
 953.000000  0.012182
 954.000000  0.009741
 955.000000  0.012036
 956.000000  0.009790
 957.000000  0.012182
 958.000000  0.009790
 959.000000  0.009692
 960.000000  0.009790
 961.000000  0.009619
 962.000000  0.012182
 963.000000  0.009692
 964.000000  0.009790
 965.000000  0.012133
 966.000000  0.009814
 967.000000  0.012158
 968.000000  0.009888
 969.000000  0.012207
 970.000000  0.012207
 971.000000  0.012207
 972.000000  0.009912
 973.000000  0.012182
 974.000000  0.009790
 975.000000  0.012182
 976.000000  0.009741
 977.000000  0.012158
 978.000000  0.009766
 979.000000  0.011987
 980.000000  0.009790
 981.000000  0.012182
 982.000000  0.009790
 983.000000  0.009692
 984.000000  0.009790
 985.000000  0.012109
 986.000000  0.009766
 987.000000  0.012085
 988.000000  0.012207
 989.000000  0.012133
 990.000000  0.009790
 991.000000  0.011987
 992.000000  0.009766
 993.000000  0.012133
 994.000000  0.009814
 995.000000  0.012207
 996.000000  0.009790
 997.000000  0.012182
 998.000000  0.012255
 999.000000  0.012109
 1000.000000  0.012255
 1001.000000  0.012036
 1002.000000  0.009790
 1003.000000  0.012036
 1004.000000  0.009766
 1005.000000  0.012085
 1006.000000  0.009766
 1007.000000  0.011962
 1008.000000  0.009766
 1009.000000  0.012060
 1010.000000  0.009766
 1011.000000  0.011792
 1012.000000  0.009790
 1013.000000  0.012060
 1014.000000  0.009668
 1015.000000  0.012011
 1016.000000  0.009741
 1017.000000  0.012207
 1018.000000  0.009741
 1019.000000  0.012011
 1020.000000  0.009741
 1021.000000  0.011743
 1022.000000  0.009741
 1023.000000  0.012207
