 0.000000  0.008154
 1.000000  0.007349
 2.000000  0.007886
 3.000000  0.007397
 4.000000  0.008179
 5.000000  0.007349
 6.000000  0.008154
 7.000000  0.007373
 8.000000  0.008105
 9.000000  0.007422
 10.000000  0.008301
 11.000000  0.007373
 12.000000  0.008203
 13.000000  0.007373
 14.000000  0.008350
 15.000000  0.007373
 16.000000  0.008398
 17.000000  0.007397
 18.000000  0.008301
 19.000000  0.007568
 20.000000  0.007983
 21.000000  0.007422
 22.000000  0.008008
 23.000000  0.007373
 24.000000  0.008398
 25.000000  0.007373
 26.000000  0.008765
 27.000000  0.009765
 28.000000  0.008130
 29.000000  0.007373
 30.000000  0.008276
 31.000000  0.007349
 32.000000  0.008252
 33.000000  0.007349
 34.000000  0.008398
 35.000000  0.007324
 36.000000  0.008667
 37.000000  0.007349
 38.000000  0.008520
 39.000000  0.009790
 40.000000  0.008374
 41.000000  0.007397
 42.000000  0.008276
 43.000000  0.007349
 44.000000  0.008472
 45.000000  0.007397
 46.000000  0.008325
 47.000000  0.007373
 48.000000  0.008179
 49.000000  0.007397
 50.000000  0.007861
 51.000000  0.007349
 52.000000  0.008105
 53.000000  0.007349
 54.000000  0.008350
 55.000000  0.007324
 56.000000  0.008520
 57.000000  0.007324
 58.000000  0.008472
 59.000000  0.009765
 60.000000  0.008252
 61.000000  0.009765
 62.000000  0.007983
 63.000000  0.007349
 64.000000  0.008252
 65.000000  0.007349
 66.000000  0.008325
 67.000000  0.009814
 68.000000  0.007935
 69.000000  0.007349
 70.000000  0.008203
 71.000000  0.007397
 72.000000  0.007861
 73.000000  0.007324
 74.000000  0.007935
 75.000000  0.007324
 76.000000  0.008227
 77.000000  0.007349
 78.000000  0.008350
 79.000000  0.007349
 80.000000  0.008105
 81.000000  0.007373
 82.000000  0.007788
 83.000000  0.007349
 84.000000  0.007959
 85.000000  0.007373
 86.000000  0.008081
 87.000000  0.007324
 88.000000  0.008008
 89.000000  0.007373
 90.000000  0.008130
 91.000000  0.007324
 92.000000  0.007910
 93.000000  0.007324
 94.000000  0.007935
 95.000000  0.007349
 96.000000  0.008203
 97.000000  0.007349
 98.000000  0.008227
 99.000000  0.007349
 100.000000  0.008081
 101.000000  0.009814
 102.000000  0.007959
 103.000000  0.009790
 104.000000  0.007666
 105.000000  0.007324
 106.000000  0.008618
 107.000000  0.007349
 108.000000  0.008227
 109.000000  0.009838
 110.000000  0.008227
 111.000000  0.007349
 112.000000  0.008105
 113.000000  0.007373
 114.000000  0.007935
 115.000000  0.007397
 116.000000  0.007935
 117.000000  0.007324
 118.000000  0.008179
 119.000000  0.007373
 120.000000  0.008350
 121.000000  0.007373
 122.000000  0.008154
 123.000000  0.007349
 124.000000  0.008154
 125.000000  0.007349
 126.000000  0.008105
 127.000000  0.009790
 128.000000  0.008008
 129.000000  0.007349
 130.000000  0.007935
 131.000000  0.009814
 132.000000  0.008227
 133.000000  0.007349
 134.000000  0.008203
 135.000000  0.009814
 136.000000  0.008008
 137.000000  0.007300
 138.000000  0.008203
 139.000000  0.007397
 140.000000  0.008350
 141.000000  0.007349
 142.000000  0.008203
 143.000000  0.007324
 144.000000  0.007788
 145.000000  0.009765
 146.000000  0.007935
 147.000000  0.007324
 148.000000  0.008276
 149.000000  0.009765
 150.000000  0.008032
 151.000000  0.007349
 152.000000  0.008154
 153.000000  0.007373
 154.000000  0.007983
 155.000000  0.007324
 156.000000  0.007788
 157.000000  0.009814
 158.000000  0.007617
 159.000000  0.007324
 160.000000  0.008276
 161.000000  0.007373
 162.000000  0.007983
 163.000000  0.007324
 164.000000  0.007739
 165.000000  0.007349
 166.000000  0.007715
 167.000000  0.007397
 168.000000  0.007861
 169.000000  0.009790
 170.000000  0.007959
 171.000000  0.007349
 172.000000  0.007764
 173.000000  0.007300
 174.000000  0.007886
 175.000000  0.007349
 176.000000  0.007837
 177.000000  0.007397
 178.000000  0.007983
 179.000000  0.009790
 180.000000  0.007739
 181.000000  0.007324
 182.000000  0.007837
 183.000000  0.007324
 184.000000  0.008057
 185.000000  0.007324
 186.000000  0.008032
 187.000000  0.007373
 188.000000  0.007739
 189.000000  0.007349
 190.000000  0.007886
 191.000000  0.007349
 192.000000  0.007959
 193.000000  0.007349
 194.000000  0.007983
 195.000000  0.007300
 196.000000  0.010351
 197.000000  0.007324
 198.000000  0.007812
 199.000000  0.009741
 200.000000  0.007935
 201.000000  0.009814
 202.000000  0.007788
 203.000000  0.007373
 204.000000  0.007642
 205.000000  0.007324
 206.000000  0.007788
 207.000000  0.007349
 208.000000  0.007837
 209.000000  0.009790
 210.000000  0.008032
 211.000000  0.007349
 212.000000  0.007642
 213.000000  0.009790
 214.000000  0.007910
 215.000000  0.007349
 216.000000  0.007666
 217.000000  0.007324
 218.000000  0.007861
 219.000000  0.009814
 220.000000  0.007642
 221.000000  0.007349
 222.000000  0.007910
 223.000000  0.007324
 224.000000  0.007739
 225.000000  0.007373
 226.000000  0.007666
 227.000000  0.009765
 228.000000  0.008032
 229.000000  0.009765
 230.000000  0.007935
 231.000000  0.007397
 232.000000  0.007910
 233.000000  0.009790
 234.000000  0.007739
 235.000000  0.007349
 236.000000  0.007788
 237.000000  0.007324
 238.000000  0.007837
 239.000000  0.009790
 240.000000  0.007861
 241.000000  0.007349
 242.000000  0.008032
 243.000000  0.009765
 244.000000  0.007544
 245.000000  0.007324
 246.000000  0.007837
 247.000000  0.007324
 248.000000  0.007788
 249.000000  0.007373
 250.000000  0.007690
 251.000000  0.007349
 252.000000  0.007861
 253.000000  0.007324
 254.000000  0.007739
 255.000000  0.009741
 256.000000  0.007935
 257.000000  0.007373
 258.000000  0.007690
 259.000000  0.007349
 260.000000  0.007861
 261.000000  0.007324
 262.000000  0.007739
 263.000000  0.009741
 264.000000  0.007715
 265.000000  0.009765
 266.000000  0.007690
 267.000000  0.009790
 268.000000  0.007617
 269.000000  0.009765
 270.000000  0.007837
 271.000000  0.007324
 272.000000  0.007495
 273.000000  0.007349
 274.000000  0.007788
 275.000000  0.009765
 276.000000  0.007739
 277.000000  0.009790
 278.000000  0.007837
 279.000000  0.007324
 280.000000  0.008032
 281.000000  0.009790
 282.000000  0.007690
 283.000000  0.009765
 284.000000  0.007886
 285.000000  0.007300
 286.000000  0.007715
 287.000000  0.007300
 288.000000  0.007642
 289.000000  0.009814
 290.000000  0.007861
 291.000000  0.007324
 292.000000  0.007593
 293.000000  0.007349
 294.000000  0.008081
 295.000000  0.009765
 296.000000  0.007666
 297.000000  0.009814
 298.000000  0.007837
 299.000000  0.009741
 300.000000  0.007764
 301.000000  0.007349
 302.000000  0.007690
 303.000000  0.009814
 304.000000  0.007861
 305.000000  0.007324
 306.000000  0.007837
 307.000000  0.009765
 308.000000  0.008008
 309.000000  0.009765
 310.000000  0.007861
 311.000000  0.007324
 312.000000  0.007812
 313.000000  0.007349
 314.000000  0.007910
 315.000000  0.009790
 316.000000  0.007715
 317.000000  0.007324
 318.000000  0.007690
 319.000000  0.007324
 320.000000  0.007788
 321.000000  0.009765
 322.000000  0.007666
 323.000000  0.009765
 324.000000  0.007715
 325.000000  0.007300
 326.000000  0.007837
 327.000000  0.007397
 328.000000  0.007861
 329.000000  0.009790
 330.000000  0.007739
 331.000000  0.009741
 332.000000  0.007837
 333.000000  0.009790
 334.000000  0.007690
 335.000000  0.009790
 336.000000  0.007593
 337.000000  0.007349
 338.000000  0.007959
 339.000000  0.007349
 340.000000  0.007788
 341.000000  0.009790
 342.000000  0.010131
 343.000000  0.009765
 344.000000  0.007764
 345.000000  0.009765
 346.000000  0.007959
 347.000000  0.007349
 348.000000  0.007715
 349.000000  0.009765
 350.000000  0.007739
 351.000000  0.009790
 352.000000  0.007764
 353.000000  0.009790
 354.000000  0.007764
 355.000000  0.007373
 356.000000  0.007715
 357.000000  0.007349
 358.000000  0.007715
 359.000000  0.009741
 360.000000  0.007935
 361.000000  0.007300
 362.000000  0.007642
 363.000000  0.009790
 364.000000  0.007739
 365.000000  0.007324
 366.000000  0.007666
 367.000000  0.007324
 368.000000  0.007935
 369.000000  0.007349
 370.000000  0.007861
 371.000000  0.009765
 372.000000  0.007642
 373.000000  0.009765
 374.000000  0.007959
 375.000000  0.009741
 376.000000  0.007983
 377.000000  0.007349
 378.000000  0.007935
 379.000000  0.007324
 380.000000  0.007788
 381.000000  0.009790
 382.000000  0.007666
 383.000000  0.007373
 384.000000  0.007910
 385.000000  0.007349
 386.000000  0.007764
 387.000000  0.009814
 388.000000  0.007764
 389.000000  0.009765
 390.000000  0.007935
 391.000000  0.009765
 392.000000  0.007764
 393.000000  0.007300
 394.000000  0.007739
 395.000000  0.007373
 396.000000  0.007837
 397.000000  0.007373
 398.000000  0.008008
 399.000000  0.007324
 400.000000  0.007739
 401.000000  0.009814
 402.000000  0.007764
 403.000000  0.007324
 404.000000  0.007788
 405.000000  0.007349
 406.000000  0.007812
 407.000000  0.007349
 408.000000  0.007739
 409.000000  0.009765
 410.000000  0.007886
 411.000000  0.009814
 412.000000  0.007983
 413.000000  0.007397
 414.000000  0.007812
 415.000000  0.009765
 416.000000  0.007935
 417.000000  0.007324
 418.000000  0.007715
 419.000000  0.007349
 420.000000  0.007910
 421.000000  0.007300
 422.000000  0.007519
 423.000000  0.007373
 424.000000  0.007983
 425.000000  0.009765
 426.000000  0.007739
 427.000000  0.009765
 428.000000  0.007935
 429.000000  0.009765
 430.000000  0.007739
 431.000000  0.009790
 432.000000  0.007690
 433.000000  0.007373
 434.000000  0.007642
 435.000000  0.009790
 436.000000  0.007715
 437.000000  0.009814
 438.000000  0.007715
 439.000000  0.009765
 440.000000  0.007690
 441.000000  0.009765
 442.000000  0.007764
 443.000000  0.009765
 444.000000  0.007935
 445.000000  0.009741
 446.000000  0.008105
 447.000000  0.007373
 448.000000  0.007568
 449.000000  0.009765
 450.000000  0.007837
 451.000000  0.009765
 452.000000  0.007788
 453.000000  0.009765
 454.000000  0.007788
 455.000000  0.009765
 456.000000  0.007910
 457.000000  0.009765
 458.000000  0.007788
 459.000000  0.009741
 460.000000  0.007983
 461.000000  0.009790
 462.000000  0.007593
 463.000000  0.009765
 464.000000  0.008057
 465.000000  0.009814
 466.000000  0.007959
 467.000000  0.007349
 468.000000  0.007910
 469.000000  0.007373
 470.000000  0.007910
 471.000000  0.009814
 472.000000  0.007812
 473.000000  0.007349
 474.000000  0.007983
 475.000000  0.009790
 476.000000  0.008154
 477.000000  0.007300
 478.000000  0.007788
 479.000000  0.009814
 480.000000  0.007983
 481.000000  0.009814
 482.000000  0.007812
 483.000000  0.007349
 484.000000  0.007593
 485.000000  0.009790
 486.000000  0.007812
 487.000000  0.007373
 488.000000  0.007739
 489.000000  0.007324
 490.000000  0.007910
 491.000000  0.009741
 492.000000  0.007764
 493.000000  0.009765
 494.000000  0.007959
 495.000000  0.009741
 496.000000  0.008008
 497.000000  0.007324
 498.000000  0.007788
 499.000000  0.009790
 500.000000  0.007886
 501.000000  0.009814
 502.000000  0.007764
 503.000000  0.009814
 504.000000  0.007861
 505.000000  0.009838
 506.000000  0.007861
 507.000000  0.007300
 508.000000  0.008105
 509.000000  0.007349
 510.000000  0.008154
 511.000000  0.009765
 512.000000  0.007617
 513.000000  0.007397
 514.000000  0.007666
 515.000000  0.007373
 516.000000  0.007935
 517.000000  0.007324
 518.000000  0.008081
 519.000000  0.007373
 520.000000  0.008081
 521.000000  0.007324
 522.000000  0.007886
 523.000000  0.009790
 524.000000  0.007861
 525.000000  0.009765
 526.000000  0.008130
 527.000000  0.009790
 528.000000  0.007910
 529.000000  0.009765
 530.000000  0.008227
 531.000000  0.009790
 532.000000  0.007935
 533.000000  0.007324
 534.000000  0.007788
 535.000000  0.007373
 536.000000  0.007959
 537.000000  0.009790
 538.000000  0.008130
 539.000000  0.009790
 540.000000  0.007983
 541.000000  0.007373
 542.000000  0.008057
 543.000000  0.007397
 544.000000  0.008032
 545.000000  0.007373
 546.000000  0.008667
 547.000000  0.009814
 548.000000  0.008081
 549.000000  0.009838
 550.000000  0.008350
 551.000000  0.009814
 552.000000  0.008081
 553.000000  0.007373
 554.000000  0.008545
 555.000000  0.007349
 556.000000  0.008569
 557.000000  0.009838
 558.000000  0.009082
 559.000000  0.009838
 560.000000  0.009375
 561.000000  0.007471
 562.000000  0.009253
 563.000000  0.009985
 564.000000  0.009106
 565.000000  0.010205
 566.000000  0.009497
 567.000000  0.010253
 568.000000  0.009717
 569.000000  0.011059
 570.000000  0.009668
 571.000000  0.010839
 572.000000  0.009668
 573.000000  0.011547
 574.000000  0.009741
 575.000000  0.011547
 576.000000  0.009741
 577.000000  0.012011
 578.000000  0.009839
 579.000000  0.012182
 580.000000  0.010718
 581.000000  0.011792
 582.000000  0.019409
 583.000000  0.055468
 584.000000  0.104004
 585.000000  0.122778
 586.000000  0.094775
 587.000000  0.059741
 588.000000  0.021948
 589.000000  0.012061
 590.000000  0.011719
 591.000000  0.012255
 592.000000  0.009790
 593.000000  0.009424
 594.000000  0.009741
 595.000000  0.011474
 596.000000  0.009766
 597.000000  0.011035
 598.000000  0.009595
 599.000000  0.010156
 600.000000  0.009106
 601.000000  0.009936
 602.000000  0.009009
 603.000000  0.009863
 604.000000  0.009375
 605.000000  0.010058
 606.000000  0.008960
 607.000000  0.009887
 608.000000  0.009253
 609.000000  0.009814
 610.000000  0.008520
 611.000000  0.009814
 612.000000  0.011059
 613.000000  0.009838
 614.000000  0.010937
 615.000000  0.009863
 616.000000  0.008374
 617.000000  0.007373
 618.000000  0.008301
 619.000000  0.009814
 620.000000  0.008643
 621.000000  0.009790
 622.000000  0.008154
 623.000000  0.009838
 624.000000  0.010498
 625.000000  0.009741
 626.000000  0.008008
 627.000000  0.009790
 628.000000  0.007935
 629.000000  0.009790
 630.000000  0.008032
 631.000000  0.009814
 632.000000  0.008374
 633.000000  0.010034
 634.000000  0.007886
 635.000000  0.009790
 636.000000  0.008105
 637.000000  0.007300
 638.000000  0.008203
 639.000000  0.009765
 640.000000  0.008130
 641.000000  0.009765
 642.000000  0.008081
 643.000000  0.007349
 644.000000  0.010205
 645.000000  0.009741
 646.000000  0.010302
 647.000000  0.009814
 648.000000  0.007959
 649.000000  0.007324
 650.000000  0.007715
 651.000000  0.007324
 652.000000  0.007788
 653.000000  0.007349
 654.000000  0.007837
 655.000000  0.009790
 656.000000  0.008057
 657.000000  0.009790
 658.000000  0.007812
 659.000000  0.007324
 660.000000  0.008032
 661.000000  0.009765
 662.000000  0.007812
 663.000000  0.009814
 664.000000  0.010156
 665.000000  0.009790
 666.000000  0.010278
 667.000000  0.009814
 668.000000  0.007764
 669.000000  0.007324
 670.000000  0.008032
 671.000000  0.007349
 672.000000  0.008057
 673.000000  0.009765
 674.000000  0.010376
 675.000000  0.009790
 676.000000  0.008130
 677.000000  0.009790
 678.000000  0.007812
 679.000000  0.009765
 680.000000  0.007690
 681.000000  0.007300
 682.000000  0.008203
 683.000000  0.009790
 684.000000  0.007959
 685.000000  0.009741
 686.000000  0.007666
 687.000000  0.007373
 688.000000  0.010302
 689.000000  0.007324
 690.000000  0.010498
 691.000000  0.009741
 692.000000  0.007959
 693.000000  0.009765
 694.000000  0.007861
 695.000000  0.009814
 696.000000  0.010131
 697.000000  0.009814
 698.000000  0.007568
 699.000000  0.009741
 700.000000  0.007739
 701.000000  0.007349
 702.000000  0.007666
 703.000000  0.007324
 704.000000  0.010156
 705.000000  0.009765
 706.000000  0.007837
 707.000000  0.007324
 708.000000  0.007935
 709.000000  0.009790
 710.000000  0.007715
 711.000000  0.009790
 712.000000  0.007837
 713.000000  0.009790
 714.000000  0.007886
 715.000000  0.009790
 716.000000  0.007983
 717.000000  0.009790
 718.000000  0.007861
 719.000000  0.009790
 720.000000  0.007739
 721.000000  0.009765
 722.000000  0.007837
 723.000000  0.009765
 724.000000  0.007959
 725.000000  0.009790
 726.000000  0.008008
 727.000000  0.009765
 728.000000  0.007764
 729.000000  0.007324
 730.000000  0.007788
 731.000000  0.009790
 732.000000  0.007690
 733.000000  0.009814
 734.000000  0.010498
 735.000000  0.009765
 736.000000  0.007544
 737.000000  0.009814
 738.000000  0.007788
 739.000000  0.009741
 740.000000  0.007886
 741.000000  0.009765
 742.000000  0.008032
 743.000000  0.007324
 744.000000  0.007764
 745.000000  0.009790
 746.000000  0.007715
 747.000000  0.007349
 748.000000  0.007764
 749.000000  0.009790
 750.000000  0.007715
 751.000000  0.009765
 752.000000  0.010253
 753.000000  0.009790
 754.000000  0.007690
 755.000000  0.009765
 756.000000  0.007861
 757.000000  0.009765
 758.000000  0.007935
 759.000000  0.007324
 760.000000  0.007788
 761.000000  0.009741
 762.000000  0.007666
 763.000000  0.009765
 764.000000  0.007690
 765.000000  0.009838
 766.000000  0.007568
 767.000000  0.007349
 768.000000  0.007617
 769.000000  0.009765
 770.000000  0.007593
 771.000000  0.009765
 772.000000  0.007422
 773.000000  0.009790
 774.000000  0.009985
 775.000000  0.009741
 776.000000  0.010058
 777.000000  0.009765
 778.000000  0.007642
 779.000000  0.007324
 780.000000  0.007519
 781.000000  0.007324
 782.000000  0.010034
 783.000000  0.009765
 784.000000  0.007446
 785.000000  0.009765
 786.000000  0.007568
 787.000000  0.009765
 788.000000  0.010009
 789.000000  0.009741
 790.000000  0.007349
 791.000000  0.009741
 792.000000  0.007593
 793.000000  0.009741
 794.000000  0.007642
 795.000000  0.009790
 796.000000  0.007764
 797.000000  0.009765
 798.000000  0.007495
 799.000000  0.009790
 800.000000  0.007593
 801.000000  0.009765
 802.000000  0.010058
 803.000000  0.009765
 804.000000  0.007544
 805.000000  0.009765
 806.000000  0.007544
 807.000000  0.009741
 808.000000  0.009961
 809.000000  0.007324
 810.000000  0.007666
 811.000000  0.007275
 812.000000  0.007642
 813.000000  0.007300
 814.000000  0.007519
 815.000000  0.009790
 816.000000  0.007666
 817.000000  0.009741
 818.000000  0.007617
 819.000000  0.009765
 820.000000  0.007593
 821.000000  0.009765
 822.000000  0.007495
 823.000000  0.009790
 824.000000  0.010009
 825.000000  0.009765
 826.000000  0.007471
 827.000000  0.009741
 828.000000  0.007690
 829.000000  0.009814
 830.000000  0.007495
 831.000000  0.009765
 832.000000  0.007568
 833.000000  0.009814
 834.000000  0.007519
 835.000000  0.009716
 836.000000  0.009985
 837.000000  0.009765
 838.000000  0.007544
 839.000000  0.009765
 840.000000  0.007739
 841.000000  0.009765
 842.000000  0.010131
 843.000000  0.009765
 844.000000  0.007617
 845.000000  0.007324
 846.000000  0.009936
 847.000000  0.009765
 848.000000  0.007642
 849.000000  0.009765
 850.000000  0.007471
 851.000000  0.009741
 852.000000  0.007642
 853.000000  0.007349
 854.000000  0.009936
 855.000000  0.009790
 856.000000  0.007446
 857.000000  0.007300
 858.000000  0.007495
 859.000000  0.007349
 860.000000  0.009936
 861.000000  0.009741
 862.000000  0.007568
 863.000000  0.007324
 864.000000  0.007495
 865.000000  0.009765
 866.000000  0.009936
 867.000000  0.007373
 868.000000  0.007666
 869.000000  0.009741
 870.000000  0.007666
 871.000000  0.009765
 872.000000  0.007764
 873.000000  0.009765
 874.000000  0.007544
 875.000000  0.009741
 876.000000  0.007519
 877.000000  0.007324
 878.000000  0.007446
 879.000000  0.007349
 880.000000  0.007568
 881.000000  0.009741
 882.000000  0.007666
 883.000000  0.009765
 884.000000  0.007739
 885.000000  0.009765
 886.000000  0.007568
 887.000000  0.007324
 888.000000  0.007812
 889.000000  0.009741
 890.000000  0.007495
 891.000000  0.009790
 892.000000  0.007446
 893.000000  0.009765
 894.000000  0.007617
 895.000000  0.009765
 896.000000  0.007397
 897.000000  0.009765
 898.000000  0.007617
 899.000000  0.009790
 900.000000  0.007495
 901.000000  0.009741
 902.000000  0.010009
 903.000000  0.009790
 904.000000  0.007593
 905.000000  0.009765
 906.000000  0.010058
 907.000000  0.009741
 908.000000  0.010083
 909.000000  0.009765
 910.000000  0.007544
 911.000000  0.009765
 912.000000  0.007568
 913.000000  0.009741
 914.000000  0.007617
 915.000000  0.009765
 916.000000  0.007495
 917.000000  0.009814
 918.000000  0.010156
 919.000000  0.009716
 920.000000  0.010205
 921.000000  0.009765
 922.000000  0.007666
 923.000000  0.009741
 924.000000  0.007446
 925.000000  0.009741
 926.000000  0.007617
 927.000000  0.009765
 928.000000  0.007544
 929.000000  0.009790
 930.000000  0.007764
 931.000000  0.009790
 932.000000  0.007471
 933.000000  0.009765
 934.000000  0.007642
 935.000000  0.009765
 936.000000  0.007568
 937.000000  0.009790
 938.000000  0.007788
 939.000000  0.009765
 940.000000  0.007910
 941.000000  0.009790
 942.000000  0.007739
 943.000000  0.009765
 944.000000  0.007593
 945.000000  0.007349
 946.000000  0.010034
 947.000000  0.009741
 948.000000  0.007739
 949.000000  0.009765
 950.000000  0.009936
 951.000000  0.009790
 952.000000  0.007519
 953.000000  0.009765
 954.000000  0.007642
 955.000000  0.009790
 956.000000  0.007739
 957.000000  0.009765
 958.000000  0.007544
 959.000000  0.007324
 960.000000  0.007593
 961.000000  0.007300
 962.000000  0.010058
 963.000000  0.007324
 964.000000  0.007519
 965.000000  0.009765
 966.000000  0.007397
 967.000000  0.009765
 968.000000  0.007593
 969.000000  0.009765
 970.000000  0.010180
 971.000000  0.009741
 972.000000  0.007519
 973.000000  0.009765
 974.000000  0.007495
 975.000000  0.009814
 976.000000  0.007471
 977.000000  0.009741
 978.000000  0.007568
 979.000000  0.009741
 980.000000  0.007495
 981.000000  0.009790
 982.000000  0.007471
 983.000000  0.007300
 984.000000  0.007495
 985.000000  0.009765
 986.000000  0.007495
 987.000000  0.009741
 988.000000  0.009936
 989.000000  0.009765
 990.000000  0.007519
 991.000000  0.009741
 992.000000  0.007666
 993.000000  0.009741
 994.000000  0.007544
 995.000000  0.009790
 996.000000  0.007495
 997.000000  0.009741
 998.000000  0.009912
 999.000000  0.009765
 1000.000000  0.009912
 1001.000000  0.009765
 1002.000000  0.007642
 1003.000000  0.009741
 1004.000000  0.007373
 1005.000000  0.009741
 1006.000000  0.007471
 1007.000000  0.009765
 1008.000000  0.007642
 1009.000000  0.009741
 1010.000000  0.007519
 1011.000000  0.009765
 1012.000000  0.007422
 1013.000000  0.009790
 1014.000000  0.007422
 1015.000000  0.009790
 1016.000000  0.007446
 1017.000000  0.009765
 1018.000000  0.007471
 1019.000000  0.009765
 1020.000000  0.007373
 1021.000000  0.009741
 1022.000000  0.007422
 1023.000000  0.009765
