 0.000000  0.007812
 1.000000  0.007373
 2.000000  0.007837
 3.000000  0.007373
 4.000000  0.007886
 5.000000  0.007349
 6.000000  0.007959
 7.000000  0.007373
 8.000000  0.007983
 9.000000  0.007373
 10.000000  0.008008
 11.000000  0.007349
 12.000000  0.008203
 13.000000  0.007324
 14.000000  0.008276
 15.000000  0.007349
 16.000000  0.008276
 17.000000  0.007397
 18.000000  0.008252
 19.000000  0.007300
 20.000000  0.007666
 21.000000  0.007324
 22.000000  0.007739
 23.000000  0.007373
 24.000000  0.008057
 25.000000  0.007373
 26.000000  0.008374
 27.000000  0.009814
 28.000000  0.007910
 29.000000  0.007373
 30.000000  0.007983
 31.000000  0.007349
 32.000000  0.008032
 33.000000  0.007397
 34.000000  0.008081
 35.000000  0.007300
 36.000000  0.008325
 37.000000  0.007324
 38.000000  0.008105
 39.000000  0.009814
 40.000000  0.008105
 41.000000  0.007324
 42.000000  0.008081
 43.000000  0.007397
 44.000000  0.008130
 45.000000  0.007349
 46.000000  0.007983
 47.000000  0.007373
 48.000000  0.008154
 49.000000  0.007349
 50.000000  0.007739
 51.000000  0.007373
 52.000000  0.007837
 53.000000  0.007349
 54.000000  0.008032
 55.000000  0.007349
 56.000000  0.008032
 57.000000  0.007324
 58.000000  0.008276
 59.000000  0.009790
 60.000000  0.007764
 61.000000  0.009814
 62.000000  0.007764
 63.000000  0.007349
 64.000000  0.007959
 65.000000  0.007324
 66.000000  0.007886
 67.000000  0.009814
 68.000000  0.007935
 69.000000  0.007324
 70.000000  0.007788
 71.000000  0.007373
 72.000000  0.007812
 73.000000  0.007324
 74.000000  0.007764
 75.000000  0.007349
 76.000000  0.008008
 77.000000  0.007324
 78.000000  0.007812
 79.000000  0.007349
 80.000000  0.008032
 81.000000  0.007349
 82.000000  0.007593
 83.000000  0.007373
 84.000000  0.007739
 85.000000  0.007397
 86.000000  0.007764
 87.000000  0.007373
 88.000000  0.007788
 89.000000  0.007349
 90.000000  0.007983
 91.000000  0.007324
 92.000000  0.007983
 93.000000  0.007349
 94.000000  0.007861
 95.000000  0.007324
 96.000000  0.007861
 97.000000  0.007300
 98.000000  0.007886
 99.000000  0.007324
 100.000000  0.007812
 101.000000  0.009790
 102.000000  0.007837
 103.000000  0.009765
 104.000000  0.007715
 105.000000  0.007324
 106.000000  0.008130
 107.000000  0.007324
 108.000000  0.007886
 109.000000  0.009765
 110.000000  0.007764
 111.000000  0.007373
 112.000000  0.007690
 113.000000  0.007300
 114.000000  0.007690
 115.000000  0.007300
 116.000000  0.007910
 117.000000  0.007373
 118.000000  0.007959
 119.000000  0.007349
 120.000000  0.008057
 121.000000  0.007324
 122.000000  0.007886
 123.000000  0.007373
 124.000000  0.007861
 125.000000  0.007349
 126.000000  0.007983
 127.000000  0.009765
 128.000000  0.007764
 129.000000  0.007349
 130.000000  0.007886
 131.000000  0.009765
 132.000000  0.007715
 133.000000  0.007324
 134.000000  0.007959
 135.000000  0.009765
 136.000000  0.007739
 137.000000  0.007324
 138.000000  0.008032
 139.000000  0.007349
 140.000000  0.007959
 141.000000  0.007324
 142.000000  0.007837
 143.000000  0.007349
 144.000000  0.007715
 145.000000  0.009814
 146.000000  0.007812
 147.000000  0.007324
 148.000000  0.007983
 149.000000  0.009790
 150.000000  0.007739
 151.000000  0.007324
 152.000000  0.007593
 153.000000  0.007324
 154.000000  0.007959
 155.000000  0.007300
 156.000000  0.007666
 157.000000  0.009765
 158.000000  0.007715
 159.000000  0.007324
 160.000000  0.008008
 161.000000  0.007275
 162.000000  0.007495
 163.000000  0.007349
 164.000000  0.007495
 165.000000  0.007300
 166.000000  0.007617
 167.000000  0.007349
 168.000000  0.007764
 169.000000  0.009765
 170.000000  0.007690
 171.000000  0.007300
 172.000000  0.007471
 173.000000  0.007324
 174.000000  0.007642
 175.000000  0.007349
 176.000000  0.007739
 177.000000  0.007300
 178.000000  0.007715
 179.000000  0.009741
 180.000000  0.007446
 181.000000  0.007300
 182.000000  0.007617
 183.000000  0.007349
 184.000000  0.007642
 185.000000  0.007349
 186.000000  0.007788
 187.000000  0.007300
 188.000000  0.007666
 189.000000  0.007300
 190.000000  0.007739
 191.000000  0.007349
 192.000000  0.007617
 193.000000  0.007324
 194.000000  0.007642
 195.000000  0.007300
 196.000000  0.010107
 197.000000  0.007349
 198.000000  0.007642
 199.000000  0.009765
 200.000000  0.007593
 201.000000  0.009790
 202.000000  0.007519
 203.000000  0.007349
 204.000000  0.007666
 205.000000  0.007300
 206.000000  0.007446
 207.000000  0.007300
 208.000000  0.007739
 209.000000  0.009765
 210.000000  0.007617
 211.000000  0.007324
 212.000000  0.007715
 213.000000  0.009716
 214.000000  0.007568
 215.000000  0.007300
 216.000000  0.007593
 217.000000  0.007324
 218.000000  0.007495
 219.000000  0.009716
 220.000000  0.007568
 221.000000  0.007251
 222.000000  0.007617
 223.000000  0.007324
 224.000000  0.007495
 225.000000  0.007324
 226.000000  0.007544
 227.000000  0.009741
 228.000000  0.007642
 229.000000  0.009765
 230.000000  0.007739
 231.000000  0.007300
 232.000000  0.007544
 233.000000  0.009790
 234.000000  0.007495
 235.000000  0.007324
 236.000000  0.007568
 237.000000  0.007373
 238.000000  0.007617
 239.000000  0.009790
 240.000000  0.007568
 241.000000  0.007324
 242.000000  0.007666
 243.000000  0.009741
 244.000000  0.007471
 245.000000  0.007324
 246.000000  0.007666
 247.000000  0.007324
 248.000000  0.007617
 249.000000  0.007300
 250.000000  0.007446
 251.000000  0.007300
 252.000000  0.007519
 253.000000  0.007324
 254.000000  0.007593
 255.000000  0.009765
 256.000000  0.007519
 257.000000  0.007373
 258.000000  0.007617
 259.000000  0.007300
 260.000000  0.007617
 261.000000  0.007324
 262.000000  0.007471
 263.000000  0.009790
 264.000000  0.007446
 265.000000  0.009790
 266.000000  0.007373
 267.000000  0.009765
 268.000000  0.007666
 269.000000  0.009790
 270.000000  0.007397
 271.000000  0.007324
 272.000000  0.007471
 273.000000  0.007349
 274.000000  0.007642
 275.000000  0.009765
 276.000000  0.007544
 277.000000  0.009741
 278.000000  0.007666
 279.000000  0.007349
 280.000000  0.007544
 281.000000  0.009741
 282.000000  0.007446
 283.000000  0.009741
 284.000000  0.007422
 285.000000  0.007324
 286.000000  0.007446
 287.000000  0.007324
 288.000000  0.007593
 289.000000  0.009790
 290.000000  0.007544
 291.000000  0.007324
 292.000000  0.007495
 293.000000  0.007324
 294.000000  0.007593
 295.000000  0.009765
 296.000000  0.007495
 297.000000  0.009765
 298.000000  0.007593
 299.000000  0.009741
 300.000000  0.007495
 301.000000  0.007300
 302.000000  0.007568
 303.000000  0.009741
 304.000000  0.007568
 305.000000  0.007300
 306.000000  0.007544
 307.000000  0.009790
 308.000000  0.007568
 309.000000  0.009765
 310.000000  0.007715
 311.000000  0.007300
 312.000000  0.007568
 313.000000  0.007349
 314.000000  0.007495
 315.000000  0.009765
 316.000000  0.007544
 317.000000  0.007324
 318.000000  0.007471
 319.000000  0.007300
 320.000000  0.007519
 321.000000  0.009765
 322.000000  0.007666
 323.000000  0.009765
 324.000000  0.007519
 325.000000  0.007324
 326.000000  0.007446
 327.000000  0.007324
 328.000000  0.007471
 329.000000  0.009741
 330.000000  0.007568
 331.000000  0.009765
 332.000000  0.007593
 333.000000  0.009741
 334.000000  0.007544
 335.000000  0.009765
 336.000000  0.007690
 337.000000  0.007324
 338.000000  0.007593
 339.000000  0.007349
 340.000000  0.007568
 341.000000  0.009814
 342.000000  0.009863
 343.000000  0.009790
 344.000000  0.007739
 345.000000  0.009790
 346.000000  0.007715
 347.000000  0.007300
 348.000000  0.007642
 349.000000  0.009790
 350.000000  0.007715
 351.000000  0.009790
 352.000000  0.007519
 353.000000  0.009765
 354.000000  0.007422
 355.000000  0.007300
 356.000000  0.007446
 357.000000  0.007324
 358.000000  0.007739
 359.000000  0.009765
 360.000000  0.007642
 361.000000  0.007324
 362.000000  0.007471
 363.000000  0.009790
 364.000000  0.007519
 365.000000  0.007324
 366.000000  0.007568
 367.000000  0.007349
 368.000000  0.007544
 369.000000  0.007324
 370.000000  0.007519
 371.000000  0.009814
 372.000000  0.007544
 373.000000  0.009765
 374.000000  0.007642
 375.000000  0.009790
 376.000000  0.007568
 377.000000  0.007300
 378.000000  0.007666
 379.000000  0.007349
 380.000000  0.007593
 381.000000  0.009716
 382.000000  0.007446
 383.000000  0.007349
 384.000000  0.007764
 385.000000  0.007324
 386.000000  0.007544
 387.000000  0.009790
 388.000000  0.007544
 389.000000  0.009716
 390.000000  0.007593
 391.000000  0.009814
 392.000000  0.007617
 393.000000  0.007300
 394.000000  0.007495
 395.000000  0.007349
 396.000000  0.007666
 397.000000  0.007324
 398.000000  0.007519
 399.000000  0.007324
 400.000000  0.007690
 401.000000  0.009741
 402.000000  0.007544
 403.000000  0.007324
 404.000000  0.007544
 405.000000  0.007324
 406.000000  0.007568
 407.000000  0.007324
 408.000000  0.007519
 409.000000  0.009741
 410.000000  0.007544
 411.000000  0.009765
 412.000000  0.007471
 413.000000  0.007324
 414.000000  0.007690
 415.000000  0.009765
 416.000000  0.007617
 417.000000  0.007324
 418.000000  0.007617
 419.000000  0.007324
 420.000000  0.007642
 421.000000  0.007324
 422.000000  0.007568
 423.000000  0.007324
 424.000000  0.007422
 425.000000  0.009765
 426.000000  0.007519
 427.000000  0.009790
 428.000000  0.007593
 429.000000  0.009765
 430.000000  0.007715
 431.000000  0.009765
 432.000000  0.007544
 433.000000  0.007300
 434.000000  0.007495
 435.000000  0.009765
 436.000000  0.007471
 437.000000  0.009790
 438.000000  0.007544
 439.000000  0.009765
 440.000000  0.007495
 441.000000  0.009765
 442.000000  0.007519
 443.000000  0.009741
 444.000000  0.007666
 445.000000  0.009716
 446.000000  0.007568
 447.000000  0.007324
 448.000000  0.007446
 449.000000  0.009741
 450.000000  0.007446
 451.000000  0.009765
 452.000000  0.007446
 453.000000  0.009692
 454.000000  0.007495
 455.000000  0.009790
 456.000000  0.007544
 457.000000  0.009765
 458.000000  0.007568
 459.000000  0.009790
 460.000000  0.007593
 461.000000  0.009790
 462.000000  0.007568
 463.000000  0.009741
 464.000000  0.007471
 465.000000  0.009765
 466.000000  0.007690
 467.000000  0.007275
 468.000000  0.007471
 469.000000  0.007300
 470.000000  0.007495
 471.000000  0.009741
 472.000000  0.007642
 473.000000  0.007275
 474.000000  0.007593
 475.000000  0.009741
 476.000000  0.007642
 477.000000  0.007300
 478.000000  0.007544
 479.000000  0.009765
 480.000000  0.007471
 481.000000  0.009790
 482.000000  0.007593
 483.000000  0.007324
 484.000000  0.007495
 485.000000  0.009765
 486.000000  0.007446
 487.000000  0.007324
 488.000000  0.007568
 489.000000  0.007300
 490.000000  0.007568
 491.000000  0.009765
 492.000000  0.007593
 493.000000  0.009741
 494.000000  0.007519
 495.000000  0.009716
 496.000000  0.007666
 497.000000  0.007349
 498.000000  0.007519
 499.000000  0.009741
 500.000000  0.007642
 501.000000  0.009741
 502.000000  0.007593
 503.000000  0.009790
 504.000000  0.007666
 505.000000  0.009765
 506.000000  0.007593
 507.000000  0.007324
 508.000000  0.007739
 509.000000  0.007324
 510.000000  0.007837
 511.000000  0.009790
 512.000000  0.007471
 513.000000  0.007300
 514.000000  0.007617
 515.000000  0.007275
 516.000000  0.007471
 517.000000  0.007324
 518.000000  0.007617
 519.000000  0.007349
 520.000000  0.007519
 521.000000  0.007373
 522.000000  0.007764
 523.000000  0.009741
 524.000000  0.007690
 525.000000  0.009790
 526.000000  0.007812
 527.000000  0.009741
 528.000000  0.007690
 529.000000  0.009814
 530.000000  0.007788
 531.000000  0.009716
 532.000000  0.007666
 533.000000  0.007373
 534.000000  0.007666
 535.000000  0.007349
 536.000000  0.007764
 537.000000  0.009863
 538.000000  0.008081
 539.000000  0.009765
 540.000000  0.008032
 541.000000  0.007373
 542.000000  0.008350
 543.000000  0.007446
 544.000000  0.008569
 545.000000  0.007373
 546.000000  0.008911
 547.000000  0.009887
 548.000000  0.008862
 549.000000  0.010180
 550.000000  0.009351
 551.000000  0.010839
 552.000000  0.009741
 553.000000  0.009619
 554.000000  0.009790
 555.000000  0.009741
 556.000000  0.009936
 557.000000  0.012231
 558.000000  0.014600
 559.000000  0.034619
 560.000000  0.070361
 561.000000  0.075146
 562.000000  0.075000
 563.000000  0.052465
 564.000000  0.019458
 565.000000  0.014648
 566.000000  0.011938
 567.000000  0.012280
 568.000000  0.009766
 569.000000  0.011743
 570.000000  0.009644
 571.000000  0.010327
 572.000000  0.009326
 573.000000  0.010131
 574.000000  0.009180
 575.000000  0.009814
 576.000000  0.008423
 577.000000  0.009814
 578.000000  0.008252
 579.000000  0.009765
 580.000000  0.008130
 581.000000  0.007349
 582.000000  0.007764
 583.000000  0.009790
 584.000000  0.007910
 585.000000  0.009814
 586.000000  0.007568
 587.000000  0.009765
 588.000000  0.007642
 589.000000  0.007300
 590.000000  0.007617
 591.000000  0.009765
 592.000000  0.007593
 593.000000  0.007324
 594.000000  0.007495
 595.000000  0.009765
 596.000000  0.007715
 597.000000  0.009741
 598.000000  0.007544
 599.000000  0.009765
 600.000000  0.007495
 601.000000  0.009741
 602.000000  0.007446
 603.000000  0.009790
 604.000000  0.007544
 605.000000  0.009790
 606.000000  0.007544
 607.000000  0.009692
 608.000000  0.007568
 609.000000  0.009765
 610.000000  0.007544
 611.000000  0.009716
 612.000000  0.009887
 613.000000  0.009765
 614.000000  0.009961
 615.000000  0.009741
 616.000000  0.007544
 617.000000  0.007300
 618.000000  0.007471
 619.000000  0.009814
 620.000000  0.007593
 621.000000  0.009716
 622.000000  0.007373
 623.000000  0.009790
 624.000000  0.009912
 625.000000  0.009741
 626.000000  0.007593
 627.000000  0.009765
 628.000000  0.007544
 629.000000  0.009765
 630.000000  0.007422
 631.000000  0.009765
 632.000000  0.007544
 633.000000  0.009765
 634.000000  0.007422
 635.000000  0.009692
 636.000000  0.007422
 637.000000  0.007324
 638.000000  0.007446
 639.000000  0.009741
 640.000000  0.007544
 641.000000  0.009741
 642.000000  0.007544
 643.000000  0.007300
 644.000000  0.009912
 645.000000  0.009765
 646.000000  0.009887
 647.000000  0.009716
 648.000000  0.007495
 649.000000  0.007349
 650.000000  0.007471
 651.000000  0.007324
 652.000000  0.007568
 653.000000  0.007275
 654.000000  0.007495
 655.000000  0.009741
 656.000000  0.007642
 657.000000  0.009741
 658.000000  0.007446
 659.000000  0.007324
 660.000000  0.007495
 661.000000  0.009692
 662.000000  0.007397
 663.000000  0.009790
 664.000000  0.009887
 665.000000  0.009765
 666.000000  0.009838
 667.000000  0.009716
 668.000000  0.007373
 669.000000  0.007324
 670.000000  0.007446
 671.000000  0.007324
 672.000000  0.007495
 673.000000  0.009765
 674.000000  0.009912
 675.000000  0.009716
 676.000000  0.007495
 677.000000  0.009765
 678.000000  0.007446
 679.000000  0.009790
 680.000000  0.007446
 681.000000  0.007300
 682.000000  0.007495
 683.000000  0.009765
 684.000000  0.007495
 685.000000  0.009741
 686.000000  0.007373
 687.000000  0.007300
 688.000000  0.009863
 689.000000  0.007275
 690.000000  0.010058
 691.000000  0.009765
 692.000000  0.007544
 693.000000  0.009765
 694.000000  0.007422
 695.000000  0.009741
 696.000000  0.009838
 697.000000  0.009765
 698.000000  0.007495
 699.000000  0.009741
 700.000000  0.007422
 701.000000  0.007300
 702.000000  0.007544
 703.000000  0.007300
 704.000000  0.009887
 705.000000  0.009741
 706.000000  0.007397
 707.000000  0.007300
 708.000000  0.007471
 709.000000  0.009692
 710.000000  0.007544
 711.000000  0.009790
 712.000000  0.007519
 713.000000  0.009741
 714.000000  0.007446
 715.000000  0.009716
 716.000000  0.007422
 717.000000  0.009790
 718.000000  0.007373
 719.000000  0.009741
 720.000000  0.007422
 721.000000  0.009741
 722.000000  0.007422
 723.000000  0.009765
 724.000000  0.007446
 725.000000  0.009741
 726.000000  0.007422
 727.000000  0.009716
 728.000000  0.007373
 729.000000  0.007300
 730.000000  0.007471
 731.000000  0.009790
 732.000000  0.007373
 733.000000  0.009765
 734.000000  0.009912
 735.000000  0.009765
 736.000000  0.007349
 737.000000  0.009716
 738.000000  0.007373
 739.000000  0.009765
 740.000000  0.007471
 741.000000  0.009741
 742.000000  0.007471
 743.000000  0.007324
 744.000000  0.007373
 745.000000  0.009814
 746.000000  0.007446
 747.000000  0.007275
 748.000000  0.007495
 749.000000  0.009741
 750.000000  0.007422
 751.000000  0.009741
 752.000000  0.009912
 753.000000  0.009741
 754.000000  0.007397
 755.000000  0.009765
 756.000000  0.007373
 757.000000  0.009765
 758.000000  0.007446
 759.000000  0.007324
 760.000000  0.007373
 761.000000  0.009741
 762.000000  0.007422
 763.000000  0.009765
 764.000000  0.007471
 765.000000  0.009765
 766.000000  0.007373
 767.000000  0.007349
 768.000000  0.007446
 769.000000  0.009765
 770.000000  0.007373
 771.000000  0.009765
 772.000000  0.007397
 773.000000  0.009692
 774.000000  0.009838
 775.000000  0.009716
 776.000000  0.009863
 777.000000  0.009741
 778.000000  0.007349
 779.000000  0.007300
 780.000000  0.007422
 781.000000  0.007300
 782.000000  0.009863
 783.000000  0.009716
 784.000000  0.007446
 785.000000  0.009692
 786.000000  0.007397
 787.000000  0.009692
 788.000000  0.009790
 789.000000  0.009668
 790.000000  0.007373
 791.000000  0.009643
 792.000000  0.007300
 793.000000  0.009643
 794.000000  0.007373
 795.000000  0.009765
 796.000000  0.007422
 797.000000  0.009741
 798.000000  0.007349
 799.000000  0.009692
 800.000000  0.007397
 801.000000  0.009692
 802.000000  0.009838
 803.000000  0.009765
 804.000000  0.007422
 805.000000  0.009692
 806.000000  0.007349
 807.000000  0.009741
 808.000000  0.009838
 809.000000  0.007275
 810.000000  0.007349
 811.000000  0.007275
 812.000000  0.007373
 813.000000  0.007300
 814.000000  0.007373
 815.000000  0.009716
 816.000000  0.007349
 817.000000  0.009765
 818.000000  0.007422
 819.000000  0.009716
 820.000000  0.007373
 821.000000  0.009692
 822.000000  0.007373
 823.000000  0.009716
 824.000000  0.009814
 825.000000  0.009741
 826.000000  0.007373
 827.000000  0.009692
 828.000000  0.007397
 829.000000  0.009692
 830.000000  0.007349
 831.000000  0.009668
 832.000000  0.007324
 833.000000  0.009741
 834.000000  0.007349
 835.000000  0.009692
 836.000000  0.009887
 837.000000  0.009741
 838.000000  0.007324
 839.000000  0.009741
 840.000000  0.007446
 841.000000  0.009619
 842.000000  0.009765
 843.000000  0.009692
 844.000000  0.007422
 845.000000  0.007227
 846.000000  0.009838
 847.000000  0.009741
 848.000000  0.007349
 849.000000  0.009692
 850.000000  0.007349
 851.000000  0.009765
 852.000000  0.007397
 853.000000  0.007300
 854.000000  0.009814
 855.000000  0.009668
 856.000000  0.007373
 857.000000  0.007275
 858.000000  0.007397
 859.000000  0.007300
 860.000000  0.009838
 861.000000  0.009765
 862.000000  0.007373
 863.000000  0.007300
 864.000000  0.007373
 865.000000  0.009716
 866.000000  0.009814
 867.000000  0.007300
 868.000000  0.007422
 869.000000  0.009692
 870.000000  0.007422
 871.000000  0.009692
 872.000000  0.007446
 873.000000  0.009668
 874.000000  0.007373
 875.000000  0.009716
 876.000000  0.007373
 877.000000  0.007202
 878.000000  0.007349
 879.000000  0.007251
 880.000000  0.007373
 881.000000  0.009765
 882.000000  0.007373
 883.000000  0.009765
 884.000000  0.007422
 885.000000  0.009716
 886.000000  0.007349
 887.000000  0.007275
 888.000000  0.007373
 889.000000  0.009643
 890.000000  0.007422
 891.000000  0.009741
 892.000000  0.007349
 893.000000  0.009741
 894.000000  0.007373
 895.000000  0.009741
 896.000000  0.007324
 897.000000  0.009790
 898.000000  0.007373
 899.000000  0.009741
 900.000000  0.007373
 901.000000  0.009692
 902.000000  0.009838
 903.000000  0.009765
 904.000000  0.007324
 905.000000  0.009716
 906.000000  0.009790
 907.000000  0.009741
 908.000000  0.009790
 909.000000  0.009765
 910.000000  0.007422
 911.000000  0.009716
 912.000000  0.007373
 913.000000  0.009692
 914.000000  0.007397
 915.000000  0.009716
 916.000000  0.007324
 917.000000  0.009741
 918.000000  0.009863
 919.000000  0.009716
 920.000000  0.009814
 921.000000  0.009765
 922.000000  0.007397
 923.000000  0.009692
 924.000000  0.007397
 925.000000  0.009716
 926.000000  0.007422
 927.000000  0.009692
 928.000000  0.007324
 929.000000  0.009716
 930.000000  0.007349
 931.000000  0.009741
 932.000000  0.007422
 933.000000  0.009765
 934.000000  0.007397
 935.000000  0.009765
 936.000000  0.007422
 937.000000  0.009716
 938.000000  0.007397
 939.000000  0.009741
 940.000000  0.007422
 941.000000  0.009692
 942.000000  0.007422
 943.000000  0.009741
 944.000000  0.007446
 945.000000  0.007300
 946.000000  0.009765
 947.000000  0.009716
 948.000000  0.007397
 949.000000  0.009741
 950.000000  0.009814
 951.000000  0.009741
 952.000000  0.007373
 953.000000  0.009790
 954.000000  0.007373
 955.000000  0.009741
 956.000000  0.007349
 957.000000  0.009741
 958.000000  0.007422
 959.000000  0.007275
 960.000000  0.007349
 961.000000  0.007324
 962.000000  0.009838
 963.000000  0.007300
 964.000000  0.007397
 965.000000  0.009765
 966.000000  0.007397
 967.000000  0.009765
 968.000000  0.007397
 969.000000  0.009765
 970.000000  0.009790
 971.000000  0.009668
 972.000000  0.007324
 973.000000  0.009716
 974.000000  0.007397
 975.000000  0.009741
 976.000000  0.007349
 977.000000  0.009692
 978.000000  0.007349
 979.000000  0.009668
 980.000000  0.007373
 981.000000  0.009716
 982.000000  0.007422
 983.000000  0.007251
 984.000000  0.007397
 985.000000  0.009790
 986.000000  0.007373
 987.000000  0.009716
 988.000000  0.009790
 989.000000  0.009765
 990.000000  0.007373
 991.000000  0.009716
 992.000000  0.007349
 993.000000  0.009668
 994.000000  0.007349
 995.000000  0.009716
 996.000000  0.007324
 997.000000  0.009765
 998.000000  0.009790
 999.000000  0.009716
 1000.000000  0.009838
 1001.000000  0.009716
 1002.000000  0.007349
 1003.000000  0.009716
 1004.000000  0.007324
 1005.000000  0.009741
 1006.000000  0.007397
 1007.000000  0.009668
 1008.000000  0.007300
 1009.000000  0.009741
 1010.000000  0.007349
 1011.000000  0.009741
 1012.000000  0.007300
 1013.000000  0.009765
 1014.000000  0.007349
 1015.000000  0.009741
 1016.000000  0.007349
 1017.000000  0.009741
 1018.000000  0.007349
 1019.000000  0.009692
 1020.000000  0.007397
 1021.000000  0.009668
 1022.000000  0.007397
 1023.000000  0.009741
