 0.000000  0.008472
 1.000000  0.007373
 2.000000  0.008276
 3.000000  0.007349
 4.000000  0.008569
 5.000000  0.007349
 6.000000  0.008691
 7.000000  0.007349
 8.000000  0.008447
 9.000000  0.007446
 10.000000  0.008594
 11.000000  0.007324
 12.000000  0.008862
 13.000000  0.007373
 14.000000  0.008691
 15.000000  0.007349
 16.000000  0.008838
 17.000000  0.007373
 18.000000  0.008716
 19.000000  0.007471
 20.000000  0.008203
 21.000000  0.007422
 22.000000  0.008472
 23.000000  0.007446
 24.000000  0.008643
 25.000000  0.007397
 26.000000  0.009106
 27.000000  0.009814
 28.000000  0.008618
 29.000000  0.007422
 30.000000  0.008569
 31.000000  0.007495
 32.000000  0.008618
 33.000000  0.007446
 34.000000  0.008496
 35.000000  0.007495
 36.000000  0.008740
 37.000000  0.007666
 38.000000  0.009204
 39.000000  0.010669
 40.000000  0.009058
 41.000000  0.008154
 42.000000  0.008496
 43.000000  0.007446
 44.000000  0.008276
 45.000000  0.007397
 46.000000  0.008545
 47.000000  0.007617
 48.000000  0.008472
 49.000000  0.007593
 50.000000  0.008398
 51.000000  0.007642
 52.000000  0.008447
 53.000000  0.007446
 54.000000  0.008618
 55.000000  0.007471
 56.000000  0.008618
 57.000000  0.007446
 58.000000  0.009082
 59.000000  0.009765
 60.000000  0.008862
 61.000000  0.009814
 62.000000  0.008276
 63.000000  0.007422
 64.000000  0.008716
 65.000000  0.007422
 66.000000  0.008398
 67.000000  0.009838
 68.000000  0.008301
 69.000000  0.007349
 70.000000  0.008447
 71.000000  0.007495
 72.000000  0.008398
 73.000000  0.007397
 74.000000  0.008569
 75.000000  0.007422
 76.000000  0.008838
 77.000000  0.007422
 78.000000  0.008569
 79.000000  0.007397
 80.000000  0.008618
 81.000000  0.007349
 82.000000  0.008276
 83.000000  0.007349
 84.000000  0.008350
 85.000000  0.007373
 86.000000  0.008276
 87.000000  0.007373
 88.000000  0.008520
 89.000000  0.007373
 90.000000  0.008765
 91.000000  0.007349
 92.000000  0.008594
 93.000000  0.007349
 94.000000  0.008398
 95.000000  0.007324
 96.000000  0.008374
 97.000000  0.007324
 98.000000  0.008618
 99.000000  0.007373
 100.000000  0.008569
 101.000000  0.009814
 102.000000  0.008203
 103.000000  0.009790
 104.000000  0.008423
 105.000000  0.007324
 106.000000  0.008813
 107.000000  0.007349
 108.000000  0.008643
 109.000000  0.009765
 110.000000  0.008350
 111.000000  0.007349
 112.000000  0.008008
 113.000000  0.007373
 114.000000  0.008154
 115.000000  0.007324
 116.000000  0.008203
 117.000000  0.007324
 118.000000  0.008813
 119.000000  0.007324
 120.000000  0.008643
 121.000000  0.007324
 122.000000  0.008374
 123.000000  0.007373
 124.000000  0.008398
 125.000000  0.007324
 126.000000  0.008301
 127.000000  0.009790
 128.000000  0.008350
 129.000000  0.007324
 130.000000  0.008350
 131.000000  0.009790
 132.000000  0.008252
 133.000000  0.007349
 134.000000  0.008569
 135.000000  0.009814
 136.000000  0.008325
 137.000000  0.007373
 138.000000  0.008594
 139.000000  0.007373
 140.000000  0.008643
 141.000000  0.007349
 142.000000  0.008594
 143.000000  0.007397
 144.000000  0.008350
 145.000000  0.009814
 146.000000  0.008350
 147.000000  0.007324
 148.000000  0.008594
 149.000000  0.009765
 150.000000  0.008374
 151.000000  0.007324
 152.000000  0.008398
 153.000000  0.007373
 154.000000  0.008520
 155.000000  0.007324
 156.000000  0.008301
 157.000000  0.009765
 158.000000  0.008569
 159.000000  0.007324
 160.000000  0.008350
 161.000000  0.007324
 162.000000  0.008398
 163.000000  0.007349
 164.000000  0.008032
 165.000000  0.007324
 166.000000  0.008276
 167.000000  0.007349
 168.000000  0.008398
 169.000000  0.009765
 170.000000  0.008179
 171.000000  0.007324
 172.000000  0.007983
 173.000000  0.007422
 174.000000  0.008203
 175.000000  0.007373
 176.000000  0.008227
 177.000000  0.007324
 178.000000  0.008057
 179.000000  0.009790
 180.000000  0.008154
 181.000000  0.007324
 182.000000  0.008008
 183.000000  0.007373
 184.000000  0.008130
 185.000000  0.007373
 186.000000  0.008545
 187.000000  0.007349
 188.000000  0.008154
 189.000000  0.007544
 190.000000  0.008276
 191.000000  0.007544
 192.000000  0.008423
 193.000000  0.007715
 194.000000  0.007788
 195.000000  0.007300
 196.000000  0.010449
 197.000000  0.007397
 198.000000  0.008252
 199.000000  0.009961
 200.000000  0.008643
 201.000000  0.009838
 202.000000  0.008350
 203.000000  0.007422
 204.000000  0.008716
 205.000000  0.007422
 206.000000  0.008252
 207.000000  0.007349
 208.000000  0.008081
 209.000000  0.009765
 210.000000  0.008374
 211.000000  0.007422
 212.000000  0.008130
 213.000000  0.009765
 214.000000  0.007983
 215.000000  0.007324
 216.000000  0.008276
 217.000000  0.007373
 218.000000  0.008081
 219.000000  0.009790
 220.000000  0.008008
 221.000000  0.007324
 222.000000  0.008008
 223.000000  0.007397
 224.000000  0.008252
 225.000000  0.007324
 226.000000  0.008154
 227.000000  0.009765
 228.000000  0.008032
 229.000000  0.009863
 230.000000  0.008667
 231.000000  0.007349
 232.000000  0.008081
 233.000000  0.009765
 234.000000  0.008008
 235.000000  0.007324
 236.000000  0.007935
 237.000000  0.007349
 238.000000  0.008154
 239.000000  0.009765
 240.000000  0.008154
 241.000000  0.007324
 242.000000  0.008008
 243.000000  0.009765
 244.000000  0.007886
 245.000000  0.007324
 246.000000  0.008301
 247.000000  0.007349
 248.000000  0.008057
 249.000000  0.007373
 250.000000  0.007983
 251.000000  0.007324
 252.000000  0.008081
 253.000000  0.007324
 254.000000  0.007886
 255.000000  0.009765
 256.000000  0.008032
 257.000000  0.007324
 258.000000  0.007715
 259.000000  0.007324
 260.000000  0.008252
 261.000000  0.007324
 262.000000  0.007837
 263.000000  0.009765
 264.000000  0.007764
 265.000000  0.009790
 266.000000  0.007959
 267.000000  0.009765
 268.000000  0.007959
 269.000000  0.009790
 270.000000  0.008081
 271.000000  0.007324
 272.000000  0.007910
 273.000000  0.007324
 274.000000  0.008105
 275.000000  0.009765
 276.000000  0.007861
 277.000000  0.009765
 278.000000  0.008398
 279.000000  0.007324
 280.000000  0.008350
 281.000000  0.009765
 282.000000  0.008179
 283.000000  0.009765
 284.000000  0.007861
 285.000000  0.007324
 286.000000  0.007715
 287.000000  0.007349
 288.000000  0.007764
 289.000000  0.009790
 290.000000  0.008105
 291.000000  0.007324
 292.000000  0.008179
 293.000000  0.007324
 294.000000  0.007861
 295.000000  0.009765
 296.000000  0.007983
 297.000000  0.009765
 298.000000  0.007935
 299.000000  0.009765
 300.000000  0.007861
 301.000000  0.007324
 302.000000  0.008179
 303.000000  0.009765
 304.000000  0.008301
 305.000000  0.007324
 306.000000  0.008179
 307.000000  0.009790
 308.000000  0.008203
 309.000000  0.009765
 310.000000  0.008227
 311.000000  0.007324
 312.000000  0.007959
 313.000000  0.007349
 314.000000  0.008374
 315.000000  0.009790
 316.000000  0.008276
 317.000000  0.007324
 318.000000  0.007959
 319.000000  0.007349
 320.000000  0.008008
 321.000000  0.009765
 322.000000  0.008374
 323.000000  0.009765
 324.000000  0.008008
 325.000000  0.007324
 326.000000  0.007935
 327.000000  0.007324
 328.000000  0.008252
 329.000000  0.009765
 330.000000  0.008423
 331.000000  0.009765
 332.000000  0.008227
 333.000000  0.009765
 334.000000  0.007886
 335.000000  0.009765
 336.000000  0.008203
 337.000000  0.007349
 338.000000  0.008374
 339.000000  0.007324
 340.000000  0.008276
 341.000000  0.009912
 342.000000  0.010327
 343.000000  0.009814
 344.000000  0.008301
 345.000000  0.009741
 346.000000  0.008252
 347.000000  0.007300
 348.000000  0.008252
 349.000000  0.009863
 350.000000  0.008740
 351.000000  0.010449
 352.000000  0.008936
 353.000000  0.010376
 354.000000  0.008496
 355.000000  0.007617
 356.000000  0.008105
 357.000000  0.007349
 358.000000  0.008398
 359.000000  0.009912
 360.000000  0.008374
 361.000000  0.007349
 362.000000  0.008130
 363.000000  0.009790
 364.000000  0.008423
 365.000000  0.007397
 366.000000  0.008472
 367.000000  0.007471
 368.000000  0.008545
 369.000000  0.007446
 370.000000  0.008203
 371.000000  0.009838
 372.000000  0.008447
 373.000000  0.009936
 374.000000  0.008374
 375.000000  0.009887
 376.000000  0.008374
 377.000000  0.007324
 378.000000  0.008472
 379.000000  0.007373
 380.000000  0.008057
 381.000000  0.009790
 382.000000  0.008203
 383.000000  0.007324
 384.000000  0.008447
 385.000000  0.007324
 386.000000  0.008276
 387.000000  0.009814
 388.000000  0.008447
 389.000000  0.009814
 390.000000  0.008569
 391.000000  0.009814
 392.000000  0.008276
 393.000000  0.007349
 394.000000  0.008276
 395.000000  0.007422
 396.000000  0.008301
 397.000000  0.007324
 398.000000  0.008203
 399.000000  0.007324
 400.000000  0.008594
 401.000000  0.009765
 402.000000  0.008496
 403.000000  0.007422
 404.000000  0.008008
 405.000000  0.007324
 406.000000  0.008374
 407.000000  0.007349
 408.000000  0.008081
 409.000000  0.009765
 410.000000  0.008301
 411.000000  0.009765
 412.000000  0.008203
 413.000000  0.007349
 414.000000  0.008618
 415.000000  0.009790
 416.000000  0.008252
 417.000000  0.007324
 418.000000  0.008203
 419.000000  0.007349
 420.000000  0.008276
 421.000000  0.007349
 422.000000  0.007935
 423.000000  0.007324
 424.000000  0.008179
 425.000000  0.009765
 426.000000  0.008203
 427.000000  0.009765
 428.000000  0.008154
 429.000000  0.009765
 430.000000  0.008545
 431.000000  0.009765
 432.000000  0.008154
 433.000000  0.007349
 434.000000  0.008032
 435.000000  0.009765
 436.000000  0.007715
 437.000000  0.009765
 438.000000  0.007837
 439.000000  0.009765
 440.000000  0.008252
 441.000000  0.009765
 442.000000  0.008301
 443.000000  0.009790
 444.000000  0.008447
 445.000000  0.009765
 446.000000  0.008520
 447.000000  0.007324
 448.000000  0.007935
 449.000000  0.009765
 450.000000  0.008032
 451.000000  0.009790
 452.000000  0.008081
 453.000000  0.009765
 454.000000  0.008350
 455.000000  0.009790
 456.000000  0.008301
 457.000000  0.009765
 458.000000  0.008472
 459.000000  0.009790
 460.000000  0.008496
 461.000000  0.009790
 462.000000  0.008179
 463.000000  0.009814
 464.000000  0.008520
 465.000000  0.009838
 466.000000  0.008765
 467.000000  0.007324
 468.000000  0.008252
 469.000000  0.007373
 470.000000  0.008667
 471.000000  0.009765
 472.000000  0.008447
 473.000000  0.007373
 474.000000  0.008545
 475.000000  0.009790
 476.000000  0.008203
 477.000000  0.007349
 478.000000  0.008179
 479.000000  0.009814
 480.000000  0.008569
 481.000000  0.009790
 482.000000  0.008154
 483.000000  0.007373
 484.000000  0.008447
 485.000000  0.009936
 486.000000  0.008032
 487.000000  0.007397
 488.000000  0.008203
 489.000000  0.007373
 490.000000  0.008276
 491.000000  0.009838
 492.000000  0.008130
 493.000000  0.009765
 494.000000  0.008423
 495.000000  0.009838
 496.000000  0.008496
 497.000000  0.007397
 498.000000  0.008105
 499.000000  0.009814
 500.000000  0.008032
 501.000000  0.009936
 502.000000  0.008179
 503.000000  0.010229
 504.000000  0.008618
 505.000000  0.010107
 506.000000  0.008227
 507.000000  0.007202
 508.000000  0.007935
 509.000000  0.007422
 510.000000  0.008374
 511.000000  0.009985
 512.000000  0.008716
 513.000000  0.007690
 514.000000  0.008520
 515.000000  0.007446
 516.000000  0.008447
 517.000000  0.007495
 518.000000  0.008618
 519.000000  0.007373
 520.000000  0.008740
 521.000000  0.007422
 522.000000  0.008472
 523.000000  0.009814
 524.000000  0.008276
 525.000000  0.009887
 526.000000  0.008569
 527.000000  0.009838
 528.000000  0.008423
 529.000000  0.009814
 530.000000  0.008594
 531.000000  0.009863
 532.000000  0.008252
 533.000000  0.007373
 534.000000  0.008227
 535.000000  0.007422
 536.000000  0.008398
 537.000000  0.009814
 538.000000  0.008447
 539.000000  0.009838
 540.000000  0.008520
 541.000000  0.007349
 542.000000  0.008496
 543.000000  0.007397
 544.000000  0.008203
 545.000000  0.007397
 546.000000  0.008301
 547.000000  0.009814
 548.000000  0.008325
 549.000000  0.009814
 550.000000  0.008398
 551.000000  0.009790
 552.000000  0.008325
 553.000000  0.007349
 554.000000  0.008398
 555.000000  0.007373
 556.000000  0.008154
 557.000000  0.009765
 558.000000  0.008496
 559.000000  0.009765
 560.000000  0.009106
 561.000000  0.007373
 562.000000  0.008643
 563.000000  0.009887
 564.000000  0.008496
 565.000000  0.009838
 566.000000  0.008398
 567.000000  0.009765
 568.000000  0.008765
 569.000000  0.009790
 570.000000  0.009155
 571.000000  0.009790
 572.000000  0.008325
 573.000000  0.009887
 574.000000  0.008911
 575.000000  0.009814
 576.000000  0.008594
 577.000000  0.009814
 578.000000  0.008813
 579.000000  0.009863
 580.000000  0.009155
 581.000000  0.007446
 582.000000  0.008838
 583.000000  0.009863
 584.000000  0.009009
 585.000000  0.009936
 586.000000  0.009253
 587.000000  0.010131
 588.000000  0.008936
 589.000000  0.007519
 590.000000  0.009473
 591.000000  0.009961
 592.000000  0.009570
 593.000000  0.008057
 594.000000  0.009595
 595.000000  0.010302
 596.000000  0.009741
 597.000000  0.010546
 598.000000  0.009668
 599.000000  0.010400
 600.000000  0.009595
 601.000000  0.010278
 602.000000  0.009766
 603.000000  0.011450
 604.000000  0.009766
 605.000000  0.012011
 606.000000  0.009766
 607.000000  0.012207
 608.000000  0.009888
 609.000000  0.012231
 610.000000  0.011133
 611.000000  0.013378
 612.000000  0.014648
 613.000000  0.014624
 614.000000  0.014965
 615.000000  0.014941
 616.000000  0.014673
 617.000000  0.017065
 618.000000  0.021851
 619.000000  0.040869
 620.000000  0.080371
 621.000000  0.113940
 622.000000  0.117261
 623.000000  0.106958
 624.000000  0.073657
 625.000000  0.050317
 626.000000  0.038281
 627.000000  0.029931
 628.000000  0.021631
 629.000000  0.019677
 630.000000  0.015601
 631.000000  0.015478
 632.000000  0.012207
 633.000000  0.012353
 634.000000  0.009863
 635.000000  0.012207
 636.000000  0.009766
 637.000000  0.009473
 638.000000  0.009766
 639.000000  0.011157
 640.000000  0.009766
 641.000000  0.011035
 642.000000  0.009741
 643.000000  0.008447
 644.000000  0.012207
 645.000000  0.010424
 646.000000  0.011938
 647.000000  0.010644
 648.000000  0.009692
 649.000000  0.007935
 650.000000  0.009570
 651.000000  0.008057
 652.000000  0.009448
 653.000000  0.007959
 654.000000  0.009473
 655.000000  0.010034
 656.000000  0.009570
 657.000000  0.010083
 658.000000  0.009131
 659.000000  0.007422
 660.000000  0.009058
 661.000000  0.010083
 662.000000  0.008862
 663.000000  0.010839
 664.000000  0.011718
 665.000000  0.011084
 666.000000  0.011474
 667.000000  0.010424
 668.000000  0.008618
 669.000000  0.007666
 670.000000  0.009253
 671.000000  0.007739
 672.000000  0.009082
 673.000000  0.009985
 674.000000  0.011523
 675.000000  0.010034
 676.000000  0.009448
 677.000000  0.010131
 678.000000  0.008643
 679.000000  0.009985
 680.000000  0.008960
 681.000000  0.007519
 682.000000  0.009375
 683.000000  0.009936
 684.000000  0.008960
 685.000000  0.010180
 686.000000  0.008813
 687.000000  0.007642
 688.000000  0.011303
 689.000000  0.007471
 690.000000  0.011523
 691.000000  0.009863
 692.000000  0.008838
 693.000000  0.009912
 694.000000  0.008984
 695.000000  0.009863
 696.000000  0.010986
 697.000000  0.009912
 698.000000  0.008936
 699.000000  0.009814
 700.000000  0.009009
 701.000000  0.007471
 702.000000  0.008984
 703.000000  0.007373
 704.000000  0.011279
 705.000000  0.009838
 706.000000  0.009277
 707.000000  0.007519
 708.000000  0.009082
 709.000000  0.009814
 710.000000  0.008960
 711.000000  0.009814
 712.000000  0.008765
 713.000000  0.009936
 714.000000  0.008667
 715.000000  0.009814
 716.000000  0.008594
 717.000000  0.009790
 718.000000  0.008813
 719.000000  0.009765
 720.000000  0.008911
 721.000000  0.009790
 722.000000  0.008716
 723.000000  0.009814
 724.000000  0.008936
 725.000000  0.009838
 726.000000  0.008813
 727.000000  0.009814
 728.000000  0.008374
 729.000000  0.007324
 730.000000  0.008862
 731.000000  0.009765
 732.000000  0.008154
 733.000000  0.009765
 734.000000  0.011279
 735.000000  0.009790
 736.000000  0.008203
 737.000000  0.009765
 738.000000  0.008447
 739.000000  0.009765
 740.000000  0.008374
 741.000000  0.009814
 742.000000  0.008569
 743.000000  0.007373
 744.000000  0.008374
 745.000000  0.009838
 746.000000  0.008398
 747.000000  0.007324
 748.000000  0.008569
 749.000000  0.009790
 750.000000  0.008520
 751.000000  0.009765
 752.000000  0.011181
 753.000000  0.009814
 754.000000  0.008594
 755.000000  0.009765
 756.000000  0.008887
 757.000000  0.009765
 758.000000  0.008618
 759.000000  0.007349
 760.000000  0.008301
 761.000000  0.009814
 762.000000  0.008252
 763.000000  0.009765
 764.000000  0.008447
 765.000000  0.009765
 766.000000  0.008374
 767.000000  0.007349
 768.000000  0.008325
 769.000000  0.009765
 770.000000  0.008350
 771.000000  0.009765
 772.000000  0.008398
 773.000000  0.009765
 774.000000  0.010766
 775.000000  0.009838
 776.000000  0.010913
 777.000000  0.009765
 778.000000  0.008350
 779.000000  0.007349
 780.000000  0.008496
 781.000000  0.007324
 782.000000  0.010669
 783.000000  0.009765
 784.000000  0.008179
 785.000000  0.009790
 786.000000  0.008398
 787.000000  0.009790
 788.000000  0.010644
 789.000000  0.009790
 790.000000  0.008350
 791.000000  0.009814
 792.000000  0.008081
 793.000000  0.009765
 794.000000  0.008179
 795.000000  0.009814
 796.000000  0.008520
 797.000000  0.009814
 798.000000  0.008032
 799.000000  0.009814
 800.000000  0.008618
 801.000000  0.009790
 802.000000  0.010693
 803.000000  0.009814
 804.000000  0.007935
 805.000000  0.009790
 806.000000  0.008105
 807.000000  0.009790
 808.000000  0.010766
 809.000000  0.007349
 810.000000  0.008472
 811.000000  0.007422
 812.000000  0.008008
 813.000000  0.007471
 814.000000  0.008154
 815.000000  0.010107
 816.000000  0.008472
 817.000000  0.010229
 818.000000  0.008447
 819.000000  0.009692
 820.000000  0.007666
 821.000000  0.009814
 822.000000  0.008105
 823.000000  0.009961
 824.000000  0.011157
 825.000000  0.010131
 826.000000  0.008618
 827.000000  0.009985
 828.000000  0.008569
 829.000000  0.009863
 830.000000  0.008276
 831.000000  0.009863
 832.000000  0.008227
 833.000000  0.009765
 834.000000  0.008008
 835.000000  0.009838
 836.000000  0.010693
 837.000000  0.009765
 838.000000  0.008081
 839.000000  0.009814
 840.000000  0.008740
 841.000000  0.009814
 842.000000  0.010522
 843.000000  0.009838
 844.000000  0.008081
 845.000000  0.007422
 846.000000  0.010669
 847.000000  0.009912
 848.000000  0.008154
 849.000000  0.009838
 850.000000  0.008252
 851.000000  0.009838
 852.000000  0.007959
 853.000000  0.007373
 854.000000  0.011132
 855.000000  0.009838
 856.000000  0.008032
 857.000000  0.007373
 858.000000  0.008130
 859.000000  0.007373
 860.000000  0.010595
 861.000000  0.009765
 862.000000  0.007935
 863.000000  0.007324
 864.000000  0.007861
 865.000000  0.009765
 866.000000  0.010546
 867.000000  0.007349
 868.000000  0.008374
 869.000000  0.009790
 870.000000  0.008325
 871.000000  0.009765
 872.000000  0.008057
 873.000000  0.009765
 874.000000  0.008057
 875.000000  0.009765
 876.000000  0.008008
 877.000000  0.007446
 878.000000  0.008594
 879.000000  0.007349
 880.000000  0.008081
 881.000000  0.009814
 882.000000  0.007935
 883.000000  0.009765
 884.000000  0.008472
 885.000000  0.009765
 886.000000  0.008350
 887.000000  0.007324
 888.000000  0.007983
 889.000000  0.009765
 890.000000  0.008350
 891.000000  0.009765
 892.000000  0.008227
 893.000000  0.009765
 894.000000  0.008252
 895.000000  0.009790
 896.000000  0.007935
 897.000000  0.009765
 898.000000  0.008105
 899.000000  0.009765
 900.000000  0.008301
 901.000000  0.009765
 902.000000  0.010400
 903.000000  0.009765
 904.000000  0.008252
 905.000000  0.009765
 906.000000  0.010522
 907.000000  0.009765
 908.000000  0.010498
 909.000000  0.009765
 910.000000  0.008179
 911.000000  0.009765
 912.000000  0.008276
 913.000000  0.009765
 914.000000  0.008227
 915.000000  0.009765
 916.000000  0.007910
 917.000000  0.009790
 918.000000  0.010888
 919.000000  0.009765
 920.000000  0.011059
 921.000000  0.009765
 922.000000  0.008008
 923.000000  0.009765
 924.000000  0.008227
 925.000000  0.009765
 926.000000  0.007764
 927.000000  0.009765
 928.000000  0.008569
 929.000000  0.009765
 930.000000  0.008887
 931.000000  0.009838
 932.000000  0.008276
 933.000000  0.009790
 934.000000  0.008227
 935.000000  0.009790
 936.000000  0.008643
 937.000000  0.009765
 938.000000  0.008301
 939.000000  0.009765
 940.000000  0.008154
 941.000000  0.009765
 942.000000  0.008179
 943.000000  0.009765
 944.000000  0.008447
 945.000000  0.007349
 946.000000  0.010986
 947.000000  0.009814
 948.000000  0.008032
 949.000000  0.009814
 950.000000  0.010400
 951.000000  0.009765
 952.000000  0.008032
 953.000000  0.009790
 954.000000  0.008081
 955.000000  0.009765
 956.000000  0.008374
 957.000000  0.009765
 958.000000  0.008301
 959.000000  0.007324
 960.000000  0.007837
 961.000000  0.007324
 962.000000  0.010644
 963.000000  0.007373
 964.000000  0.008032
 965.000000  0.009765
 966.000000  0.008276
 967.000000  0.009765
 968.000000  0.008569
 969.000000  0.009838
 970.000000  0.010473
 971.000000  0.009838
 972.000000  0.008765
 973.000000  0.009741
 974.000000  0.008594
 975.000000  0.010180
 976.000000  0.008765
 977.000000  0.010473
 978.000000  0.008716
 979.000000  0.010473
 980.000000  0.008179
 981.000000  0.009912
 982.000000  0.007861
 983.000000  0.007471
 984.000000  0.007910
 985.000000  0.009838
 986.000000  0.007764
 987.000000  0.009765
 988.000000  0.011084
 989.000000  0.009838
 990.000000  0.008618
 991.000000  0.009814
 992.000000  0.008203
 993.000000  0.009887
 994.000000  0.008227
 995.000000  0.010034
 996.000000  0.008154
 997.000000  0.009912
 998.000000  0.010473
 999.000000  0.009790
 1000.000000  0.010669
 1001.000000  0.009765
 1002.000000  0.008130
 1003.000000  0.009765
 1004.000000  0.007959
 1005.000000  0.009838
 1006.000000  0.008008
 1007.000000  0.009765
 1008.000000  0.008276
 1009.000000  0.009765
 1010.000000  0.007837
 1011.000000  0.009765
 1012.000000  0.007690
 1013.000000  0.009790
 1014.000000  0.007666
 1015.000000  0.009790
 1016.000000  0.007959
 1017.000000  0.009814
 1018.000000  0.007764
 1019.000000  0.009765
 1020.000000  0.007861
 1021.000000  0.009765
 1022.000000  0.007715
 1023.000000  0.009790
