 0.000000  0.008789
 1.000000  0.007544
 2.000000  0.009180
 3.000000  0.007519
 4.000000  0.009375
 5.000000  0.007471
 6.000000  0.009595
 7.000000  0.007495
 8.000000  0.009204
 9.000000  0.007690
 10.000000  0.009302
 11.000000  0.007519
 12.000000  0.009521
 13.000000  0.007593
 14.000000  0.009253
 15.000000  0.007446
 16.000000  0.009546
 17.000000  0.007495
 18.000000  0.009546
 19.000000  0.007617
 20.000000  0.008984
 21.000000  0.007495
 22.000000  0.009033
 23.000000  0.007690
 24.000000  0.009570
 25.000000  0.007544
 26.000000  0.009448
 27.000000  0.010058
 28.000000  0.009277
 29.000000  0.007568
 30.000000  0.009277
 31.000000  0.007642
 32.000000  0.009351
 33.000000  0.007568
 34.000000  0.009424
 35.000000  0.007666
 36.000000  0.009473
 37.000000  0.007422
 38.000000  0.009473
 39.000000  0.010058
 40.000000  0.009546
 41.000000  0.007495
 42.000000  0.009521
 43.000000  0.007519
 44.000000  0.009448
 45.000000  0.007642
 46.000000  0.009546
 47.000000  0.007519
 48.000000  0.009277
 49.000000  0.007935
 50.000000  0.009058
 51.000000  0.007764
 52.000000  0.008936
 53.000000  0.007642
 54.000000  0.009375
 55.000000  0.007666
 56.000000  0.009326
 57.000000  0.007593
 58.000000  0.009692
 59.000000  0.010034
 60.000000  0.009253
 61.000000  0.010083
 62.000000  0.009131
 63.000000  0.007568
 64.000000  0.008960
 65.000000  0.007495
 66.000000  0.008911
 67.000000  0.010107
 68.000000  0.009033
 69.000000  0.007715
 70.000000  0.008984
 71.000000  0.007812
 72.000000  0.009106
 73.000000  0.007886
 74.000000  0.008911
 75.000000  0.008105
 76.000000  0.009253
 77.000000  0.007764
 78.000000  0.009106
 79.000000  0.007739
 80.000000  0.009131
 81.000000  0.007715
 82.000000  0.008862
 83.000000  0.007837
 84.000000  0.009253
 85.000000  0.007593
 86.000000  0.009253
 87.000000  0.007642
 88.000000  0.009326
 89.000000  0.007861
 90.000000  0.009253
 91.000000  0.007739
 92.000000  0.009155
 93.000000  0.007910
 94.000000  0.009302
 95.000000  0.007519
 96.000000  0.009448
 97.000000  0.007544
 98.000000  0.009424
 99.000000  0.007690
 100.000000  0.009155
 101.000000  0.010107
 102.000000  0.009302
 103.000000  0.010156
 104.000000  0.009228
 105.000000  0.007812
 106.000000  0.009424
 107.000000  0.007715
 108.000000  0.009277
 109.000000  0.010107
 110.000000  0.009351
 111.000000  0.007593
 112.000000  0.009082
 113.000000  0.007593
 114.000000  0.009204
 115.000000  0.007690
 116.000000  0.009228
 117.000000  0.007690
 118.000000  0.009399
 119.000000  0.007617
 120.000000  0.009424
 121.000000  0.007715
 122.000000  0.009326
 123.000000  0.007568
 124.000000  0.009228
 125.000000  0.007519
 126.000000  0.009375
 127.000000  0.009838
 128.000000  0.009228
 129.000000  0.007471
 130.000000  0.009302
 131.000000  0.009985
 132.000000  0.009204
 133.000000  0.007519
 134.000000  0.009448
 135.000000  0.010058
 136.000000  0.009448
 137.000000  0.007519
 138.000000  0.009375
 139.000000  0.007495
 140.000000  0.009570
 141.000000  0.007495
 142.000000  0.009326
 143.000000  0.007568
 144.000000  0.009375
 145.000000  0.009863
 146.000000  0.009448
 147.000000  0.007544
 148.000000  0.009570
 149.000000  0.010009
 150.000000  0.009595
 151.000000  0.007446
 152.000000  0.009399
 153.000000  0.007666
 154.000000  0.009570
 155.000000  0.007544
 156.000000  0.009326
 157.000000  0.009863
 158.000000  0.009497
 159.000000  0.007397
 160.000000  0.009595
 161.000000  0.007642
 162.000000  0.009375
 163.000000  0.007471
 164.000000  0.009473
 165.000000  0.007373
 166.000000  0.009424
 167.000000  0.007617
 168.000000  0.009180
 169.000000  0.009887
 170.000000  0.009228
 171.000000  0.007422
 172.000000  0.009131
 173.000000  0.007397
 174.000000  0.009277
 175.000000  0.007446
 176.000000  0.009204
 177.000000  0.007373
 178.000000  0.009448
 179.000000  0.009863
 180.000000  0.009546
 181.000000  0.007568
 182.000000  0.009228
 183.000000  0.007519
 184.000000  0.009277
 185.000000  0.007495
 186.000000  0.009546
 187.000000  0.007471
 188.000000  0.009009
 189.000000  0.007422
 190.000000  0.009570
 191.000000  0.007446
 192.000000  0.009228
 193.000000  0.007568
 194.000000  0.009277
 195.000000  0.007495
 196.000000  0.011914
 197.000000  0.007471
 198.000000  0.009473
 199.000000  0.009961
 200.000000  0.009375
 201.000000  0.009985
 202.000000  0.009521
 203.000000  0.007544
 204.000000  0.009375
 205.000000  0.007495
 206.000000  0.009448
 207.000000  0.007446
 208.000000  0.009277
 209.000000  0.009985
 210.000000  0.009595
 211.000000  0.007373
 212.000000  0.009180
 213.000000  0.010034
 214.000000  0.009375
 215.000000  0.007593
 216.000000  0.009204
 217.000000  0.007471
 218.000000  0.009106
 219.000000  0.010302
 220.000000  0.009473
 221.000000  0.007959
 222.000000  0.009180
 223.000000  0.008057
 224.000000  0.009375
 225.000000  0.007910
 226.000000  0.009033
 227.000000  0.010107
 228.000000  0.009204
 229.000000  0.010253
 230.000000  0.009155
 231.000000  0.008008
 232.000000  0.009155
 233.000000  0.010107
 234.000000  0.009180
 235.000000  0.007886
 236.000000  0.009033
 237.000000  0.007910
 238.000000  0.009399
 239.000000  0.010400
 240.000000  0.009326
 241.000000  0.007886
 242.000000  0.009204
 243.000000  0.010253
 244.000000  0.009082
 245.000000  0.007837
 246.000000  0.009399
 247.000000  0.007690
 248.000000  0.009375
 249.000000  0.007690
 250.000000  0.009082
 251.000000  0.007739
 252.000000  0.009253
 253.000000  0.007642
 254.000000  0.009277
 255.000000  0.010205
 256.000000  0.009521
 257.000000  0.007812
 258.000000  0.009277
 259.000000  0.007617
 260.000000  0.009375
 261.000000  0.007666
 262.000000  0.009228
 263.000000  0.009985
 264.000000  0.009180
 265.000000  0.010083
 266.000000  0.009302
 267.000000  0.010107
 268.000000  0.009009
 269.000000  0.010156
 270.000000  0.009302
 271.000000  0.007739
 272.000000  0.009180
 273.000000  0.007593
 274.000000  0.009473
 275.000000  0.010107
 276.000000  0.009375
 277.000000  0.010131
 278.000000  0.009473
 279.000000  0.007812
 280.000000  0.009595
 281.000000  0.010083
 282.000000  0.009644
 283.000000  0.009936
 284.000000  0.009399
 285.000000  0.007495
 286.000000  0.009155
 287.000000  0.007690
 288.000000  0.009375
 289.000000  0.010107
 290.000000  0.009424
 291.000000  0.007397
 292.000000  0.009351
 293.000000  0.007544
 294.000000  0.009399
 295.000000  0.009887
 296.000000  0.009546
 297.000000  0.009961
 298.000000  0.009570
 299.000000  0.010009
 300.000000  0.009277
 301.000000  0.007666
 302.000000  0.009595
 303.000000  0.010058
 304.000000  0.009424
 305.000000  0.007519
 306.000000  0.009473
 307.000000  0.010156
 308.000000  0.009595
 309.000000  0.009863
 310.000000  0.009351
 311.000000  0.007593
 312.000000  0.009546
 313.000000  0.007837
 314.000000  0.009448
 315.000000  0.010205
 316.000000  0.009521
 317.000000  0.007690
 318.000000  0.009546
 319.000000  0.007642
 320.000000  0.009546
 321.000000  0.010058
 322.000000  0.009424
 323.000000  0.010009
 324.000000  0.009375
 325.000000  0.007593
 326.000000  0.009521
 327.000000  0.007861
 328.000000  0.009619
 329.000000  0.010009
 330.000000  0.009692
 331.000000  0.010205
 332.000000  0.009668
 333.000000  0.010156
 334.000000  0.009497
 335.000000  0.010327
 336.000000  0.009521
 337.000000  0.007715
 338.000000  0.009619
 339.000000  0.007837
 340.000000  0.009619
 341.000000  0.010522
 342.000000  0.011792
 343.000000  0.010156
 344.000000  0.009619
 345.000000  0.010205
 346.000000  0.009619
 347.000000  0.007861
 348.000000  0.009375
 349.000000  0.010180
 350.000000  0.009595
 351.000000  0.010571
 352.000000  0.009521
 353.000000  0.010229
 354.000000  0.009570
 355.000000  0.007910
 356.000000  0.009351
 357.000000  0.007788
 358.000000  0.009546
 359.000000  0.010278
 360.000000  0.009570
 361.000000  0.007935
 362.000000  0.009619
 363.000000  0.010327
 364.000000  0.009595
 365.000000  0.007739
 366.000000  0.009692
 367.000000  0.007983
 368.000000  0.009497
 369.000000  0.007861
 370.000000  0.009375
 371.000000  0.010620
 372.000000  0.009521
 373.000000  0.010351
 374.000000  0.009570
 375.000000  0.010156
 376.000000  0.009253
 377.000000  0.007861
 378.000000  0.009399
 379.000000  0.007983
 380.000000  0.009375
 381.000000  0.010620
 382.000000  0.009399
 383.000000  0.008130
 384.000000  0.009326
 385.000000  0.008154
 386.000000  0.009351
 387.000000  0.010888
 388.000000  0.009448
 389.000000  0.010571
 390.000000  0.009375
 391.000000  0.010644
 392.000000  0.009375
 393.000000  0.008301
 394.000000  0.009302
 395.000000  0.008472
 396.000000  0.009399
 397.000000  0.008398
 398.000000  0.009473
 399.000000  0.007886
 400.000000  0.009521
 401.000000  0.010717
 402.000000  0.009595
 403.000000  0.008618
 404.000000  0.009448
 405.000000  0.008374
 406.000000  0.009644
 407.000000  0.008594
 408.000000  0.009619
 409.000000  0.010669
 410.000000  0.009717
 411.000000  0.010693
 412.000000  0.009717
 413.000000  0.008716
 414.000000  0.009668
 415.000000  0.010620
 416.000000  0.009595
 417.000000  0.008350
 418.000000  0.009619
 419.000000  0.008496
 420.000000  0.009741
 421.000000  0.008008
 422.000000  0.009668
 423.000000  0.008032
 424.000000  0.009570
 425.000000  0.010546
 426.000000  0.009521
 427.000000  0.010913
 428.000000  0.009644
 429.000000  0.010839
 430.000000  0.009741
 431.000000  0.010253
 432.000000  0.009668
 433.000000  0.007935
 434.000000  0.009668
 435.000000  0.010620
 436.000000  0.009424
 437.000000  0.010522
 438.000000  0.009619
 439.000000  0.010595
 440.000000  0.009741
 441.000000  0.010644
 442.000000  0.009692
 443.000000  0.010693
 444.000000  0.009741
 445.000000  0.010571
 446.000000  0.009741
 447.000000  0.008301
 448.000000  0.009717
 449.000000  0.010766
 450.000000  0.009668
 451.000000  0.010791
 452.000000  0.009717
 453.000000  0.011010
 454.000000  0.009717
 455.000000  0.011157
 456.000000  0.009741
 457.000000  0.010717
 458.000000  0.009717
 459.000000  0.010766
 460.000000  0.009766
 461.000000  0.010986
 462.000000  0.009717
 463.000000  0.010864
 464.000000  0.009741
 465.000000  0.011352
 466.000000  0.009766
 467.000000  0.008813
 468.000000  0.009766
 469.000000  0.008545
 470.000000  0.009766
 471.000000  0.010986
 472.000000  0.009766
 473.000000  0.009082
 474.000000  0.009741
 475.000000  0.010864
 476.000000  0.009766
 477.000000  0.009009
 478.000000  0.009741
 479.000000  0.011108
 480.000000  0.009766
 481.000000  0.011254
 482.000000  0.009766
 483.000000  0.009058
 484.000000  0.009766
 485.000000  0.011718
 486.000000  0.009741
 487.000000  0.009058
 488.000000  0.009741
 489.000000  0.008691
 490.000000  0.009741
 491.000000  0.010791
 492.000000  0.009766
 493.000000  0.011303
 494.000000  0.009766
 495.000000  0.010888
 496.000000  0.009766
 497.000000  0.008398
 498.000000  0.009692
 499.000000  0.011157
 500.000000  0.009766
 501.000000  0.011547
 502.000000  0.009741
 503.000000  0.011157
 504.000000  0.009766
 505.000000  0.011572
 506.000000  0.009766
 507.000000  0.008960
 508.000000  0.009741
 509.000000  0.008813
 510.000000  0.009741
 511.000000  0.011010
 512.000000  0.009717
 513.000000  0.008838
 514.000000  0.009766
 515.000000  0.008838
 516.000000  0.009741
 517.000000  0.008765
 518.000000  0.009741
 519.000000  0.008667
 520.000000  0.009766
 521.000000  0.008643
 522.000000  0.009717
 523.000000  0.010888
 524.000000  0.009717
 525.000000  0.011059
 526.000000  0.009766
 527.000000  0.010742
 528.000000  0.009692
 529.000000  0.011596
 530.000000  0.009668
 531.000000  0.011523
 532.000000  0.009741
 533.000000  0.009351
 534.000000  0.009766
 535.000000  0.009253
 536.000000  0.009521
 537.000000  0.011474
 538.000000  0.009644
 539.000000  0.011547
 540.000000  0.009717
 541.000000  0.008813
 542.000000  0.009668
 543.000000  0.009058
 544.000000  0.009570
 545.000000  0.008960
 546.000000  0.009741
 547.000000  0.011279
 548.000000  0.009570
 549.000000  0.011425
 550.000000  0.009546
 551.000000  0.011767
 552.000000  0.009521
 553.000000  0.009180
 554.000000  0.009814
 555.000000  0.008960
 556.000000  0.009790
 557.000000  0.011328
 558.000000  0.009741
 559.000000  0.011792
 560.000000  0.009766
 561.000000  0.009082
 562.000000  0.009766
 563.000000  0.011767
 564.000000  0.009644
 565.000000  0.011792
 566.000000  0.009741
 567.000000  0.011767
 568.000000  0.009766
 569.000000  0.012036
 570.000000  0.009766
 571.000000  0.011596
 572.000000  0.009766
 573.000000  0.011792
 574.000000  0.009766
 575.000000  0.011840
 576.000000  0.009766
 577.000000  0.011694
 578.000000  0.009741
 579.000000  0.011816
 580.000000  0.009766
 581.000000  0.009375
 582.000000  0.009766
 583.000000  0.011962
 584.000000  0.009766
 585.000000  0.012060
 586.000000  0.009766
 587.000000  0.012085
 588.000000  0.009766
 589.000000  0.009351
 590.000000  0.009741
 591.000000  0.011914
 592.000000  0.009766
 593.000000  0.009692
 594.000000  0.009766
 595.000000  0.012085
 596.000000  0.009766
 597.000000  0.012060
 598.000000  0.009766
 599.000000  0.011962
 600.000000  0.009766
 601.000000  0.011914
 602.000000  0.009766
 603.000000  0.012109
 604.000000  0.009790
 605.000000  0.012133
 606.000000  0.009766
 607.000000  0.012133
 608.000000  0.009766
 609.000000  0.012060
 610.000000  0.009766
 611.000000  0.012182
 612.000000  0.012207
 613.000000  0.012207
 614.000000  0.012207
 615.000000  0.012207
 616.000000  0.009766
 617.000000  0.009766
 618.000000  0.009766
 619.000000  0.012207
 620.000000  0.009936
 621.000000  0.012207
 622.000000  0.009936
 623.000000  0.012207
 624.000000  0.012670
 625.000000  0.012280
 626.000000  0.011304
 627.000000  0.012695
 628.000000  0.012183
 629.000000  0.014599
 630.000000  0.012231
 631.000000  0.014648
 632.000000  0.012329
 633.000000  0.014672
 634.000000  0.014429
 635.000000  0.016992
 636.000000  0.014673
 637.000000  0.014648
 638.000000  0.016577
 639.000000  0.019677
 640.000000  0.021728
 641.000000  0.024682
 642.000000  0.025684
 643.000000  0.026514
 644.000000  0.031396
 645.000000  0.036376
 646.000000  0.044287
 647.000000  0.050927
 648.000000  0.055029
 649.000000  0.065625
 650.000000  0.099634
 651.000000  0.150952
 652.000000  0.192090
 653.000000  0.215186
 654.000000  0.195654
 655.000000  0.142871
 656.000000  0.089697
 657.000000  0.055981
 658.000000  0.037354
 659.000000  0.025098
 660.000000  0.021802
 661.000000  0.019531
 662.000000  0.014966
 663.000000  0.015356
 664.000000  0.014794
 665.000000  0.014453
 666.000000  0.014648
 667.000000  0.013134
 668.000000  0.011572
 669.000000  0.010327
 670.000000  0.011108
 671.000000  0.009839
 672.000000  0.010425
 673.000000  0.012207
 674.000000  0.012841
 675.000000  0.012231
 676.000000  0.010449
 677.000000  0.012231
 678.000000  0.009961
 679.000000  0.012207
 680.000000  0.009936
 681.000000  0.009790
 682.000000  0.009912
 683.000000  0.012182
 684.000000  0.010010
 685.000000  0.012231
 686.000000  0.009888
 687.000000  0.009741
 688.000000  0.012402
 689.000000  0.009644
 690.000000  0.012475
 691.000000  0.012060
 692.000000  0.010132
 693.000000  0.011987
 694.000000  0.010059
 695.000000  0.012085
 696.000000  0.012280
 697.000000  0.012060
 698.000000  0.009961
 699.000000  0.012060
 700.000000  0.009888
 701.000000  0.009668
 702.000000  0.010059
 703.000000  0.009717
 704.000000  0.012475
 705.000000  0.011987
 706.000000  0.009912
 707.000000  0.009619
 708.000000  0.009839
 709.000000  0.012011
 710.000000  0.009888
 711.000000  0.012011
 712.000000  0.009839
 713.000000  0.012182
 714.000000  0.009839
 715.000000  0.012158
 716.000000  0.009790
 717.000000  0.012158
 718.000000  0.009863
 719.000000  0.012158
 720.000000  0.009790
 721.000000  0.012158
 722.000000  0.009888
 723.000000  0.012182
 724.000000  0.009790
 725.000000  0.012207
 726.000000  0.009790
 727.000000  0.012158
 728.000000  0.009766
 729.000000  0.009790
 730.000000  0.009766
 731.000000  0.012133
 732.000000  0.009790
 733.000000  0.012182
 734.000000  0.012255
 735.000000  0.012207
 736.000000  0.009790
 737.000000  0.012085
 738.000000  0.009766
 739.000000  0.012182
 740.000000  0.009766
 741.000000  0.012158
 742.000000  0.009790
 743.000000  0.009717
 744.000000  0.009766
 745.000000  0.012207
 746.000000  0.009766
 747.000000  0.009595
 748.000000  0.009766
 749.000000  0.012133
 750.000000  0.009790
 751.000000  0.012207
 752.000000  0.012280
 753.000000  0.012182
 754.000000  0.009766
 755.000000  0.012133
 756.000000  0.009766
 757.000000  0.012085
 758.000000  0.009766
 759.000000  0.009766
 760.000000  0.009766
 761.000000  0.012182
 762.000000  0.009766
 763.000000  0.012207
 764.000000  0.009766
 765.000000  0.012011
 766.000000  0.009766
 767.000000  0.009668
 768.000000  0.009766
 769.000000  0.012085
 770.000000  0.009766
 771.000000  0.012060
 772.000000  0.009766
 773.000000  0.012060
 774.000000  0.012207
 775.000000  0.012158
 776.000000  0.012231
 777.000000  0.012182
 778.000000  0.009766
 779.000000  0.009717
 780.000000  0.009766
 781.000000  0.009766
 782.000000  0.012207
 783.000000  0.012085
 784.000000  0.009766
 785.000000  0.012182
 786.000000  0.009766
 787.000000  0.012182
 788.000000  0.012207
 789.000000  0.012182
 790.000000  0.009766
 791.000000  0.012036
 792.000000  0.009766
 793.000000  0.012109
 794.000000  0.009766
 795.000000  0.012182
 796.000000  0.009766
 797.000000  0.012207
 798.000000  0.009790
 799.000000  0.012207
 800.000000  0.009766
 801.000000  0.012207
 802.000000  0.012207
 803.000000  0.012036
 804.000000  0.009766
 805.000000  0.012158
 806.000000  0.009766
 807.000000  0.012109
 808.000000  0.012207
 809.000000  0.009766
 810.000000  0.009766
 811.000000  0.009766
 812.000000  0.009766
 813.000000  0.009692
 814.000000  0.009766
 815.000000  0.012207
 816.000000  0.009766
 817.000000  0.012182
 818.000000  0.009766
 819.000000  0.012036
 820.000000  0.009766
 821.000000  0.012182
 822.000000  0.009766
 823.000000  0.012207
 824.000000  0.012231
 825.000000  0.012158
 826.000000  0.009766
 827.000000  0.012085
 828.000000  0.009766
 829.000000  0.012133
 830.000000  0.009766
 831.000000  0.012011
 832.000000  0.009766
 833.000000  0.012036
 834.000000  0.009766
 835.000000  0.012158
 836.000000  0.012207
 837.000000  0.011987
 838.000000  0.009766
 839.000000  0.012158
 840.000000  0.009717
 841.000000  0.011865
 842.000000  0.012182
 843.000000  0.012085
 844.000000  0.009766
 845.000000  0.009521
 846.000000  0.012280
 847.000000  0.012011
 848.000000  0.009814
 849.000000  0.012011
 850.000000  0.009790
 851.000000  0.011865
 852.000000  0.009863
 853.000000  0.009619
 854.000000  0.012353
 855.000000  0.011792
 856.000000  0.009692
 857.000000  0.009180
 858.000000  0.009741
 859.000000  0.009497
 860.000000  0.012231
 861.000000  0.011840
 862.000000  0.009717
 863.000000  0.009204
 864.000000  0.009814
 865.000000  0.011840
 866.000000  0.012255
 867.000000  0.009717
 868.000000  0.009863
 869.000000  0.011938
 870.000000  0.009790
 871.000000  0.011938
 872.000000  0.009790
 873.000000  0.012060
 874.000000  0.009766
 875.000000  0.011718
 876.000000  0.009766
 877.000000  0.009570
 878.000000  0.009790
 879.000000  0.009546
 880.000000  0.009790
 881.000000  0.012085
 882.000000  0.009766
 883.000000  0.012085
 884.000000  0.009814
 885.000000  0.012085
 886.000000  0.009766
 887.000000  0.009644
 888.000000  0.009766
 889.000000  0.011987
 890.000000  0.009766
 891.000000  0.012085
 892.000000  0.009766
 893.000000  0.012011
 894.000000  0.009766
 895.000000  0.012085
 896.000000  0.009766
 897.000000  0.012011
 898.000000  0.009717
 899.000000  0.012085
 900.000000  0.009766
 901.000000  0.011914
 902.000000  0.012207
 903.000000  0.012060
 904.000000  0.009790
 905.000000  0.012133
 906.000000  0.012207
 907.000000  0.012036
 908.000000  0.012207
 909.000000  0.012060
 910.000000  0.009766
 911.000000  0.012085
 912.000000  0.009766
 913.000000  0.011987
 914.000000  0.009766
 915.000000  0.012011
 916.000000  0.009766
 917.000000  0.012109
 918.000000  0.012207
 919.000000  0.012182
 920.000000  0.012207
 921.000000  0.012085
 922.000000  0.009766
 923.000000  0.012158
 924.000000  0.009766
 925.000000  0.012085
 926.000000  0.009766
 927.000000  0.012085
 928.000000  0.009766
 929.000000  0.012133
 930.000000  0.009766
 931.000000  0.012182
 932.000000  0.009766
 933.000000  0.012133
 934.000000  0.009766
 935.000000  0.012109
 936.000000  0.009766
 937.000000  0.011987
 938.000000  0.009766
 939.000000  0.011962
 940.000000  0.009766
 941.000000  0.012085
 942.000000  0.009766
 943.000000  0.011792
 944.000000  0.009766
 945.000000  0.009741
 946.000000  0.012207
 947.000000  0.012182
 948.000000  0.009766
 949.000000  0.012182
 950.000000  0.012207
 951.000000  0.012133
 952.000000  0.009766
 953.000000  0.012085
 954.000000  0.009766
 955.000000  0.012085
 956.000000  0.009766
 957.000000  0.011816
 958.000000  0.009766
 959.000000  0.009619
 960.000000  0.009766
 961.000000  0.009546
 962.000000  0.012207
 963.000000  0.009619
 964.000000  0.009766
 965.000000  0.011987
 966.000000  0.009766
 967.000000  0.012133
 968.000000  0.009766
 969.000000  0.012109
 970.000000  0.012207
 971.000000  0.012060
 972.000000  0.009766
 973.000000  0.012109
 974.000000  0.009766
 975.000000  0.012133
 976.000000  0.009766
 977.000000  0.012085
 978.000000  0.009766
 979.000000  0.011840
 980.000000  0.009766
 981.000000  0.011938
 982.000000  0.009741
 983.000000  0.009595
 984.000000  0.009766
 985.000000  0.012036
 986.000000  0.009766
 987.000000  0.011962
 988.000000  0.012207
 989.000000  0.011889
 990.000000  0.009766
 991.000000  0.011840
 992.000000  0.009741
 993.000000  0.012060
 994.000000  0.009766
 995.000000  0.012060
 996.000000  0.009814
 997.000000  0.012060
 998.000000  0.012231
 999.000000  0.012060
 1000.000000  0.012255
 1001.000000  0.011938
 1002.000000  0.009717
 1003.000000  0.011474
 1004.000000  0.009644
 1005.000000  0.011523
 1006.000000  0.009717
 1007.000000  0.011718
 1008.000000  0.009717
 1009.000000  0.011621
 1010.000000  0.009521
 1011.000000  0.011474
 1012.000000  0.009717
 1013.000000  0.011621
 1014.000000  0.009692
 1015.000000  0.011303
 1016.000000  0.009644
 1017.000000  0.011718
 1018.000000  0.009595
 1019.000000  0.011547
 1020.000000  0.009692
 1021.000000  0.011694
 1022.000000  0.009668
 1023.000000  0.011474
