 0.000000  0.008618
 1.000000  0.007397
 2.000000  0.008374
 3.000000  0.007446
 4.000000  0.008398
 5.000000  0.007446
 6.000000  0.008594
 7.000000  0.007422
 8.000000  0.008569
 9.000000  0.007495
 10.000000  0.008911
 11.000000  0.007446
 12.000000  0.008887
 13.000000  0.007422
 14.000000  0.008789
 15.000000  0.007422
 16.000000  0.008520
 17.000000  0.007422
 18.000000  0.008887
 19.000000  0.007373
 20.000000  0.008325
 21.000000  0.007519
 22.000000  0.008569
 23.000000  0.007544
 24.000000  0.008838
 25.000000  0.007422
 26.000000  0.009228
 27.000000  0.009814
 28.000000  0.008691
 29.000000  0.007373
 30.000000  0.008716
 31.000000  0.007519
 32.000000  0.008716
 33.000000  0.007495
 34.000000  0.008862
 35.000000  0.007446
 36.000000  0.008643
 37.000000  0.007422
 38.000000  0.008789
 39.000000  0.009985
 40.000000  0.008984
 41.000000  0.007422
 42.000000  0.008911
 43.000000  0.007397
 44.000000  0.008813
 45.000000  0.007446
 46.000000  0.008838
 47.000000  0.007593
 48.000000  0.008765
 49.000000  0.007422
 50.000000  0.008398
 51.000000  0.007544
 52.000000  0.008594
 53.000000  0.007349
 54.000000  0.008618
 55.000000  0.007397
 56.000000  0.008960
 57.000000  0.007519
 58.000000  0.009009
 59.000000  0.009790
 60.000000  0.008911
 61.000000  0.009863
 62.000000  0.008691
 63.000000  0.007422
 64.000000  0.008887
 65.000000  0.007397
 66.000000  0.008838
 67.000000  0.009814
 68.000000  0.008545
 69.000000  0.007422
 70.000000  0.008667
 71.000000  0.007373
 72.000000  0.008520
 73.000000  0.007373
 74.000000  0.008691
 75.000000  0.007397
 76.000000  0.008765
 77.000000  0.007373
 78.000000  0.008643
 79.000000  0.007422
 80.000000  0.008716
 81.000000  0.007373
 82.000000  0.008154
 83.000000  0.007397
 84.000000  0.008594
 85.000000  0.007471
 86.000000  0.008472
 87.000000  0.007519
 88.000000  0.008643
 89.000000  0.007495
 90.000000  0.008643
 91.000000  0.007397
 92.000000  0.008569
 93.000000  0.007446
 94.000000  0.008520
 95.000000  0.007422
 96.000000  0.008789
 97.000000  0.007397
 98.000000  0.008716
 99.000000  0.007495
 100.000000  0.008618
 101.000000  0.009863
 102.000000  0.008350
 103.000000  0.009985
 104.000000  0.008496
 105.000000  0.007422
 106.000000  0.009033
 107.000000  0.007471
 108.000000  0.008862
 109.000000  0.009814
 110.000000  0.008569
 111.000000  0.007373
 112.000000  0.008520
 113.000000  0.007446
 114.000000  0.008545
 115.000000  0.007422
 116.000000  0.008643
 117.000000  0.007373
 118.000000  0.008813
 119.000000  0.007349
 120.000000  0.008984
 121.000000  0.007373
 122.000000  0.008911
 123.000000  0.007373
 124.000000  0.008667
 125.000000  0.007349
 126.000000  0.008765
 127.000000  0.009765
 128.000000  0.008569
 129.000000  0.007397
 130.000000  0.008887
 131.000000  0.009814
 132.000000  0.008374
 133.000000  0.007397
 134.000000  0.008862
 135.000000  0.009814
 136.000000  0.008569
 137.000000  0.007422
 138.000000  0.008789
 139.000000  0.007349
 140.000000  0.008887
 141.000000  0.007422
 142.000000  0.008716
 143.000000  0.007373
 144.000000  0.008227
 145.000000  0.009765
 146.000000  0.008447
 147.000000  0.007349
 148.000000  0.008618
 149.000000  0.009814
 150.000000  0.008740
 151.000000  0.007300
 152.000000  0.008398
 153.000000  0.007397
 154.000000  0.008520
 155.000000  0.007349
 156.000000  0.008252
 157.000000  0.009765
 158.000000  0.008643
 159.000000  0.007422
 160.000000  0.008643
 161.000000  0.007422
 162.000000  0.008130
 163.000000  0.007373
 164.000000  0.008154
 165.000000  0.007373
 166.000000  0.008350
 167.000000  0.007397
 168.000000  0.008374
 169.000000  0.009765
 170.000000  0.008276
 171.000000  0.007324
 172.000000  0.008350
 173.000000  0.007397
 174.000000  0.008179
 175.000000  0.007349
 176.000000  0.008447
 177.000000  0.007373
 178.000000  0.008520
 179.000000  0.009765
 180.000000  0.008252
 181.000000  0.007324
 182.000000  0.008350
 183.000000  0.007373
 184.000000  0.008301
 185.000000  0.007373
 186.000000  0.008472
 187.000000  0.007373
 188.000000  0.008252
 189.000000  0.007373
 190.000000  0.008325
 191.000000  0.007397
 192.000000  0.008496
 193.000000  0.007373
 194.000000  0.008276
 195.000000  0.007397
 196.000000  0.010595
 197.000000  0.007349
 198.000000  0.008423
 199.000000  0.009790
 200.000000  0.008447
 201.000000  0.009838
 202.000000  0.008325
 203.000000  0.007397
 204.000000  0.008374
 205.000000  0.007324
 206.000000  0.008227
 207.000000  0.007324
 208.000000  0.008447
 209.000000  0.009765
 210.000000  0.008496
 211.000000  0.007349
 212.000000  0.008081
 213.000000  0.009814
 214.000000  0.008179
 215.000000  0.007373
 216.000000  0.008179
 217.000000  0.007422
 218.000000  0.008374
 219.000000  0.009863
 220.000000  0.008325
 221.000000  0.007373
 222.000000  0.008105
 223.000000  0.007324
 224.000000  0.008301
 225.000000  0.007373
 226.000000  0.008374
 227.000000  0.009765
 228.000000  0.008398
 229.000000  0.009838
 230.000000  0.008813
 231.000000  0.007373
 232.000000  0.008691
 233.000000  0.009814
 234.000000  0.008325
 235.000000  0.007495
 236.000000  0.008179
 237.000000  0.007373
 238.000000  0.008276
 239.000000  0.009814
 240.000000  0.008520
 241.000000  0.007397
 242.000000  0.008569
 243.000000  0.009838
 244.000000  0.008130
 245.000000  0.007324
 246.000000  0.008252
 247.000000  0.007446
 248.000000  0.008496
 249.000000  0.007422
 250.000000  0.008350
 251.000000  0.007373
 252.000000  0.008252
 253.000000  0.007349
 254.000000  0.008105
 255.000000  0.009765
 256.000000  0.008398
 257.000000  0.007397
 258.000000  0.008301
 259.000000  0.007422
 260.000000  0.008643
 261.000000  0.007349
 262.000000  0.008008
 263.000000  0.009765
 264.000000  0.008154
 265.000000  0.009790
 266.000000  0.008227
 267.000000  0.009765
 268.000000  0.008227
 269.000000  0.009765
 270.000000  0.008350
 271.000000  0.007324
 272.000000  0.008350
 273.000000  0.007373
 274.000000  0.008398
 275.000000  0.009790
 276.000000  0.008227
 277.000000  0.009790
 278.000000  0.008594
 279.000000  0.007349
 280.000000  0.008398
 281.000000  0.009814
 282.000000  0.008374
 283.000000  0.009765
 284.000000  0.008325
 285.000000  0.007373
 286.000000  0.008081
 287.000000  0.007397
 288.000000  0.008057
 289.000000  0.009790
 290.000000  0.008350
 291.000000  0.007349
 292.000000  0.008496
 293.000000  0.007324
 294.000000  0.008154
 295.000000  0.009765
 296.000000  0.008618
 297.000000  0.009790
 298.000000  0.008447
 299.000000  0.009765
 300.000000  0.008325
 301.000000  0.007349
 302.000000  0.008423
 303.000000  0.009790
 304.000000  0.008667
 305.000000  0.007349
 306.000000  0.008423
 307.000000  0.009814
 308.000000  0.008716
 309.000000  0.009838
 310.000000  0.008227
 311.000000  0.007397
 312.000000  0.008350
 313.000000  0.007397
 314.000000  0.008325
 315.000000  0.009838
 316.000000  0.008667
 317.000000  0.007446
 318.000000  0.008423
 319.000000  0.007349
 320.000000  0.008472
 321.000000  0.009912
 322.000000  0.008545
 323.000000  0.009863
 324.000000  0.008545
 325.000000  0.007422
 326.000000  0.008350
 327.000000  0.007349
 328.000000  0.008423
 329.000000  0.009887
 330.000000  0.008765
 331.000000  0.009814
 332.000000  0.008569
 333.000000  0.009936
 334.000000  0.008398
 335.000000  0.009765
 336.000000  0.008398
 337.000000  0.007397
 338.000000  0.008594
 339.000000  0.007397
 340.000000  0.008643
 341.000000  0.009863
 342.000000  0.010791
 343.000000  0.009936
 344.000000  0.008398
 345.000000  0.009863
 346.000000  0.008789
 347.000000  0.007397
 348.000000  0.008520
 349.000000  0.009838
 350.000000  0.008716
 351.000000  0.009814
 352.000000  0.008447
 353.000000  0.009863
 354.000000  0.008691
 355.000000  0.007446
 356.000000  0.008569
 357.000000  0.007373
 358.000000  0.008667
 359.000000  0.009838
 360.000000  0.008911
 361.000000  0.007397
 362.000000  0.008496
 363.000000  0.009912
 364.000000  0.008301
 365.000000  0.007422
 366.000000  0.008765
 367.000000  0.007373
 368.000000  0.008643
 369.000000  0.007471
 370.000000  0.008398
 371.000000  0.009863
 372.000000  0.008618
 373.000000  0.009863
 374.000000  0.008813
 375.000000  0.009838
 376.000000  0.008740
 377.000000  0.007422
 378.000000  0.008789
 379.000000  0.007397
 380.000000  0.008813
 381.000000  0.009838
 382.000000  0.008643
 383.000000  0.007471
 384.000000  0.008594
 385.000000  0.007446
 386.000000  0.008789
 387.000000  0.009863
 388.000000  0.008789
 389.000000  0.009814
 390.000000  0.008691
 391.000000  0.009887
 392.000000  0.008765
 393.000000  0.007519
 394.000000  0.008520
 395.000000  0.007397
 396.000000  0.008520
 397.000000  0.007446
 398.000000  0.008740
 399.000000  0.007349
 400.000000  0.008862
 401.000000  0.009912
 402.000000  0.008447
 403.000000  0.007446
 404.000000  0.008472
 405.000000  0.007422
 406.000000  0.008765
 407.000000  0.007495
 408.000000  0.008496
 409.000000  0.009863
 410.000000  0.008789
 411.000000  0.009985
 412.000000  0.008618
 413.000000  0.007422
 414.000000  0.009058
 415.000000  0.009838
 416.000000  0.008765
 417.000000  0.007446
 418.000000  0.008813
 419.000000  0.007422
 420.000000  0.009155
 421.000000  0.007349
 422.000000  0.008813
 423.000000  0.007373
 424.000000  0.008887
 425.000000  0.009814
 426.000000  0.008594
 427.000000  0.009814
 428.000000  0.008765
 429.000000  0.009814
 430.000000  0.008960
 431.000000  0.009814
 432.000000  0.008862
 433.000000  0.007349
 434.000000  0.008618
 435.000000  0.009814
 436.000000  0.008008
 437.000000  0.009765
 438.000000  0.008545
 439.000000  0.009765
 440.000000  0.008716
 441.000000  0.009838
 442.000000  0.008911
 443.000000  0.009863
 444.000000  0.008789
 445.000000  0.009838
 446.000000  0.008911
 447.000000  0.007373
 448.000000  0.008496
 449.000000  0.009814
 450.000000  0.008594
 451.000000  0.009838
 452.000000  0.008569
 453.000000  0.009814
 454.000000  0.008691
 455.000000  0.009838
 456.000000  0.008789
 457.000000  0.009838
 458.000000  0.008960
 459.000000  0.009887
 460.000000  0.008887
 461.000000  0.009887
 462.000000  0.008765
 463.000000  0.009765
 464.000000  0.008960
 465.000000  0.009961
 466.000000  0.009033
 467.000000  0.007373
 468.000000  0.008838
 469.000000  0.007495
 470.000000  0.008838
 471.000000  0.009838
 472.000000  0.008960
 473.000000  0.007495
 474.000000  0.009228
 475.000000  0.009985
 476.000000  0.008911
 477.000000  0.007544
 478.000000  0.008936
 479.000000  0.009985
 480.000000  0.008838
 481.000000  0.009863
 482.000000  0.008911
 483.000000  0.007519
 484.000000  0.008862
 485.000000  0.010009
 486.000000  0.008789
 487.000000  0.007446
 488.000000  0.008716
 489.000000  0.007519
 490.000000  0.008862
 491.000000  0.009912
 492.000000  0.008667
 493.000000  0.009912
 494.000000  0.009082
 495.000000  0.009985
 496.000000  0.008911
 497.000000  0.007593
 498.000000  0.008667
 499.000000  0.009887
 500.000000  0.008960
 501.000000  0.009961
 502.000000  0.008447
 503.000000  0.009936
 504.000000  0.009131
 505.000000  0.009887
 506.000000  0.008887
 507.000000  0.007397
 508.000000  0.008887
 509.000000  0.007642
 510.000000  0.009033
 511.000000  0.010009
 512.000000  0.008813
 513.000000  0.007471
 514.000000  0.008691
 515.000000  0.007544
 516.000000  0.008569
 517.000000  0.007617
 518.000000  0.008716
 519.000000  0.007446
 520.000000  0.009131
 521.000000  0.007519
 522.000000  0.008813
 523.000000  0.009887
 524.000000  0.008887
 525.000000  0.010083
 526.000000  0.009082
 527.000000  0.009961
 528.000000  0.009009
 529.000000  0.009887
 530.000000  0.009155
 531.000000  0.010131
 532.000000  0.009058
 533.000000  0.007617
 534.000000  0.009033
 535.000000  0.007544
 536.000000  0.008789
 537.000000  0.009887
 538.000000  0.009033
 539.000000  0.010009
 540.000000  0.009155
 541.000000  0.007471
 542.000000  0.009302
 543.000000  0.007568
 544.000000  0.008813
 545.000000  0.007764
 546.000000  0.009228
 547.000000  0.010058
 548.000000  0.009277
 549.000000  0.010034
 550.000000  0.009131
 551.000000  0.010180
 552.000000  0.009253
 553.000000  0.007910
 554.000000  0.009399
 555.000000  0.007837
 556.000000  0.009204
 557.000000  0.010058
 558.000000  0.009375
 559.000000  0.010351
 560.000000  0.009570
 561.000000  0.007837
 562.000000  0.009570
 563.000000  0.010498
 564.000000  0.009521
 565.000000  0.010473
 566.000000  0.009326
 567.000000  0.010693
 568.000000  0.009668
 569.000000  0.010669
 570.000000  0.009668
 571.000000  0.010595
 572.000000  0.009448
 573.000000  0.010864
 574.000000  0.009619
 575.000000  0.010717
 576.000000  0.009595
 577.000000  0.010937
 578.000000  0.009717
 579.000000  0.011230
 580.000000  0.009766
 581.000000  0.009351
 582.000000  0.009741
 583.000000  0.011767
 584.000000  0.009741
 585.000000  0.012158
 586.000000  0.009766
 587.000000  0.012207
 588.000000  0.010156
 589.000000  0.010059
 590.000000  0.011719
 591.000000  0.013964
 592.000000  0.011914
 593.000000  0.011792
 594.000000  0.013354
 595.000000  0.015380
 596.000000  0.014185
 597.000000  0.016333
 598.000000  0.014966
 599.000000  0.016308
 600.000000  0.015015
 601.000000  0.017822
 602.000000  0.018359
 603.000000  0.024560
 604.000000  0.033911
 605.000000  0.070971
 606.000000  0.134985
 607.000000  0.185180
 608.000000  0.173828
 609.000000  0.134350
 610.000000  0.073706
 611.000000  0.039160
 612.000000  0.027636
 613.000000  0.019897
 614.000000  0.016723
 615.000000  0.014331
 616.000000  0.011914
 617.000000  0.010400
 618.000000  0.010303
 619.000000  0.012207
 620.000000  0.009863
 621.000000  0.012085
 622.000000  0.009766
 623.000000  0.011840
 624.000000  0.012182
 625.000000  0.011718
 626.000000  0.009766
 627.000000  0.011279
 628.000000  0.009766
 629.000000  0.011035
 630.000000  0.009717
 631.000000  0.011303
 632.000000  0.009717
 633.000000  0.010913
 634.000000  0.009595
 635.000000  0.011059
 636.000000  0.009717
 637.000000  0.008496
 638.000000  0.009692
 639.000000  0.010644
 640.000000  0.009741
 641.000000  0.010595
 642.000000  0.009717
 643.000000  0.008350
 644.000000  0.012060
 645.000000  0.010839
 646.000000  0.012036
 647.000000  0.010669
 648.000000  0.009668
 649.000000  0.008276
 650.000000  0.009619
 651.000000  0.008276
 652.000000  0.009644
 653.000000  0.008374
 654.000000  0.009741
 655.000000  0.011132
 656.000000  0.009741
 657.000000  0.010888
 658.000000  0.009717
 659.000000  0.007959
 660.000000  0.009570
 661.000000  0.010571
 662.000000  0.009448
 663.000000  0.010253
 664.000000  0.011987
 665.000000  0.010424
 666.000000  0.011718
 667.000000  0.010449
 668.000000  0.009180
 669.000000  0.007935
 670.000000  0.009570
 671.000000  0.008130
 672.000000  0.009521
 673.000000  0.010180
 674.000000  0.011840
 675.000000  0.010205
 676.000000  0.009473
 677.000000  0.010083
 678.000000  0.009302
 679.000000  0.010107
 680.000000  0.009351
 681.000000  0.007642
 682.000000  0.009521
 683.000000  0.010327
 684.000000  0.009595
 685.000000  0.010229
 686.000000  0.009375
 687.000000  0.007910
 688.000000  0.011889
 689.000000  0.008032
 690.000000  0.012060
 691.000000  0.010107
 692.000000  0.009546
 693.000000  0.010156
 694.000000  0.009448
 695.000000  0.010229
 696.000000  0.011694
 697.000000  0.010058
 698.000000  0.009302
 699.000000  0.010156
 700.000000  0.009155
 701.000000  0.007690
 702.000000  0.009058
 703.000000  0.007764
 704.000000  0.011792
 705.000000  0.009961
 706.000000  0.009448
 707.000000  0.007935
 708.000000  0.009228
 709.000000  0.010083
 710.000000  0.009473
 711.000000  0.010498
 712.000000  0.009473
 713.000000  0.010156
 714.000000  0.009448
 715.000000  0.010351
 716.000000  0.009326
 717.000000  0.010229
 718.000000  0.009424
 719.000000  0.010156
 720.000000  0.009448
 721.000000  0.010009
 722.000000  0.009424
 723.000000  0.010156
 724.000000  0.009399
 725.000000  0.010205
 726.000000  0.009424
 727.000000  0.010034
 728.000000  0.009277
 729.000000  0.007495
 730.000000  0.009497
 731.000000  0.010205
 732.000000  0.009375
 733.000000  0.009961
 734.000000  0.011889
 735.000000  0.010083
 736.000000  0.009228
 737.000000  0.010083
 738.000000  0.009180
 739.000000  0.009936
 740.000000  0.009302
 741.000000  0.010180
 742.000000  0.009424
 743.000000  0.007544
 744.000000  0.008984
 745.000000  0.010058
 746.000000  0.009082
 747.000000  0.007666
 748.000000  0.009375
 749.000000  0.010009
 750.000000  0.009497
 751.000000  0.010156
 752.000000  0.011962
 753.000000  0.010473
 754.000000  0.009497
 755.000000  0.010131
 756.000000  0.009692
 757.000000  0.010058
 758.000000  0.009253
 759.000000  0.007495
 760.000000  0.009399
 761.000000  0.010156
 762.000000  0.009375
 763.000000  0.010058
 764.000000  0.009033
 765.000000  0.009765
 766.000000  0.009155
 767.000000  0.007642
 768.000000  0.008960
 769.000000  0.010034
 770.000000  0.009131
 771.000000  0.009863
 772.000000  0.008984
 773.000000  0.009961
 774.000000  0.011425
 775.000000  0.010131
 776.000000  0.011645
 777.000000  0.010034
 778.000000  0.009106
 779.000000  0.007422
 780.000000  0.009302
 781.000000  0.007446
 782.000000  0.011621
 783.000000  0.009985
 784.000000  0.009204
 785.000000  0.009936
 786.000000  0.009375
 787.000000  0.009912
 788.000000  0.011499
 789.000000  0.009936
 790.000000  0.009033
 791.000000  0.009961
 792.000000  0.009180
 793.000000  0.009790
 794.000000  0.008838
 795.000000  0.010327
 796.000000  0.009399
 797.000000  0.010180
 798.000000  0.008911
 799.000000  0.010034
 800.000000  0.009228
 801.000000  0.009985
 802.000000  0.011743
 803.000000  0.009863
 804.000000  0.008789
 805.000000  0.009985
 806.000000  0.009033
 807.000000  0.009961
 808.000000  0.011816
 809.000000  0.007642
 810.000000  0.009302
 811.000000  0.007617
 812.000000  0.008545
 813.000000  0.007519
 814.000000  0.009009
 815.000000  0.010131
 816.000000  0.008984
 817.000000  0.009961
 818.000000  0.009033
 819.000000  0.010083
 820.000000  0.008765
 821.000000  0.009912
 822.000000  0.009106
 823.000000  0.010400
 824.000000  0.011596
 825.000000  0.009985
 826.000000  0.009180
 827.000000  0.009961
 828.000000  0.009058
 829.000000  0.010131
 830.000000  0.008813
 831.000000  0.009936
 832.000000  0.008936
 833.000000  0.009912
 834.000000  0.008691
 835.000000  0.009912
 836.000000  0.011523
 837.000000  0.009961
 838.000000  0.009033
 839.000000  0.010009
 840.000000  0.009424
 841.000000  0.009961
 842.000000  0.011377
 843.000000  0.009961
 844.000000  0.008911
 845.000000  0.007764
 846.000000  0.011181
 847.000000  0.010205
 848.000000  0.008862
 849.000000  0.010083
 850.000000  0.009131
 851.000000  0.010229
 852.000000  0.008960
 853.000000  0.007519
 854.000000  0.011816
 855.000000  0.009887
 856.000000  0.008911
 857.000000  0.007422
 858.000000  0.009326
 859.000000  0.007519
 860.000000  0.011328
 861.000000  0.009912
 862.000000  0.009082
 863.000000  0.007446
 864.000000  0.008862
 865.000000  0.009887
 866.000000  0.011474
 867.000000  0.007544
 868.000000  0.009228
 869.000000  0.009814
 870.000000  0.009277
 871.000000  0.010009
 872.000000  0.009326
 873.000000  0.010083
 874.000000  0.008960
 875.000000  0.009912
 876.000000  0.009180
 877.000000  0.007495
 878.000000  0.009155
 879.000000  0.007519
 880.000000  0.009082
 881.000000  0.010058
 882.000000  0.008618
 883.000000  0.010009
 884.000000  0.009326
 885.000000  0.009936
 886.000000  0.009326
 887.000000  0.007495
 888.000000  0.009204
 889.000000  0.009814
 890.000000  0.008960
 891.000000  0.009838
 892.000000  0.009009
 893.000000  0.009985
 894.000000  0.008789
 895.000000  0.009814
 896.000000  0.009033
 897.000000  0.009936
 898.000000  0.008643
 899.000000  0.009887
 900.000000  0.008984
 901.000000  0.009887
 902.000000  0.011279
 903.000000  0.009790
 904.000000  0.008984
 905.000000  0.009985
 906.000000  0.011474
 907.000000  0.010009
 908.000000  0.011547
 909.000000  0.009961
 910.000000  0.009204
 911.000000  0.009936
 912.000000  0.009228
 913.000000  0.009790
 914.000000  0.009131
 915.000000  0.009985
 916.000000  0.008838
 917.000000  0.009961
 918.000000  0.011596
 919.000000  0.009936
 920.000000  0.011840
 921.000000  0.009863
 922.000000  0.009180
 923.000000  0.009887
 924.000000  0.009155
 925.000000  0.009912
 926.000000  0.008911
 927.000000  0.009790
 928.000000  0.009351
 929.000000  0.009961
 930.000000  0.009546
 931.000000  0.009985
 932.000000  0.009009
 933.000000  0.010034
 934.000000  0.008862
 935.000000  0.010156
 936.000000  0.009399
 937.000000  0.010083
 938.000000  0.009277
 939.000000  0.009936
 940.000000  0.009375
 941.000000  0.009863
 942.000000  0.009155
 943.000000  0.009985
 944.000000  0.008911
 945.000000  0.007593
 946.000000  0.011792
 947.000000  0.010180
 948.000000  0.009155
 949.000000  0.010156
 950.000000  0.011474
 951.000000  0.009961
 952.000000  0.008838
 953.000000  0.010107
 954.000000  0.009082
 955.000000  0.009912
 956.000000  0.009106
 957.000000  0.010009
 958.000000  0.009033
 959.000000  0.007422
 960.000000  0.008765
 961.000000  0.007471
 962.000000  0.011425
 963.000000  0.007495
 964.000000  0.008887
 965.000000  0.010034
 966.000000  0.008984
 967.000000  0.009961
 968.000000  0.009058
 969.000000  0.010156
 970.000000  0.011230
 971.000000  0.010083
 972.000000  0.009399
 973.000000  0.010058
 974.000000  0.008911
 975.000000  0.010083
 976.000000  0.008838
 977.000000  0.009912
 978.000000  0.008765
 979.000000  0.009814
 980.000000  0.008740
 981.000000  0.010009
 982.000000  0.008496
 983.000000  0.007495
 984.000000  0.008838
 985.000000  0.010058
 986.000000  0.008520
 987.000000  0.010009
 988.000000  0.011279
 989.000000  0.009985
 990.000000  0.008984
 991.000000  0.009887
 992.000000  0.008862
 993.000000  0.009863
 994.000000  0.008789
 995.000000  0.010424
 996.000000  0.008862
 997.000000  0.010034
 998.000000  0.011206
 999.000000  0.010034
 1000.000000  0.011572
 1001.000000  0.009912
 1002.000000  0.008643
 1003.000000  0.009863
 1004.000000  0.008520
 1005.000000  0.009887
 1006.000000  0.008716
 1007.000000  0.009887
 1008.000000  0.008936
 1009.000000  0.009936
 1010.000000  0.008301
 1011.000000  0.009961
 1012.000000  0.008618
 1013.000000  0.009887
 1014.000000  0.008472
 1015.000000  0.009887
 1016.000000  0.008667
 1017.000000  0.009936
 1018.000000  0.008594
 1019.000000  0.009887
 1020.000000  0.008569
 1021.000000  0.009790
 1022.000000  0.008594
 1023.000000  0.009936
