 0.000000  0.008813
 1.000000  0.007495
 2.000000  0.008618
 3.000000  0.007568
 4.000000  0.008911
 5.000000  0.007544
 6.000000  0.009351
 7.000000  0.007495
 8.000000  0.008887
 9.000000  0.007568
 10.000000  0.008887
 11.000000  0.007446
 12.000000  0.009131
 13.000000  0.007739
 14.000000  0.009228
 15.000000  0.007397
 16.000000  0.009302
 17.000000  0.007349
 18.000000  0.009180
 19.000000  0.007593
 20.000000  0.008911
 21.000000  0.007593
 22.000000  0.009009
 23.000000  0.007617
 24.000000  0.009277
 25.000000  0.007422
 26.000000  0.009619
 27.000000  0.010009
 28.000000  0.009399
 29.000000  0.007446
 30.000000  0.009155
 31.000000  0.007446
 32.000000  0.009351
 33.000000  0.007593
 34.000000  0.009253
 35.000000  0.007617
 36.000000  0.009326
 37.000000  0.007471
 38.000000  0.009351
 39.000000  0.010034
 40.000000  0.009375
 41.000000  0.007422
 42.000000  0.009448
 43.000000  0.007519
 44.000000  0.009033
 45.000000  0.007471
 46.000000  0.009424
 47.000000  0.007617
 48.000000  0.008936
 49.000000  0.007593
 50.000000  0.008936
 51.000000  0.007568
 52.000000  0.008789
 53.000000  0.007422
 54.000000  0.008936
 55.000000  0.007568
 56.000000  0.009180
 57.000000  0.007422
 58.000000  0.009351
 59.000000  0.009838
 60.000000  0.009277
 61.000000  0.009912
 62.000000  0.009009
 63.000000  0.007422
 64.000000  0.009180
 65.000000  0.007446
 66.000000  0.009253
 67.000000  0.009936
 68.000000  0.009033
 69.000000  0.007519
 70.000000  0.008984
 71.000000  0.007519
 72.000000  0.009058
 73.000000  0.007471
 74.000000  0.009082
 75.000000  0.007593
 76.000000  0.009253
 77.000000  0.007617
 78.000000  0.009058
 79.000000  0.007666
 80.000000  0.009302
 81.000000  0.007593
 82.000000  0.008887
 83.000000  0.007422
 84.000000  0.008936
 85.000000  0.007617
 86.000000  0.009082
 87.000000  0.007690
 88.000000  0.009058
 89.000000  0.007617
 90.000000  0.009033
 91.000000  0.007495
 92.000000  0.008984
 93.000000  0.007593
 94.000000  0.008887
 95.000000  0.007422
 96.000000  0.009228
 97.000000  0.007568
 98.000000  0.009277
 99.000000  0.007593
 100.000000  0.009155
 101.000000  0.010058
 102.000000  0.009009
 103.000000  0.009985
 104.000000  0.008789
 105.000000  0.007568
 106.000000  0.009399
 107.000000  0.007568
 108.000000  0.009180
 109.000000  0.009936
 110.000000  0.009082
 111.000000  0.007617
 112.000000  0.008813
 113.000000  0.007666
 114.000000  0.009082
 115.000000  0.007593
 116.000000  0.008984
 117.000000  0.007715
 118.000000  0.009302
 119.000000  0.007495
 120.000000  0.009302
 121.000000  0.007617
 122.000000  0.009277
 123.000000  0.007519
 124.000000  0.009058
 125.000000  0.007422
 126.000000  0.009253
 127.000000  0.010107
 128.000000  0.009082
 129.000000  0.007495
 130.000000  0.009009
 131.000000  0.009985
 132.000000  0.009009
 133.000000  0.007617
 134.000000  0.009204
 135.000000  0.010009
 136.000000  0.009131
 137.000000  0.007519
 138.000000  0.009033
 139.000000  0.007446
 140.000000  0.009033
 141.000000  0.007568
 142.000000  0.009228
 143.000000  0.007593
 144.000000  0.009082
 145.000000  0.009961
 146.000000  0.009131
 147.000000  0.007495
 148.000000  0.009009
 149.000000  0.010009
 150.000000  0.009131
 151.000000  0.007495
 152.000000  0.008960
 153.000000  0.007544
 154.000000  0.009253
 155.000000  0.007568
 156.000000  0.009253
 157.000000  0.009985
 158.000000  0.009302
 159.000000  0.007568
 160.000000  0.009424
 161.000000  0.007568
 162.000000  0.009180
 163.000000  0.007471
 164.000000  0.008789
 165.000000  0.007446
 166.000000  0.009131
 167.000000  0.007519
 168.000000  0.009180
 169.000000  0.009838
 170.000000  0.009106
 171.000000  0.007471
 172.000000  0.008618
 173.000000  0.007422
 174.000000  0.008594
 175.000000  0.007349
 176.000000  0.008838
 177.000000  0.007446
 178.000000  0.009058
 179.000000  0.009838
 180.000000  0.008716
 181.000000  0.007373
 182.000000  0.009155
 183.000000  0.007446
 184.000000  0.009326
 185.000000  0.007642
 186.000000  0.009277
 187.000000  0.007446
 188.000000  0.008984
 189.000000  0.007446
 190.000000  0.008813
 191.000000  0.007373
 192.000000  0.009106
 193.000000  0.007422
 194.000000  0.008936
 195.000000  0.007446
 196.000000  0.011181
 197.000000  0.007471
 198.000000  0.009228
 199.000000  0.009936
 200.000000  0.008887
 201.000000  0.009863
 202.000000  0.008911
 203.000000  0.007471
 204.000000  0.008960
 205.000000  0.007397
 206.000000  0.008838
 207.000000  0.007495
 208.000000  0.008984
 209.000000  0.009838
 210.000000  0.009058
 211.000000  0.007422
 212.000000  0.008984
 213.000000  0.009887
 214.000000  0.008716
 215.000000  0.007422
 216.000000  0.009009
 217.000000  0.007446
 218.000000  0.008862
 219.000000  0.009912
 220.000000  0.009058
 221.000000  0.007471
 222.000000  0.008911
 223.000000  0.007446
 224.000000  0.008936
 225.000000  0.007495
 226.000000  0.008862
 227.000000  0.009814
 228.000000  0.008911
 229.000000  0.009887
 230.000000  0.009253
 231.000000  0.007519
 232.000000  0.009131
 233.000000  0.010034
 234.000000  0.008911
 235.000000  0.007642
 236.000000  0.008838
 237.000000  0.007495
 238.000000  0.009155
 239.000000  0.009863
 240.000000  0.009253
 241.000000  0.007568
 242.000000  0.008862
 243.000000  0.009912
 244.000000  0.008911
 245.000000  0.007446
 246.000000  0.009106
 247.000000  0.007495
 248.000000  0.009277
 249.000000  0.007617
 250.000000  0.008936
 251.000000  0.007446
 252.000000  0.009009
 253.000000  0.007495
 254.000000  0.008520
 255.000000  0.010034
 256.000000  0.009302
 257.000000  0.007568
 258.000000  0.008936
 259.000000  0.007544
 260.000000  0.009106
 261.000000  0.007471
 262.000000  0.008667
 263.000000  0.009961
 264.000000  0.008667
 265.000000  0.009863
 266.000000  0.009058
 267.000000  0.009838
 268.000000  0.008789
 269.000000  0.009887
 270.000000  0.008984
 271.000000  0.007471
 272.000000  0.008960
 273.000000  0.007617
 274.000000  0.009155
 275.000000  0.010009
 276.000000  0.008960
 277.000000  0.009912
 278.000000  0.009228
 279.000000  0.007617
 280.000000  0.009204
 281.000000  0.010083
 282.000000  0.008936
 283.000000  0.009838
 284.000000  0.009106
 285.000000  0.007593
 286.000000  0.008838
 287.000000  0.007715
 288.000000  0.008667
 289.000000  0.010009
 290.000000  0.009033
 291.000000  0.007642
 292.000000  0.009131
 293.000000  0.007495
 294.000000  0.009082
 295.000000  0.009912
 296.000000  0.009009
 297.000000  0.009961
 298.000000  0.009155
 299.000000  0.010009
 300.000000  0.009009
 301.000000  0.007471
 302.000000  0.009228
 303.000000  0.010009
 304.000000  0.009302
 305.000000  0.007642
 306.000000  0.009106
 307.000000  0.009936
 308.000000  0.009106
 309.000000  0.010058
 310.000000  0.009106
 311.000000  0.007544
 312.000000  0.009180
 313.000000  0.007544
 314.000000  0.009326
 315.000000  0.009961
 316.000000  0.009180
 317.000000  0.007593
 318.000000  0.009180
 319.000000  0.007666
 320.000000  0.009351
 321.000000  0.010107
 322.000000  0.008984
 323.000000  0.009961
 324.000000  0.009351
 325.000000  0.007471
 326.000000  0.009131
 327.000000  0.007568
 328.000000  0.009302
 329.000000  0.010131
 330.000000  0.009424
 331.000000  0.010058
 332.000000  0.009424
 333.000000  0.009985
 334.000000  0.009033
 335.000000  0.010009
 336.000000  0.009253
 337.000000  0.007495
 338.000000  0.009448
 339.000000  0.007544
 340.000000  0.009253
 341.000000  0.010253
 342.000000  0.011303
 343.000000  0.009912
 344.000000  0.009228
 345.000000  0.010009
 346.000000  0.009326
 347.000000  0.007593
 348.000000  0.009204
 349.000000  0.009961
 350.000000  0.009228
 351.000000  0.009912
 352.000000  0.009497
 353.000000  0.009985
 354.000000  0.009375
 355.000000  0.007617
 356.000000  0.009277
 357.000000  0.007495
 358.000000  0.009473
 359.000000  0.010009
 360.000000  0.009570
 361.000000  0.007519
 362.000000  0.009570
 363.000000  0.010327
 364.000000  0.009399
 365.000000  0.007495
 366.000000  0.009521
 367.000000  0.007642
 368.000000  0.009375
 369.000000  0.007788
 370.000000  0.009351
 371.000000  0.010229
 372.000000  0.009448
 373.000000  0.010327
 374.000000  0.009399
 375.000000  0.010131
 376.000000  0.009326
 377.000000  0.007495
 378.000000  0.009473
 379.000000  0.007812
 380.000000  0.009473
 381.000000  0.010107
 382.000000  0.009302
 383.000000  0.007715
 384.000000  0.009351
 385.000000  0.007788
 386.000000  0.009302
 387.000000  0.010107
 388.000000  0.009253
 389.000000  0.010156
 390.000000  0.009448
 391.000000  0.010205
 392.000000  0.009277
 393.000000  0.007690
 394.000000  0.009473
 395.000000  0.007764
 396.000000  0.009448
 397.000000  0.007861
 398.000000  0.009424
 399.000000  0.007812
 400.000000  0.009448
 401.000000  0.010083
 402.000000  0.009497
 403.000000  0.007959
 404.000000  0.009351
 405.000000  0.007861
 406.000000  0.009473
 407.000000  0.008154
 408.000000  0.009448
 409.000000  0.010302
 410.000000  0.009497
 411.000000  0.010156
 412.000000  0.009497
 413.000000  0.007935
 414.000000  0.009644
 415.000000  0.010156
 416.000000  0.009570
 417.000000  0.007959
 418.000000  0.009351
 419.000000  0.008032
 420.000000  0.009570
 421.000000  0.007519
 422.000000  0.009570
 423.000000  0.007837
 424.000000  0.009448
 425.000000  0.010229
 426.000000  0.009375
 427.000000  0.010083
 428.000000  0.009570
 429.000000  0.010278
 430.000000  0.009570
 431.000000  0.010180
 432.000000  0.009521
 433.000000  0.007788
 434.000000  0.009473
 435.000000  0.010131
 436.000000  0.009326
 437.000000  0.010253
 438.000000  0.009399
 439.000000  0.010180
 440.000000  0.009619
 441.000000  0.010449
 442.000000  0.009570
 443.000000  0.010156
 444.000000  0.009595
 445.000000  0.010229
 446.000000  0.009668
 447.000000  0.008203
 448.000000  0.009497
 449.000000  0.010400
 450.000000  0.009424
 451.000000  0.010400
 452.000000  0.009448
 453.000000  0.010400
 454.000000  0.009473
 455.000000  0.010473
 456.000000  0.009570
 457.000000  0.010351
 458.000000  0.009521
 459.000000  0.010473
 460.000000  0.009619
 461.000000  0.010620
 462.000000  0.009497
 463.000000  0.010571
 464.000000  0.009717
 465.000000  0.010595
 466.000000  0.009619
 467.000000  0.008057
 468.000000  0.009692
 469.000000  0.008276
 470.000000  0.009570
 471.000000  0.010327
 472.000000  0.009717
 473.000000  0.008350
 474.000000  0.009546
 475.000000  0.010278
 476.000000  0.009521
 477.000000  0.007983
 478.000000  0.009692
 479.000000  0.010620
 480.000000  0.009692
 481.000000  0.010717
 482.000000  0.009644
 483.000000  0.008374
 484.000000  0.009595
 485.000000  0.011010
 486.000000  0.009668
 487.000000  0.008008
 488.000000  0.009644
 489.000000  0.008252
 490.000000  0.009668
 491.000000  0.010278
 492.000000  0.009521
 493.000000  0.010400
 494.000000  0.009717
 495.000000  0.010522
 496.000000  0.009741
 497.000000  0.007788
 498.000000  0.009595
 499.000000  0.010546
 500.000000  0.009741
 501.000000  0.010620
 502.000000  0.009473
 503.000000  0.010742
 504.000000  0.009595
 505.000000  0.010693
 506.000000  0.009717
 507.000000  0.008057
 508.000000  0.009717
 509.000000  0.007959
 510.000000  0.009741
 511.000000  0.010351
 512.000000  0.009546
 513.000000  0.008057
 514.000000  0.009521
 515.000000  0.008105
 516.000000  0.009692
 517.000000  0.008374
 518.000000  0.009619
 519.000000  0.008105
 520.000000  0.009741
 521.000000  0.008130
 522.000000  0.009521
 523.000000  0.010498
 524.000000  0.009521
 525.000000  0.010595
 526.000000  0.009595
 527.000000  0.010449
 528.000000  0.009717
 529.000000  0.011157
 530.000000  0.009692
 531.000000  0.011303
 532.000000  0.009570
 533.000000  0.008643
 534.000000  0.009668
 535.000000  0.008643
 536.000000  0.009595
 537.000000  0.010791
 538.000000  0.009644
 539.000000  0.010839
 540.000000  0.009668
 541.000000  0.008472
 542.000000  0.009692
 543.000000  0.008398
 544.000000  0.009717
 545.000000  0.008423
 546.000000  0.009717
 547.000000  0.010669
 548.000000  0.009570
 549.000000  0.011157
 550.000000  0.009644
 551.000000  0.011108
 552.000000  0.009644
 553.000000  0.008667
 554.000000  0.009595
 555.000000  0.008374
 556.000000  0.009619
 557.000000  0.010888
 558.000000  0.009741
 559.000000  0.011547
 560.000000  0.009668
 561.000000  0.008765
 562.000000  0.009741
 563.000000  0.011377
 564.000000  0.009668
 565.000000  0.010864
 566.000000  0.009692
 567.000000  0.011303
 568.000000  0.009692
 569.000000  0.011694
 570.000000  0.009668
 571.000000  0.011108
 572.000000  0.009692
 573.000000  0.011425
 574.000000  0.009692
 575.000000  0.011084
 576.000000  0.009692
 577.000000  0.011132
 578.000000  0.009717
 579.000000  0.011499
 580.000000  0.009741
 581.000000  0.009302
 582.000000  0.009668
 583.000000  0.011181
 584.000000  0.009766
 585.000000  0.011767
 586.000000  0.009741
 587.000000  0.011816
 588.000000  0.009717
 589.000000  0.008887
 590.000000  0.009741
 591.000000  0.011401
 592.000000  0.009741
 593.000000  0.009595
 594.000000  0.009766
 595.000000  0.011962
 596.000000  0.009766
 597.000000  0.012085
 598.000000  0.009717
 599.000000  0.011767
 600.000000  0.009741
 601.000000  0.011645
 602.000000  0.009839
 603.000000  0.012085
 604.000000  0.009863
 605.000000  0.012109
 606.000000  0.009839
 607.000000  0.012207
 608.000000  0.010229
 609.000000  0.012207
 610.000000  0.010376
 611.000000  0.012402
 612.000000  0.013574
 613.000000  0.013598
 614.000000  0.014697
 615.000000  0.014282
 616.000000  0.012671
 617.000000  0.012720
 618.000000  0.013818
 619.000000  0.015966
 620.000000  0.014453
 621.000000  0.016430
 622.000000  0.014868
 623.000000  0.017456
 624.000000  0.018701
 625.000000  0.018725
 626.000000  0.017603
 627.000000  0.019677
 628.000000  0.019653
 629.000000  0.024829
 630.000000  0.029370
 631.000000  0.036645
 632.000000  0.036206
 633.000000  0.039501
 634.000000  0.051245
 635.000000  0.116089
 636.000000  0.211426
 637.000000  0.270459
 638.000000  0.229175
 639.000000  0.149585
 640.000000  0.045312
 641.000000  0.020239
 642.000000  0.015747
 643.000000  0.013965
 644.000000  0.016626
 645.000000  0.014550
 646.000000  0.014624
 647.000000  0.014038
 648.000000  0.011841
 649.000000  0.010181
 650.000000  0.011011
 651.000000  0.009790
 652.000000  0.009888
 653.000000  0.009766
 654.000000  0.009790
 655.000000  0.012207
 656.000000  0.009839
 657.000000  0.012182
 658.000000  0.009814
 659.000000  0.009741
 660.000000  0.009766
 661.000000  0.012182
 662.000000  0.009766
 663.000000  0.012182
 664.000000  0.012207
 665.000000  0.012255
 666.000000  0.012231
 667.000000  0.012158
 668.000000  0.009790
 669.000000  0.009668
 670.000000  0.009790
 671.000000  0.009668
 672.000000  0.009766
 673.000000  0.012133
 674.000000  0.012207
 675.000000  0.011987
 676.000000  0.009766
 677.000000  0.012060
 678.000000  0.009790
 679.000000  0.012060
 680.000000  0.009766
 681.000000  0.009497
 682.000000  0.009741
 683.000000  0.012060
 684.000000  0.009839
 685.000000  0.012133
 686.000000  0.009790
 687.000000  0.009692
 688.000000  0.012280
 689.000000  0.009570
 690.000000  0.012182
 691.000000  0.011840
 692.000000  0.009766
 693.000000  0.011840
 694.000000  0.009790
 695.000000  0.011938
 696.000000  0.012182
 697.000000  0.012011
 698.000000  0.009790
 699.000000  0.011767
 700.000000  0.009790
 701.000000  0.009351
 702.000000  0.009741
 703.000000  0.009351
 704.000000  0.012231
 705.000000  0.011743
 706.000000  0.009790
 707.000000  0.009668
 708.000000  0.009766
 709.000000  0.011792
 710.000000  0.009766
 711.000000  0.012060
 712.000000  0.009766
 713.000000  0.012085
 714.000000  0.009790
 715.000000  0.011987
 716.000000  0.009717
 717.000000  0.011840
 718.000000  0.009766
 719.000000  0.011938
 720.000000  0.009814
 721.000000  0.011914
 722.000000  0.009814
 723.000000  0.012133
 724.000000  0.009766
 725.000000  0.011987
 726.000000  0.009766
 727.000000  0.011840
 728.000000  0.009766
 729.000000  0.009424
 730.000000  0.009741
 731.000000  0.011962
 732.000000  0.009717
 733.000000  0.011987
 734.000000  0.012182
 735.000000  0.012036
 736.000000  0.009741
 737.000000  0.011645
 738.000000  0.009766
 739.000000  0.011621
 740.000000  0.009766
 741.000000  0.011914
 742.000000  0.009814
 743.000000  0.009351
 744.000000  0.009717
 745.000000  0.012011
 746.000000  0.009741
 747.000000  0.008960
 748.000000  0.009741
 749.000000  0.011450
 750.000000  0.009741
 751.000000  0.012036
 752.000000  0.012231
 753.000000  0.012011
 754.000000  0.009741
 755.000000  0.011596
 756.000000  0.009790
 757.000000  0.011547
 758.000000  0.009741
 759.000000  0.009399
 760.000000  0.009766
 761.000000  0.011889
 762.000000  0.009790
 763.000000  0.011792
 764.000000  0.009741
 765.000000  0.011035
 766.000000  0.009741
 767.000000  0.008667
 768.000000  0.009741
 769.000000  0.011450
 770.000000  0.009741
 771.000000  0.011523
 772.000000  0.009741
 773.000000  0.011230
 774.000000  0.012182
 775.000000  0.011792
 776.000000  0.012133
 777.000000  0.011645
 778.000000  0.009692
 779.000000  0.009106
 780.000000  0.009790
 781.000000  0.009448
 782.000000  0.012207
 783.000000  0.011401
 784.000000  0.009741
 785.000000  0.011279
 786.000000  0.009766
 787.000000  0.011596
 788.000000  0.012158
 789.000000  0.011718
 790.000000  0.009766
 791.000000  0.011718
 792.000000  0.009741
 793.000000  0.011303
 794.000000  0.009766
 795.000000  0.011694
 796.000000  0.009766
 797.000000  0.011816
 798.000000  0.009766
 799.000000  0.011962
 800.000000  0.009766
 801.000000  0.011035
 802.000000  0.012207
 803.000000  0.011328
 804.000000  0.009766
 805.000000  0.011132
 806.000000  0.009766
 807.000000  0.011108
 808.000000  0.012182
 809.000000  0.009473
 810.000000  0.009766
 811.000000  0.009570
 812.000000  0.009766
 813.000000  0.008569
 814.000000  0.009692
 815.000000  0.011621
 816.000000  0.009766
 817.000000  0.011596
 818.000000  0.009766
 819.000000  0.011108
 820.000000  0.009741
 821.000000  0.011572
 822.000000  0.009741
 823.000000  0.011792
 824.000000  0.012182
 825.000000  0.011425
 826.000000  0.009741
 827.000000  0.011523
 828.000000  0.009766
 829.000000  0.011499
 830.000000  0.009692
 831.000000  0.010986
 832.000000  0.009766
 833.000000  0.011084
 834.000000  0.009717
 835.000000  0.011206
 836.000000  0.012158
 837.000000  0.011499
 838.000000  0.009741
 839.000000  0.011450
 840.000000  0.009741
 841.000000  0.011767
 842.000000  0.012133
 843.000000  0.011352
 844.000000  0.009717
 845.000000  0.009009
 846.000000  0.012182
 847.000000  0.011572
 848.000000  0.009668
 849.000000  0.011694
 850.000000  0.009741
 851.000000  0.011474
 852.000000  0.009692
 853.000000  0.008667
 854.000000  0.012182
 855.000000  0.011547
 856.000000  0.009692
 857.000000  0.008545
 858.000000  0.009766
 859.000000  0.008936
 860.000000  0.012182
 861.000000  0.011303
 862.000000  0.009668
 863.000000  0.008374
 864.000000  0.009644
 865.000000  0.010888
 866.000000  0.012158
 867.000000  0.009058
 868.000000  0.009741
 869.000000  0.010937
 870.000000  0.009741
 871.000000  0.011572
 872.000000  0.009741
 873.000000  0.011621
 874.000000  0.009741
 875.000000  0.011157
 876.000000  0.009644
 877.000000  0.008960
 878.000000  0.009741
 879.000000  0.008691
 880.000000  0.009668
 881.000000  0.011718
 882.000000  0.009717
 883.000000  0.011230
 884.000000  0.009766
 885.000000  0.011035
 886.000000  0.009717
 887.000000  0.008838
 888.000000  0.009717
 889.000000  0.011206
 890.000000  0.009741
 891.000000  0.011132
 892.000000  0.009717
 893.000000  0.011621
 894.000000  0.009717
 895.000000  0.011377
 896.000000  0.009741
 897.000000  0.011206
 898.000000  0.009644
 899.000000  0.011547
 900.000000  0.009741
 901.000000  0.011181
 902.000000  0.012085
 903.000000  0.011108
 904.000000  0.009717
 905.000000  0.011425
 906.000000  0.012133
 907.000000  0.010961
 908.000000  0.012133
 909.000000  0.011084
 910.000000  0.009692
 911.000000  0.011303
 912.000000  0.009717
 913.000000  0.011108
 914.000000  0.009766
 915.000000  0.011669
 916.000000  0.009717
 917.000000  0.011450
 918.000000  0.012182
 919.000000  0.011425
 920.000000  0.012207
 921.000000  0.011254
 922.000000  0.009668
 923.000000  0.011523
 924.000000  0.009741
 925.000000  0.011230
 926.000000  0.009692
 927.000000  0.011181
 928.000000  0.009741
 929.000000  0.011669
 930.000000  0.009766
 931.000000  0.011816
 932.000000  0.009741
 933.000000  0.011743
 934.000000  0.009668
 935.000000  0.011596
 936.000000  0.009717
 937.000000  0.011523
 938.000000  0.009717
 939.000000  0.010693
 940.000000  0.009741
 941.000000  0.011377
 942.000000  0.009741
 943.000000  0.011499
 944.000000  0.009741
 945.000000  0.009204
 946.000000  0.012207
 947.000000  0.011840
 948.000000  0.009766
 949.000000  0.011743
 950.000000  0.012158
 951.000000  0.011694
 952.000000  0.009741
 953.000000  0.011450
 954.000000  0.009766
 955.000000  0.011206
 956.000000  0.009766
 957.000000  0.011230
 958.000000  0.009766
 959.000000  0.008667
 960.000000  0.009766
 961.000000  0.008887
 962.000000  0.012133
 963.000000  0.009009
 964.000000  0.009766
 965.000000  0.011547
 966.000000  0.009741
 967.000000  0.011547
 968.000000  0.009766
 969.000000  0.011840
 970.000000  0.012182
 971.000000  0.011596
 972.000000  0.009766
 973.000000  0.011547
 974.000000  0.009766
 975.000000  0.011450
 976.000000  0.009717
 977.000000  0.011499
 978.000000  0.009692
 979.000000  0.011010
 980.000000  0.009717
 981.000000  0.011499
 982.000000  0.009741
 983.000000  0.009033
 984.000000  0.009741
 985.000000  0.011377
 986.000000  0.009692
 987.000000  0.011621
 988.000000  0.012109
 989.000000  0.011035
 990.000000  0.009766
 991.000000  0.011401
 992.000000  0.009668
 993.000000  0.011572
 994.000000  0.009692
 995.000000  0.011767
 996.000000  0.009790
 997.000000  0.011865
 998.000000  0.012182
 999.000000  0.011523
 1000.000000  0.012182
 1001.000000  0.011450
 1002.000000  0.009741
 1003.000000  0.011108
 1004.000000  0.009668
 1005.000000  0.011059
 1006.000000  0.009692
 1007.000000  0.010571
 1008.000000  0.009717
 1009.000000  0.011035
 1010.000000  0.009570
 1011.000000  0.010839
 1012.000000  0.009619
 1013.000000  0.010986
 1014.000000  0.009619
 1015.000000  0.010888
 1016.000000  0.009717
 1017.000000  0.011303
 1018.000000  0.009595
 1019.000000  0.011279
 1020.000000  0.009619
 1021.000000  0.010888
 1022.000000  0.009644
 1023.000000  0.010961
