 0.000000  0.009023
 1.000000  0.007483
 2.000000  0.009023
 3.000000  0.007749
 4.000000  0.009314
 5.000000  0.007510
 6.000000  0.009208
 7.000000  0.007510
 8.000000  0.009208
 9.000000  0.007563
 10.000000  0.009261
 11.000000  0.007536
 12.000000  0.009261
 13.000000  0.007536
 14.000000  0.009368
 15.000000  0.007483
 16.000000  0.009288
 17.000000  0.007510
 18.000000  0.009235
 19.000000  0.007828
 20.000000  0.008969
 21.000000  0.007828
 22.000000  0.008890
 23.000000  0.007590
 24.000000  0.009368
 25.000000  0.007563
 26.000000  0.009553
 27.000000  0.010137
 28.000000  0.009368
 29.000000  0.007749
 30.000000  0.009235
 31.000000  0.007616
 32.000000  0.009447
 33.000000  0.007536
 34.000000  0.009368
 35.000000  0.007881
 36.000000  0.009474
 37.000000  0.007536
 38.000000  0.009314
 39.000000  0.010084
 40.000000  0.009447
 41.000000  0.007510
 42.000000  0.009474
 43.000000  0.007563
 44.000000  0.009474
 45.000000  0.007510
 46.000000  0.009606
 47.000000  0.007828
 48.000000  0.009394
 49.000000  0.007802
 50.000000  0.008890
 51.000000  0.007775
 52.000000  0.009288
 53.000000  0.007696
 54.000000  0.009314
 55.000000  0.007616
 56.000000  0.009314
 57.000000  0.007590
 58.000000  0.009606
 59.000000  0.010031
 60.000000  0.009235
 61.000000  0.009951
 62.000000  0.009208
 63.000000  0.007563
 64.000000  0.009394
 65.000000  0.007563
 66.000000  0.009288
 67.000000  0.010004
 68.000000  0.009261
 69.000000  0.007510
 70.000000  0.009129
 71.000000  0.007483
 72.000000  0.009049
 73.000000  0.007536
 74.000000  0.009235
 75.000000  0.007536
 76.000000  0.009394
 77.000000  0.007590
 78.000000  0.009208
 79.000000  0.007457
 80.000000  0.009341
 81.000000  0.007828
 82.000000  0.009076
 83.000000  0.007563
 84.000000  0.009182
 85.000000  0.007828
 86.000000  0.009421
 87.000000  0.007616
 88.000000  0.009235
 89.000000  0.007563
 90.000000  0.009261
 91.000000  0.007510
 92.000000  0.009182
 93.000000  0.007483
 94.000000  0.009076
 95.000000  0.007590
 96.000000  0.009341
 97.000000  0.007563
 98.000000  0.009261
 99.000000  0.007749
 100.000000  0.009288
 101.000000  0.010057
 102.000000  0.008890
 103.000000  0.009977
 104.000000  0.009102
 105.000000  0.007616
 106.000000  0.009553
 107.000000  0.007616
 108.000000  0.009421
 109.000000  0.009977
 110.000000  0.009155
 111.000000  0.007510
 112.000000  0.008969
 113.000000  0.007616
 114.000000  0.009182
 115.000000  0.007457
 116.000000  0.009155
 117.000000  0.007590
 118.000000  0.009447
 119.000000  0.007457
 120.000000  0.009368
 121.000000  0.007457
 122.000000  0.009527
 123.000000  0.007510
 124.000000  0.009288
 125.000000  0.007563
 126.000000  0.009421
 127.000000  0.010031
 128.000000  0.009314
 129.000000  0.007483
 130.000000  0.009182
 131.000000  0.010004
 132.000000  0.009314
 133.000000  0.007616
 134.000000  0.009659
 135.000000  0.009951
 136.000000  0.009421
 137.000000  0.007510
 138.000000  0.009580
 139.000000  0.007404
 140.000000  0.009182
 141.000000  0.007483
 142.000000  0.009368
 143.000000  0.007643
 144.000000  0.009314
 145.000000  0.010004
 146.000000  0.008969
 147.000000  0.007510
 148.000000  0.009368
 149.000000  0.009924
 150.000000  0.009102
 151.000000  0.007536
 152.000000  0.009129
 153.000000  0.007590
 154.000000  0.009102
 155.000000  0.007536
 156.000000  0.009129
 157.000000  0.010004
 158.000000  0.009129
 159.000000  0.007643
 160.000000  0.009314
 161.000000  0.007457
 162.000000  0.009235
 163.000000  0.007536
 164.000000  0.008996
 165.000000  0.007590
 166.000000  0.008996
 167.000000  0.007696
 168.000000  0.009261
 169.000000  0.009951
 170.000000  0.009368
 171.000000  0.007483
 172.000000  0.009049
 173.000000  0.007536
 174.000000  0.009049
 175.000000  0.007457
 176.000000  0.009155
 177.000000  0.007483
 178.000000  0.009341
 179.000000  0.009818
 180.000000  0.008678
 181.000000  0.007483
 182.000000  0.009129
 183.000000  0.007669
 184.000000  0.009155
 185.000000  0.007775
 186.000000  0.009368
 187.000000  0.007536
 188.000000  0.009368
 189.000000  0.007483
 190.000000  0.009049
 191.000000  0.007510
 192.000000  0.009129
 193.000000  0.007669
 194.000000  0.009076
 195.000000  0.007536
 196.000000  0.011543
 197.000000  0.007590
 198.000000  0.009288
 199.000000  0.009898
 200.000000  0.008837
 201.000000  0.009898
 202.000000  0.009341
 203.000000  0.007590
 204.000000  0.009368
 205.000000  0.007536
 206.000000  0.009182
 207.000000  0.007510
 208.000000  0.008943
 209.000000  0.009898
 210.000000  0.009368
 211.000000  0.007536
 212.000000  0.008916
 213.000000  0.009924
 214.000000  0.008810
 215.000000  0.007510
 216.000000  0.009288
 217.000000  0.007510
 218.000000  0.008731
 219.000000  0.009924
 220.000000  0.009102
 221.000000  0.007536
 222.000000  0.008943
 223.000000  0.007590
 224.000000  0.008996
 225.000000  0.007590
 226.000000  0.008890
 227.000000  0.009845
 228.000000  0.009261
 229.000000  0.010057
 230.000000  0.009341
 231.000000  0.007430
 232.000000  0.009314
 233.000000  0.009924
 234.000000  0.009235
 235.000000  0.007510
 236.000000  0.008996
 237.000000  0.007483
 238.000000  0.009235
 239.000000  0.009924
 240.000000  0.009421
 241.000000  0.007563
 242.000000  0.009341
 243.000000  0.009951
 244.000000  0.009288
 245.000000  0.007590
 246.000000  0.009341
 247.000000  0.007855
 248.000000  0.009447
 249.000000  0.007536
 250.000000  0.008890
 251.000000  0.007643
 252.000000  0.008996
 253.000000  0.007643
 254.000000  0.009049
 255.000000  0.010031
 256.000000  0.009341
 257.000000  0.007563
 258.000000  0.009208
 259.000000  0.007457
 260.000000  0.009368
 261.000000  0.007616
 262.000000  0.008969
 263.000000  0.009898
 264.000000  0.009155
 265.000000  0.010163
 266.000000  0.009261
 267.000000  0.010110
 268.000000  0.009102
 269.000000  0.009951
 270.000000  0.009235
 271.000000  0.007430
 272.000000  0.009155
 273.000000  0.007457
 274.000000  0.009288
 275.000000  0.009924
 276.000000  0.009129
 277.000000  0.010057
 278.000000  0.009447
 279.000000  0.007457
 280.000000  0.009421
 281.000000  0.009818
 282.000000  0.009368
 283.000000  0.009845
 284.000000  0.009474
 285.000000  0.007563
 286.000000  0.009129
 287.000000  0.007643
 288.000000  0.009155
 289.000000  0.010163
 290.000000  0.009474
 291.000000  0.007749
 292.000000  0.009553
 293.000000  0.007536
 294.000000  0.009447
 295.000000  0.010084
 296.000000  0.009314
 297.000000  0.010084
 298.000000  0.009394
 299.000000  0.010031
 300.000000  0.009155
 301.000000  0.007669
 302.000000  0.009341
 303.000000  0.010137
 304.000000  0.009474
 305.000000  0.007881
 306.000000  0.009314
 307.000000  0.010057
 308.000000  0.009368
 309.000000  0.010137
 310.000000  0.009447
 311.000000  0.007483
 312.000000  0.009447
 313.000000  0.007802
 314.000000  0.009527
 315.000000  0.010137
 316.000000  0.009261
 317.000000  0.007590
 318.000000  0.009129
 319.000000  0.007802
 320.000000  0.009474
 321.000000  0.010376
 322.000000  0.009474
 323.000000  0.010084
 324.000000  0.009102
 325.000000  0.007749
 326.000000  0.009235
 327.000000  0.007802
 328.000000  0.009500
 329.000000  0.010163
 330.000000  0.009368
 331.000000  0.010216
 332.000000  0.009527
 333.000000  0.010482
 334.000000  0.009421
 335.000000  0.010296
 336.000000  0.009368
 337.000000  0.007722
 338.000000  0.009474
 339.000000  0.007775
 340.000000  0.009553
 341.000000  0.010641
 342.000000  0.011676
 343.000000  0.010190
 344.000000  0.009368
 345.000000  0.010190
 346.000000  0.009633
 347.000000  0.007802
 348.000000  0.009368
 349.000000  0.010269
 350.000000  0.009447
 351.000000  0.010216
 352.000000  0.009421
 353.000000  0.010269
 354.000000  0.009394
 355.000000  0.007643
 356.000000  0.009368
 357.000000  0.007908
 358.000000  0.009421
 359.000000  0.010137
 360.000000  0.009713
 361.000000  0.007828
 362.000000  0.009500
 363.000000  0.010322
 364.000000  0.009527
 365.000000  0.007881
 366.000000  0.009633
 367.000000  0.007802
 368.000000  0.009553
 369.000000  0.008147
 370.000000  0.009606
 371.000000  0.010508
 372.000000  0.009553
 373.000000  0.010721
 374.000000  0.009527
 375.000000  0.010376
 376.000000  0.009553
 377.000000  0.007749
 378.000000  0.009580
 379.000000  0.008014
 380.000000  0.009606
 381.000000  0.010535
 382.000000  0.009500
 383.000000  0.008120
 384.000000  0.009421
 385.000000  0.008014
 386.000000  0.009580
 387.000000  0.010376
 388.000000  0.009368
 389.000000  0.010455
 390.000000  0.009633
 391.000000  0.010322
 392.000000  0.009527
 393.000000  0.007828
 394.000000  0.009606
 395.000000  0.007988
 396.000000  0.009553
 397.000000  0.007988
 398.000000  0.009421
 399.000000  0.007935
 400.000000  0.009553
 401.000000  0.010455
 402.000000  0.009500
 403.000000  0.008147
 404.000000  0.009500
 405.000000  0.008253
 406.000000  0.009659
 407.000000  0.008492
 408.000000  0.009659
 409.000000  0.010429
 410.000000  0.009713
 411.000000  0.010588
 412.000000  0.009580
 413.000000  0.008465
 414.000000  0.009633
 415.000000  0.010455
 416.000000  0.009500
 417.000000  0.008306
 418.000000  0.009686
 419.000000  0.008333
 420.000000  0.009580
 421.000000  0.007935
 422.000000  0.009421
 423.000000  0.007908
 424.000000  0.009606
 425.000000  0.010800
 426.000000  0.009447
 427.000000  0.010455
 428.000000  0.009686
 429.000000  0.010482
 430.000000  0.009686
 431.000000  0.010402
 432.000000  0.009633
 433.000000  0.007749
 434.000000  0.009580
 435.000000  0.010296
 436.000000  0.009633
 437.000000  0.010376
 438.000000  0.009606
 439.000000  0.010137
 440.000000  0.009766
 441.000000  0.010641
 442.000000  0.009659
 443.000000  0.010429
 444.000000  0.009713
 445.000000  0.010535
 446.000000  0.009766
 447.000000  0.008518
 448.000000  0.009713
 449.000000  0.010641
 450.000000  0.009659
 451.000000  0.010508
 452.000000  0.009686
 453.000000  0.010774
 454.000000  0.009659
 455.000000  0.010959
 456.000000  0.009739
 457.000000  0.010535
 458.000000  0.009686
 459.000000  0.010933
 460.000000  0.009766
 461.000000  0.010827
 462.000000  0.009739
 463.000000  0.010959
 464.000000  0.009713
 465.000000  0.011119
 466.000000  0.009713
 467.000000  0.008598
 468.000000  0.009686
 469.000000  0.008412
 470.000000  0.009792
 471.000000  0.010614
 472.000000  0.009739
 473.000000  0.008678
 474.000000  0.009659
 475.000000  0.010455
 476.000000  0.009739
 477.000000  0.008333
 478.000000  0.009659
 479.000000  0.010800
 480.000000  0.009686
 481.000000  0.011092
 482.000000  0.009686
 483.000000  0.008412
 484.000000  0.009580
 485.000000  0.011517
 486.000000  0.009659
 487.000000  0.008359
 488.000000  0.009713
 489.000000  0.008359
 490.000000  0.009713
 491.000000  0.010747
 492.000000  0.009633
 493.000000  0.010880
 494.000000  0.009713
 495.000000  0.010747
 496.000000  0.009659
 497.000000  0.008386
 498.000000  0.009686
 499.000000  0.010853
 500.000000  0.009606
 501.000000  0.011437
 502.000000  0.009739
 503.000000  0.011357
 504.000000  0.009686
 505.000000  0.011331
 506.000000  0.009659
 507.000000  0.008757
 508.000000  0.009739
 509.000000  0.008784
 510.000000  0.009739
 511.000000  0.010986
 512.000000  0.009606
 513.000000  0.008386
 514.000000  0.009633
 515.000000  0.008386
 516.000000  0.009659
 517.000000  0.008624
 518.000000  0.009686
 519.000000  0.008306
 520.000000  0.009739
 521.000000  0.008598
 522.000000  0.009739
 523.000000  0.010853
 524.000000  0.009739
 525.000000  0.010880
 526.000000  0.009659
 527.000000  0.010455
 528.000000  0.009686
 529.000000  0.011357
 530.000000  0.009766
 531.000000  0.011596
 532.000000  0.009766
 533.000000  0.008996
 534.000000  0.009739
 535.000000  0.008890
 536.000000  0.009659
 537.000000  0.011278
 538.000000  0.009659
 539.000000  0.011437
 540.000000  0.009766
 541.000000  0.008863
 542.000000  0.009659
 543.000000  0.008863
 544.000000  0.009739
 545.000000  0.008996
 546.000000  0.009713
 547.000000  0.011225
 548.000000  0.009686
 549.000000  0.011623
 550.000000  0.009659
 551.000000  0.011676
 552.000000  0.009686
 553.000000  0.009261
 554.000000  0.009739
 555.000000  0.008943
 556.000000  0.009766
 557.000000  0.011517
 558.000000  0.009739
 559.000000  0.012074
 560.000000  0.009792
 561.000000  0.009129
 562.000000  0.009792
 563.000000  0.011755
 564.000000  0.009713
 565.000000  0.011596
 566.000000  0.009713
 567.000000  0.011755
 568.000000  0.009766
 569.000000  0.011941
 570.000000  0.009766
 571.000000  0.011649
 572.000000  0.009713
 573.000000  0.011782
 574.000000  0.009713
 575.000000  0.011596
 576.000000  0.009686
 577.000000  0.011649
 578.000000  0.009766
 579.000000  0.011782
 580.000000  0.009766
 581.000000  0.009659
 582.000000  0.009739
 583.000000  0.011835
 584.000000  0.009766
 585.000000  0.012074
 586.000000  0.009766
 587.000000  0.012127
 588.000000  0.009766
 589.000000  0.009659
 590.000000  0.009766
 591.000000  0.011676
 592.000000  0.009766
 593.000000  0.009739
 594.000000  0.009766
 595.000000  0.012180
 596.000000  0.009819
 597.000000  0.012154
 598.000000  0.009766
 599.000000  0.012127
 600.000000  0.009766
 601.000000  0.011994
 602.000000  0.009792
 603.000000  0.012180
 604.000000  0.009978
 605.000000  0.012207
 606.000000  0.009845
 607.000000  0.012207
 608.000000  0.010482
 609.000000  0.012286
 610.000000  0.010774
 611.000000  0.012711
 612.000000  0.014250
 613.000000  0.014250
 614.000000  0.015205
 615.000000  0.014675
 616.000000  0.012711
 617.000000  0.012446
 618.000000  0.013242
 619.000000  0.015232
 620.000000  0.013693
 621.000000  0.015285
 622.000000  0.013056
 623.000000  0.015232
 624.000000  0.015948
 625.000000  0.015444
 626.000000  0.013693
 627.000000  0.015046
 628.000000  0.013905
 629.000000  0.015179
 630.000000  0.014648
 631.000000  0.017116
 632.000000  0.017010
 633.000000  0.023246
 634.000000  0.046174
 635.000000  0.135551
 636.000000  0.267122
 637.000000  0.335932
 638.000000  0.287900
 639.000000  0.187563
 640.000000  0.059443
 641.000000  0.022928
 642.000000  0.016957
 643.000000  0.014940
 644.000000  0.017169
 645.000000  0.015258
 646.000000  0.015073
 647.000000  0.014595
 648.000000  0.012234
 649.000000  0.011331
 650.000000  0.012074
 651.000000  0.010747
 652.000000  0.011013
 653.000000  0.009819
 654.000000  0.010402
 655.000000  0.012233
 656.000000  0.009925
 657.000000  0.012286
 658.000000  0.009872
 659.000000  0.009819
 660.000000  0.010296
 661.000000  0.012233
 662.000000  0.009925
 663.000000  0.012233
 664.000000  0.012260
 665.000000  0.012180
 666.000000  0.012260
 667.000000  0.012180
 668.000000  0.009766
 669.000000  0.009713
 670.000000  0.009872
 671.000000  0.009766
 672.000000  0.009872
 673.000000  0.012154
 674.000000  0.012392
 675.000000  0.012207
 676.000000  0.009872
 677.000000  0.012180
 678.000000  0.009872
 679.000000  0.012260
 680.000000  0.009819
 681.000000  0.009633
 682.000000  0.009766
 683.000000  0.012154
 684.000000  0.009845
 685.000000  0.012207
 686.000000  0.009819
 687.000000  0.009739
 688.000000  0.012366
 689.000000  0.009739
 690.000000  0.012233
 691.000000  0.012074
 692.000000  0.009792
 693.000000  0.012100
 694.000000  0.009792
 695.000000  0.012154
 696.000000  0.012207
 697.000000  0.012127
 698.000000  0.009766
 699.000000  0.012074
 700.000000  0.009792
 701.000000  0.009553
 702.000000  0.009819
 703.000000  0.009633
 704.000000  0.012233
 705.000000  0.011915
 706.000000  0.009792
 707.000000  0.009686
 708.000000  0.009792
 709.000000  0.012021
 710.000000  0.009819
 711.000000  0.012127
 712.000000  0.009766
 713.000000  0.012207
 714.000000  0.009872
 715.000000  0.012180
 716.000000  0.009819
 717.000000  0.012154
 718.000000  0.009819
 719.000000  0.012100
 720.000000  0.009898
 721.000000  0.012154
 722.000000  0.009845
 723.000000  0.012207
 724.000000  0.009819
 725.000000  0.012154
 726.000000  0.009872
 727.000000  0.012074
 728.000000  0.009739
 729.000000  0.009686
 730.000000  0.009845
 731.000000  0.012047
 732.000000  0.009792
 733.000000  0.012074
 734.000000  0.012233
 735.000000  0.012127
 736.000000  0.009766
 737.000000  0.011994
 738.000000  0.009766
 739.000000  0.012021
 740.000000  0.009766
 741.000000  0.012180
 742.000000  0.009766
 743.000000  0.009527
 744.000000  0.009766
 745.000000  0.012180
 746.000000  0.009766
 747.000000  0.009527
 748.000000  0.009766
 749.000000  0.012100
 750.000000  0.009766
 751.000000  0.012127
 752.000000  0.012207
 753.000000  0.012207
 754.000000  0.009766
 755.000000  0.011888
 756.000000  0.009766
 757.000000  0.012074
 758.000000  0.009766
 759.000000  0.009739
 760.000000  0.009766
 761.000000  0.012180
 762.000000  0.009766
 763.000000  0.012127
 764.000000  0.009766
 765.000000  0.011729
 766.000000  0.009766
 767.000000  0.009023
 768.000000  0.009766
 769.000000  0.011915
 770.000000  0.009766
 771.000000  0.011782
 772.000000  0.009739
 773.000000  0.011623
 774.000000  0.012180
 775.000000  0.012021
 776.000000  0.012233
 777.000000  0.011888
 778.000000  0.009766
 779.000000  0.009341
 780.000000  0.009792
 781.000000  0.009580
 782.000000  0.012207
 783.000000  0.012021
 784.000000  0.009766
 785.000000  0.011968
 786.000000  0.009766
 787.000000  0.012127
 788.000000  0.012233
 789.000000  0.011994
 790.000000  0.009792
 791.000000  0.012100
 792.000000  0.009792
 793.000000  0.011941
 794.000000  0.009713
 795.000000  0.012180
 796.000000  0.009766
 797.000000  0.012047
 798.000000  0.009739
 799.000000  0.012127
 800.000000  0.009739
 801.000000  0.011941
 802.000000  0.012233
 803.000000  0.011755
 804.000000  0.009686
 805.000000  0.011755
 806.000000  0.009766
 807.000000  0.011862
 808.000000  0.012207
 809.000000  0.009686
 810.000000  0.009819
 811.000000  0.009633
 812.000000  0.009792
 813.000000  0.008969
 814.000000  0.009766
 815.000000  0.011994
 816.000000  0.009739
 817.000000  0.011994
 818.000000  0.009792
 819.000000  0.011596
 820.000000  0.009766
 821.000000  0.011782
 822.000000  0.009739
 823.000000  0.012021
 824.000000  0.012207
 825.000000  0.011941
 826.000000  0.009766
 827.000000  0.011782
 828.000000  0.009766
 829.000000  0.011862
 830.000000  0.009792
 831.000000  0.011702
 832.000000  0.009766
 833.000000  0.011676
 834.000000  0.009739
 835.000000  0.011809
 836.000000  0.012207
 837.000000  0.011888
 838.000000  0.009766
 839.000000  0.011809
 840.000000  0.009792
 841.000000  0.011941
 842.000000  0.012207
 843.000000  0.011915
 844.000000  0.009766
 845.000000  0.009474
 846.000000  0.012207
 847.000000  0.011835
 848.000000  0.009766
 849.000000  0.011994
 850.000000  0.009792
 851.000000  0.011835
 852.000000  0.009766
 853.000000  0.009341
 854.000000  0.012233
 855.000000  0.011915
 856.000000  0.009739
 857.000000  0.009076
 858.000000  0.009766
 859.000000  0.009447
 860.000000  0.012207
 861.000000  0.011968
 862.000000  0.009713
 863.000000  0.009129
 864.000000  0.009766
 865.000000  0.011782
 866.000000  0.012207
 867.000000  0.009553
 868.000000  0.009792
 869.000000  0.011570
 870.000000  0.009792
 871.000000  0.012021
 872.000000  0.009766
 873.000000  0.011888
 874.000000  0.009739
 875.000000  0.011782
 876.000000  0.009739
 877.000000  0.009208
 878.000000  0.009766
 879.000000  0.009208
 880.000000  0.009686
 881.000000  0.012021
 882.000000  0.009739
 883.000000  0.011729
 884.000000  0.009792
 885.000000  0.011941
 886.000000  0.009739
 887.000000  0.009394
 888.000000  0.009766
 889.000000  0.011835
 890.000000  0.009766
 891.000000  0.011649
 892.000000  0.009739
 893.000000  0.011941
 894.000000  0.009766
 895.000000  0.011941
 896.000000  0.009766
 897.000000  0.011782
 898.000000  0.009766
 899.000000  0.012047
 900.000000  0.009766
 901.000000  0.011755
 902.000000  0.012207
 903.000000  0.011809
 904.000000  0.009766
 905.000000  0.011994
 906.000000  0.012207
 907.000000  0.011835
 908.000000  0.012207
 909.000000  0.011809
 910.000000  0.009766
 911.000000  0.011994
 912.000000  0.009766
 913.000000  0.012074
 914.000000  0.009766
 915.000000  0.012074
 916.000000  0.009766
 917.000000  0.011994
 918.000000  0.012207
 919.000000  0.011941
 920.000000  0.012207
 921.000000  0.012047
 922.000000  0.009766
 923.000000  0.012047
 924.000000  0.009739
 925.000000  0.011888
 926.000000  0.009766
 927.000000  0.011729
 928.000000  0.009766
 929.000000  0.012100
 930.000000  0.009766
 931.000000  0.012074
 932.000000  0.009766
 933.000000  0.012154
 934.000000  0.009792
 935.000000  0.012127
 936.000000  0.009739
 937.000000  0.011941
 938.000000  0.009766
 939.000000  0.011543
 940.000000  0.009792
 941.000000  0.011968
 942.000000  0.009766
 943.000000  0.011941
 944.000000  0.009739
 945.000000  0.009606
 946.000000  0.012260
 947.000000  0.012154
 948.000000  0.009792
 949.000000  0.012100
 950.000000  0.012180
 951.000000  0.011702
 952.000000  0.009792
 953.000000  0.011835
 954.000000  0.009739
 955.000000  0.011755
 956.000000  0.009739
 957.000000  0.011702
 958.000000  0.009713
 959.000000  0.009314
 960.000000  0.009766
 961.000000  0.009500
 962.000000  0.012180
 963.000000  0.009527
 964.000000  0.009713
 965.000000  0.011941
 966.000000  0.009713
 967.000000  0.011915
 968.000000  0.009766
 969.000000  0.012127
 970.000000  0.012180
 971.000000  0.011888
 972.000000  0.009792
 973.000000  0.011941
 974.000000  0.009739
 975.000000  0.012047
 976.000000  0.009686
 977.000000  0.011888
 978.000000  0.009739
 979.000000  0.011570
 980.000000  0.009766
 981.000000  0.011755
 982.000000  0.009766
 983.000000  0.009447
 984.000000  0.009766
 985.000000  0.011888
 986.000000  0.009739
 987.000000  0.012047
 988.000000  0.012180
 989.000000  0.011596
 990.000000  0.009739
 991.000000  0.011835
 992.000000  0.009713
 993.000000  0.011755
 994.000000  0.009739
 995.000000  0.012154
 996.000000  0.009792
 997.000000  0.012021
 998.000000  0.012207
 999.000000  0.011994
 1000.000000  0.012207
 1001.000000  0.011941
 1002.000000  0.009739
 1003.000000  0.011809
 1004.000000  0.009766
 1005.000000  0.011782
 1006.000000  0.009739
 1007.000000  0.011357
 1008.000000  0.009792
 1009.000000  0.011729
 1010.000000  0.009713
 1011.000000  0.011331
 1012.000000  0.009739
 1013.000000  0.011649
 1014.000000  0.009766
 1015.000000  0.011570
 1016.000000  0.009739
 1017.000000  0.011623
 1018.000000  0.009739
 1019.000000  0.011623
 1020.000000  0.009713
 1021.000000  0.011437
 1022.000000  0.009739
 1023.000000  0.011782
