 0.000000  0.008105
 1.000000  0.007324
 2.000000  0.007861
 3.000000  0.007397
 4.000000  0.008008
 5.000000  0.007349
 6.000000  0.008154
 7.000000  0.007324
 8.000000  0.008032
 9.000000  0.007397
 10.000000  0.008105
 11.000000  0.007349
 12.000000  0.008276
 13.000000  0.007349
 14.000000  0.008398
 15.000000  0.007397
 16.000000  0.008252
 17.000000  0.007373
 18.000000  0.008325
 19.000000  0.007397
 20.000000  0.007837
 21.000000  0.007397
 22.000000  0.008130
 23.000000  0.007422
 24.000000  0.008227
 25.000000  0.007373
 26.000000  0.008667
 27.000000  0.009741
 28.000000  0.008374
 29.000000  0.007422
 30.000000  0.008227
 31.000000  0.007495
 32.000000  0.008105
 33.000000  0.007446
 34.000000  0.008154
 35.000000  0.007471
 36.000000  0.008227
 37.000000  0.007422
 38.000000  0.008374
 39.000000  0.009838
 40.000000  0.008447
 41.000000  0.007446
 42.000000  0.008081
 43.000000  0.007397
 44.000000  0.008301
 45.000000  0.007495
 46.000000  0.008203
 47.000000  0.007324
 48.000000  0.008227
 49.000000  0.007495
 50.000000  0.007983
 51.000000  0.007422
 52.000000  0.008105
 53.000000  0.007373
 54.000000  0.008252
 55.000000  0.007373
 56.000000  0.008276
 57.000000  0.007397
 58.000000  0.008154
 59.000000  0.009838
 60.000000  0.008276
 61.000000  0.009936
 62.000000  0.008081
 63.000000  0.007349
 64.000000  0.008203
 65.000000  0.007324
 66.000000  0.008130
 67.000000  0.009765
 68.000000  0.007983
 69.000000  0.007324
 70.000000  0.007983
 71.000000  0.007349
 72.000000  0.008057
 73.000000  0.007349
 74.000000  0.007935
 75.000000  0.007324
 76.000000  0.008227
 77.000000  0.007373
 78.000000  0.007935
 79.000000  0.007324
 80.000000  0.007983
 81.000000  0.007324
 82.000000  0.007764
 83.000000  0.007349
 84.000000  0.007764
 85.000000  0.007349
 86.000000  0.007983
 87.000000  0.007349
 88.000000  0.008154
 89.000000  0.007324
 90.000000  0.008154
 91.000000  0.007349
 92.000000  0.008032
 93.000000  0.007324
 94.000000  0.007886
 95.000000  0.007349
 96.000000  0.008325
 97.000000  0.007324
 98.000000  0.007983
 99.000000  0.007397
 100.000000  0.008154
 101.000000  0.009765
 102.000000  0.007812
 103.000000  0.009790
 104.000000  0.007788
 105.000000  0.007324
 106.000000  0.008203
 107.000000  0.007349
 108.000000  0.008350
 109.000000  0.009765
 110.000000  0.007935
 111.000000  0.007324
 112.000000  0.007983
 113.000000  0.007349
 114.000000  0.008057
 115.000000  0.007324
 116.000000  0.007935
 117.000000  0.007324
 118.000000  0.008057
 119.000000  0.007324
 120.000000  0.008203
 121.000000  0.007324
 122.000000  0.008154
 123.000000  0.007324
 124.000000  0.007910
 125.000000  0.007324
 126.000000  0.008057
 127.000000  0.009765
 128.000000  0.007812
 129.000000  0.007324
 130.000000  0.007861
 131.000000  0.009765
 132.000000  0.007886
 133.000000  0.007324
 134.000000  0.007861
 135.000000  0.009765
 136.000000  0.007886
 137.000000  0.007324
 138.000000  0.007812
 139.000000  0.007349
 140.000000  0.008130
 141.000000  0.007324
 142.000000  0.007910
 143.000000  0.007373
 144.000000  0.007910
 145.000000  0.009765
 146.000000  0.007715
 147.000000  0.007324
 148.000000  0.007959
 149.000000  0.009765
 150.000000  0.007935
 151.000000  0.007324
 152.000000  0.007837
 153.000000  0.007324
 154.000000  0.007935
 155.000000  0.007324
 156.000000  0.007666
 157.000000  0.009765
 158.000000  0.007739
 159.000000  0.007324
 160.000000  0.007764
 161.000000  0.007324
 162.000000  0.007861
 163.000000  0.007324
 164.000000  0.007593
 165.000000  0.007324
 166.000000  0.007690
 167.000000  0.007324
 168.000000  0.007886
 169.000000  0.009765
 170.000000  0.007690
 171.000000  0.007324
 172.000000  0.007764
 173.000000  0.007324
 174.000000  0.007642
 175.000000  0.007300
 176.000000  0.007935
 177.000000  0.007324
 178.000000  0.007764
 179.000000  0.009790
 180.000000  0.007715
 181.000000  0.007397
 182.000000  0.007886
 183.000000  0.007373
 184.000000  0.007910
 185.000000  0.007349
 186.000000  0.008252
 187.000000  0.007397
 188.000000  0.007666
 189.000000  0.007397
 190.000000  0.007837
 191.000000  0.007349
 192.000000  0.007935
 193.000000  0.007373
 194.000000  0.007959
 195.000000  0.007300
 196.000000  0.010449
 197.000000  0.007373
 198.000000  0.008032
 199.000000  0.009838
 200.000000  0.007959
 201.000000  0.009765
 202.000000  0.007861
 203.000000  0.007397
 204.000000  0.007935
 205.000000  0.007324
 206.000000  0.007788
 207.000000  0.007300
 208.000000  0.007812
 209.000000  0.009741
 210.000000  0.007910
 211.000000  0.007324
 212.000000  0.007983
 213.000000  0.009838
 214.000000  0.007861
 215.000000  0.007373
 216.000000  0.007837
 217.000000  0.007300
 218.000000  0.007764
 219.000000  0.009765
 220.000000  0.007642
 221.000000  0.007324
 222.000000  0.007715
 223.000000  0.007300
 224.000000  0.007764
 225.000000  0.007300
 226.000000  0.007715
 227.000000  0.009765
 228.000000  0.007690
 229.000000  0.009765
 230.000000  0.007959
 231.000000  0.007324
 232.000000  0.007837
 233.000000  0.009765
 234.000000  0.007495
 235.000000  0.007324
 236.000000  0.007715
 237.000000  0.007324
 238.000000  0.007593
 239.000000  0.009765
 240.000000  0.007788
 241.000000  0.007349
 242.000000  0.007715
 243.000000  0.009765
 244.000000  0.007519
 245.000000  0.007324
 246.000000  0.007544
 247.000000  0.007324
 248.000000  0.007690
 249.000000  0.007324
 250.000000  0.007397
 251.000000  0.007324
 252.000000  0.007519
 253.000000  0.007349
 254.000000  0.007593
 255.000000  0.009765
 256.000000  0.007642
 257.000000  0.007324
 258.000000  0.007544
 259.000000  0.007300
 260.000000  0.007739
 261.000000  0.007324
 262.000000  0.007397
 263.000000  0.009765
 264.000000  0.007422
 265.000000  0.009765
 266.000000  0.007617
 267.000000  0.009765
 268.000000  0.007471
 269.000000  0.009765
 270.000000  0.007397
 271.000000  0.007324
 272.000000  0.007422
 273.000000  0.007324
 274.000000  0.007593
 275.000000  0.009765
 276.000000  0.007471
 277.000000  0.009765
 278.000000  0.007544
 279.000000  0.007324
 280.000000  0.007544
 281.000000  0.009765
 282.000000  0.007568
 283.000000  0.009765
 284.000000  0.007593
 285.000000  0.007324
 286.000000  0.007397
 287.000000  0.007324
 288.000000  0.007471
 289.000000  0.009765
 290.000000  0.007471
 291.000000  0.007324
 292.000000  0.007495
 293.000000  0.007324
 294.000000  0.007519
 295.000000  0.009765
 296.000000  0.007666
 297.000000  0.009765
 298.000000  0.007568
 299.000000  0.009765
 300.000000  0.007495
 301.000000  0.007324
 302.000000  0.007446
 303.000000  0.009790
 304.000000  0.007666
 305.000000  0.007324
 306.000000  0.007544
 307.000000  0.009765
 308.000000  0.007593
 309.000000  0.009765
 310.000000  0.007568
 311.000000  0.007324
 312.000000  0.007593
 313.000000  0.007324
 314.000000  0.007617
 315.000000  0.009765
 316.000000  0.007519
 317.000000  0.007324
 318.000000  0.007471
 319.000000  0.007324
 320.000000  0.007568
 321.000000  0.009765
 322.000000  0.007519
 323.000000  0.009765
 324.000000  0.007544
 325.000000  0.007324
 326.000000  0.007544
 327.000000  0.007324
 328.000000  0.007666
 329.000000  0.009765
 330.000000  0.007788
 331.000000  0.009790
 332.000000  0.007593
 333.000000  0.009790
 334.000000  0.007568
 335.000000  0.009790
 336.000000  0.007519
 337.000000  0.007251
 338.000000  0.007642
 339.000000  0.007373
 340.000000  0.007642
 341.000000  0.009790
 342.000000  0.010009
 343.000000  0.009716
 344.000000  0.007715
 345.000000  0.009741
 346.000000  0.007886
 347.000000  0.007300
 348.000000  0.007690
 349.000000  0.009716
 350.000000  0.007739
 351.000000  0.009741
 352.000000  0.007593
 353.000000  0.009741
 354.000000  0.007861
 355.000000  0.007275
 356.000000  0.007617
 357.000000  0.007251
 358.000000  0.007739
 359.000000  0.009814
 360.000000  0.007861
 361.000000  0.007349
 362.000000  0.007764
 363.000000  0.009692
 364.000000  0.007617
 365.000000  0.007397
 366.000000  0.007739
 367.000000  0.007275
 368.000000  0.007886
 369.000000  0.007300
 370.000000  0.007519
 371.000000  0.009692
 372.000000  0.007690
 373.000000  0.009790
 374.000000  0.007690
 375.000000  0.009765
 376.000000  0.007642
 377.000000  0.007349
 378.000000  0.007715
 379.000000  0.007324
 380.000000  0.007812
 381.000000  0.009765
 382.000000  0.007495
 383.000000  0.007324
 384.000000  0.007568
 385.000000  0.007324
 386.000000  0.007690
 387.000000  0.009765
 388.000000  0.007617
 389.000000  0.009765
 390.000000  0.007666
 391.000000  0.009765
 392.000000  0.007495
 393.000000  0.007324
 394.000000  0.007568
 395.000000  0.007349
 396.000000  0.007519
 397.000000  0.007324
 398.000000  0.007446
 399.000000  0.007324
 400.000000  0.007593
 401.000000  0.009790
 402.000000  0.007544
 403.000000  0.007324
 404.000000  0.007519
 405.000000  0.007324
 406.000000  0.007495
 407.000000  0.007324
 408.000000  0.007446
 409.000000  0.009765
 410.000000  0.007642
 411.000000  0.009765
 412.000000  0.007544
 413.000000  0.007324
 414.000000  0.007642
 415.000000  0.009765
 416.000000  0.007422
 417.000000  0.007324
 418.000000  0.007617
 419.000000  0.007324
 420.000000  0.007593
 421.000000  0.007300
 422.000000  0.007446
 423.000000  0.007324
 424.000000  0.007422
 425.000000  0.009765
 426.000000  0.007471
 427.000000  0.009765
 428.000000  0.007471
 429.000000  0.009765
 430.000000  0.007495
 431.000000  0.009765
 432.000000  0.007471
 433.000000  0.007324
 434.000000  0.007422
 435.000000  0.009765
 436.000000  0.007373
 437.000000  0.009765
 438.000000  0.007422
 439.000000  0.009765
 440.000000  0.007422
 441.000000  0.009765
 442.000000  0.007495
 443.000000  0.009765
 444.000000  0.007544
 445.000000  0.009765
 446.000000  0.007422
 447.000000  0.007324
 448.000000  0.007446
 449.000000  0.009765
 450.000000  0.007397
 451.000000  0.009765
 452.000000  0.007349
 453.000000  0.009765
 454.000000  0.007471
 455.000000  0.009765
 456.000000  0.007446
 457.000000  0.009765
 458.000000  0.007471
 459.000000  0.009765
 460.000000  0.007446
 461.000000  0.009765
 462.000000  0.007519
 463.000000  0.009765
 464.000000  0.007397
 465.000000  0.009765
 466.000000  0.007446
 467.000000  0.007324
 468.000000  0.007422
 469.000000  0.007324
 470.000000  0.007495
 471.000000  0.009765
 472.000000  0.007495
 473.000000  0.007324
 474.000000  0.007471
 475.000000  0.009765
 476.000000  0.007544
 477.000000  0.007300
 478.000000  0.007422
 479.000000  0.009765
 480.000000  0.007422
 481.000000  0.009765
 482.000000  0.007373
 483.000000  0.007324
 484.000000  0.007422
 485.000000  0.009765
 486.000000  0.007446
 487.000000  0.007275
 488.000000  0.007495
 489.000000  0.007300
 490.000000  0.007495
 491.000000  0.009790
 492.000000  0.007422
 493.000000  0.009765
 494.000000  0.007568
 495.000000  0.009765
 496.000000  0.007593
 497.000000  0.007349
 498.000000  0.007617
 499.000000  0.009814
 500.000000  0.007544
 501.000000  0.009692
 502.000000  0.007471
 503.000000  0.009814
 504.000000  0.007642
 505.000000  0.009741
 506.000000  0.007593
 507.000000  0.007324
 508.000000  0.007764
 509.000000  0.007373
 510.000000  0.007739
 511.000000  0.009741
 512.000000  0.007739
 513.000000  0.007275
 514.000000  0.007642
 515.000000  0.007251
 516.000000  0.007666
 517.000000  0.007300
 518.000000  0.007764
 519.000000  0.007227
 520.000000  0.007739
 521.000000  0.007300
 522.000000  0.007739
 523.000000  0.009716
 524.000000  0.007690
 525.000000  0.009741
 526.000000  0.007617
 527.000000  0.009790
 528.000000  0.007690
 529.000000  0.009741
 530.000000  0.007715
 531.000000  0.009790
 532.000000  0.007690
 533.000000  0.007349
 534.000000  0.007471
 535.000000  0.007324
 536.000000  0.007446
 537.000000  0.009765
 538.000000  0.007495
 539.000000  0.009741
 540.000000  0.007642
 541.000000  0.007300
 542.000000  0.007544
 543.000000  0.007324
 544.000000  0.007422
 545.000000  0.007324
 546.000000  0.007471
 547.000000  0.009765
 548.000000  0.007471
 549.000000  0.009765
 550.000000  0.007349
 551.000000  0.009765
 552.000000  0.007397
 553.000000  0.007324
 554.000000  0.007690
 555.000000  0.007324
 556.000000  0.007446
 557.000000  0.009765
 558.000000  0.007544
 559.000000  0.009765
 560.000000  0.007495
 561.000000  0.007324
 562.000000  0.007495
 563.000000  0.009765
 564.000000  0.007397
 565.000000  0.009765
 566.000000  0.007471
 567.000000  0.009765
 568.000000  0.007495
 569.000000  0.009765
 570.000000  0.007397
 571.000000  0.009765
 572.000000  0.007397
 573.000000  0.009765
 574.000000  0.007422
 575.000000  0.009765
 576.000000  0.007373
 577.000000  0.009765
 578.000000  0.007397
 579.000000  0.009765
 580.000000  0.007642
 581.000000  0.007324
 582.000000  0.007446
 583.000000  0.009765
 584.000000  0.007495
 585.000000  0.009765
 586.000000  0.007373
 587.000000  0.009765
 588.000000  0.007593
 589.000000  0.007324
 590.000000  0.007593
 591.000000  0.009765
 592.000000  0.008032
 593.000000  0.007349
 594.000000  0.008008
 595.000000  0.009765
 596.000000  0.008252
 597.000000  0.009765
 598.000000  0.008057
 599.000000  0.009790
 600.000000  0.007886
 601.000000  0.009790
 602.000000  0.009106
 603.000000  0.010131
 604.000000  0.009692
 605.000000  0.010742
 606.000000  0.009766
 607.000000  0.012158
 608.000000  0.009936
 609.000000  0.012207
 610.000000  0.012012
 611.000000  0.013476
 612.000000  0.013940
 613.000000  0.012231
 614.000000  0.012866
 615.000000  0.012280
 616.000000  0.010571
 617.000000  0.011475
 618.000000  0.017480
 619.000000  0.034399
 620.000000  0.040869
 621.000000  0.040869
 622.000000  0.034131
 623.000000  0.019531
 624.000000  0.014160
 625.000000  0.012207
 626.000000  0.009741
 627.000000  0.010498
 628.000000  0.009644
 629.000000  0.009936
 630.000000  0.009033
 631.000000  0.009887
 632.000000  0.008569
 633.000000  0.009838
 634.000000  0.008350
 635.000000  0.009814
 636.000000  0.007959
 637.000000  0.007324
 638.000000  0.007690
 639.000000  0.009765
 640.000000  0.007959
 641.000000  0.009790
 642.000000  0.007812
 643.000000  0.007349
 644.000000  0.010156
 645.000000  0.009765
 646.000000  0.009961
 647.000000  0.009765
 648.000000  0.007690
 649.000000  0.007275
 650.000000  0.007642
 651.000000  0.007324
 652.000000  0.007642
 653.000000  0.007397
 654.000000  0.007617
 655.000000  0.009741
 656.000000  0.007788
 657.000000  0.009765
 658.000000  0.007617
 659.000000  0.007324
 660.000000  0.007593
 661.000000  0.009741
 662.000000  0.007568
 663.000000  0.009668
 664.000000  0.009936
 665.000000  0.009716
 666.000000  0.010083
 667.000000  0.009741
 668.000000  0.007593
 669.000000  0.007324
 670.000000  0.007715
 671.000000  0.007251
 672.000000  0.007642
 673.000000  0.009692
 674.000000  0.010034
 675.000000  0.009692
 676.000000  0.007666
 677.000000  0.009643
 678.000000  0.007446
 679.000000  0.009790
 680.000000  0.007642
 681.000000  0.007251
 682.000000  0.007495
 683.000000  0.009668
 684.000000  0.007617
 685.000000  0.009790
 686.000000  0.007495
 687.000000  0.007373
 688.000000  0.010034
 689.000000  0.007324
 690.000000  0.009961
 691.000000  0.009716
 692.000000  0.007519
 693.000000  0.009692
 694.000000  0.007422
 695.000000  0.009741
 696.000000  0.009838
 697.000000  0.009790
 698.000000  0.007422
 699.000000  0.009741
 700.000000  0.007373
 701.000000  0.007324
 702.000000  0.007373
 703.000000  0.007300
 704.000000  0.009838
 705.000000  0.009765
 706.000000  0.007446
 707.000000  0.007324
 708.000000  0.007446
 709.000000  0.009741
 710.000000  0.007495
 711.000000  0.009765
 712.000000  0.007471
 713.000000  0.009765
 714.000000  0.007397
 715.000000  0.009765
 716.000000  0.007397
 717.000000  0.009765
 718.000000  0.007349
 719.000000  0.009716
 720.000000  0.007349
 721.000000  0.009765
 722.000000  0.007471
 723.000000  0.009765
 724.000000  0.007373
 725.000000  0.009765
 726.000000  0.007422
 727.000000  0.009765
 728.000000  0.007324
 729.000000  0.007324
 730.000000  0.007373
 731.000000  0.009765
 732.000000  0.007349
 733.000000  0.009765
 734.000000  0.009936
 735.000000  0.009765
 736.000000  0.007446
 737.000000  0.009765
 738.000000  0.007373
 739.000000  0.009765
 740.000000  0.007349
 741.000000  0.009765
 742.000000  0.007397
 743.000000  0.007324
 744.000000  0.007349
 745.000000  0.009765
 746.000000  0.007373
 747.000000  0.007324
 748.000000  0.007324
 749.000000  0.009765
 750.000000  0.007349
 751.000000  0.009765
 752.000000  0.009790
 753.000000  0.009765
 754.000000  0.007397
 755.000000  0.009765
 756.000000  0.007349
 757.000000  0.009765
 758.000000  0.007324
 759.000000  0.007324
 760.000000  0.007324
 761.000000  0.009765
 762.000000  0.007349
 763.000000  0.009765
 764.000000  0.007324
 765.000000  0.009741
 766.000000  0.007324
 767.000000  0.007324
 768.000000  0.007397
 769.000000  0.009741
 770.000000  0.007324
 771.000000  0.009765
 772.000000  0.007324
 773.000000  0.009765
 774.000000  0.009838
 775.000000  0.009765
 776.000000  0.009790
 777.000000  0.009765
 778.000000  0.007324
 779.000000  0.007324
 780.000000  0.007349
 781.000000  0.007324
 782.000000  0.009790
 783.000000  0.009765
 784.000000  0.007324
 785.000000  0.009765
 786.000000  0.007349
 787.000000  0.009765
 788.000000  0.009790
 789.000000  0.009790
 790.000000  0.007349
 791.000000  0.009716
 792.000000  0.007324
 793.000000  0.009765
 794.000000  0.007324
 795.000000  0.009765
 796.000000  0.007349
 797.000000  0.009765
 798.000000  0.007324
 799.000000  0.009692
 800.000000  0.007373
 801.000000  0.009716
 802.000000  0.009790
 803.000000  0.009741
 804.000000  0.007373
 805.000000  0.009741
 806.000000  0.007422
 807.000000  0.009741
 808.000000  0.009838
 809.000000  0.007275
 810.000000  0.007471
 811.000000  0.007300
 812.000000  0.007446
 813.000000  0.007251
 814.000000  0.007422
 815.000000  0.009790
 816.000000  0.007544
 817.000000  0.009692
 818.000000  0.007568
 819.000000  0.009716
 820.000000  0.007397
 821.000000  0.009668
 822.000000  0.007422
 823.000000  0.009619
 824.000000  0.009912
 825.000000  0.009643
 826.000000  0.007495
 827.000000  0.009570
 828.000000  0.007519
 829.000000  0.009594
 830.000000  0.007373
 831.000000  0.009497
 832.000000  0.007495
 833.000000  0.009716
 834.000000  0.007446
 835.000000  0.009643
 836.000000  0.009912
 837.000000  0.009692
 838.000000  0.007495
 839.000000  0.009692
 840.000000  0.007397
 841.000000  0.009692
 842.000000  0.009863
 843.000000  0.009692
 844.000000  0.007349
 845.000000  0.007275
 846.000000  0.009790
 847.000000  0.009716
 848.000000  0.007349
 849.000000  0.009741
 850.000000  0.007349
 851.000000  0.009741
 852.000000  0.007349
 853.000000  0.007324
 854.000000  0.009887
 855.000000  0.009741
 856.000000  0.007373
 857.000000  0.007275
 858.000000  0.007349
 859.000000  0.007275
 860.000000  0.009838
 861.000000  0.009741
 862.000000  0.007324
 863.000000  0.007324
 864.000000  0.007324
 865.000000  0.009741
 866.000000  0.009765
 867.000000  0.007275
 868.000000  0.007349
 869.000000  0.009765
 870.000000  0.007373
 871.000000  0.009716
 872.000000  0.007349
 873.000000  0.009716
 874.000000  0.007324
 875.000000  0.009741
 876.000000  0.007397
 877.000000  0.007324
 878.000000  0.007324
 879.000000  0.007300
 880.000000  0.007324
 881.000000  0.009765
 882.000000  0.007324
 883.000000  0.009741
 884.000000  0.007324
 885.000000  0.009765
 886.000000  0.007397
 887.000000  0.007324
 888.000000  0.007324
 889.000000  0.009716
 890.000000  0.007324
 891.000000  0.009741
 892.000000  0.007324
 893.000000  0.009765
 894.000000  0.007349
 895.000000  0.009765
 896.000000  0.007349
 897.000000  0.009765
 898.000000  0.007324
 899.000000  0.009765
 900.000000  0.007324
 901.000000  0.009765
 902.000000  0.009765
 903.000000  0.009716
 904.000000  0.007324
 905.000000  0.009741
 906.000000  0.009765
 907.000000  0.009741
 908.000000  0.009790
 909.000000  0.009765
 910.000000  0.007349
 911.000000  0.009765
 912.000000  0.007324
 913.000000  0.009741
 914.000000  0.007324
 915.000000  0.009765
 916.000000  0.007324
 917.000000  0.009765
 918.000000  0.009790
 919.000000  0.009765
 920.000000  0.009814
 921.000000  0.009765
 922.000000  0.007324
 923.000000  0.009765
 924.000000  0.007324
 925.000000  0.009741
 926.000000  0.007324
 927.000000  0.009765
 928.000000  0.007349
 929.000000  0.009741
 930.000000  0.007324
 931.000000  0.009765
 932.000000  0.007324
 933.000000  0.009765
 934.000000  0.007349
 935.000000  0.009716
 936.000000  0.007397
 937.000000  0.009741
 938.000000  0.007349
 939.000000  0.009692
 940.000000  0.007349
 941.000000  0.009741
 942.000000  0.007324
 943.000000  0.009716
 944.000000  0.007349
 945.000000  0.007324
 946.000000  0.009838
 947.000000  0.009765
 948.000000  0.007324
 949.000000  0.009765
 950.000000  0.009790
 951.000000  0.009765
 952.000000  0.007324
 953.000000  0.009716
 954.000000  0.007349
 955.000000  0.009741
 956.000000  0.007397
 957.000000  0.009716
 958.000000  0.007349
 959.000000  0.007251
 960.000000  0.007373
 961.000000  0.007275
 962.000000  0.009814
 963.000000  0.007178
 964.000000  0.007373
 965.000000  0.009668
 966.000000  0.007446
 967.000000  0.009643
 968.000000  0.007446
 969.000000  0.009619
 970.000000  0.009887
 971.000000  0.009619
 972.000000  0.007568
 973.000000  0.009692
 974.000000  0.007373
 975.000000  0.009619
 976.000000  0.007300
 977.000000  0.009497
 978.000000  0.007324
 979.000000  0.009570
 980.000000  0.007471
 981.000000  0.009594
 982.000000  0.007471
 983.000000  0.007275
 984.000000  0.007397
 985.000000  0.009619
 986.000000  0.007397
 987.000000  0.009643
 988.000000  0.009838
 989.000000  0.009643
 990.000000  0.007519
 991.000000  0.009619
 992.000000  0.007495
 993.000000  0.009692
 994.000000  0.007446
 995.000000  0.009668
 996.000000  0.007397
 997.000000  0.009765
 998.000000  0.009814
 999.000000  0.009741
 1000.000000  0.009912
 1001.000000  0.009716
 1002.000000  0.007373
 1003.000000  0.009668
 1004.000000  0.007349
 1005.000000  0.009741
 1006.000000  0.007373
 1007.000000  0.009692
 1008.000000  0.007397
 1009.000000  0.009741
 1010.000000  0.007397
 1011.000000  0.009716
 1012.000000  0.007373
 1013.000000  0.009716
 1014.000000  0.007349
 1015.000000  0.009643
 1016.000000  0.007324
 1017.000000  0.009741
 1018.000000  0.007349
 1019.000000  0.009716
 1020.000000  0.007324
 1021.000000  0.009741
 1022.000000  0.007349
 1023.000000  0.009692
