 0.000000  0.008227
 1.000000  0.007349
 2.000000  0.007886
 3.000000  0.007373
 4.000000  0.008203
 5.000000  0.007397
 6.000000  0.008447
 7.000000  0.007324
 8.000000  0.008398
 9.000000  0.007324
 10.000000  0.008423
 11.000000  0.007373
 12.000000  0.008496
 13.000000  0.007349
 14.000000  0.008447
 15.000000  0.007422
 16.000000  0.008667
 17.000000  0.007324
 18.000000  0.008496
 19.000000  0.007397
 20.000000  0.008057
 21.000000  0.007397
 22.000000  0.008154
 23.000000  0.007397
 24.000000  0.008520
 25.000000  0.007373
 26.000000  0.008960
 27.000000  0.009838
 28.000000  0.008667
 29.000000  0.007373
 30.000000  0.008301
 31.000000  0.007422
 32.000000  0.008520
 33.000000  0.007422
 34.000000  0.008594
 35.000000  0.007349
 36.000000  0.008447
 37.000000  0.007397
 38.000000  0.008594
 39.000000  0.009838
 40.000000  0.008789
 41.000000  0.007349
 42.000000  0.008545
 43.000000  0.007349
 44.000000  0.008398
 45.000000  0.007373
 46.000000  0.008569
 47.000000  0.007349
 48.000000  0.008594
 49.000000  0.007349
 50.000000  0.007837
 51.000000  0.007373
 52.000000  0.008276
 53.000000  0.007397
 54.000000  0.008496
 55.000000  0.007373
 56.000000  0.008618
 57.000000  0.007324
 58.000000  0.008545
 59.000000  0.009790
 60.000000  0.008374
 61.000000  0.009838
 62.000000  0.008203
 63.000000  0.007397
 64.000000  0.008838
 65.000000  0.007373
 66.000000  0.008496
 67.000000  0.009790
 68.000000  0.008276
 69.000000  0.007349
 70.000000  0.008252
 71.000000  0.007349
 72.000000  0.008350
 73.000000  0.007373
 74.000000  0.008105
 75.000000  0.007422
 76.000000  0.008472
 77.000000  0.007349
 78.000000  0.008252
 79.000000  0.007397
 80.000000  0.008740
 81.000000  0.007397
 82.000000  0.008301
 83.000000  0.007300
 84.000000  0.008154
 85.000000  0.007446
 86.000000  0.008227
 87.000000  0.007397
 88.000000  0.008398
 89.000000  0.007422
 90.000000  0.008154
 91.000000  0.007349
 92.000000  0.008227
 93.000000  0.007373
 94.000000  0.008105
 95.000000  0.007373
 96.000000  0.008203
 97.000000  0.007349
 98.000000  0.008545
 99.000000  0.007373
 100.000000  0.008472
 101.000000  0.009863
 102.000000  0.008203
 103.000000  0.009863
 104.000000  0.008276
 105.000000  0.007422
 106.000000  0.008667
 107.000000  0.007349
 108.000000  0.008520
 109.000000  0.009912
 110.000000  0.008374
 111.000000  0.007397
 112.000000  0.008154
 113.000000  0.007397
 114.000000  0.008325
 115.000000  0.007422
 116.000000  0.008179
 117.000000  0.007349
 118.000000  0.008472
 119.000000  0.007349
 120.000000  0.008252
 121.000000  0.007373
 122.000000  0.008301
 123.000000  0.007397
 124.000000  0.008301
 125.000000  0.007349
 126.000000  0.008374
 127.000000  0.009814
 128.000000  0.008203
 129.000000  0.007397
 130.000000  0.008227
 131.000000  0.009790
 132.000000  0.008179
 133.000000  0.007349
 134.000000  0.008276
 135.000000  0.009936
 136.000000  0.008105
 137.000000  0.007397
 138.000000  0.008374
 139.000000  0.007397
 140.000000  0.008472
 141.000000  0.007397
 142.000000  0.008350
 143.000000  0.007373
 144.000000  0.008032
 145.000000  0.009838
 146.000000  0.008130
 147.000000  0.007349
 148.000000  0.008276
 149.000000  0.009814
 150.000000  0.008032
 151.000000  0.007349
 152.000000  0.008057
 153.000000  0.007471
 154.000000  0.008227
 155.000000  0.007349
 156.000000  0.008130
 157.000000  0.009814
 158.000000  0.008154
 159.000000  0.007324
 160.000000  0.008350
 161.000000  0.007324
 162.000000  0.008032
 163.000000  0.007349
 164.000000  0.007935
 165.000000  0.007324
 166.000000  0.007983
 167.000000  0.007349
 168.000000  0.008105
 169.000000  0.009814
 170.000000  0.007935
 171.000000  0.007349
 172.000000  0.007837
 173.000000  0.007349
 174.000000  0.007886
 175.000000  0.007324
 176.000000  0.008081
 177.000000  0.007422
 178.000000  0.008008
 179.000000  0.009790
 180.000000  0.007739
 181.000000  0.007373
 182.000000  0.008032
 183.000000  0.007324
 184.000000  0.007935
 185.000000  0.007422
 186.000000  0.008203
 187.000000  0.007349
 188.000000  0.007861
 189.000000  0.007349
 190.000000  0.007983
 191.000000  0.007300
 192.000000  0.007910
 193.000000  0.007422
 194.000000  0.007788
 195.000000  0.007349
 196.000000  0.010522
 197.000000  0.007324
 198.000000  0.008057
 199.000000  0.009765
 200.000000  0.008008
 201.000000  0.009790
 202.000000  0.008008
 203.000000  0.007349
 204.000000  0.008081
 205.000000  0.007324
 206.000000  0.008057
 207.000000  0.007349
 208.000000  0.007739
 209.000000  0.009741
 210.000000  0.008252
 211.000000  0.007324
 212.000000  0.007788
 213.000000  0.009765
 214.000000  0.007788
 215.000000  0.007349
 216.000000  0.008057
 217.000000  0.007324
 218.000000  0.007886
 219.000000  0.009814
 220.000000  0.007812
 221.000000  0.007324
 222.000000  0.007983
 223.000000  0.007349
 224.000000  0.008057
 225.000000  0.007349
 226.000000  0.007910
 227.000000  0.009765
 228.000000  0.008032
 229.000000  0.009790
 230.000000  0.008350
 231.000000  0.007300
 232.000000  0.008276
 233.000000  0.009790
 234.000000  0.007910
 235.000000  0.007349
 236.000000  0.007788
 237.000000  0.007349
 238.000000  0.008105
 239.000000  0.009790
 240.000000  0.007983
 241.000000  0.007373
 242.000000  0.007935
 243.000000  0.009814
 244.000000  0.007837
 245.000000  0.007324
 246.000000  0.008081
 247.000000  0.007349
 248.000000  0.008130
 249.000000  0.007349
 250.000000  0.007739
 251.000000  0.007349
 252.000000  0.007837
 253.000000  0.007349
 254.000000  0.007495
 255.000000  0.009765
 256.000000  0.007910
 257.000000  0.007397
 258.000000  0.007983
 259.000000  0.007275
 260.000000  0.007886
 261.000000  0.007324
 262.000000  0.007739
 263.000000  0.009741
 264.000000  0.007739
 265.000000  0.009741
 266.000000  0.007935
 267.000000  0.009765
 268.000000  0.007690
 269.000000  0.009790
 270.000000  0.008008
 271.000000  0.007300
 272.000000  0.007812
 273.000000  0.007324
 274.000000  0.008105
 275.000000  0.009765
 276.000000  0.007739
 277.000000  0.009765
 278.000000  0.008057
 279.000000  0.007324
 280.000000  0.008105
 281.000000  0.009765
 282.000000  0.007837
 283.000000  0.009790
 284.000000  0.007739
 285.000000  0.007349
 286.000000  0.007690
 287.000000  0.007446
 288.000000  0.007837
 289.000000  0.009814
 290.000000  0.008057
 291.000000  0.007324
 292.000000  0.008057
 293.000000  0.007349
 294.000000  0.007910
 295.000000  0.009814
 296.000000  0.007983
 297.000000  0.009765
 298.000000  0.007935
 299.000000  0.009814
 300.000000  0.007764
 301.000000  0.007349
 302.000000  0.007837
 303.000000  0.009814
 304.000000  0.008252
 305.000000  0.007324
 306.000000  0.007983
 307.000000  0.009814
 308.000000  0.007837
 309.000000  0.009790
 310.000000  0.008105
 311.000000  0.007349
 312.000000  0.007935
 313.000000  0.007349
 314.000000  0.008154
 315.000000  0.009765
 316.000000  0.008130
 317.000000  0.007349
 318.000000  0.007886
 319.000000  0.007324
 320.000000  0.008105
 321.000000  0.009765
 322.000000  0.007690
 323.000000  0.009765
 324.000000  0.007764
 325.000000  0.007324
 326.000000  0.007666
 327.000000  0.007324
 328.000000  0.007788
 329.000000  0.009790
 330.000000  0.007935
 331.000000  0.009790
 332.000000  0.007910
 333.000000  0.009814
 334.000000  0.007764
 335.000000  0.009814
 336.000000  0.007886
 337.000000  0.007349
 338.000000  0.008130
 339.000000  0.007373
 340.000000  0.007910
 341.000000  0.009814
 342.000000  0.010327
 343.000000  0.009814
 344.000000  0.008081
 345.000000  0.009790
 346.000000  0.007983
 347.000000  0.007373
 348.000000  0.007935
 349.000000  0.009814
 350.000000  0.007861
 351.000000  0.009790
 352.000000  0.008154
 353.000000  0.009790
 354.000000  0.007812
 355.000000  0.007349
 356.000000  0.007837
 357.000000  0.007373
 358.000000  0.008008
 359.000000  0.009765
 360.000000  0.008325
 361.000000  0.007349
 362.000000  0.008008
 363.000000  0.009814
 364.000000  0.007910
 365.000000  0.007373
 366.000000  0.007959
 367.000000  0.007349
 368.000000  0.007910
 369.000000  0.007373
 370.000000  0.007837
 371.000000  0.009814
 372.000000  0.007959
 373.000000  0.009863
 374.000000  0.008105
 375.000000  0.009765
 376.000000  0.007886
 377.000000  0.007373
 378.000000  0.008130
 379.000000  0.007349
 380.000000  0.007959
 381.000000  0.009790
 382.000000  0.008154
 383.000000  0.007300
 384.000000  0.008081
 385.000000  0.007349
 386.000000  0.008154
 387.000000  0.009790
 388.000000  0.008032
 389.000000  0.009765
 390.000000  0.008081
 391.000000  0.009790
 392.000000  0.008008
 393.000000  0.007349
 394.000000  0.007837
 395.000000  0.007397
 396.000000  0.008154
 397.000000  0.007373
 398.000000  0.008008
 399.000000  0.007324
 400.000000  0.008154
 401.000000  0.009790
 402.000000  0.007910
 403.000000  0.007397
 404.000000  0.007935
 405.000000  0.007349
 406.000000  0.007886
 407.000000  0.007397
 408.000000  0.008032
 409.000000  0.009838
 410.000000  0.008276
 411.000000  0.009838
 412.000000  0.008057
 413.000000  0.007373
 414.000000  0.008276
 415.000000  0.009765
 416.000000  0.008252
 417.000000  0.007422
 418.000000  0.008276
 419.000000  0.007422
 420.000000  0.008398
 421.000000  0.007373
 422.000000  0.008154
 423.000000  0.007373
 424.000000  0.007910
 425.000000  0.009814
 426.000000  0.008008
 427.000000  0.009814
 428.000000  0.008032
 429.000000  0.009790
 430.000000  0.008032
 431.000000  0.009838
 432.000000  0.007910
 433.000000  0.007349
 434.000000  0.007983
 435.000000  0.009790
 436.000000  0.007715
 437.000000  0.009790
 438.000000  0.007959
 439.000000  0.009790
 440.000000  0.007861
 441.000000  0.009765
 442.000000  0.008203
 443.000000  0.009790
 444.000000  0.008203
 445.000000  0.009863
 446.000000  0.008179
 447.000000  0.007349
 448.000000  0.007959
 449.000000  0.009765
 450.000000  0.008057
 451.000000  0.009814
 452.000000  0.008008
 453.000000  0.009790
 454.000000  0.008008
 455.000000  0.009838
 456.000000  0.008130
 457.000000  0.009814
 458.000000  0.008130
 459.000000  0.009741
 460.000000  0.008374
 461.000000  0.009790
 462.000000  0.008032
 463.000000  0.009765
 464.000000  0.008374
 465.000000  0.009790
 466.000000  0.008276
 467.000000  0.007349
 468.000000  0.007983
 469.000000  0.007373
 470.000000  0.008350
 471.000000  0.009765
 472.000000  0.008325
 473.000000  0.007349
 474.000000  0.008301
 475.000000  0.009765
 476.000000  0.007935
 477.000000  0.007324
 478.000000  0.007910
 479.000000  0.009765
 480.000000  0.008276
 481.000000  0.009814
 482.000000  0.007886
 483.000000  0.007349
 484.000000  0.008081
 485.000000  0.009790
 486.000000  0.008057
 487.000000  0.007324
 488.000000  0.008105
 489.000000  0.007373
 490.000000  0.008081
 491.000000  0.009741
 492.000000  0.007983
 493.000000  0.009814
 494.000000  0.008179
 495.000000  0.009790
 496.000000  0.008130
 497.000000  0.007349
 498.000000  0.007886
 499.000000  0.009765
 500.000000  0.008130
 501.000000  0.009790
 502.000000  0.007861
 503.000000  0.009814
 504.000000  0.008276
 505.000000  0.009790
 506.000000  0.008105
 507.000000  0.007397
 508.000000  0.008252
 509.000000  0.007349
 510.000000  0.008398
 511.000000  0.009790
 512.000000  0.007886
 513.000000  0.007324
 514.000000  0.007886
 515.000000  0.007349
 516.000000  0.007861
 517.000000  0.007373
 518.000000  0.008057
 519.000000  0.007373
 520.000000  0.008154
 521.000000  0.007324
 522.000000  0.008154
 523.000000  0.009790
 524.000000  0.007983
 525.000000  0.009790
 526.000000  0.008350
 527.000000  0.009814
 528.000000  0.008301
 529.000000  0.009814
 530.000000  0.008032
 531.000000  0.009863
 532.000000  0.008325
 533.000000  0.007349
 534.000000  0.008130
 535.000000  0.007422
 536.000000  0.008057
 537.000000  0.009838
 538.000000  0.008154
 539.000000  0.009838
 540.000000  0.008325
 541.000000  0.007373
 542.000000  0.008227
 543.000000  0.007397
 544.000000  0.008105
 545.000000  0.007349
 546.000000  0.008472
 547.000000  0.009838
 548.000000  0.008374
 549.000000  0.009838
 550.000000  0.008154
 551.000000  0.009838
 552.000000  0.008032
 553.000000  0.007349
 554.000000  0.008643
 555.000000  0.007397
 556.000000  0.008350
 557.000000  0.009814
 558.000000  0.008472
 559.000000  0.009838
 560.000000  0.009058
 561.000000  0.007422
 562.000000  0.008740
 563.000000  0.009936
 564.000000  0.008569
 565.000000  0.010058
 566.000000  0.008618
 567.000000  0.009887
 568.000000  0.008838
 569.000000  0.009985
 570.000000  0.008813
 571.000000  0.009961
 572.000000  0.008667
 573.000000  0.009936
 574.000000  0.009180
 575.000000  0.009912
 576.000000  0.009082
 577.000000  0.009936
 578.000000  0.009424
 579.000000  0.010351
 580.000000  0.009546
 581.000000  0.008423
 582.000000  0.009546
 583.000000  0.010888
 584.000000  0.009644
 585.000000  0.011401
 586.000000  0.009766
 587.000000  0.012182
 588.000000  0.011499
 589.000000  0.011572
 590.000000  0.012183
 591.000000  0.014135
 592.000000  0.012109
 593.000000  0.011401
 594.000000  0.012061
 595.000000  0.013256
 596.000000  0.011938
 597.000000  0.012817
 598.000000  0.010669
 599.000000  0.012255
 600.000000  0.010181
 601.000000  0.012280
 602.000000  0.012134
 603.000000  0.016455
 604.000000  0.029663
 605.000000  0.083984
 606.000000  0.121094
 607.000000  0.137158
 608.000000  0.101270
 609.000000  0.049584
 610.000000  0.017065
 611.000000  0.014282
 612.000000  0.013964
 613.000000  0.012182
 614.000000  0.012231
 615.000000  0.012036
 616.000000  0.009741
 617.000000  0.009155
 618.000000  0.009741
 619.000000  0.011084
 620.000000  0.009717
 621.000000  0.010522
 622.000000  0.009570
 623.000000  0.010083
 624.000000  0.011840
 625.000000  0.009985
 626.000000  0.009424
 627.000000  0.009838
 628.000000  0.009277
 629.000000  0.009863
 630.000000  0.008813
 631.000000  0.010009
 632.000000  0.009033
 633.000000  0.009936
 634.000000  0.008740
 635.000000  0.009936
 636.000000  0.008862
 637.000000  0.007373
 638.000000  0.008789
 639.000000  0.009838
 640.000000  0.009009
 641.000000  0.009912
 642.000000  0.008960
 643.000000  0.007373
 644.000000  0.011303
 645.000000  0.009863
 646.000000  0.010839
 647.000000  0.009814
 648.000000  0.008569
 649.000000  0.007397
 650.000000  0.008032
 651.000000  0.007422
 652.000000  0.009009
 653.000000  0.007422
 654.000000  0.009277
 655.000000  0.009912
 656.000000  0.008911
 657.000000  0.009912
 658.000000  0.008618
 659.000000  0.007422
 660.000000  0.008545
 661.000000  0.009790
 662.000000  0.008472
 663.000000  0.009765
 664.000000  0.010571
 665.000000  0.009863
 666.000000  0.010717
 667.000000  0.009814
 668.000000  0.008179
 669.000000  0.007422
 670.000000  0.008398
 671.000000  0.007349
 672.000000  0.008447
 673.000000  0.009863
 674.000000  0.010742
 675.000000  0.009838
 676.000000  0.008350
 677.000000  0.009863
 678.000000  0.008203
 679.000000  0.009765
 680.000000  0.008154
 681.000000  0.007373
 682.000000  0.008472
 683.000000  0.009863
 684.000000  0.008618
 685.000000  0.009863
 686.000000  0.008252
 687.000000  0.007495
 688.000000  0.010864
 689.000000  0.007397
 690.000000  0.011303
 691.000000  0.009765
 692.000000  0.008447
 693.000000  0.009741
 694.000000  0.008447
 695.000000  0.009790
 696.000000  0.010522
 697.000000  0.009765
 698.000000  0.008301
 699.000000  0.009790
 700.000000  0.008032
 701.000000  0.007373
 702.000000  0.008301
 703.000000  0.007373
 704.000000  0.010815
 705.000000  0.009814
 706.000000  0.008276
 707.000000  0.007349
 708.000000  0.008301
 709.000000  0.009765
 710.000000  0.008227
 711.000000  0.009838
 712.000000  0.008252
 713.000000  0.009838
 714.000000  0.008301
 715.000000  0.009887
 716.000000  0.008325
 717.000000  0.009863
 718.000000  0.007983
 719.000000  0.009790
 720.000000  0.008374
 721.000000  0.009814
 722.000000  0.008520
 723.000000  0.009838
 724.000000  0.008301
 725.000000  0.009790
 726.000000  0.008398
 727.000000  0.009838
 728.000000  0.008130
 729.000000  0.007373
 730.000000  0.008398
 731.000000  0.009863
 732.000000  0.008057
 733.000000  0.009814
 734.000000  0.010839
 735.000000  0.009863
 736.000000  0.008008
 737.000000  0.009814
 738.000000  0.008008
 739.000000  0.009790
 740.000000  0.008130
 741.000000  0.009814
 742.000000  0.008105
 743.000000  0.007373
 744.000000  0.008032
 745.000000  0.009863
 746.000000  0.007910
 747.000000  0.007349
 748.000000  0.007959
 749.000000  0.009790
 750.000000  0.008105
 751.000000  0.009863
 752.000000  0.010791
 753.000000  0.009838
 754.000000  0.008520
 755.000000  0.009838
 756.000000  0.008325
 757.000000  0.009838
 758.000000  0.008350
 759.000000  0.007397
 760.000000  0.008325
 761.000000  0.009790
 762.000000  0.008105
 763.000000  0.009790
 764.000000  0.008105
 765.000000  0.009765
 766.000000  0.007788
 767.000000  0.007349
 768.000000  0.007910
 769.000000  0.009887
 770.000000  0.007910
 771.000000  0.009765
 772.000000  0.007910
 773.000000  0.009814
 774.000000  0.010327
 775.000000  0.009765
 776.000000  0.010302
 777.000000  0.009814
 778.000000  0.007910
 779.000000  0.007324
 780.000000  0.008105
 781.000000  0.007373
 782.000000  0.010522
 783.000000  0.009790
 784.000000  0.007886
 785.000000  0.009790
 786.000000  0.008008
 787.000000  0.009790
 788.000000  0.010156
 789.000000  0.009790
 790.000000  0.007788
 791.000000  0.009790
 792.000000  0.007886
 793.000000  0.009765
 794.000000  0.007886
 795.000000  0.009765
 796.000000  0.008203
 797.000000  0.009838
 798.000000  0.007812
 799.000000  0.009765
 800.000000  0.007861
 801.000000  0.009765
 802.000000  0.010302
 803.000000  0.009741
 804.000000  0.007812
 805.000000  0.009790
 806.000000  0.007642
 807.000000  0.009765
 808.000000  0.010473
 809.000000  0.007349
 810.000000  0.008057
 811.000000  0.007324
 812.000000  0.007593
 813.000000  0.007300
 814.000000  0.007642
 815.000000  0.009765
 816.000000  0.007959
 817.000000  0.009814
 818.000000  0.007837
 819.000000  0.009814
 820.000000  0.007812
 821.000000  0.009765
 822.000000  0.007764
 823.000000  0.009814
 824.000000  0.010424
 825.000000  0.009814
 826.000000  0.007861
 827.000000  0.009790
 828.000000  0.007886
 829.000000  0.009814
 830.000000  0.007666
 831.000000  0.009765
 832.000000  0.007764
 833.000000  0.009814
 834.000000  0.007690
 835.000000  0.009765
 836.000000  0.010253
 837.000000  0.009790
 838.000000  0.007983
 839.000000  0.009790
 840.000000  0.008032
 841.000000  0.009790
 842.000000  0.010229
 843.000000  0.009765
 844.000000  0.007983
 845.000000  0.007324
 846.000000  0.010058
 847.000000  0.009790
 848.000000  0.007788
 849.000000  0.009790
 850.000000  0.007690
 851.000000  0.009765
 852.000000  0.007666
 853.000000  0.007324
 854.000000  0.010473
 855.000000  0.009790
 856.000000  0.007739
 857.000000  0.007300
 858.000000  0.007910
 859.000000  0.007324
 860.000000  0.010253
 861.000000  0.009790
 862.000000  0.007886
 863.000000  0.007349
 864.000000  0.007764
 865.000000  0.009741
 866.000000  0.010302
 867.000000  0.007422
 868.000000  0.007739
 869.000000  0.009814
 870.000000  0.008154
 871.000000  0.009741
 872.000000  0.007910
 873.000000  0.009814
 874.000000  0.007666
 875.000000  0.009814
 876.000000  0.007764
 877.000000  0.007300
 878.000000  0.008032
 879.000000  0.007324
 880.000000  0.007788
 881.000000  0.009814
 882.000000  0.007837
 883.000000  0.009790
 884.000000  0.008057
 885.000000  0.009765
 886.000000  0.007983
 887.000000  0.007349
 888.000000  0.007935
 889.000000  0.009716
 890.000000  0.007861
 891.000000  0.009790
 892.000000  0.007886
 893.000000  0.009838
 894.000000  0.007837
 895.000000  0.009790
 896.000000  0.007837
 897.000000  0.009814
 898.000000  0.007739
 899.000000  0.009765
 900.000000  0.007837
 901.000000  0.009790
 902.000000  0.010083
 903.000000  0.009790
 904.000000  0.008008
 905.000000  0.009741
 906.000000  0.010253
 907.000000  0.009790
 908.000000  0.010205
 909.000000  0.009765
 910.000000  0.008081
 911.000000  0.009814
 912.000000  0.007959
 913.000000  0.009765
 914.000000  0.007715
 915.000000  0.009765
 916.000000  0.007593
 917.000000  0.009838
 918.000000  0.010400
 919.000000  0.009814
 920.000000  0.010546
 921.000000  0.009765
 922.000000  0.007764
 923.000000  0.009765
 924.000000  0.007935
 925.000000  0.009790
 926.000000  0.007739
 927.000000  0.009741
 928.000000  0.007812
 929.000000  0.009790
 930.000000  0.008032
 931.000000  0.009741
 932.000000  0.007568
 933.000000  0.009741
 934.000000  0.007788
 935.000000  0.009814
 936.000000  0.008179
 937.000000  0.009741
 938.000000  0.008179
 939.000000  0.009790
 940.000000  0.008081
 941.000000  0.009765
 942.000000  0.008032
 943.000000  0.009765
 944.000000  0.007739
 945.000000  0.007349
 946.000000  0.010302
 947.000000  0.009790
 948.000000  0.007764
 949.000000  0.009765
 950.000000  0.010083
 951.000000  0.009790
 952.000000  0.007739
 953.000000  0.009765
 954.000000  0.007715
 955.000000  0.009765
 956.000000  0.007837
 957.000000  0.009765
 958.000000  0.007642
 959.000000  0.007373
 960.000000  0.007764
 961.000000  0.007349
 962.000000  0.010107
 963.000000  0.007373
 964.000000  0.007642
 965.000000  0.009814
 966.000000  0.007983
 967.000000  0.009814
 968.000000  0.007642
 969.000000  0.009790
 970.000000  0.010327
 971.000000  0.009814
 972.000000  0.007788
 973.000000  0.009790
 974.000000  0.007837
 975.000000  0.009790
 976.000000  0.007666
 977.000000  0.009741
 978.000000  0.007568
 979.000000  0.009765
 980.000000  0.007666
 981.000000  0.009838
 982.000000  0.007642
 983.000000  0.007324
 984.000000  0.007764
 985.000000  0.009790
 986.000000  0.007666
 987.000000  0.009790
 988.000000  0.010156
 989.000000  0.009765
 990.000000  0.008008
 991.000000  0.009814
 992.000000  0.007739
 993.000000  0.009790
 994.000000  0.007935
 995.000000  0.009814
 996.000000  0.007788
 997.000000  0.009765
 998.000000  0.009961
 999.000000  0.009765
 1000.000000  0.010302
 1001.000000  0.009765
 1002.000000  0.007519
 1003.000000  0.009790
 1004.000000  0.007764
 1005.000000  0.009765
 1006.000000  0.007715
 1007.000000  0.009790
 1008.000000  0.007764
 1009.000000  0.009814
 1010.000000  0.007666
 1011.000000  0.009741
 1012.000000  0.007739
 1013.000000  0.009790
 1014.000000  0.007519
 1015.000000  0.009790
 1016.000000  0.007642
 1017.000000  0.009814
 1018.000000  0.007593
 1019.000000  0.009765
 1020.000000  0.007519
 1021.000000  0.009741
 1022.000000  0.007617
 1023.000000  0.009741
