 0.000000  0.009009
 1.000000  0.007519
 2.000000  0.008813
 3.000000  0.007593
 4.000000  0.009204
 5.000000  0.007446
 6.000000  0.009351
 7.000000  0.007593
 8.000000  0.009228
 9.000000  0.007519
 10.000000  0.009424
 11.000000  0.007397
 12.000000  0.009399
 13.000000  0.007642
 14.000000  0.009253
 15.000000  0.007544
 16.000000  0.009351
 17.000000  0.007519
 18.000000  0.009180
 19.000000  0.007666
 20.000000  0.009131
 21.000000  0.007544
 22.000000  0.009082
 23.000000  0.007666
 24.000000  0.009424
 25.000000  0.007397
 26.000000  0.009619
 27.000000  0.009936
 28.000000  0.009399
 29.000000  0.007519
 30.000000  0.009375
 31.000000  0.007666
 32.000000  0.009375
 33.000000  0.007471
 34.000000  0.009302
 35.000000  0.007471
 36.000000  0.009228
 37.000000  0.007568
 38.000000  0.009497
 39.000000  0.010180
 40.000000  0.009497
 41.000000  0.007446
 42.000000  0.009204
 43.000000  0.007593
 44.000000  0.009180
 45.000000  0.007422
 46.000000  0.009058
 47.000000  0.007593
 48.000000  0.009399
 49.000000  0.007544
 50.000000  0.008887
 51.000000  0.007739
 52.000000  0.008960
 53.000000  0.007519
 54.000000  0.009228
 55.000000  0.007495
 56.000000  0.009351
 57.000000  0.007617
 58.000000  0.009180
 59.000000  0.009961
 60.000000  0.009131
 61.000000  0.009887
 62.000000  0.008887
 63.000000  0.007617
 64.000000  0.009106
 65.000000  0.007593
 66.000000  0.009033
 67.000000  0.010009
 68.000000  0.009082
 69.000000  0.007617
 70.000000  0.008936
 71.000000  0.007568
 72.000000  0.009082
 73.000000  0.007617
 74.000000  0.009082
 75.000000  0.007642
 76.000000  0.009228
 77.000000  0.007593
 78.000000  0.009228
 79.000000  0.007593
 80.000000  0.009277
 81.000000  0.007617
 82.000000  0.009009
 83.000000  0.007568
 84.000000  0.008813
 85.000000  0.007642
 86.000000  0.009277
 87.000000  0.007568
 88.000000  0.009106
 89.000000  0.007690
 90.000000  0.009180
 91.000000  0.007715
 92.000000  0.009106
 93.000000  0.007593
 94.000000  0.009106
 95.000000  0.007544
 96.000000  0.009253
 97.000000  0.007715
 98.000000  0.009204
 99.000000  0.007593
 100.000000  0.009326
 101.000000  0.010351
 102.000000  0.009058
 103.000000  0.010180
 104.000000  0.009009
 105.000000  0.007690
 106.000000  0.009326
 107.000000  0.007690
 108.000000  0.009155
 109.000000  0.010083
 110.000000  0.009228
 111.000000  0.007690
 112.000000  0.009131
 113.000000  0.007690
 114.000000  0.009033
 115.000000  0.007886
 116.000000  0.009033
 117.000000  0.007642
 118.000000  0.009399
 119.000000  0.007519
 120.000000  0.009277
 121.000000  0.007837
 122.000000  0.009375
 123.000000  0.007568
 124.000000  0.009253
 125.000000  0.007544
 126.000000  0.009277
 127.000000  0.010083
 128.000000  0.009082
 129.000000  0.007788
 130.000000  0.009302
 131.000000  0.010009
 132.000000  0.009009
 133.000000  0.007519
 134.000000  0.009277
 135.000000  0.009961
 136.000000  0.009082
 137.000000  0.007642
 138.000000  0.009277
 139.000000  0.007544
 140.000000  0.009277
 141.000000  0.007471
 142.000000  0.009448
 143.000000  0.007642
 144.000000  0.008911
 145.000000  0.009936
 146.000000  0.009375
 147.000000  0.007495
 148.000000  0.009375
 149.000000  0.009936
 150.000000  0.009204
 151.000000  0.007349
 152.000000  0.009351
 153.000000  0.007617
 154.000000  0.009155
 155.000000  0.007373
 156.000000  0.009375
 157.000000  0.010009
 158.000000  0.009204
 159.000000  0.007471
 160.000000  0.009473
 161.000000  0.007544
 162.000000  0.009326
 163.000000  0.007568
 164.000000  0.009106
 165.000000  0.007397
 166.000000  0.009180
 167.000000  0.007495
 168.000000  0.009424
 169.000000  0.010083
 170.000000  0.009228
 171.000000  0.007397
 172.000000  0.009155
 173.000000  0.007397
 174.000000  0.009180
 175.000000  0.007397
 176.000000  0.009375
 177.000000  0.007373
 178.000000  0.009131
 179.000000  0.009887
 180.000000  0.009253
 181.000000  0.007397
 182.000000  0.009302
 183.000000  0.007642
 184.000000  0.009180
 185.000000  0.007593
 186.000000  0.009497
 187.000000  0.007617
 188.000000  0.009131
 189.000000  0.007373
 190.000000  0.009155
 191.000000  0.007446
 192.000000  0.009253
 193.000000  0.007422
 194.000000  0.009180
 195.000000  0.007471
 196.000000  0.011694
 197.000000  0.007446
 198.000000  0.009302
 199.000000  0.009961
 200.000000  0.009277
 201.000000  0.009863
 202.000000  0.009399
 203.000000  0.007495
 204.000000  0.009253
 205.000000  0.007519
 206.000000  0.009228
 207.000000  0.007544
 208.000000  0.009351
 209.000000  0.009985
 210.000000  0.009277
 211.000000  0.007471
 212.000000  0.009351
 213.000000  0.009887
 214.000000  0.009131
 215.000000  0.007495
 216.000000  0.009253
 217.000000  0.007593
 218.000000  0.009106
 219.000000  0.010058
 220.000000  0.009302
 221.000000  0.007471
 222.000000  0.009155
 223.000000  0.007544
 224.000000  0.009106
 225.000000  0.007617
 226.000000  0.009131
 227.000000  0.009961
 228.000000  0.009424
 229.000000  0.009887
 230.000000  0.009302
 231.000000  0.007666
 232.000000  0.009375
 233.000000  0.009961
 234.000000  0.009277
 235.000000  0.007690
 236.000000  0.009228
 237.000000  0.007690
 238.000000  0.009253
 239.000000  0.010083
 240.000000  0.009204
 241.000000  0.007812
 242.000000  0.009204
 243.000000  0.009838
 244.000000  0.009082
 245.000000  0.007642
 246.000000  0.009009
 247.000000  0.007739
 248.000000  0.009375
 249.000000  0.007764
 250.000000  0.009399
 251.000000  0.007837
 252.000000  0.009253
 253.000000  0.007715
 254.000000  0.008862
 255.000000  0.010156
 256.000000  0.009253
 257.000000  0.007666
 258.000000  0.009228
 259.000000  0.007568
 260.000000  0.009448
 261.000000  0.007788
 262.000000  0.009155
 263.000000  0.010083
 264.000000  0.009228
 265.000000  0.010205
 266.000000  0.009106
 267.000000  0.010205
 268.000000  0.009204
 269.000000  0.010156
 270.000000  0.009375
 271.000000  0.007471
 272.000000  0.009082
 273.000000  0.007617
 274.000000  0.009375
 275.000000  0.009985
 276.000000  0.009228
 277.000000  0.010205
 278.000000  0.009497
 279.000000  0.007690
 280.000000  0.009351
 281.000000  0.010009
 282.000000  0.009399
 283.000000  0.010156
 284.000000  0.009448
 285.000000  0.007788
 286.000000  0.009277
 287.000000  0.007788
 288.000000  0.009204
 289.000000  0.010253
 290.000000  0.009253
 291.000000  0.007739
 292.000000  0.009351
 293.000000  0.007495
 294.000000  0.009302
 295.000000  0.009985
 296.000000  0.009399
 297.000000  0.010278
 298.000000  0.009375
 299.000000  0.010058
 300.000000  0.009302
 301.000000  0.007690
 302.000000  0.009619
 303.000000  0.010253
 304.000000  0.009399
 305.000000  0.007666
 306.000000  0.009424
 307.000000  0.009961
 308.000000  0.009497
 309.000000  0.010107
 310.000000  0.009424
 311.000000  0.007715
 312.000000  0.009473
 313.000000  0.007544
 314.000000  0.009521
 315.000000  0.010278
 316.000000  0.009497
 317.000000  0.007690
 318.000000  0.009546
 319.000000  0.007593
 320.000000  0.009375
 321.000000  0.010058
 322.000000  0.009473
 323.000000  0.010278
 324.000000  0.009351
 325.000000  0.007544
 326.000000  0.009302
 327.000000  0.007422
 328.000000  0.009521
 329.000000  0.010229
 330.000000  0.009521
 331.000000  0.010205
 332.000000  0.009521
 333.000000  0.010278
 334.000000  0.009521
 335.000000  0.010302
 336.000000  0.009448
 337.000000  0.007568
 338.000000  0.009595
 339.000000  0.007764
 340.000000  0.009497
 341.000000  0.010522
 342.000000  0.011816
 343.000000  0.010058
 344.000000  0.009668
 345.000000  0.010156
 346.000000  0.009692
 347.000000  0.007568
 348.000000  0.009570
 349.000000  0.010180
 350.000000  0.009546
 351.000000  0.010131
 352.000000  0.009473
 353.000000  0.010131
 354.000000  0.009424
 355.000000  0.007739
 356.000000  0.009399
 357.000000  0.007886
 358.000000  0.009424
 359.000000  0.010180
 360.000000  0.009668
 361.000000  0.007568
 362.000000  0.009595
 363.000000  0.010449
 364.000000  0.009521
 365.000000  0.007935
 366.000000  0.009497
 367.000000  0.007837
 368.000000  0.009473
 369.000000  0.007959
 370.000000  0.009351
 371.000000  0.010400
 372.000000  0.009595
 373.000000  0.010546
 374.000000  0.009546
 375.000000  0.010131
 376.000000  0.009424
 377.000000  0.007837
 378.000000  0.009473
 379.000000  0.008032
 380.000000  0.009521
 381.000000  0.010376
 382.000000  0.009595
 383.000000  0.008130
 384.000000  0.009644
 385.000000  0.008130
 386.000000  0.009546
 387.000000  0.010546
 388.000000  0.009619
 389.000000  0.010571
 390.000000  0.009570
 391.000000  0.010693
 392.000000  0.009375
 393.000000  0.007983
 394.000000  0.009497
 395.000000  0.008057
 396.000000  0.009619
 397.000000  0.008032
 398.000000  0.009546
 399.000000  0.007959
 400.000000  0.009521
 401.000000  0.010839
 402.000000  0.009448
 403.000000  0.008447
 404.000000  0.009595
 405.000000  0.008276
 406.000000  0.009668
 407.000000  0.008423
 408.000000  0.009668
 409.000000  0.010546
 410.000000  0.009595
 411.000000  0.010571
 412.000000  0.009644
 413.000000  0.008374
 414.000000  0.009717
 415.000000  0.010766
 416.000000  0.009668
 417.000000  0.008130
 418.000000  0.009546
 419.000000  0.008325
 420.000000  0.009497
 421.000000  0.007861
 422.000000  0.009424
 423.000000  0.007812
 424.000000  0.009595
 425.000000  0.010473
 426.000000  0.009619
 427.000000  0.010791
 428.000000  0.009619
 429.000000  0.010473
 430.000000  0.009692
 431.000000  0.010449
 432.000000  0.009619
 433.000000  0.008227
 434.000000  0.009497
 435.000000  0.010595
 436.000000  0.009399
 437.000000  0.010376
 438.000000  0.009399
 439.000000  0.010595
 440.000000  0.009644
 441.000000  0.010815
 442.000000  0.009668
 443.000000  0.010595
 444.000000  0.009668
 445.000000  0.010620
 446.000000  0.009644
 447.000000  0.008716
 448.000000  0.009521
 449.000000  0.010961
 450.000000  0.009570
 451.000000  0.010888
 452.000000  0.009668
 453.000000  0.010669
 454.000000  0.009766
 455.000000  0.011181
 456.000000  0.009717
 457.000000  0.010864
 458.000000  0.009766
 459.000000  0.011059
 460.000000  0.009741
 461.000000  0.011059
 462.000000  0.009668
 463.000000  0.010791
 464.000000  0.009766
 465.000000  0.011084
 466.000000  0.009741
 467.000000  0.008398
 468.000000  0.009717
 469.000000  0.008716
 470.000000  0.009766
 471.000000  0.011254
 472.000000  0.009766
 473.000000  0.008716
 474.000000  0.009741
 475.000000  0.011035
 476.000000  0.009717
 477.000000  0.008813
 478.000000  0.009741
 479.000000  0.011328
 480.000000  0.009741
 481.000000  0.011352
 482.000000  0.009741
 483.000000  0.009204
 484.000000  0.009741
 485.000000  0.011962
 486.000000  0.009766
 487.000000  0.008569
 488.000000  0.009741
 489.000000  0.008887
 490.000000  0.009766
 491.000000  0.011377
 492.000000  0.009741
 493.000000  0.011450
 494.000000  0.009766
 495.000000  0.011401
 496.000000  0.009766
 497.000000  0.009131
 498.000000  0.009766
 499.000000  0.010864
 500.000000  0.009692
 501.000000  0.011547
 502.000000  0.009766
 503.000000  0.011425
 504.000000  0.009766
 505.000000  0.011596
 506.000000  0.009741
 507.000000  0.008936
 508.000000  0.009717
 509.000000  0.009180
 510.000000  0.009766
 511.000000  0.011084
 512.000000  0.009717
 513.000000  0.008398
 514.000000  0.009717
 515.000000  0.008862
 516.000000  0.009741
 517.000000  0.008911
 518.000000  0.009692
 519.000000  0.008618
 520.000000  0.009741
 521.000000  0.009106
 522.000000  0.009692
 523.000000  0.011084
 524.000000  0.009741
 525.000000  0.011279
 526.000000  0.009717
 527.000000  0.010791
 528.000000  0.009717
 529.000000  0.011328
 530.000000  0.009717
 531.000000  0.011962
 532.000000  0.009692
 533.000000  0.009351
 534.000000  0.009717
 535.000000  0.009277
 536.000000  0.009717
 537.000000  0.011450
 538.000000  0.009766
 539.000000  0.011474
 540.000000  0.009766
 541.000000  0.009253
 542.000000  0.009717
 543.000000  0.009204
 544.000000  0.009717
 545.000000  0.009473
 546.000000  0.009766
 547.000000  0.011694
 548.000000  0.009741
 549.000000  0.011840
 550.000000  0.009766
 551.000000  0.011718
 552.000000  0.009717
 553.000000  0.009375
 554.000000  0.009766
 555.000000  0.009375
 556.000000  0.009717
 557.000000  0.011816
 558.000000  0.009741
 559.000000  0.012011
 560.000000  0.009839
 561.000000  0.009473
 562.000000  0.009790
 563.000000  0.012158
 564.000000  0.009766
 565.000000  0.011962
 566.000000  0.009766
 567.000000  0.012182
 568.000000  0.009790
 569.000000  0.012060
 570.000000  0.009814
 571.000000  0.012182
 572.000000  0.009790
 573.000000  0.012182
 574.000000  0.009717
 575.000000  0.012182
 576.000000  0.009790
 577.000000  0.012231
 578.000000  0.009839
 579.000000  0.012207
 580.000000  0.009912
 581.000000  0.009741
 582.000000  0.009863
 583.000000  0.012182
 584.000000  0.010010
 585.000000  0.012255
 586.000000  0.010010
 587.000000  0.012255
 588.000000  0.010376
 589.000000  0.010010
 590.000000  0.012085
 591.000000  0.014526
 592.000000  0.012427
 593.000000  0.012305
 594.000000  0.012842
 595.000000  0.014697
 596.000000  0.013135
 597.000000  0.014697
 598.000000  0.012500
 599.000000  0.014575
 600.000000  0.012207
 601.000000  0.014624
 602.000000  0.012500
 603.000000  0.014892
 604.000000  0.014453
 605.000000  0.015551
 606.000000  0.014551
 607.000000  0.016577
 608.000000  0.014697
 609.000000  0.016967
 610.000000  0.014673
 611.000000  0.017089
 612.000000  0.018847
 613.000000  0.019482
 614.000000  0.022680
 615.000000  0.033618
 616.000000  0.098584
 617.000000  0.272363
 618.000000  0.390210
 619.000000  0.348022
 620.000000  0.234961
 621.000000  0.098535
 622.000000  0.027197
 623.000000  0.021484
 624.000000  0.019531
 625.000000  0.017089
 626.000000  0.014648
 627.000000  0.016333
 628.000000  0.014038
 629.000000  0.014721
 630.000000  0.012402
 631.000000  0.014599
 632.000000  0.012207
 633.000000  0.014111
 634.000000  0.011938
 635.000000  0.012793
 636.000000  0.011304
 637.000000  0.010107
 638.000000  0.010571
 639.000000  0.012207
 640.000000  0.010620
 641.000000  0.012255
 642.000000  0.010644
 643.000000  0.009790
 644.000000  0.012573
 645.000000  0.012231
 646.000000  0.012329
 647.000000  0.012207
 648.000000  0.009863
 649.000000  0.009766
 650.000000  0.010083
 651.000000  0.009790
 652.000000  0.009961
 653.000000  0.009766
 654.000000  0.009863
 655.000000  0.012207
 656.000000  0.009790
 657.000000  0.012182
 658.000000  0.009814
 659.000000  0.009766
 660.000000  0.009766
 661.000000  0.012158
 662.000000  0.009766
 663.000000  0.012207
 664.000000  0.012255
 665.000000  0.012207
 666.000000  0.012280
 667.000000  0.012207
 668.000000  0.009839
 669.000000  0.009766
 670.000000  0.009766
 671.000000  0.009766
 672.000000  0.009839
 673.000000  0.012182
 674.000000  0.012255
 675.000000  0.012133
 676.000000  0.009766
 677.000000  0.012133
 678.000000  0.009814
 679.000000  0.012182
 680.000000  0.009790
 681.000000  0.009570
 682.000000  0.009839
 683.000000  0.012158
 684.000000  0.009790
 685.000000  0.012036
 686.000000  0.009766
 687.000000  0.009595
 688.000000  0.012207
 689.000000  0.009741
 690.000000  0.012231
 691.000000  0.012109
 692.000000  0.009814
 693.000000  0.012060
 694.000000  0.009839
 695.000000  0.012109
 696.000000  0.012158
 697.000000  0.012011
 698.000000  0.009814
 699.000000  0.012036
 700.000000  0.009839
 701.000000  0.009619
 702.000000  0.009766
 703.000000  0.009717
 704.000000  0.012280
 705.000000  0.012109
 706.000000  0.009839
 707.000000  0.009717
 708.000000  0.009790
 709.000000  0.011987
 710.000000  0.009790
 711.000000  0.012109
 712.000000  0.009814
 713.000000  0.012085
 714.000000  0.009741
 715.000000  0.012109
 716.000000  0.009814
 717.000000  0.012036
 718.000000  0.009766
 719.000000  0.011987
 720.000000  0.009863
 721.000000  0.012011
 722.000000  0.009839
 723.000000  0.012085
 724.000000  0.009814
 725.000000  0.012060
 726.000000  0.009839
 727.000000  0.012011
 728.000000  0.009790
 729.000000  0.009546
 730.000000  0.009814
 731.000000  0.012060
 732.000000  0.009790
 733.000000  0.011962
 734.000000  0.012231
 735.000000  0.012060
 736.000000  0.009766
 737.000000  0.011962
 738.000000  0.009766
 739.000000  0.012011
 740.000000  0.009790
 741.000000  0.012011
 742.000000  0.009766
 743.000000  0.009595
 744.000000  0.009741
 745.000000  0.012158
 746.000000  0.009766
 747.000000  0.009399
 748.000000  0.009790
 749.000000  0.012060
 750.000000  0.009790
 751.000000  0.012109
 752.000000  0.012280
 753.000000  0.012158
 754.000000  0.009766
 755.000000  0.011962
 756.000000  0.009790
 757.000000  0.012060
 758.000000  0.009741
 759.000000  0.009619
 760.000000  0.009790
 761.000000  0.012133
 762.000000  0.009790
 763.000000  0.012158
 764.000000  0.009766
 765.000000  0.011938
 766.000000  0.009766
 767.000000  0.009692
 768.000000  0.009790
 769.000000  0.012060
 770.000000  0.009766
 771.000000  0.012133
 772.000000  0.009766
 773.000000  0.011987
 774.000000  0.012207
 775.000000  0.012109
 776.000000  0.012207
 777.000000  0.012182
 778.000000  0.009766
 779.000000  0.009644
 780.000000  0.009766
 781.000000  0.009644
 782.000000  0.012207
 783.000000  0.011938
 784.000000  0.009766
 785.000000  0.011889
 786.000000  0.009766
 787.000000  0.012011
 788.000000  0.012207
 789.000000  0.012011
 790.000000  0.009766
 791.000000  0.012036
 792.000000  0.009766
 793.000000  0.011889
 794.000000  0.009766
 795.000000  0.012207
 796.000000  0.009790
 797.000000  0.012182
 798.000000  0.009766
 799.000000  0.012158
 800.000000  0.009766
 801.000000  0.011938
 802.000000  0.012207
 803.000000  0.011962
 804.000000  0.009766
 805.000000  0.012085
 806.000000  0.009766
 807.000000  0.011914
 808.000000  0.012207
 809.000000  0.009741
 810.000000  0.009766
 811.000000  0.009766
 812.000000  0.009766
 813.000000  0.009521
 814.000000  0.009766
 815.000000  0.012158
 816.000000  0.009766
 817.000000  0.012207
 818.000000  0.009766
 819.000000  0.012158
 820.000000  0.009766
 821.000000  0.012060
 822.000000  0.009766
 823.000000  0.012207
 824.000000  0.012207
 825.000000  0.012085
 826.000000  0.009766
 827.000000  0.012060
 828.000000  0.009741
 829.000000  0.012207
 830.000000  0.009766
 831.000000  0.012036
 832.000000  0.009766
 833.000000  0.011914
 834.000000  0.009766
 835.000000  0.012060
 836.000000  0.012231
 837.000000  0.012109
 838.000000  0.009741
 839.000000  0.012158
 840.000000  0.009790
 841.000000  0.012158
 842.000000  0.012231
 843.000000  0.012085
 844.000000  0.009790
 845.000000  0.009717
 846.000000  0.012231
 847.000000  0.011962
 848.000000  0.009741
 849.000000  0.011987
 850.000000  0.009766
 851.000000  0.011889
 852.000000  0.009766
 853.000000  0.009570
 854.000000  0.012231
 855.000000  0.012085
 856.000000  0.009741
 857.000000  0.009644
 858.000000  0.009814
 859.000000  0.009351
 860.000000  0.012231
 861.000000  0.012085
 862.000000  0.009766
 863.000000  0.009155
 864.000000  0.009741
 865.000000  0.011792
 866.000000  0.012207
 867.000000  0.009448
 868.000000  0.009766
 869.000000  0.011547
 870.000000  0.009814
 871.000000  0.012085
 872.000000  0.009790
 873.000000  0.012158
 874.000000  0.009790
 875.000000  0.011816
 876.000000  0.009766
 877.000000  0.009570
 878.000000  0.009766
 879.000000  0.009424
 880.000000  0.009766
 881.000000  0.011962
 882.000000  0.009766
 883.000000  0.011987
 884.000000  0.009814
 885.000000  0.011816
 886.000000  0.009790
 887.000000  0.009375
 888.000000  0.009766
 889.000000  0.011914
 890.000000  0.009814
 891.000000  0.011914
 892.000000  0.009766
 893.000000  0.011792
 894.000000  0.009766
 895.000000  0.011889
 896.000000  0.009741
 897.000000  0.011962
 898.000000  0.009790
 899.000000  0.011840
 900.000000  0.009766
 901.000000  0.011962
 902.000000  0.012133
 903.000000  0.011694
 904.000000  0.009766
 905.000000  0.012133
 906.000000  0.012231
 907.000000  0.012060
 908.000000  0.012255
 909.000000  0.011767
 910.000000  0.009790
 911.000000  0.012133
 912.000000  0.009790
 913.000000  0.011645
 914.000000  0.009790
 915.000000  0.012133
 916.000000  0.009790
 917.000000  0.012036
 918.000000  0.012231
 919.000000  0.012085
 920.000000  0.012231
 921.000000  0.011889
 922.000000  0.009790
 923.000000  0.012060
 924.000000  0.009766
 925.000000  0.011450
 926.000000  0.009766
 927.000000  0.011914
 928.000000  0.009766
 929.000000  0.012060
 930.000000  0.009766
 931.000000  0.012207
 932.000000  0.009766
 933.000000  0.012109
 934.000000  0.009790
 935.000000  0.012109
 936.000000  0.009766
 937.000000  0.011962
 938.000000  0.009766
 939.000000  0.012060
 940.000000  0.009766
 941.000000  0.012036
 942.000000  0.009766
 943.000000  0.012011
 944.000000  0.009766
 945.000000  0.009692
 946.000000  0.012207
 947.000000  0.012109
 948.000000  0.009766
 949.000000  0.012182
 950.000000  0.012207
 951.000000  0.012109
 952.000000  0.009766
 953.000000  0.011987
 954.000000  0.009766
 955.000000  0.011816
 956.000000  0.009766
 957.000000  0.011987
 958.000000  0.009766
 959.000000  0.009375
 960.000000  0.009766
 961.000000  0.009424
 962.000000  0.012207
 963.000000  0.009595
 964.000000  0.009766
 965.000000  0.012085
 966.000000  0.009766
 967.000000  0.012060
 968.000000  0.009766
 969.000000  0.012133
 970.000000  0.012207
 971.000000  0.012133
 972.000000  0.009839
 973.000000  0.012109
 974.000000  0.009766
 975.000000  0.012060
 976.000000  0.009766
 977.000000  0.011743
 978.000000  0.009741
 979.000000  0.011889
 980.000000  0.009766
 981.000000  0.012109
 982.000000  0.009766
 983.000000  0.009253
 984.000000  0.009741
 985.000000  0.011987
 986.000000  0.009717
 987.000000  0.011889
 988.000000  0.012182
 989.000000  0.012011
 990.000000  0.009741
 991.000000  0.011767
 992.000000  0.009717
 993.000000  0.012085
 994.000000  0.009790
 995.000000  0.012133
 996.000000  0.009790
 997.000000  0.012085
 998.000000  0.012158
 999.000000  0.011718
 1000.000000  0.012207
 1001.000000  0.012085
 1002.000000  0.009717
 1003.000000  0.011792
 1004.000000  0.009790
 1005.000000  0.011792
 1006.000000  0.009741
 1007.000000  0.011328
 1008.000000  0.009766
 1009.000000  0.011669
 1010.000000  0.009766
 1011.000000  0.011450
 1012.000000  0.009766
 1013.000000  0.011669
 1014.000000  0.009692
 1015.000000  0.011889
 1016.000000  0.009741
 1017.000000  0.011889
 1018.000000  0.009741
 1019.000000  0.011718
 1020.000000  0.009717
 1021.000000  0.011303
 1022.000000  0.009741
 1023.000000  0.011865
