 0.000000  0.008667
 1.000000  0.007471
 2.000000  0.008716
 3.000000  0.007446
 4.000000  0.008813
 5.000000  0.007471
 6.000000  0.008960
 7.000000  0.007397
 8.000000  0.008740
 9.000000  0.007495
 10.000000  0.008716
 11.000000  0.007349
 12.000000  0.008960
 13.000000  0.007422
 14.000000  0.008911
 15.000000  0.007373
 16.000000  0.009009
 17.000000  0.007397
 18.000000  0.008936
 19.000000  0.007495
 20.000000  0.008618
 21.000000  0.007568
 22.000000  0.008838
 23.000000  0.007471
 24.000000  0.009058
 25.000000  0.007422
 26.000000  0.009448
 27.000000  0.009912
 28.000000  0.008960
 29.000000  0.007373
 30.000000  0.008862
 31.000000  0.007397
 32.000000  0.008960
 33.000000  0.007446
 34.000000  0.008887
 35.000000  0.007446
 36.000000  0.009204
 37.000000  0.007349
 38.000000  0.009228
 39.000000  0.009814
 40.000000  0.009082
 41.000000  0.007324
 42.000000  0.008911
 43.000000  0.007324
 44.000000  0.009082
 45.000000  0.007349
 46.000000  0.009277
 47.000000  0.007397
 48.000000  0.009204
 49.000000  0.007397
 50.000000  0.008423
 51.000000  0.007471
 52.000000  0.008716
 53.000000  0.007349
 54.000000  0.008911
 55.000000  0.007422
 56.000000  0.009033
 57.000000  0.007349
 58.000000  0.009448
 59.000000  0.009814
 60.000000  0.008691
 61.000000  0.009814
 62.000000  0.008716
 63.000000  0.007349
 64.000000  0.008984
 65.000000  0.007373
 66.000000  0.008936
 67.000000  0.009790
 68.000000  0.008691
 69.000000  0.007422
 70.000000  0.008765
 71.000000  0.007397
 72.000000  0.008789
 73.000000  0.007349
 74.000000  0.008838
 75.000000  0.007349
 76.000000  0.009180
 77.000000  0.007446
 78.000000  0.008887
 79.000000  0.007422
 80.000000  0.008838
 81.000000  0.007324
 82.000000  0.008789
 83.000000  0.007397
 84.000000  0.008813
 85.000000  0.007544
 86.000000  0.008838
 87.000000  0.007495
 88.000000  0.009033
 89.000000  0.007519
 90.000000  0.008862
 91.000000  0.007495
 92.000000  0.008691
 93.000000  0.007519
 94.000000  0.008960
 95.000000  0.007495
 96.000000  0.008862
 97.000000  0.007495
 98.000000  0.009106
 99.000000  0.007690
 100.000000  0.008936
 101.000000  0.010009
 102.000000  0.008716
 103.000000  0.010034
 104.000000  0.008496
 105.000000  0.007471
 106.000000  0.009253
 107.000000  0.007544
 108.000000  0.008960
 109.000000  0.010058
 110.000000  0.008691
 111.000000  0.007544
 112.000000  0.008569
 113.000000  0.007593
 114.000000  0.008813
 115.000000  0.007593
 116.000000  0.008765
 117.000000  0.007568
 118.000000  0.008984
 119.000000  0.007544
 120.000000  0.009082
 121.000000  0.007593
 122.000000  0.008740
 123.000000  0.007568
 124.000000  0.009082
 125.000000  0.007617
 126.000000  0.008984
 127.000000  0.010156
 128.000000  0.008862
 129.000000  0.007568
 130.000000  0.008838
 131.000000  0.009838
 132.000000  0.008545
 133.000000  0.007568
 134.000000  0.008813
 135.000000  0.009887
 136.000000  0.008789
 137.000000  0.007495
 138.000000  0.009058
 139.000000  0.007446
 140.000000  0.008936
 141.000000  0.007422
 142.000000  0.008936
 143.000000  0.007593
 144.000000  0.008643
 145.000000  0.009936
 146.000000  0.008618
 147.000000  0.007373
 148.000000  0.009082
 149.000000  0.009985
 150.000000  0.008887
 151.000000  0.007422
 152.000000  0.008813
 153.000000  0.007349
 154.000000  0.008716
 155.000000  0.007349
 156.000000  0.008887
 157.000000  0.009838
 158.000000  0.008862
 159.000000  0.007349
 160.000000  0.009180
 161.000000  0.007349
 162.000000  0.008765
 163.000000  0.007349
 164.000000  0.008447
 165.000000  0.007349
 166.000000  0.008569
 167.000000  0.007373
 168.000000  0.009058
 169.000000  0.009814
 170.000000  0.008618
 171.000000  0.007373
 172.000000  0.008545
 173.000000  0.007397
 174.000000  0.008594
 175.000000  0.007373
 176.000000  0.008252
 177.000000  0.007373
 178.000000  0.008643
 179.000000  0.009765
 180.000000  0.008594
 181.000000  0.007324
 182.000000  0.008618
 183.000000  0.007324
 184.000000  0.008594
 185.000000  0.007397
 186.000000  0.008887
 187.000000  0.007324
 188.000000  0.008398
 189.000000  0.007349
 190.000000  0.008496
 191.000000  0.007324
 192.000000  0.008594
 193.000000  0.007373
 194.000000  0.008643
 195.000000  0.007324
 196.000000  0.010888
 197.000000  0.007324
 198.000000  0.009009
 199.000000  0.009790
 200.000000  0.008691
 201.000000  0.009765
 202.000000  0.008618
 203.000000  0.007397
 204.000000  0.008765
 205.000000  0.007349
 206.000000  0.008276
 207.000000  0.007324
 208.000000  0.008545
 209.000000  0.009765
 210.000000  0.008691
 211.000000  0.007373
 212.000000  0.008520
 213.000000  0.009790
 214.000000  0.008496
 215.000000  0.007373
 216.000000  0.008716
 217.000000  0.007349
 218.000000  0.008350
 219.000000  0.009790
 220.000000  0.008594
 221.000000  0.007349
 222.000000  0.008398
 223.000000  0.007373
 224.000000  0.008520
 225.000000  0.007373
 226.000000  0.008301
 227.000000  0.009765
 228.000000  0.008618
 229.000000  0.009838
 230.000000  0.009009
 231.000000  0.007349
 232.000000  0.008789
 233.000000  0.009814
 234.000000  0.008301
 235.000000  0.007349
 236.000000  0.008618
 237.000000  0.007446
 238.000000  0.008643
 239.000000  0.009814
 240.000000  0.008716
 241.000000  0.007446
 242.000000  0.008520
 243.000000  0.009765
 244.000000  0.008203
 245.000000  0.007422
 246.000000  0.008643
 247.000000  0.007544
 248.000000  0.009033
 249.000000  0.007422
 250.000000  0.008520
 251.000000  0.007422
 252.000000  0.008618
 253.000000  0.007495
 254.000000  0.008350
 255.000000  0.010058
 256.000000  0.008862
 257.000000  0.007471
 258.000000  0.008496
 259.000000  0.007471
 260.000000  0.008838
 261.000000  0.007422
 262.000000  0.008325
 263.000000  0.009838
 264.000000  0.008398
 265.000000  0.009887
 266.000000  0.008472
 267.000000  0.009863
 268.000000  0.008545
 269.000000  0.009838
 270.000000  0.008545
 271.000000  0.007593
 272.000000  0.008398
 273.000000  0.007422
 274.000000  0.008716
 275.000000  0.009863
 276.000000  0.008203
 277.000000  0.009985
 278.000000  0.008887
 279.000000  0.007544
 280.000000  0.008838
 281.000000  0.009961
 282.000000  0.008594
 283.000000  0.009912
 284.000000  0.008520
 285.000000  0.007568
 286.000000  0.008301
 287.000000  0.007471
 288.000000  0.008398
 289.000000  0.009936
 290.000000  0.008618
 291.000000  0.007422
 292.000000  0.008838
 293.000000  0.007373
 294.000000  0.008643
 295.000000  0.009790
 296.000000  0.008667
 297.000000  0.009814
 298.000000  0.008740
 299.000000  0.009838
 300.000000  0.008545
 301.000000  0.007397
 302.000000  0.008862
 303.000000  0.009790
 304.000000  0.009131
 305.000000  0.007373
 306.000000  0.008520
 307.000000  0.009887
 308.000000  0.008862
 309.000000  0.009838
 310.000000  0.008984
 311.000000  0.007471
 312.000000  0.008643
 313.000000  0.007349
 314.000000  0.008984
 315.000000  0.009887
 316.000000  0.008911
 317.000000  0.007397
 318.000000  0.008618
 319.000000  0.007373
 320.000000  0.008569
 321.000000  0.009887
 322.000000  0.008813
 323.000000  0.009765
 324.000000  0.008716
 325.000000  0.007324
 326.000000  0.008520
 327.000000  0.007349
 328.000000  0.008887
 329.000000  0.009863
 330.000000  0.008887
 331.000000  0.009790
 332.000000  0.009106
 333.000000  0.009936
 334.000000  0.008716
 335.000000  0.009863
 336.000000  0.008667
 337.000000  0.007324
 338.000000  0.008887
 339.000000  0.007349
 340.000000  0.008838
 341.000000  0.009912
 342.000000  0.010913
 343.000000  0.009814
 344.000000  0.008960
 345.000000  0.009790
 346.000000  0.009228
 347.000000  0.007324
 348.000000  0.008594
 349.000000  0.009814
 350.000000  0.008813
 351.000000  0.009790
 352.000000  0.008862
 353.000000  0.009912
 354.000000  0.008862
 355.000000  0.007349
 356.000000  0.008594
 357.000000  0.007324
 358.000000  0.008911
 359.000000  0.009765
 360.000000  0.008984
 361.000000  0.007373
 362.000000  0.008984
 363.000000  0.009912
 364.000000  0.009033
 365.000000  0.007373
 366.000000  0.008960
 367.000000  0.007446
 368.000000  0.008740
 369.000000  0.007422
 370.000000  0.008496
 371.000000  0.009863
 372.000000  0.008887
 373.000000  0.009912
 374.000000  0.008960
 375.000000  0.009790
 376.000000  0.008936
 377.000000  0.007446
 378.000000  0.009009
 379.000000  0.007471
 380.000000  0.009033
 381.000000  0.009814
 382.000000  0.008960
 383.000000  0.007446
 384.000000  0.009033
 385.000000  0.007397
 386.000000  0.008984
 387.000000  0.009838
 388.000000  0.008887
 389.000000  0.009863
 390.000000  0.009253
 391.000000  0.009887
 392.000000  0.009009
 393.000000  0.007446
 394.000000  0.009204
 395.000000  0.007471
 396.000000  0.008667
 397.000000  0.007446
 398.000000  0.008667
 399.000000  0.007446
 400.000000  0.009180
 401.000000  0.010009
 402.000000  0.009058
 403.000000  0.007642
 404.000000  0.008936
 405.000000  0.007568
 406.000000  0.009033
 407.000000  0.007812
 408.000000  0.009009
 409.000000  0.009961
 410.000000  0.009033
 411.000000  0.009936
 412.000000  0.009033
 413.000000  0.007788
 414.000000  0.009082
 415.000000  0.010083
 416.000000  0.008960
 417.000000  0.007617
 418.000000  0.009009
 419.000000  0.007910
 420.000000  0.008887
 421.000000  0.007544
 422.000000  0.008667
 423.000000  0.007568
 424.000000  0.009131
 425.000000  0.010083
 426.000000  0.008911
 427.000000  0.010083
 428.000000  0.009009
 429.000000  0.010131
 430.000000  0.009155
 431.000000  0.010034
 432.000000  0.008765
 433.000000  0.007617
 434.000000  0.008911
 435.000000  0.010009
 436.000000  0.008838
 437.000000  0.010180
 438.000000  0.008936
 439.000000  0.010034
 440.000000  0.009082
 441.000000  0.010083
 442.000000  0.009155
 443.000000  0.009863
 444.000000  0.009302
 445.000000  0.009985
 446.000000  0.009351
 447.000000  0.007690
 448.000000  0.008984
 449.000000  0.010083
 450.000000  0.008984
 451.000000  0.010131
 452.000000  0.008667
 453.000000  0.009912
 454.000000  0.009131
 455.000000  0.010034
 456.000000  0.009351
 457.000000  0.009985
 458.000000  0.009228
 459.000000  0.009838
 460.000000  0.009473
 461.000000  0.009985
 462.000000  0.009204
 463.000000  0.009985
 464.000000  0.009644
 465.000000  0.010058
 466.000000  0.009521
 467.000000  0.007471
 468.000000  0.009228
 469.000000  0.007617
 470.000000  0.009326
 471.000000  0.010083
 472.000000  0.009351
 473.000000  0.007690
 474.000000  0.009180
 475.000000  0.009863
 476.000000  0.009228
 477.000000  0.007666
 478.000000  0.009351
 479.000000  0.009863
 480.000000  0.009473
 481.000000  0.010083
 482.000000  0.009180
 483.000000  0.007715
 484.000000  0.009375
 485.000000  0.010253
 486.000000  0.009424
 487.000000  0.007373
 488.000000  0.009326
 489.000000  0.007642
 490.000000  0.009277
 491.000000  0.009936
 492.000000  0.009131
 493.000000  0.010009
 494.000000  0.009448
 495.000000  0.009961
 496.000000  0.009375
 497.000000  0.007495
 498.000000  0.009253
 499.000000  0.009863
 500.000000  0.009033
 501.000000  0.009985
 502.000000  0.009082
 503.000000  0.010058
 504.000000  0.009277
 505.000000  0.010180
 506.000000  0.009351
 507.000000  0.007544
 508.000000  0.009399
 509.000000  0.007642
 510.000000  0.009595
 511.000000  0.009887
 512.000000  0.008984
 513.000000  0.007446
 514.000000  0.008984
 515.000000  0.007471
 516.000000  0.009228
 517.000000  0.007642
 518.000000  0.009131
 519.000000  0.007519
 520.000000  0.009595
 521.000000  0.007642
 522.000000  0.009302
 523.000000  0.009912
 524.000000  0.009106
 525.000000  0.010107
 526.000000  0.009155
 527.000000  0.009863
 528.000000  0.009424
 529.000000  0.010009
 530.000000  0.009619
 531.000000  0.010205
 532.000000  0.009228
 533.000000  0.007837
 534.000000  0.009082
 535.000000  0.007593
 536.000000  0.009375
 537.000000  0.010009
 538.000000  0.009302
 539.000000  0.009985
 540.000000  0.009351
 541.000000  0.007715
 542.000000  0.009497
 543.000000  0.007617
 544.000000  0.009302
 545.000000  0.007739
 546.000000  0.009399
 547.000000  0.010131
 548.000000  0.009399
 549.000000  0.010180
 550.000000  0.009277
 551.000000  0.010498
 552.000000  0.009424
 553.000000  0.007739
 554.000000  0.009326
 555.000000  0.007666
 556.000000  0.009399
 557.000000  0.010058
 558.000000  0.009351
 559.000000  0.010498
 560.000000  0.009521
 561.000000  0.007959
 562.000000  0.009448
 563.000000  0.010766
 564.000000  0.009326
 565.000000  0.010253
 566.000000  0.009277
 567.000000  0.010400
 568.000000  0.009302
 569.000000  0.010449
 570.000000  0.009521
 571.000000  0.010473
 572.000000  0.009302
 573.000000  0.010669
 574.000000  0.009277
 575.000000  0.010595
 576.000000  0.009351
 577.000000  0.010327
 578.000000  0.009375
 579.000000  0.010546
 580.000000  0.009546
 581.000000  0.008350
 582.000000  0.009497
 583.000000  0.010376
 584.000000  0.009424
 585.000000  0.011157
 586.000000  0.009546
 587.000000  0.011450
 588.000000  0.009546
 589.000000  0.008276
 590.000000  0.009619
 591.000000  0.010693
 592.000000  0.009619
 593.000000  0.008667
 594.000000  0.009595
 595.000000  0.011718
 596.000000  0.009692
 597.000000  0.011328
 598.000000  0.009741
 599.000000  0.011450
 600.000000  0.009717
 601.000000  0.011254
 602.000000  0.009717
 603.000000  0.011987
 604.000000  0.009863
 605.000000  0.012182
 606.000000  0.010034
 607.000000  0.012231
 608.000000  0.010718
 609.000000  0.012402
 610.000000  0.012036
 611.000000  0.014575
 612.000000  0.015161
 613.000000  0.015063
 614.000000  0.017089
 615.000000  0.017163
 616.000000  0.017700
 617.000000  0.019897
 618.000000  0.022290
 619.000000  0.026342
 620.000000  0.027856
 621.000000  0.031689
 622.000000  0.031787
 623.000000  0.034619
 624.000000  0.036157
 625.000000  0.037719
 626.000000  0.040698
 627.000000  0.050512
 628.000000  0.071460
 629.000000  0.108593
 630.000000  0.135571
 631.000000  0.149292
 632.000000  0.106714
 633.000000  0.072241
 634.000000  0.040039
 635.000000  0.030200
 636.000000  0.021875
 637.000000  0.017114
 638.000000  0.014648
 639.000000  0.014624
 640.000000  0.012183
 641.000000  0.012500
 642.000000  0.010498
 643.000000  0.009766
 644.000000  0.012231
 645.000000  0.012207
 646.000000  0.012207
 647.000000  0.012182
 648.000000  0.009766
 649.000000  0.009448
 650.000000  0.009766
 651.000000  0.009497
 652.000000  0.009766
 653.000000  0.009424
 654.000000  0.009766
 655.000000  0.011645
 656.000000  0.009766
 657.000000  0.011645
 658.000000  0.009766
 659.000000  0.009228
 660.000000  0.009766
 661.000000  0.011621
 662.000000  0.009766
 663.000000  0.011230
 664.000000  0.012207
 665.000000  0.011596
 666.000000  0.012207
 667.000000  0.010986
 668.000000  0.009766
 669.000000  0.008984
 670.000000  0.009766
 671.000000  0.008862
 672.000000  0.009766
 673.000000  0.011035
 674.000000  0.012182
 675.000000  0.010742
 676.000000  0.009741
 677.000000  0.011132
 678.000000  0.009766
 679.000000  0.011401
 680.000000  0.009766
 681.000000  0.008154
 682.000000  0.009766
 683.000000  0.010766
 684.000000  0.009766
 685.000000  0.011254
 686.000000  0.009741
 687.000000  0.008350
 688.000000  0.012182
 689.000000  0.008545
 690.000000  0.012207
 691.000000  0.010571
 692.000000  0.009741
 693.000000  0.010839
 694.000000  0.009717
 695.000000  0.010717
 696.000000  0.011938
 697.000000  0.010644
 698.000000  0.009741
 699.000000  0.010644
 700.000000  0.009668
 701.000000  0.008057
 702.000000  0.009717
 703.000000  0.008325
 704.000000  0.012207
 705.000000  0.010498
 706.000000  0.009692
 707.000000  0.008765
 708.000000  0.009717
 709.000000  0.010693
 710.000000  0.009644
 711.000000  0.011059
 712.000000  0.009741
 713.000000  0.011377
 714.000000  0.009619
 715.000000  0.010937
 716.000000  0.009644
 717.000000  0.010620
 718.000000  0.009546
 719.000000  0.010595
 720.000000  0.009595
 721.000000  0.010888
 722.000000  0.009546
 723.000000  0.011084
 724.000000  0.009644
 725.000000  0.010937
 726.000000  0.009619
 727.000000  0.010888
 728.000000  0.009351
 729.000000  0.008472
 730.000000  0.009570
 731.000000  0.010961
 732.000000  0.009546
 733.000000  0.010766
 734.000000  0.011987
 735.000000  0.010644
 736.000000  0.009375
 737.000000  0.010473
 738.000000  0.009302
 739.000000  0.010669
 740.000000  0.009497
 741.000000  0.010766
 742.000000  0.009570
 743.000000  0.008105
 744.000000  0.009595
 745.000000  0.010986
 746.000000  0.009424
 747.000000  0.007983
 748.000000  0.009399
 749.000000  0.010669
 750.000000  0.009497
 751.000000  0.011010
 752.000000  0.012060
 753.000000  0.011230
 754.000000  0.009424
 755.000000  0.010351
 756.000000  0.009717
 757.000000  0.010302
 758.000000  0.009521
 759.000000  0.008179
 760.000000  0.009570
 761.000000  0.010424
 762.000000  0.009521
 763.000000  0.010717
 764.000000  0.009448
 765.000000  0.010205
 766.000000  0.009570
 767.000000  0.007788
 768.000000  0.009375
 769.000000  0.010327
 770.000000  0.009546
 771.000000  0.010302
 772.000000  0.009570
 773.000000  0.010180
 774.000000  0.012011
 775.000000  0.010449
 776.000000  0.012133
 777.000000  0.010449
 778.000000  0.009546
 779.000000  0.008130
 780.000000  0.009570
 781.000000  0.008057
 782.000000  0.012085
 783.000000  0.010376
 784.000000  0.009473
 785.000000  0.010131
 786.000000  0.009595
 787.000000  0.010083
 788.000000  0.011962
 789.000000  0.010156
 790.000000  0.009570
 791.000000  0.010156
 792.000000  0.009399
 793.000000  0.010107
 794.000000  0.009595
 795.000000  0.010644
 796.000000  0.009619
 797.000000  0.010473
 798.000000  0.009497
 799.000000  0.010693
 800.000000  0.009546
 801.000000  0.010107
 802.000000  0.012011
 803.000000  0.010327
 804.000000  0.009448
 805.000000  0.010107
 806.000000  0.009399
 807.000000  0.009985
 808.000000  0.012036
 809.000000  0.008252
 810.000000  0.009717
 811.000000  0.008276
 812.000000  0.009326
 813.000000  0.007446
 814.000000  0.009424
 815.000000  0.010156
 816.000000  0.009546
 817.000000  0.010302
 818.000000  0.009668
 819.000000  0.010034
 820.000000  0.009448
 821.000000  0.010156
 822.000000  0.009448
 823.000000  0.010693
 824.000000  0.012109
 825.000000  0.010327
 826.000000  0.009619
 827.000000  0.010156
 828.000000  0.009595
 829.000000  0.010131
 830.000000  0.009424
 831.000000  0.010107
 832.000000  0.009521
 833.000000  0.009985
 834.000000  0.009253
 835.000000  0.010083
 836.000000  0.012036
 837.000000  0.010107
 838.000000  0.009375
 839.000000  0.010009
 840.000000  0.009717
 841.000000  0.010376
 842.000000  0.011889
 843.000000  0.010156
 844.000000  0.009448
 845.000000  0.007861
 846.000000  0.011865
 847.000000  0.010229
 848.000000  0.009375
 849.000000  0.010327
 850.000000  0.009448
 851.000000  0.010107
 852.000000  0.009351
 853.000000  0.007690
 854.000000  0.012182
 855.000000  0.010229
 856.000000  0.009302
 857.000000  0.007739
 858.000000  0.009473
 859.000000  0.007715
 860.000000  0.011889
 861.000000  0.010156
 862.000000  0.009253
 863.000000  0.007593
 864.000000  0.009131
 865.000000  0.010131
 866.000000  0.011718
 867.000000  0.007812
 868.000000  0.009302
 869.000000  0.009985
 870.000000  0.009375
 871.000000  0.010253
 872.000000  0.009228
 873.000000  0.010644
 874.000000  0.009228
 875.000000  0.010253
 876.000000  0.009228
 877.000000  0.007959
 878.000000  0.009497
 879.000000  0.007617
 880.000000  0.009228
 881.000000  0.010669
 882.000000  0.009082
 883.000000  0.010156
 884.000000  0.009570
 885.000000  0.010302
 886.000000  0.009277
 887.000000  0.007788
 888.000000  0.009228
 889.000000  0.010156
 890.000000  0.009375
 891.000000  0.010473
 892.000000  0.009253
 893.000000  0.010522
 894.000000  0.009277
 895.000000  0.010400
 896.000000  0.009106
 897.000000  0.010327
 898.000000  0.009204
 899.000000  0.010473
 900.000000  0.009302
 901.000000  0.010400
 902.000000  0.011694
 903.000000  0.010327
 904.000000  0.009424
 905.000000  0.010302
 906.000000  0.011767
 907.000000  0.010327
 908.000000  0.011840
 909.000000  0.010156
 910.000000  0.009546
 911.000000  0.010327
 912.000000  0.009253
 913.000000  0.010083
 914.000000  0.009253
 915.000000  0.010498
 916.000000  0.009351
 917.000000  0.010449
 918.000000  0.011987
 919.000000  0.010131
 920.000000  0.011938
 921.000000  0.010180
 922.000000  0.009497
 923.000000  0.010058
 924.000000  0.009375
 925.000000  0.009985
 926.000000  0.009351
 927.000000  0.010205
 928.000000  0.009473
 929.000000  0.010351
 930.000000  0.009668
 931.000000  0.010571
 932.000000  0.009351
 933.000000  0.010302
 934.000000  0.009375
 935.000000  0.010498
 936.000000  0.009692
 937.000000  0.010205
 938.000000  0.009424
 939.000000  0.010034
 940.000000  0.009546
 941.000000  0.010083
 942.000000  0.009497
 943.000000  0.010180
 944.000000  0.009521
 945.000000  0.007886
 946.000000  0.012109
 947.000000  0.010473
 948.000000  0.009570
 949.000000  0.010351
 950.000000  0.011840
 951.000000  0.010131
 952.000000  0.009375
 953.000000  0.010083
 954.000000  0.009521
 955.000000  0.010180
 956.000000  0.009595
 957.000000  0.010107
 958.000000  0.009326
 959.000000  0.007519
 960.000000  0.009375
 961.000000  0.007715
 962.000000  0.011840
 963.000000  0.007617
 964.000000  0.009180
 965.000000  0.010107
 966.000000  0.009619
 967.000000  0.010473
 968.000000  0.009741
 969.000000  0.010376
 970.000000  0.011914
 971.000000  0.010229
 972.000000  0.009766
 973.000000  0.010229
 974.000000  0.009399
 975.000000  0.010058
 976.000000  0.009082
 977.000000  0.010058
 978.000000  0.009351
 979.000000  0.010034
 980.000000  0.009570
 981.000000  0.010400
 982.000000  0.009521
 983.000000  0.007715
 984.000000  0.009473
 985.000000  0.010009
 986.000000  0.009277
 987.000000  0.010156
 988.000000  0.011767
 989.000000  0.009838
 990.000000  0.009521
 991.000000  0.010009
 992.000000  0.009228
 993.000000  0.010083
 994.000000  0.009521
 995.000000  0.010522
 996.000000  0.009546
 997.000000  0.010302
 998.000000  0.011816
 999.000000  0.010229
 1000.000000  0.012036
 1001.000000  0.009985
 1002.000000  0.009424
 1003.000000  0.009936
 1004.000000  0.009253
 1005.000000  0.010156
 1006.000000  0.009131
 1007.000000  0.009814
 1008.000000  0.009473
 1009.000000  0.009961
 1010.000000  0.008765
 1011.000000  0.009961
 1012.000000  0.008960
 1013.000000  0.009863
 1014.000000  0.008765
 1015.000000  0.010058
 1016.000000  0.009302
 1017.000000  0.010009
 1018.000000  0.008887
 1019.000000  0.009863
 1020.000000  0.009058
 1021.000000  0.009912
 1022.000000  0.009253
 1023.000000  0.010131
