 0.000000  0.008276
 1.000000  0.007446
 2.000000  0.008179
 3.000000  0.007373
 4.000000  0.008594
 5.000000  0.007471
 6.000000  0.008643
 7.000000  0.007495
 8.000000  0.008423
 9.000000  0.007373
 10.000000  0.008472
 11.000000  0.007422
 12.000000  0.008594
 13.000000  0.007495
 14.000000  0.008520
 15.000000  0.007446
 16.000000  0.008618
 17.000000  0.007397
 18.000000  0.008643
 19.000000  0.007471
 20.000000  0.008179
 21.000000  0.007397
 22.000000  0.008667
 23.000000  0.007519
 24.000000  0.008789
 25.000000  0.007349
 26.000000  0.008984
 27.000000  0.009790
 28.000000  0.008813
 29.000000  0.007397
 30.000000  0.008765
 31.000000  0.007495
 32.000000  0.008789
 33.000000  0.007397
 34.000000  0.008789
 35.000000  0.007397
 36.000000  0.008545
 37.000000  0.007422
 38.000000  0.008520
 39.000000  0.009912
 40.000000  0.008765
 41.000000  0.007397
 42.000000  0.008643
 43.000000  0.007373
 44.000000  0.008716
 45.000000  0.007324
 46.000000  0.008667
 47.000000  0.007324
 48.000000  0.008447
 49.000000  0.007397
 50.000000  0.008179
 51.000000  0.007446
 52.000000  0.008154
 53.000000  0.007397
 54.000000  0.008594
 55.000000  0.007397
 56.000000  0.008740
 57.000000  0.007373
 58.000000  0.008960
 59.000000  0.009765
 60.000000  0.008447
 61.000000  0.009790
 62.000000  0.008374
 63.000000  0.007397
 64.000000  0.008325
 65.000000  0.007373
 66.000000  0.008691
 67.000000  0.009814
 68.000000  0.008472
 69.000000  0.007373
 70.000000  0.008350
 71.000000  0.007397
 72.000000  0.008252
 73.000000  0.007349
 74.000000  0.008350
 75.000000  0.007324
 76.000000  0.008643
 77.000000  0.007373
 78.000000  0.008496
 79.000000  0.007422
 80.000000  0.008740
 81.000000  0.007397
 82.000000  0.008398
 83.000000  0.007324
 84.000000  0.008325
 85.000000  0.007397
 86.000000  0.008447
 87.000000  0.007446
 88.000000  0.008643
 89.000000  0.007373
 90.000000  0.008520
 91.000000  0.007373
 92.000000  0.008227
 93.000000  0.007349
 94.000000  0.008374
 95.000000  0.007349
 96.000000  0.008350
 97.000000  0.007349
 98.000000  0.008740
 99.000000  0.007422
 100.000000  0.008472
 101.000000  0.009863
 102.000000  0.008374
 103.000000  0.009863
 104.000000  0.008179
 105.000000  0.007397
 106.000000  0.008740
 107.000000  0.007397
 108.000000  0.008789
 109.000000  0.009887
 110.000000  0.008594
 111.000000  0.007397
 112.000000  0.008227
 113.000000  0.007397
 114.000000  0.008520
 115.000000  0.007324
 116.000000  0.008398
 117.000000  0.007373
 118.000000  0.008667
 119.000000  0.007422
 120.000000  0.008520
 121.000000  0.007446
 122.000000  0.008496
 123.000000  0.007397
 124.000000  0.008545
 125.000000  0.007373
 126.000000  0.008667
 127.000000  0.009765
 128.000000  0.008472
 129.000000  0.007349
 130.000000  0.008423
 131.000000  0.009814
 132.000000  0.008301
 133.000000  0.007373
 134.000000  0.008691
 135.000000  0.009838
 136.000000  0.008569
 137.000000  0.007349
 138.000000  0.008838
 139.000000  0.007349
 140.000000  0.008545
 141.000000  0.007397
 142.000000  0.008618
 143.000000  0.007397
 144.000000  0.008301
 145.000000  0.009863
 146.000000  0.008252
 147.000000  0.007471
 148.000000  0.008569
 149.000000  0.009838
 150.000000  0.008423
 151.000000  0.007397
 152.000000  0.008545
 153.000000  0.007373
 154.000000  0.008447
 155.000000  0.007446
 156.000000  0.008179
 157.000000  0.009790
 158.000000  0.008350
 159.000000  0.007446
 160.000000  0.008618
 161.000000  0.007373
 162.000000  0.008227
 163.000000  0.007349
 164.000000  0.008105
 165.000000  0.007324
 166.000000  0.008105
 167.000000  0.007397
 168.000000  0.008203
 169.000000  0.009838
 170.000000  0.008203
 171.000000  0.007373
 172.000000  0.008374
 173.000000  0.007373
 174.000000  0.008105
 175.000000  0.007373
 176.000000  0.008325
 177.000000  0.007373
 178.000000  0.008154
 179.000000  0.009790
 180.000000  0.008179
 181.000000  0.007349
 182.000000  0.008301
 183.000000  0.007397
 184.000000  0.008032
 185.000000  0.007397
 186.000000  0.008398
 187.000000  0.007397
 188.000000  0.008081
 189.000000  0.007324
 190.000000  0.008325
 191.000000  0.007373
 192.000000  0.008179
 193.000000  0.007373
 194.000000  0.007959
 195.000000  0.007324
 196.000000  0.010571
 197.000000  0.007300
 198.000000  0.008325
 199.000000  0.009741
 200.000000  0.008081
 201.000000  0.009765
 202.000000  0.008179
 203.000000  0.007349
 204.000000  0.008179
 205.000000  0.007324
 206.000000  0.007886
 207.000000  0.007373
 208.000000  0.008130
 209.000000  0.009765
 210.000000  0.008130
 211.000000  0.007349
 212.000000  0.008154
 213.000000  0.009790
 214.000000  0.007935
 215.000000  0.007349
 216.000000  0.008032
 217.000000  0.007349
 218.000000  0.007935
 219.000000  0.009790
 220.000000  0.008081
 221.000000  0.007349
 222.000000  0.008057
 223.000000  0.007349
 224.000000  0.008032
 225.000000  0.007397
 226.000000  0.007910
 227.000000  0.009814
 228.000000  0.008203
 229.000000  0.009765
 230.000000  0.008398
 231.000000  0.007349
 232.000000  0.008252
 233.000000  0.009765
 234.000000  0.007983
 235.000000  0.007324
 236.000000  0.007886
 237.000000  0.007349
 238.000000  0.007983
 239.000000  0.009790
 240.000000  0.008105
 241.000000  0.007397
 242.000000  0.008227
 243.000000  0.009814
 244.000000  0.007983
 245.000000  0.007349
 246.000000  0.008057
 247.000000  0.007324
 248.000000  0.008325
 249.000000  0.007373
 250.000000  0.008105
 251.000000  0.007422
 252.000000  0.008179
 253.000000  0.007349
 254.000000  0.007715
 255.000000  0.009814
 256.000000  0.008130
 257.000000  0.007324
 258.000000  0.008105
 259.000000  0.007373
 260.000000  0.008227
 261.000000  0.007397
 262.000000  0.008081
 263.000000  0.009838
 264.000000  0.007983
 265.000000  0.009765
 266.000000  0.008008
 267.000000  0.009765
 268.000000  0.007910
 269.000000  0.009790
 270.000000  0.008081
 271.000000  0.007373
 272.000000  0.008008
 273.000000  0.007324
 274.000000  0.008081
 275.000000  0.009838
 276.000000  0.007935
 277.000000  0.009814
 278.000000  0.008301
 279.000000  0.007349
 280.000000  0.008325
 281.000000  0.009790
 282.000000  0.008081
 283.000000  0.009790
 284.000000  0.008252
 285.000000  0.007349
 286.000000  0.008008
 287.000000  0.007397
 288.000000  0.008032
 289.000000  0.009790
 290.000000  0.008130
 291.000000  0.007349
 292.000000  0.008081
 293.000000  0.007397
 294.000000  0.008179
 295.000000  0.009814
 296.000000  0.008227
 297.000000  0.009790
 298.000000  0.007959
 299.000000  0.009765
 300.000000  0.008203
 301.000000  0.007373
 302.000000  0.008105
 303.000000  0.009863
 304.000000  0.008374
 305.000000  0.007397
 306.000000  0.008032
 307.000000  0.009814
 308.000000  0.008301
 309.000000  0.009741
 310.000000  0.008398
 311.000000  0.007373
 312.000000  0.008179
 313.000000  0.007397
 314.000000  0.008325
 315.000000  0.009912
 316.000000  0.008154
 317.000000  0.007373
 318.000000  0.008203
 319.000000  0.007349
 320.000000  0.008374
 321.000000  0.009790
 322.000000  0.008179
 323.000000  0.009838
 324.000000  0.008179
 325.000000  0.007373
 326.000000  0.008057
 327.000000  0.007324
 328.000000  0.007959
 329.000000  0.009838
 330.000000  0.008423
 331.000000  0.009790
 332.000000  0.008325
 333.000000  0.009814
 334.000000  0.008154
 335.000000  0.009790
 336.000000  0.007886
 337.000000  0.007349
 338.000000  0.008179
 339.000000  0.007397
 340.000000  0.008154
 341.000000  0.009790
 342.000000  0.010571
 343.000000  0.009814
 344.000000  0.008154
 345.000000  0.009838
 346.000000  0.008325
 347.000000  0.007324
 348.000000  0.008325
 349.000000  0.009838
 350.000000  0.008398
 351.000000  0.009790
 352.000000  0.008154
 353.000000  0.009838
 354.000000  0.008154
 355.000000  0.007373
 356.000000  0.008057
 357.000000  0.007397
 358.000000  0.008325
 359.000000  0.009790
 360.000000  0.008618
 361.000000  0.007422
 362.000000  0.007983
 363.000000  0.009838
 364.000000  0.008179
 365.000000  0.007373
 366.000000  0.008520
 367.000000  0.007324
 368.000000  0.008447
 369.000000  0.007349
 370.000000  0.008130
 371.000000  0.009814
 372.000000  0.008105
 373.000000  0.009765
 374.000000  0.008569
 375.000000  0.009838
 376.000000  0.008398
 377.000000  0.007349
 378.000000  0.008374
 379.000000  0.007349
 380.000000  0.008203
 381.000000  0.009887
 382.000000  0.008350
 383.000000  0.007373
 384.000000  0.008423
 385.000000  0.007373
 386.000000  0.008252
 387.000000  0.009790
 388.000000  0.008472
 389.000000  0.009790
 390.000000  0.008594
 391.000000  0.009887
 392.000000  0.008081
 393.000000  0.007373
 394.000000  0.008276
 395.000000  0.007373
 396.000000  0.008301
 397.000000  0.007373
 398.000000  0.008276
 399.000000  0.007349
 400.000000  0.008398
 401.000000  0.009790
 402.000000  0.008374
 403.000000  0.007422
 404.000000  0.008472
 405.000000  0.007349
 406.000000  0.008276
 407.000000  0.007422
 408.000000  0.008252
 409.000000  0.009814
 410.000000  0.008545
 411.000000  0.009863
 412.000000  0.008691
 413.000000  0.007373
 414.000000  0.008667
 415.000000  0.009814
 416.000000  0.008447
 417.000000  0.007422
 418.000000  0.008618
 419.000000  0.007349
 420.000000  0.008716
 421.000000  0.007324
 422.000000  0.008105
 423.000000  0.007446
 424.000000  0.008227
 425.000000  0.009814
 426.000000  0.008691
 427.000000  0.009863
 428.000000  0.008374
 429.000000  0.009790
 430.000000  0.008594
 431.000000  0.009814
 432.000000  0.008350
 433.000000  0.007446
 434.000000  0.008398
 435.000000  0.009863
 436.000000  0.008032
 437.000000  0.009863
 438.000000  0.008276
 439.000000  0.009814
 440.000000  0.008350
 441.000000  0.009765
 442.000000  0.008447
 443.000000  0.009765
 444.000000  0.008618
 445.000000  0.009765
 446.000000  0.008569
 447.000000  0.007373
 448.000000  0.008057
 449.000000  0.009814
 450.000000  0.008374
 451.000000  0.009790
 452.000000  0.008130
 453.000000  0.009790
 454.000000  0.008569
 455.000000  0.009863
 456.000000  0.008252
 457.000000  0.009863
 458.000000  0.008618
 459.000000  0.009790
 460.000000  0.008838
 461.000000  0.009814
 462.000000  0.008398
 463.000000  0.009814
 464.000000  0.008594
 465.000000  0.009887
 466.000000  0.008887
 467.000000  0.007349
 468.000000  0.008350
 469.000000  0.007422
 470.000000  0.008447
 471.000000  0.009863
 472.000000  0.008667
 473.000000  0.007397
 474.000000  0.008936
 475.000000  0.009790
 476.000000  0.008520
 477.000000  0.007397
 478.000000  0.008569
 479.000000  0.009838
 480.000000  0.008447
 481.000000  0.009863
 482.000000  0.008423
 483.000000  0.007495
 484.000000  0.008374
 485.000000  0.009887
 486.000000  0.008350
 487.000000  0.007349
 488.000000  0.008398
 489.000000  0.007349
 490.000000  0.008325
 491.000000  0.009814
 492.000000  0.008374
 493.000000  0.009838
 494.000000  0.008667
 495.000000  0.009936
 496.000000  0.008838
 497.000000  0.007397
 498.000000  0.008447
 499.000000  0.009765
 500.000000  0.008569
 501.000000  0.009790
 502.000000  0.008276
 503.000000  0.009790
 504.000000  0.008813
 505.000000  0.009912
 506.000000  0.008252
 507.000000  0.007397
 508.000000  0.008643
 509.000000  0.007422
 510.000000  0.008911
 511.000000  0.009790
 512.000000  0.008350
 513.000000  0.007324
 514.000000  0.008325
 515.000000  0.007446
 516.000000  0.008276
 517.000000  0.007422
 518.000000  0.008520
 519.000000  0.007349
 520.000000  0.008887
 521.000000  0.007422
 522.000000  0.008472
 523.000000  0.009863
 524.000000  0.008398
 525.000000  0.009790
 526.000000  0.008569
 527.000000  0.009765
 528.000000  0.008789
 529.000000  0.009887
 530.000000  0.008545
 531.000000  0.010009
 532.000000  0.008618
 533.000000  0.007422
 534.000000  0.008276
 535.000000  0.007422
 536.000000  0.008398
 537.000000  0.009790
 538.000000  0.008643
 539.000000  0.009863
 540.000000  0.008740
 541.000000  0.007373
 542.000000  0.008594
 543.000000  0.007422
 544.000000  0.008496
 545.000000  0.007495
 546.000000  0.008960
 547.000000  0.009814
 548.000000  0.008813
 549.000000  0.009887
 550.000000  0.008569
 551.000000  0.009838
 552.000000  0.008643
 553.000000  0.007519
 554.000000  0.008789
 555.000000  0.007446
 556.000000  0.008740
 557.000000  0.009887
 558.000000  0.008862
 559.000000  0.009863
 560.000000  0.009326
 561.000000  0.007471
 562.000000  0.009180
 563.000000  0.010034
 564.000000  0.009253
 565.000000  0.010058
 566.000000  0.009033
 567.000000  0.010131
 568.000000  0.009228
 569.000000  0.010205
 570.000000  0.009351
 571.000000  0.010229
 572.000000  0.009375
 573.000000  0.010229
 574.000000  0.009570
 575.000000  0.010302
 576.000000  0.009375
 577.000000  0.010376
 578.000000  0.009497
 579.000000  0.010424
 580.000000  0.009692
 581.000000  0.008716
 582.000000  0.009717
 583.000000  0.010913
 584.000000  0.009741
 585.000000  0.011572
 586.000000  0.009741
 587.000000  0.011962
 588.000000  0.009766
 589.000000  0.009741
 590.000000  0.009839
 591.000000  0.012182
 592.000000  0.009985
 593.000000  0.009814
 594.000000  0.010181
 595.000000  0.012207
 596.000000  0.010254
 597.000000  0.012231
 598.000000  0.009961
 599.000000  0.012280
 600.000000  0.010400
 601.000000  0.012622
 602.000000  0.012231
 603.000000  0.016503
 604.000000  0.024902
 605.000000  0.080151
 606.000000  0.152930
 607.000000  0.201489
 608.000000  0.149048
 609.000000  0.089086
 610.000000  0.029712
 611.000000  0.016357
 612.000000  0.014770
 613.000000  0.013403
 614.000000  0.013598
 615.000000  0.012231
 616.000000  0.009839
 617.000000  0.009741
 618.000000  0.009790
 619.000000  0.012060
 620.000000  0.009766
 621.000000  0.011328
 622.000000  0.009692
 623.000000  0.010693
 624.000000  0.012109
 625.000000  0.010717
 626.000000  0.009521
 627.000000  0.010253
 628.000000  0.009668
 629.000000  0.010424
 630.000000  0.009595
 631.000000  0.010424
 632.000000  0.009644
 633.000000  0.010205
 634.000000  0.009326
 635.000000  0.010620
 636.000000  0.009473
 637.000000  0.007739
 638.000000  0.009106
 639.000000  0.009961
 640.000000  0.009497
 641.000000  0.010131
 642.000000  0.009546
 643.000000  0.007715
 644.000000  0.011938
 645.000000  0.010327
 646.000000  0.011816
 647.000000  0.009961
 648.000000  0.009155
 649.000000  0.007715
 650.000000  0.008936
 651.000000  0.007739
 652.000000  0.009326
 653.000000  0.007861
 654.000000  0.009644
 655.000000  0.010473
 656.000000  0.009521
 657.000000  0.010253
 658.000000  0.009131
 659.000000  0.007715
 660.000000  0.009399
 661.000000  0.009936
 662.000000  0.008936
 663.000000  0.010083
 664.000000  0.011181
 665.000000  0.010034
 666.000000  0.011425
 667.000000  0.009961
 668.000000  0.009009
 669.000000  0.007446
 670.000000  0.009082
 671.000000  0.007544
 672.000000  0.008862
 673.000000  0.009936
 674.000000  0.011450
 675.000000  0.009912
 676.000000  0.009302
 677.000000  0.009936
 678.000000  0.008765
 679.000000  0.009863
 680.000000  0.009106
 681.000000  0.007446
 682.000000  0.009106
 683.000000  0.009863
 684.000000  0.009277
 685.000000  0.009961
 686.000000  0.009009
 687.000000  0.007446
 688.000000  0.011352
 689.000000  0.007422
 690.000000  0.011694
 691.000000  0.009863
 692.000000  0.009228
 693.000000  0.009936
 694.000000  0.008936
 695.000000  0.009912
 696.000000  0.010839
 697.000000  0.009838
 698.000000  0.008936
 699.000000  0.009814
 700.000000  0.008838
 701.000000  0.007446
 702.000000  0.008545
 703.000000  0.007422
 704.000000  0.011474
 705.000000  0.009790
 706.000000  0.009082
 707.000000  0.007495
 708.000000  0.008960
 709.000000  0.009912
 710.000000  0.009058
 711.000000  0.009961
 712.000000  0.009131
 713.000000  0.010058
 714.000000  0.009082
 715.000000  0.010107
 716.000000  0.008887
 717.000000  0.009912
 718.000000  0.008911
 719.000000  0.009863
 720.000000  0.008813
 721.000000  0.009887
 722.000000  0.008813
 723.000000  0.009936
 724.000000  0.008862
 725.000000  0.009912
 726.000000  0.009058
 727.000000  0.009863
 728.000000  0.008618
 729.000000  0.007495
 730.000000  0.009009
 731.000000  0.009936
 732.000000  0.008740
 733.000000  0.009814
 734.000000  0.011523
 735.000000  0.009863
 736.000000  0.008716
 737.000000  0.009887
 738.000000  0.008716
 739.000000  0.009936
 740.000000  0.008765
 741.000000  0.009814
 742.000000  0.008716
 743.000000  0.007397
 744.000000  0.008789
 745.000000  0.009838
 746.000000  0.008520
 747.000000  0.007397
 748.000000  0.008569
 749.000000  0.009912
 750.000000  0.008789
 751.000000  0.009936
 752.000000  0.011596
 753.000000  0.010131
 754.000000  0.009082
 755.000000  0.009838
 756.000000  0.008716
 757.000000  0.009887
 758.000000  0.009033
 759.000000  0.007519
 760.000000  0.008936
 761.000000  0.009887
 762.000000  0.009058
 763.000000  0.009887
 764.000000  0.008594
 765.000000  0.009838
 766.000000  0.008423
 767.000000  0.007349
 768.000000  0.008472
 769.000000  0.009814
 770.000000  0.008691
 771.000000  0.009814
 772.000000  0.008643
 773.000000  0.009887
 774.000000  0.011059
 775.000000  0.009912
 776.000000  0.011010
 777.000000  0.009814
 778.000000  0.008691
 779.000000  0.007373
 780.000000  0.008667
 781.000000  0.007397
 782.000000  0.011132
 783.000000  0.009936
 784.000000  0.008423
 785.000000  0.009887
 786.000000  0.008667
 787.000000  0.009838
 788.000000  0.010864
 789.000000  0.009838
 790.000000  0.008716
 791.000000  0.009838
 792.000000  0.008643
 793.000000  0.009863
 794.000000  0.008276
 795.000000  0.009936
 796.000000  0.008936
 797.000000  0.009912
 798.000000  0.008276
 799.000000  0.009838
 800.000000  0.008716
 801.000000  0.009887
 802.000000  0.011059
 803.000000  0.009814
 804.000000  0.008301
 805.000000  0.009838
 806.000000  0.008227
 807.000000  0.009863
 808.000000  0.011059
 809.000000  0.007471
 810.000000  0.008813
 811.000000  0.007373
 812.000000  0.008227
 813.000000  0.007349
 814.000000  0.008423
 815.000000  0.009887
 816.000000  0.008545
 817.000000  0.009838
 818.000000  0.008618
 819.000000  0.009838
 820.000000  0.008472
 821.000000  0.009863
 822.000000  0.008398
 823.000000  0.009838
 824.000000  0.010961
 825.000000  0.009887
 826.000000  0.008594
 827.000000  0.009790
 828.000000  0.008765
 829.000000  0.009814
 830.000000  0.008227
 831.000000  0.009838
 832.000000  0.008130
 833.000000  0.009814
 834.000000  0.008301
 835.000000  0.009814
 836.000000  0.010839
 837.000000  0.009936
 838.000000  0.008374
 839.000000  0.009814
 840.000000  0.008789
 841.000000  0.009838
 842.000000  0.010815
 843.000000  0.009863
 844.000000  0.008374
 845.000000  0.007422
 846.000000  0.010620
 847.000000  0.009838
 848.000000  0.008032
 849.000000  0.009814
 850.000000  0.008520
 851.000000  0.009814
 852.000000  0.008472
 853.000000  0.007349
 854.000000  0.011059
 855.000000  0.009863
 856.000000  0.008032
 857.000000  0.007519
 858.000000  0.008667
 859.000000  0.007349
 860.000000  0.010571
 861.000000  0.009790
 862.000000  0.008276
 863.000000  0.007349
 864.000000  0.008130
 865.000000  0.009887
 866.000000  0.010839
 867.000000  0.007422
 868.000000  0.008569
 869.000000  0.009814
 870.000000  0.008911
 871.000000  0.009814
 872.000000  0.008350
 873.000000  0.009838
 874.000000  0.008252
 875.000000  0.009790
 876.000000  0.008569
 877.000000  0.007373
 878.000000  0.008765
 879.000000  0.007373
 880.000000  0.008252
 881.000000  0.010009
 882.000000  0.008130
 883.000000  0.009887
 884.000000  0.008960
 885.000000  0.009790
 886.000000  0.008545
 887.000000  0.007446
 888.000000  0.008594
 889.000000  0.009790
 890.000000  0.008154
 891.000000  0.009814
 892.000000  0.008350
 893.000000  0.009814
 894.000000  0.008350
 895.000000  0.009838
 896.000000  0.008398
 897.000000  0.009863
 898.000000  0.008325
 899.000000  0.009838
 900.000000  0.008447
 901.000000  0.009838
 902.000000  0.010498
 903.000000  0.009790
 904.000000  0.008154
 905.000000  0.009790
 906.000000  0.010669
 907.000000  0.009790
 908.000000  0.010888
 909.000000  0.009790
 910.000000  0.008398
 911.000000  0.009863
 912.000000  0.008618
 913.000000  0.009814
 914.000000  0.007959
 915.000000  0.009814
 916.000000  0.008276
 917.000000  0.009863
 918.000000  0.011010
 919.000000  0.009814
 920.000000  0.011425
 921.000000  0.009790
 922.000000  0.008496
 923.000000  0.009838
 924.000000  0.008423
 925.000000  0.009814
 926.000000  0.008032
 927.000000  0.009814
 928.000000  0.008569
 929.000000  0.009961
 930.000000  0.009009
 931.000000  0.009814
 932.000000  0.008374
 933.000000  0.009838
 934.000000  0.008398
 935.000000  0.009814
 936.000000  0.008813
 937.000000  0.009838
 938.000000  0.008594
 939.000000  0.009814
 940.000000  0.008423
 941.000000  0.009863
 942.000000  0.008350
 943.000000  0.009790
 944.000000  0.008838
 945.000000  0.007471
 946.000000  0.011254
 947.000000  0.009912
 948.000000  0.008545
 949.000000  0.009790
 950.000000  0.010693
 951.000000  0.009863
 952.000000  0.008374
 953.000000  0.009887
 954.000000  0.008643
 955.000000  0.009814
 956.000000  0.008594
 957.000000  0.009741
 958.000000  0.008325
 959.000000  0.007446
 960.000000  0.008179
 961.000000  0.007397
 962.000000  0.010742
 963.000000  0.007373
 964.000000  0.008325
 965.000000  0.009838
 966.000000  0.008350
 967.000000  0.009790
 968.000000  0.008374
 969.000000  0.009814
 970.000000  0.010766
 971.000000  0.009765
 972.000000  0.008813
 973.000000  0.009790
 974.000000  0.008447
 975.000000  0.009838
 976.000000  0.008301
 977.000000  0.009863
 978.000000  0.008252
 979.000000  0.009814
 980.000000  0.008203
 981.000000  0.009863
 982.000000  0.008203
 983.000000  0.007349
 984.000000  0.008130
 985.000000  0.009814
 986.000000  0.007983
 987.000000  0.009790
 988.000000  0.010669
 989.000000  0.009838
 990.000000  0.008350
 991.000000  0.009790
 992.000000  0.008276
 993.000000  0.009863
 994.000000  0.008520
 995.000000  0.009814
 996.000000  0.008423
 997.000000  0.009863
 998.000000  0.010522
 999.000000  0.009790
 1000.000000  0.010669
 1001.000000  0.009838
 1002.000000  0.008301
 1003.000000  0.009838
 1004.000000  0.008154
 1005.000000  0.009790
 1006.000000  0.007764
 1007.000000  0.009814
 1008.000000  0.008398
 1009.000000  0.009838
 1010.000000  0.007861
 1011.000000  0.009790
 1012.000000  0.007983
 1013.000000  0.009790
 1014.000000  0.007837
 1015.000000  0.009765
 1016.000000  0.007837
 1017.000000  0.009838
 1018.000000  0.008032
 1019.000000  0.009790
 1020.000000  0.007764
 1021.000000  0.009790
 1022.000000  0.007910
 1023.000000  0.009814
