 0.000000  0.008984
 1.000000  0.007422
 2.000000  0.008447
 3.000000  0.007422
 4.000000  0.009131
 5.000000  0.007495
 6.000000  0.009180
 7.000000  0.007446
 8.000000  0.009082
 9.000000  0.007593
 10.000000  0.008838
 11.000000  0.007422
 12.000000  0.009375
 13.000000  0.007519
 14.000000  0.009180
 15.000000  0.007397
 16.000000  0.008911
 17.000000  0.007349
 18.000000  0.009204
 19.000000  0.007422
 20.000000  0.008691
 21.000000  0.007544
 22.000000  0.008667
 23.000000  0.007544
 24.000000  0.008960
 25.000000  0.007373
 26.000000  0.009424
 27.000000  0.009765
 28.000000  0.008960
 29.000000  0.007519
 30.000000  0.008887
 31.000000  0.007422
 32.000000  0.009204
 33.000000  0.007446
 34.000000  0.009033
 35.000000  0.007495
 36.000000  0.009033
 37.000000  0.007422
 38.000000  0.009228
 39.000000  0.009936
 40.000000  0.009326
 41.000000  0.007446
 42.000000  0.009058
 43.000000  0.007471
 44.000000  0.009204
 45.000000  0.007519
 46.000000  0.009228
 47.000000  0.007642
 48.000000  0.009106
 49.000000  0.007568
 50.000000  0.008765
 51.000000  0.007471
 52.000000  0.008618
 53.000000  0.007471
 54.000000  0.009009
 55.000000  0.007446
 56.000000  0.009180
 57.000000  0.007471
 58.000000  0.009253
 59.000000  0.009936
 60.000000  0.009033
 61.000000  0.009912
 62.000000  0.008936
 63.000000  0.007397
 64.000000  0.008960
 65.000000  0.007471
 66.000000  0.009058
 67.000000  0.009961
 68.000000  0.008862
 69.000000  0.007471
 70.000000  0.008789
 71.000000  0.007544
 72.000000  0.008984
 73.000000  0.007446
 74.000000  0.008740
 75.000000  0.007422
 76.000000  0.009155
 77.000000  0.007495
 78.000000  0.008765
 79.000000  0.007446
 80.000000  0.008960
 81.000000  0.007471
 82.000000  0.008789
 83.000000  0.007519
 84.000000  0.008594
 85.000000  0.007593
 86.000000  0.008789
 87.000000  0.007593
 88.000000  0.008813
 89.000000  0.007544
 90.000000  0.008813
 91.000000  0.007544
 92.000000  0.008740
 93.000000  0.007519
 94.000000  0.008716
 95.000000  0.007495
 96.000000  0.008887
 97.000000  0.007471
 98.000000  0.009228
 99.000000  0.007544
 100.000000  0.008862
 101.000000  0.010058
 102.000000  0.008765
 103.000000  0.009936
 104.000000  0.008789
 105.000000  0.007519
 106.000000  0.009033
 107.000000  0.007568
 108.000000  0.009009
 109.000000  0.009863
 110.000000  0.009082
 111.000000  0.007519
 112.000000  0.008618
 113.000000  0.007617
 114.000000  0.008984
 115.000000  0.007519
 116.000000  0.008911
 117.000000  0.007446
 118.000000  0.009058
 119.000000  0.007471
 120.000000  0.008936
 121.000000  0.007495
 122.000000  0.008960
 123.000000  0.007568
 124.000000  0.009204
 125.000000  0.007422
 126.000000  0.009058
 127.000000  0.009863
 128.000000  0.009082
 129.000000  0.007471
 130.000000  0.008911
 131.000000  0.009912
 132.000000  0.008765
 133.000000  0.007495
 134.000000  0.009033
 135.000000  0.009961
 136.000000  0.008984
 137.000000  0.007422
 138.000000  0.009058
 139.000000  0.007422
 140.000000  0.009058
 141.000000  0.007422
 142.000000  0.008936
 143.000000  0.007495
 144.000000  0.008667
 145.000000  0.009887
 146.000000  0.008716
 147.000000  0.007397
 148.000000  0.009106
 149.000000  0.009838
 150.000000  0.009009
 151.000000  0.007324
 152.000000  0.009180
 153.000000  0.007446
 154.000000  0.008911
 155.000000  0.007349
 156.000000  0.008789
 157.000000  0.009814
 158.000000  0.009277
 159.000000  0.007373
 160.000000  0.008887
 161.000000  0.007422
 162.000000  0.008838
 163.000000  0.007324
 164.000000  0.008667
 165.000000  0.007397
 166.000000  0.008936
 167.000000  0.007397
 168.000000  0.008936
 169.000000  0.009765
 170.000000  0.008936
 171.000000  0.007397
 172.000000  0.008936
 173.000000  0.007349
 174.000000  0.008594
 175.000000  0.007349
 176.000000  0.008887
 177.000000  0.007373
 178.000000  0.009058
 179.000000  0.009765
 180.000000  0.008740
 181.000000  0.007397
 182.000000  0.009033
 183.000000  0.007422
 184.000000  0.009033
 185.000000  0.007373
 186.000000  0.009277
 187.000000  0.007349
 188.000000  0.008545
 189.000000  0.007373
 190.000000  0.008862
 191.000000  0.007349
 192.000000  0.008936
 193.000000  0.007349
 194.000000  0.008740
 195.000000  0.007373
 196.000000  0.011352
 197.000000  0.007373
 198.000000  0.009082
 199.000000  0.009912
 200.000000  0.009058
 201.000000  0.009936
 202.000000  0.009033
 203.000000  0.007397
 204.000000  0.009106
 205.000000  0.007446
 206.000000  0.008667
 207.000000  0.007373
 208.000000  0.008936
 209.000000  0.009838
 210.000000  0.008911
 211.000000  0.007422
 212.000000  0.008691
 213.000000  0.009887
 214.000000  0.008740
 215.000000  0.007446
 216.000000  0.008887
 217.000000  0.007471
 218.000000  0.008716
 219.000000  0.009814
 220.000000  0.008960
 221.000000  0.007397
 222.000000  0.008643
 223.000000  0.007422
 224.000000  0.009009
 225.000000  0.007471
 226.000000  0.008667
 227.000000  0.009912
 228.000000  0.008936
 229.000000  0.009790
 230.000000  0.009058
 231.000000  0.007422
 232.000000  0.009082
 233.000000  0.009936
 234.000000  0.008765
 235.000000  0.007495
 236.000000  0.008716
 237.000000  0.007422
 238.000000  0.008984
 239.000000  0.009887
 240.000000  0.008887
 241.000000  0.007471
 242.000000  0.008960
 243.000000  0.009838
 244.000000  0.008520
 245.000000  0.007568
 246.000000  0.008862
 247.000000  0.007519
 248.000000  0.008984
 249.000000  0.007544
 250.000000  0.008813
 251.000000  0.007446
 252.000000  0.008936
 253.000000  0.007471
 254.000000  0.008423
 255.000000  0.009936
 256.000000  0.009106
 257.000000  0.007471
 258.000000  0.008911
 259.000000  0.007422
 260.000000  0.008911
 261.000000  0.007422
 262.000000  0.008716
 263.000000  0.009814
 264.000000  0.008740
 265.000000  0.009912
 266.000000  0.008789
 267.000000  0.009912
 268.000000  0.008691
 269.000000  0.009838
 270.000000  0.008862
 271.000000  0.007397
 272.000000  0.008569
 273.000000  0.007446
 274.000000  0.008984
 275.000000  0.009887
 276.000000  0.008594
 277.000000  0.010009
 278.000000  0.009058
 279.000000  0.007519
 280.000000  0.008887
 281.000000  0.009912
 282.000000  0.008936
 283.000000  0.009814
 284.000000  0.008740
 285.000000  0.007471
 286.000000  0.008594
 287.000000  0.007397
 288.000000  0.008545
 289.000000  0.009838
 290.000000  0.008691
 291.000000  0.007446
 292.000000  0.008960
 293.000000  0.007397
 294.000000  0.009131
 295.000000  0.009863
 296.000000  0.009082
 297.000000  0.009961
 298.000000  0.008960
 299.000000  0.009936
 300.000000  0.008911
 301.000000  0.007471
 302.000000  0.009009
 303.000000  0.009936
 304.000000  0.009106
 305.000000  0.007397
 306.000000  0.009058
 307.000000  0.009887
 308.000000  0.009253
 309.000000  0.009863
 310.000000  0.009058
 311.000000  0.007446
 312.000000  0.009009
 313.000000  0.007446
 314.000000  0.009277
 315.000000  0.009863
 316.000000  0.008862
 317.000000  0.007349
 318.000000  0.008960
 319.000000  0.007373
 320.000000  0.008862
 321.000000  0.009912
 322.000000  0.009058
 323.000000  0.009814
 324.000000  0.009253
 325.000000  0.007422
 326.000000  0.008545
 327.000000  0.007373
 328.000000  0.008936
 329.000000  0.009838
 330.000000  0.009155
 331.000000  0.009838
 332.000000  0.009375
 333.000000  0.009936
 334.000000  0.008887
 335.000000  0.009961
 336.000000  0.009033
 337.000000  0.007349
 338.000000  0.009326
 339.000000  0.007422
 340.000000  0.009058
 341.000000  0.010083
 342.000000  0.011303
 343.000000  0.009887
 344.000000  0.009082
 345.000000  0.009838
 346.000000  0.009033
 347.000000  0.007471
 348.000000  0.008984
 349.000000  0.009887
 350.000000  0.009277
 351.000000  0.009936
 352.000000  0.008911
 353.000000  0.009912
 354.000000  0.008911
 355.000000  0.007495
 356.000000  0.008862
 357.000000  0.007568
 358.000000  0.008838
 359.000000  0.009838
 360.000000  0.009155
 361.000000  0.007495
 362.000000  0.009131
 363.000000  0.010009
 364.000000  0.009058
 365.000000  0.007568
 366.000000  0.009131
 367.000000  0.007471
 368.000000  0.009082
 369.000000  0.007593
 370.000000  0.008838
 371.000000  0.010009
 372.000000  0.009302
 373.000000  0.009936
 374.000000  0.009009
 375.000000  0.009985
 376.000000  0.008960
 377.000000  0.007422
 378.000000  0.009204
 379.000000  0.007617
 380.000000  0.009180
 381.000000  0.010180
 382.000000  0.009180
 383.000000  0.007544
 384.000000  0.009351
 385.000000  0.007642
 386.000000  0.009131
 387.000000  0.010058
 388.000000  0.009009
 389.000000  0.009936
 390.000000  0.009277
 391.000000  0.010034
 392.000000  0.009058
 393.000000  0.007666
 394.000000  0.009033
 395.000000  0.007715
 396.000000  0.009033
 397.000000  0.007642
 398.000000  0.009106
 399.000000  0.007519
 400.000000  0.009204
 401.000000  0.009985
 402.000000  0.008960
 403.000000  0.007837
 404.000000  0.008960
 405.000000  0.007861
 406.000000  0.009326
 407.000000  0.007739
 408.000000  0.008838
 409.000000  0.010058
 410.000000  0.009180
 411.000000  0.010180
 412.000000  0.009253
 413.000000  0.007739
 414.000000  0.009326
 415.000000  0.010278
 416.000000  0.009180
 417.000000  0.007666
 418.000000  0.009375
 419.000000  0.007812
 420.000000  0.009082
 421.000000  0.007739
 422.000000  0.008862
 423.000000  0.007544
 424.000000  0.009204
 425.000000  0.010083
 426.000000  0.009131
 427.000000  0.010009
 428.000000  0.009399
 429.000000  0.010107
 430.000000  0.009351
 431.000000  0.009961
 432.000000  0.009204
 433.000000  0.007593
 434.000000  0.009326
 435.000000  0.009985
 436.000000  0.008911
 437.000000  0.010034
 438.000000  0.008911
 439.000000  0.010009
 440.000000  0.009399
 441.000000  0.010083
 442.000000  0.009351
 443.000000  0.010058
 444.000000  0.009424
 445.000000  0.010058
 446.000000  0.009424
 447.000000  0.007788
 448.000000  0.009033
 449.000000  0.010107
 450.000000  0.009033
 451.000000  0.010083
 452.000000  0.009082
 453.000000  0.010058
 454.000000  0.009448
 455.000000  0.010107
 456.000000  0.009351
 457.000000  0.009961
 458.000000  0.009521
 459.000000  0.010278
 460.000000  0.009521
 461.000000  0.010498
 462.000000  0.009521
 463.000000  0.009936
 464.000000  0.009619
 465.000000  0.010327
 466.000000  0.009546
 467.000000  0.007886
 468.000000  0.009644
 469.000000  0.007690
 470.000000  0.009497
 471.000000  0.010009
 472.000000  0.009497
 473.000000  0.007861
 474.000000  0.009644
 475.000000  0.010034
 476.000000  0.009448
 477.000000  0.007593
 478.000000  0.009546
 479.000000  0.010107
 480.000000  0.009692
 481.000000  0.010253
 482.000000  0.009473
 483.000000  0.007910
 484.000000  0.009595
 485.000000  0.010473
 486.000000  0.009668
 487.000000  0.007519
 488.000000  0.009668
 489.000000  0.007690
 490.000000  0.009717
 491.000000  0.010131
 492.000000  0.009424
 493.000000  0.010083
 494.000000  0.009546
 495.000000  0.010278
 496.000000  0.009692
 497.000000  0.007764
 498.000000  0.009424
 499.000000  0.009961
 500.000000  0.009546
 501.000000  0.010376
 502.000000  0.009448
 503.000000  0.010327
 504.000000  0.009644
 505.000000  0.010424
 506.000000  0.009619
 507.000000  0.007812
 508.000000  0.009692
 509.000000  0.007886
 510.000000  0.009692
 511.000000  0.010180
 512.000000  0.009424
 513.000000  0.007910
 514.000000  0.009424
 515.000000  0.007739
 516.000000  0.009570
 517.000000  0.007886
 518.000000  0.009424
 519.000000  0.007715
 520.000000  0.009521
 521.000000  0.007837
 522.000000  0.009448
 523.000000  0.010034
 524.000000  0.009521
 525.000000  0.010229
 526.000000  0.009644
 527.000000  0.010131
 528.000000  0.009619
 529.000000  0.010400
 530.000000  0.009595
 531.000000  0.010815
 532.000000  0.009570
 533.000000  0.008227
 534.000000  0.009619
 535.000000  0.008130
 536.000000  0.009375
 537.000000  0.010400
 538.000000  0.009521
 539.000000  0.010327
 540.000000  0.009668
 541.000000  0.008032
 542.000000  0.009668
 543.000000  0.008203
 544.000000  0.009546
 545.000000  0.008325
 546.000000  0.009717
 547.000000  0.010669
 548.000000  0.009644
 549.000000  0.010742
 550.000000  0.009473
 551.000000  0.011084
 552.000000  0.009570
 553.000000  0.008081
 554.000000  0.009619
 555.000000  0.008130
 556.000000  0.009619
 557.000000  0.010791
 558.000000  0.009644
 559.000000  0.010864
 560.000000  0.009741
 561.000000  0.008423
 562.000000  0.009717
 563.000000  0.011181
 564.000000  0.009619
 565.000000  0.010742
 566.000000  0.009595
 567.000000  0.010937
 568.000000  0.009668
 569.000000  0.011108
 570.000000  0.009668
 571.000000  0.010791
 572.000000  0.009448
 573.000000  0.011303
 574.000000  0.009692
 575.000000  0.010791
 576.000000  0.009570
 577.000000  0.010913
 578.000000  0.009570
 579.000000  0.010913
 580.000000  0.009692
 581.000000  0.008960
 582.000000  0.009692
 583.000000  0.010986
 584.000000  0.009741
 585.000000  0.011865
 586.000000  0.009692
 587.000000  0.011938
 588.000000  0.009717
 589.000000  0.009131
 590.000000  0.009766
 591.000000  0.011401
 592.000000  0.009790
 593.000000  0.009253
 594.000000  0.009741
 595.000000  0.012011
 596.000000  0.009766
 597.000000  0.011938
 598.000000  0.009790
 599.000000  0.011987
 600.000000  0.009741
 601.000000  0.012036
 602.000000  0.009790
 603.000000  0.012182
 604.000000  0.009888
 605.000000  0.012231
 606.000000  0.010034
 607.000000  0.012207
 608.000000  0.011401
 609.000000  0.012744
 610.000000  0.012061
 611.000000  0.014550
 612.000000  0.015087
 613.000000  0.014819
 614.000000  0.017065
 615.000000  0.017089
 616.000000  0.017114
 617.000000  0.018921
 618.000000  0.021338
 619.000000  0.024438
 620.000000  0.026123
 621.000000  0.030444
 622.000000  0.031006
 623.000000  0.035546
 624.000000  0.038745
 625.000000  0.041333
 626.000000  0.047070
 627.000000  0.059619
 628.000000  0.081958
 629.000000  0.121240
 630.000000  0.150024
 631.000000  0.171533
 632.000000  0.128589
 633.000000  0.097021
 634.000000  0.057983
 635.000000  0.043334
 636.000000  0.030908
 637.000000  0.023413
 638.000000  0.019311
 639.000000  0.016870
 640.000000  0.013477
 641.000000  0.014599
 642.000000  0.012207
 643.000000  0.010010
 644.000000  0.012793
 645.000000  0.012207
 646.000000  0.012255
 647.000000  0.012207
 648.000000  0.009766
 649.000000  0.009766
 650.000000  0.009790
 651.000000  0.009741
 652.000000  0.009766
 653.000000  0.009644
 654.000000  0.009766
 655.000000  0.012109
 656.000000  0.009766
 657.000000  0.012158
 658.000000  0.009766
 659.000000  0.009644
 660.000000  0.009766
 661.000000  0.011962
 662.000000  0.009766
 663.000000  0.011987
 664.000000  0.012231
 665.000000  0.011938
 666.000000  0.012182
 667.000000  0.011767
 668.000000  0.009717
 669.000000  0.009399
 670.000000  0.009741
 671.000000  0.009521
 672.000000  0.009717
 673.000000  0.011889
 674.000000  0.012182
 675.000000  0.011694
 676.000000  0.009741
 677.000000  0.011840
 678.000000  0.009717
 679.000000  0.011987
 680.000000  0.009766
 681.000000  0.009106
 682.000000  0.009766
 683.000000  0.011743
 684.000000  0.009741
 685.000000  0.011816
 686.000000  0.009717
 687.000000  0.009106
 688.000000  0.012133
 689.000000  0.009058
 690.000000  0.012158
 691.000000  0.011279
 692.000000  0.009766
 693.000000  0.011450
 694.000000  0.009741
 695.000000  0.011230
 696.000000  0.012133
 697.000000  0.011084
 698.000000  0.009668
 699.000000  0.011303
 700.000000  0.009717
 701.000000  0.008569
 702.000000  0.009717
 703.000000  0.008716
 704.000000  0.012158
 705.000000  0.011010
 706.000000  0.009692
 707.000000  0.009204
 708.000000  0.009741
 709.000000  0.011108
 710.000000  0.009741
 711.000000  0.011401
 712.000000  0.009692
 713.000000  0.011718
 714.000000  0.009741
 715.000000  0.011523
 716.000000  0.009790
 717.000000  0.011377
 718.000000  0.009741
 719.000000  0.011010
 720.000000  0.009692
 721.000000  0.011084
 722.000000  0.009717
 723.000000  0.011572
 724.000000  0.009668
 725.000000  0.011645
 726.000000  0.009741
 727.000000  0.011254
 728.000000  0.009619
 729.000000  0.009082
 730.000000  0.009717
 731.000000  0.011230
 732.000000  0.009619
 733.000000  0.011157
 734.000000  0.012133
 735.000000  0.011181
 736.000000  0.009619
 737.000000  0.011084
 738.000000  0.009570
 739.000000  0.010986
 740.000000  0.009668
 741.000000  0.011108
 742.000000  0.009717
 743.000000  0.008789
 744.000000  0.009668
 745.000000  0.011328
 746.000000  0.009644
 747.000000  0.008398
 748.000000  0.009692
 749.000000  0.011108
 750.000000  0.009717
 751.000000  0.011474
 752.000000  0.012158
 753.000000  0.011621
 754.000000  0.009741
 755.000000  0.010986
 756.000000  0.009741
 757.000000  0.010986
 758.000000  0.009766
 759.000000  0.009033
 760.000000  0.009717
 761.000000  0.011523
 762.000000  0.009766
 763.000000  0.011328
 764.000000  0.009717
 765.000000  0.010693
 766.000000  0.009619
 767.000000  0.008496
 768.000000  0.009644
 769.000000  0.010717
 770.000000  0.009717
 771.000000  0.010522
 772.000000  0.009692
 773.000000  0.010937
 774.000000  0.012182
 775.000000  0.011084
 776.000000  0.012207
 777.000000  0.011206
 778.000000  0.009766
 779.000000  0.008740
 780.000000  0.009741
 781.000000  0.008740
 782.000000  0.012207
 783.000000  0.010766
 784.000000  0.009644
 785.000000  0.010644
 786.000000  0.009766
 787.000000  0.010913
 788.000000  0.012182
 789.000000  0.010693
 790.000000  0.009741
 791.000000  0.010986
 792.000000  0.009717
 793.000000  0.010913
 794.000000  0.009766
 795.000000  0.011523
 796.000000  0.009766
 797.000000  0.011450
 798.000000  0.009717
 799.000000  0.011694
 800.000000  0.009717
 801.000000  0.010937
 802.000000  0.012207
 803.000000  0.011035
 804.000000  0.009668
 805.000000  0.010791
 806.000000  0.009717
 807.000000  0.010595
 808.000000  0.012158
 809.000000  0.009180
 810.000000  0.009766
 811.000000  0.009277
 812.000000  0.009717
 813.000000  0.007959
 814.000000  0.009595
 815.000000  0.010888
 816.000000  0.009766
 817.000000  0.011132
 818.000000  0.009741
 819.000000  0.010717
 820.000000  0.009668
 821.000000  0.010937
 822.000000  0.009644
 823.000000  0.011694
 824.000000  0.012182
 825.000000  0.011084
 826.000000  0.009668
 827.000000  0.010961
 828.000000  0.009668
 829.000000  0.011059
 830.000000  0.009619
 831.000000  0.010766
 832.000000  0.009692
 833.000000  0.010742
 834.000000  0.009570
 835.000000  0.010937
 836.000000  0.012085
 837.000000  0.010839
 838.000000  0.009619
 839.000000  0.011108
 840.000000  0.009717
 841.000000  0.011279
 842.000000  0.012085
 843.000000  0.011035
 844.000000  0.009692
 845.000000  0.008276
 846.000000  0.012036
 847.000000  0.010864
 848.000000  0.009497
 849.000000  0.010888
 850.000000  0.009717
 851.000000  0.010815
 852.000000  0.009717
 853.000000  0.008447
 854.000000  0.012158
 855.000000  0.010961
 856.000000  0.009595
 857.000000  0.008472
 858.000000  0.009692
 859.000000  0.008301
 860.000000  0.012133
 861.000000  0.011108
 862.000000  0.009473
 863.000000  0.008203
 864.000000  0.009619
 865.000000  0.010766
 866.000000  0.012036
 867.000000  0.008350
 868.000000  0.009741
 869.000000  0.010424
 870.000000  0.009692
 871.000000  0.011035
 872.000000  0.009595
 873.000000  0.011230
 874.000000  0.009570
 875.000000  0.010571
 876.000000  0.009595
 877.000000  0.008398
 878.000000  0.009741
 879.000000  0.008154
 880.000000  0.009570
 881.000000  0.011059
 882.000000  0.009619
 883.000000  0.010815
 884.000000  0.009766
 885.000000  0.010937
 886.000000  0.009619
 887.000000  0.008350
 888.000000  0.009619
 889.000000  0.010669
 890.000000  0.009619
 891.000000  0.010815
 892.000000  0.009619
 893.000000  0.010961
 894.000000  0.009546
 895.000000  0.011108
 896.000000  0.009546
 897.000000  0.010961
 898.000000  0.009546
 899.000000  0.010937
 900.000000  0.009717
 901.000000  0.010913
 902.000000  0.012109
 903.000000  0.010522
 904.000000  0.009619
 905.000000  0.010986
 906.000000  0.011865
 907.000000  0.010644
 908.000000  0.012133
 909.000000  0.010571
 910.000000  0.009644
 911.000000  0.010986
 912.000000  0.009619
 913.000000  0.010644
 914.000000  0.009668
 915.000000  0.011474
 916.000000  0.009619
 917.000000  0.010815
 918.000000  0.012182
 919.000000  0.010669
 920.000000  0.012207
 921.000000  0.010717
 922.000000  0.009619
 923.000000  0.011035
 924.000000  0.009668
 925.000000  0.010522
 926.000000  0.009717
 927.000000  0.011010
 928.000000  0.009668
 929.000000  0.011010
 930.000000  0.009717
 931.000000  0.011547
 932.000000  0.009717
 933.000000  0.011328
 934.000000  0.009692
 935.000000  0.011181
 936.000000  0.009717
 937.000000  0.010888
 938.000000  0.009717
 939.000000  0.010229
 940.000000  0.009741
 941.000000  0.010620
 942.000000  0.009717
 943.000000  0.010961
 944.000000  0.009741
 945.000000  0.008691
 946.000000  0.012207
 947.000000  0.011059
 948.000000  0.009692
 949.000000  0.011084
 950.000000  0.012158
 951.000000  0.010717
 952.000000  0.009644
 953.000000  0.010449
 954.000000  0.009741
 955.000000  0.010498
 956.000000  0.009741
 957.000000  0.010449
 958.000000  0.009619
 959.000000  0.008008
 960.000000  0.009644
 961.000000  0.008252
 962.000000  0.012158
 963.000000  0.008350
 964.000000  0.009619
 965.000000  0.011010
 966.000000  0.009668
 967.000000  0.010815
 968.000000  0.009766
 969.000000  0.011328
 970.000000  0.012182
 971.000000  0.011059
 972.000000  0.009766
 973.000000  0.011108
 974.000000  0.009644
 975.000000  0.010669
 976.000000  0.009521
 977.000000  0.010937
 978.000000  0.009546
 979.000000  0.010424
 980.000000  0.009595
 981.000000  0.010864
 982.000000  0.009595
 983.000000  0.008374
 984.000000  0.009619
 985.000000  0.010620
 986.000000  0.009399
 987.000000  0.010791
 988.000000  0.011987
 989.000000  0.010400
 990.000000  0.009717
 991.000000  0.010522
 992.000000  0.009546
 993.000000  0.010742
 994.000000  0.009668
 995.000000  0.011401
 996.000000  0.009668
 997.000000  0.011157
 998.000000  0.012085
 999.000000  0.010693
 1000.000000  0.012036
 1001.000000  0.010546
 1002.000000  0.009497
 1003.000000  0.010498
 1004.000000  0.009497
 1005.000000  0.010766
 1006.000000  0.009570
 1007.000000  0.010302
 1008.000000  0.009595
 1009.000000  0.010400
 1010.000000  0.009253
 1011.000000  0.010327
 1012.000000  0.009302
 1013.000000  0.010253
 1014.000000  0.009326
 1015.000000  0.010376
 1016.000000  0.009473
 1017.000000  0.010620
 1018.000000  0.009521
 1019.000000  0.010546
 1020.000000  0.009253
 1021.000000  0.010327
 1022.000000  0.009448
 1023.000000  0.010546
