 0.000000  0.007935
 1.000000  0.007397
 2.000000  0.007886
 3.000000  0.007373
 4.000000  0.008472
 5.000000  0.007324
 6.000000  0.008398
 7.000000  0.007349
 8.000000  0.008154
 9.000000  0.007373
 10.000000  0.008130
 11.000000  0.007373
 12.000000  0.008325
 13.000000  0.007324
 14.000000  0.008472
 15.000000  0.007324
 16.000000  0.008301
 17.000000  0.007324
 18.000000  0.008227
 19.000000  0.007471
 20.000000  0.007861
 21.000000  0.007324
 22.000000  0.008057
 23.000000  0.007349
 24.000000  0.008472
 25.000000  0.007324
 26.000000  0.008789
 27.000000  0.009790
 28.000000  0.008325
 29.000000  0.007349
 30.000000  0.008154
 31.000000  0.007324
 32.000000  0.008472
 33.000000  0.007324
 34.000000  0.008350
 35.000000  0.007324
 36.000000  0.008447
 37.000000  0.007324
 38.000000  0.008252
 39.000000  0.009790
 40.000000  0.008447
 41.000000  0.007349
 42.000000  0.008325
 43.000000  0.007324
 44.000000  0.008520
 45.000000  0.007324
 46.000000  0.008545
 47.000000  0.007324
 48.000000  0.008227
 49.000000  0.007397
 50.000000  0.008032
 51.000000  0.007349
 52.000000  0.008130
 53.000000  0.007324
 54.000000  0.008130
 55.000000  0.007349
 56.000000  0.008179
 57.000000  0.007349
 58.000000  0.008716
 59.000000  0.009814
 60.000000  0.008227
 61.000000  0.009790
 62.000000  0.008032
 63.000000  0.007397
 64.000000  0.008301
 65.000000  0.007373
 66.000000  0.008325
 67.000000  0.009790
 68.000000  0.008081
 69.000000  0.007300
 70.000000  0.007983
 71.000000  0.007397
 72.000000  0.008008
 73.000000  0.007349
 74.000000  0.007983
 75.000000  0.007373
 76.000000  0.008398
 77.000000  0.007446
 78.000000  0.008081
 79.000000  0.007373
 80.000000  0.008301
 81.000000  0.007324
 82.000000  0.008032
 83.000000  0.007397
 84.000000  0.008154
 85.000000  0.007397
 86.000000  0.008227
 87.000000  0.007422
 88.000000  0.008350
 89.000000  0.007373
 90.000000  0.008154
 91.000000  0.007373
 92.000000  0.008081
 93.000000  0.007397
 94.000000  0.008105
 95.000000  0.007373
 96.000000  0.008252
 97.000000  0.007373
 98.000000  0.008398
 99.000000  0.007422
 100.000000  0.008179
 101.000000  0.009790
 102.000000  0.008081
 103.000000  0.009814
 104.000000  0.008227
 105.000000  0.007397
 106.000000  0.008496
 107.000000  0.007349
 108.000000  0.008398
 109.000000  0.009814
 110.000000  0.008325
 111.000000  0.007397
 112.000000  0.008179
 113.000000  0.007446
 114.000000  0.008301
 115.000000  0.007422
 116.000000  0.008276
 117.000000  0.007324
 118.000000  0.008301
 119.000000  0.007349
 120.000000  0.008398
 121.000000  0.007397
 122.000000  0.008203
 123.000000  0.007349
 124.000000  0.008301
 125.000000  0.007324
 126.000000  0.008325
 127.000000  0.009790
 128.000000  0.008227
 129.000000  0.007349
 130.000000  0.007959
 131.000000  0.009790
 132.000000  0.007886
 133.000000  0.007349
 134.000000  0.008203
 135.000000  0.009838
 136.000000  0.008325
 137.000000  0.007300
 138.000000  0.008447
 139.000000  0.007349
 140.000000  0.008398
 141.000000  0.007397
 142.000000  0.008203
 143.000000  0.007397
 144.000000  0.008154
 145.000000  0.009814
 146.000000  0.007837
 147.000000  0.007324
 148.000000  0.008081
 149.000000  0.009790
 150.000000  0.007983
 151.000000  0.007349
 152.000000  0.008130
 153.000000  0.007349
 154.000000  0.008057
 155.000000  0.007324
 156.000000  0.007690
 157.000000  0.009790
 158.000000  0.008081
 159.000000  0.007349
 160.000000  0.008252
 161.000000  0.007349
 162.000000  0.007788
 163.000000  0.007324
 164.000000  0.007715
 165.000000  0.007324
 166.000000  0.007837
 167.000000  0.007324
 168.000000  0.007861
 169.000000  0.009765
 170.000000  0.007812
 171.000000  0.007324
 172.000000  0.007593
 173.000000  0.007349
 174.000000  0.007812
 175.000000  0.007324
 176.000000  0.007788
 177.000000  0.007324
 178.000000  0.007788
 179.000000  0.009765
 180.000000  0.007617
 181.000000  0.007324
 182.000000  0.007739
 183.000000  0.007324
 184.000000  0.007910
 185.000000  0.007349
 186.000000  0.008032
 187.000000  0.007324
 188.000000  0.007690
 189.000000  0.007324
 190.000000  0.007886
 191.000000  0.007349
 192.000000  0.007715
 193.000000  0.007349
 194.000000  0.007959
 195.000000  0.007324
 196.000000  0.010327
 197.000000  0.007324
 198.000000  0.007861
 199.000000  0.009765
 200.000000  0.007812
 201.000000  0.009765
 202.000000  0.007495
 203.000000  0.007373
 204.000000  0.007910
 205.000000  0.007324
 206.000000  0.007886
 207.000000  0.007324
 208.000000  0.007690
 209.000000  0.009741
 210.000000  0.007959
 211.000000  0.007373
 212.000000  0.007568
 213.000000  0.009814
 214.000000  0.007715
 215.000000  0.007275
 216.000000  0.007764
 217.000000  0.007324
 218.000000  0.007642
 219.000000  0.009765
 220.000000  0.007910
 221.000000  0.007300
 222.000000  0.007642
 223.000000  0.007349
 224.000000  0.007812
 225.000000  0.007324
 226.000000  0.007690
 227.000000  0.009741
 228.000000  0.007788
 229.000000  0.009790
 230.000000  0.007910
 231.000000  0.007324
 232.000000  0.007861
 233.000000  0.009765
 234.000000  0.007617
 235.000000  0.007324
 236.000000  0.007764
 237.000000  0.007324
 238.000000  0.007861
 239.000000  0.009741
 240.000000  0.007715
 241.000000  0.007373
 242.000000  0.007959
 243.000000  0.009741
 244.000000  0.007642
 245.000000  0.007349
 246.000000  0.007812
 247.000000  0.007349
 248.000000  0.007739
 249.000000  0.007373
 250.000000  0.007764
 251.000000  0.007349
 252.000000  0.007861
 253.000000  0.007349
 254.000000  0.007642
 255.000000  0.009765
 256.000000  0.007593
 257.000000  0.007397
 258.000000  0.007690
 259.000000  0.007300
 260.000000  0.008008
 261.000000  0.007349
 262.000000  0.007617
 263.000000  0.009741
 264.000000  0.007642
 265.000000  0.009765
 266.000000  0.007690
 267.000000  0.009790
 268.000000  0.007642
 269.000000  0.009765
 270.000000  0.007764
 271.000000  0.007324
 272.000000  0.007715
 273.000000  0.007373
 274.000000  0.007910
 275.000000  0.009790
 276.000000  0.007617
 277.000000  0.009765
 278.000000  0.007666
 279.000000  0.007324
 280.000000  0.007983
 281.000000  0.009814
 282.000000  0.007715
 283.000000  0.009790
 284.000000  0.007764
 285.000000  0.007300
 286.000000  0.007666
 287.000000  0.007324
 288.000000  0.007544
 289.000000  0.009765
 290.000000  0.007812
 291.000000  0.007275
 292.000000  0.007886
 293.000000  0.007349
 294.000000  0.007715
 295.000000  0.009741
 296.000000  0.007764
 297.000000  0.009765
 298.000000  0.007788
 299.000000  0.009741
 300.000000  0.007715
 301.000000  0.007373
 302.000000  0.007861
 303.000000  0.009790
 304.000000  0.007886
 305.000000  0.007349
 306.000000  0.007642
 307.000000  0.009765
 308.000000  0.007788
 309.000000  0.009765
 310.000000  0.007861
 311.000000  0.007324
 312.000000  0.007812
 313.000000  0.007324
 314.000000  0.007935
 315.000000  0.009790
 316.000000  0.007739
 317.000000  0.007324
 318.000000  0.007544
 319.000000  0.007349
 320.000000  0.007642
 321.000000  0.009765
 322.000000  0.007666
 323.000000  0.009765
 324.000000  0.007593
 325.000000  0.007324
 326.000000  0.007739
 327.000000  0.007324
 328.000000  0.007519
 329.000000  0.009790
 330.000000  0.007788
 331.000000  0.009765
 332.000000  0.007642
 333.000000  0.009765
 334.000000  0.007544
 335.000000  0.009765
 336.000000  0.007544
 337.000000  0.007324
 338.000000  0.007690
 339.000000  0.007324
 340.000000  0.007666
 341.000000  0.009765
 342.000000  0.009985
 343.000000  0.009765
 344.000000  0.007642
 345.000000  0.009765
 346.000000  0.007861
 347.000000  0.007324
 348.000000  0.007519
 349.000000  0.009765
 350.000000  0.007666
 351.000000  0.009765
 352.000000  0.007544
 353.000000  0.009741
 354.000000  0.007837
 355.000000  0.007324
 356.000000  0.007617
 357.000000  0.007349
 358.000000  0.007959
 359.000000  0.009790
 360.000000  0.007764
 361.000000  0.007324
 362.000000  0.007764
 363.000000  0.009790
 364.000000  0.007715
 365.000000  0.007373
 366.000000  0.007812
 367.000000  0.007300
 368.000000  0.007739
 369.000000  0.007300
 370.000000  0.007861
 371.000000  0.009741
 372.000000  0.007788
 373.000000  0.009790
 374.000000  0.008008
 375.000000  0.009790
 376.000000  0.007764
 377.000000  0.007349
 378.000000  0.007910
 379.000000  0.007324
 380.000000  0.007764
 381.000000  0.009814
 382.000000  0.007690
 383.000000  0.007349
 384.000000  0.007861
 385.000000  0.007373
 386.000000  0.007739
 387.000000  0.009790
 388.000000  0.007666
 389.000000  0.009814
 390.000000  0.008081
 391.000000  0.009814
 392.000000  0.007886
 393.000000  0.007324
 394.000000  0.007715
 395.000000  0.007349
 396.000000  0.008032
 397.000000  0.007324
 398.000000  0.007764
 399.000000  0.007349
 400.000000  0.007935
 401.000000  0.009790
 402.000000  0.008008
 403.000000  0.007349
 404.000000  0.007568
 405.000000  0.007349
 406.000000  0.007812
 407.000000  0.007324
 408.000000  0.007666
 409.000000  0.009838
 410.000000  0.007983
 411.000000  0.009765
 412.000000  0.007886
 413.000000  0.007349
 414.000000  0.008057
 415.000000  0.009814
 416.000000  0.007910
 417.000000  0.007349
 418.000000  0.007959
 419.000000  0.007373
 420.000000  0.008008
 421.000000  0.007300
 422.000000  0.007593
 423.000000  0.007397
 424.000000  0.007666
 425.000000  0.009814
 426.000000  0.007837
 427.000000  0.009814
 428.000000  0.007764
 429.000000  0.009814
 430.000000  0.007935
 431.000000  0.009790
 432.000000  0.007715
 433.000000  0.007324
 434.000000  0.007642
 435.000000  0.009765
 436.000000  0.007593
 437.000000  0.009814
 438.000000  0.007764
 439.000000  0.009814
 440.000000  0.007788
 441.000000  0.009790
 442.000000  0.007739
 443.000000  0.009741
 444.000000  0.007910
 445.000000  0.009790
 446.000000  0.008032
 447.000000  0.007373
 448.000000  0.007495
 449.000000  0.009765
 450.000000  0.007568
 451.000000  0.009790
 452.000000  0.007715
 453.000000  0.009790
 454.000000  0.007764
 455.000000  0.009765
 456.000000  0.008008
 457.000000  0.009790
 458.000000  0.007861
 459.000000  0.009765
 460.000000  0.007910
 461.000000  0.009814
 462.000000  0.007666
 463.000000  0.009790
 464.000000  0.008032
 465.000000  0.009814
 466.000000  0.007788
 467.000000  0.007324
 468.000000  0.007642
 469.000000  0.007349
 470.000000  0.007642
 471.000000  0.009790
 472.000000  0.007812
 473.000000  0.007349
 474.000000  0.008105
 475.000000  0.009765
 476.000000  0.007812
 477.000000  0.007349
 478.000000  0.007495
 479.000000  0.009765
 480.000000  0.007935
 481.000000  0.009765
 482.000000  0.007788
 483.000000  0.007324
 484.000000  0.007593
 485.000000  0.009765
 486.000000  0.007495
 487.000000  0.007324
 488.000000  0.007666
 489.000000  0.007324
 490.000000  0.007617
 491.000000  0.009741
 492.000000  0.007495
 493.000000  0.009765
 494.000000  0.007690
 495.000000  0.009765
 496.000000  0.007715
 497.000000  0.007349
 498.000000  0.007617
 499.000000  0.009765
 500.000000  0.007666
 501.000000  0.009790
 502.000000  0.007617
 503.000000  0.009790
 504.000000  0.007617
 505.000000  0.009765
 506.000000  0.007666
 507.000000  0.007324
 508.000000  0.007642
 509.000000  0.007349
 510.000000  0.007983
 511.000000  0.009790
 512.000000  0.007593
 513.000000  0.007324
 514.000000  0.007593
 515.000000  0.007349
 516.000000  0.007690
 517.000000  0.007324
 518.000000  0.007959
 519.000000  0.007373
 520.000000  0.007715
 521.000000  0.007349
 522.000000  0.007788
 523.000000  0.009765
 524.000000  0.007519
 525.000000  0.009765
 526.000000  0.007837
 527.000000  0.009765
 528.000000  0.007910
 529.000000  0.009741
 530.000000  0.007861
 531.000000  0.009765
 532.000000  0.007764
 533.000000  0.007422
 534.000000  0.007593
 535.000000  0.007373
 536.000000  0.007764
 537.000000  0.009814
 538.000000  0.007861
 539.000000  0.009790
 540.000000  0.007788
 541.000000  0.007324
 542.000000  0.007642
 543.000000  0.007349
 544.000000  0.007715
 545.000000  0.007349
 546.000000  0.008252
 547.000000  0.009741
 548.000000  0.007812
 549.000000  0.009814
 550.000000  0.007837
 551.000000  0.009814
 552.000000  0.007617
 553.000000  0.007471
 554.000000  0.008154
 555.000000  0.007324
 556.000000  0.007861
 557.000000  0.009765
 558.000000  0.007983
 559.000000  0.009814
 560.000000  0.008496
 561.000000  0.007373
 562.000000  0.008179
 563.000000  0.009887
 564.000000  0.008057
 565.000000  0.009790
 566.000000  0.008154
 567.000000  0.009814
 568.000000  0.008350
 569.000000  0.009887
 570.000000  0.008667
 571.000000  0.009887
 572.000000  0.008569
 573.000000  0.009985
 574.000000  0.008594
 575.000000  0.009985
 576.000000  0.008838
 577.000000  0.009985
 578.000000  0.009253
 579.000000  0.010302
 580.000000  0.009351
 581.000000  0.008398
 582.000000  0.009497
 583.000000  0.010913
 584.000000  0.009668
 585.000000  0.012060
 586.000000  0.009790
 587.000000  0.012988
 588.000000  0.012158
 589.000000  0.012109
 590.000000  0.013159
 591.000000  0.014599
 592.000000  0.012793
 593.000000  0.014307
 594.000000  0.019727
 595.000000  0.038549
 596.000000  0.051855
 597.000000  0.058837
 598.000000  0.056860
 599.000000  0.045141
 600.000000  0.033154
 601.000000  0.031640
 602.000000  0.025439
 603.000000  0.020996
 604.000000  0.018555
 605.000000  0.018823
 606.000000  0.016113
 607.000000  0.016259
 608.000000  0.013086
 609.000000  0.012280
 610.000000  0.009766
 611.000000  0.011669
 612.000000  0.012207
 613.000000  0.010888
 614.000000  0.012011
 615.000000  0.010449
 616.000000  0.009180
 617.000000  0.007739
 618.000000  0.009009
 619.000000  0.009936
 620.000000  0.009180
 621.000000  0.009814
 622.000000  0.008569
 623.000000  0.009814
 624.000000  0.011181
 625.000000  0.009765
 626.000000  0.008740
 627.000000  0.009863
 628.000000  0.008374
 629.000000  0.009790
 630.000000  0.008325
 631.000000  0.009838
 632.000000  0.008252
 633.000000  0.009814
 634.000000  0.008008
 635.000000  0.009765
 636.000000  0.008350
 637.000000  0.007324
 638.000000  0.007886
 639.000000  0.009765
 640.000000  0.008301
 641.000000  0.009790
 642.000000  0.008008
 643.000000  0.007349
 644.000000  0.010449
 645.000000  0.009790
 646.000000  0.010400
 647.000000  0.009765
 648.000000  0.007983
 649.000000  0.007324
 650.000000  0.007812
 651.000000  0.007324
 652.000000  0.007910
 653.000000  0.007324
 654.000000  0.007764
 655.000000  0.009765
 656.000000  0.007935
 657.000000  0.009765
 658.000000  0.007788
 659.000000  0.007324
 660.000000  0.007764
 661.000000  0.009790
 662.000000  0.007739
 663.000000  0.009765
 664.000000  0.009985
 665.000000  0.009741
 666.000000  0.010083
 667.000000  0.009741
 668.000000  0.007568
 669.000000  0.007324
 670.000000  0.007715
 671.000000  0.007349
 672.000000  0.007764
 673.000000  0.009814
 674.000000  0.010180
 675.000000  0.009790
 676.000000  0.007959
 677.000000  0.009790
 678.000000  0.007617
 679.000000  0.009814
 680.000000  0.007812
 681.000000  0.007300
 682.000000  0.007861
 683.000000  0.009741
 684.000000  0.008105
 685.000000  0.009790
 686.000000  0.007715
 687.000000  0.007373
 688.000000  0.010131
 689.000000  0.007324
 690.000000  0.010473
 691.000000  0.009765
 692.000000  0.007983
 693.000000  0.009765
 694.000000  0.007861
 695.000000  0.009765
 696.000000  0.010278
 697.000000  0.009741
 698.000000  0.007544
 699.000000  0.009790
 700.000000  0.007593
 701.000000  0.007324
 702.000000  0.007690
 703.000000  0.007349
 704.000000  0.010302
 705.000000  0.009741
 706.000000  0.007715
 707.000000  0.007324
 708.000000  0.007739
 709.000000  0.009790
 710.000000  0.007715
 711.000000  0.009765
 712.000000  0.007715
 713.000000  0.009765
 714.000000  0.007642
 715.000000  0.009790
 716.000000  0.007764
 717.000000  0.009741
 718.000000  0.007837
 719.000000  0.009741
 720.000000  0.007910
 721.000000  0.009741
 722.000000  0.007593
 723.000000  0.009716
 724.000000  0.007739
 725.000000  0.009765
 726.000000  0.007935
 727.000000  0.009790
 728.000000  0.007715
 729.000000  0.007300
 730.000000  0.007788
 731.000000  0.009814
 732.000000  0.007544
 733.000000  0.009790
 734.000000  0.010400
 735.000000  0.009790
 736.000000  0.007690
 737.000000  0.009765
 738.000000  0.007666
 739.000000  0.009741
 740.000000  0.007739
 741.000000  0.009814
 742.000000  0.007812
 743.000000  0.007349
 744.000000  0.007617
 745.000000  0.009814
 746.000000  0.007568
 747.000000  0.007324
 748.000000  0.007715
 749.000000  0.009790
 750.000000  0.007715
 751.000000  0.009741
 752.000000  0.010107
 753.000000  0.009765
 754.000000  0.007739
 755.000000  0.009790
 756.000000  0.007886
 757.000000  0.009790
 758.000000  0.007666
 759.000000  0.007300
 760.000000  0.007788
 761.000000  0.009765
 762.000000  0.007617
 763.000000  0.009790
 764.000000  0.007568
 765.000000  0.009741
 766.000000  0.007617
 767.000000  0.007324
 768.000000  0.007544
 769.000000  0.009741
 770.000000  0.007593
 771.000000  0.009790
 772.000000  0.007593
 773.000000  0.009790
 774.000000  0.010009
 775.000000  0.009765
 776.000000  0.009961
 777.000000  0.009741
 778.000000  0.007593
 779.000000  0.007275
 780.000000  0.007544
 781.000000  0.007300
 782.000000  0.010009
 783.000000  0.009716
 784.000000  0.007446
 785.000000  0.009765
 786.000000  0.007544
 787.000000  0.009790
 788.000000  0.009936
 789.000000  0.009765
 790.000000  0.007568
 791.000000  0.009765
 792.000000  0.007495
 793.000000  0.009765
 794.000000  0.007568
 795.000000  0.009765
 796.000000  0.007544
 797.000000  0.009765
 798.000000  0.007446
 799.000000  0.009765
 800.000000  0.007373
 801.000000  0.009765
 802.000000  0.009887
 803.000000  0.009741
 804.000000  0.007373
 805.000000  0.009765
 806.000000  0.007397
 807.000000  0.009741
 808.000000  0.009936
 809.000000  0.007324
 810.000000  0.007519
 811.000000  0.007324
 812.000000  0.007495
 813.000000  0.007324
 814.000000  0.007422
 815.000000  0.009765
 816.000000  0.007519
 817.000000  0.009741
 818.000000  0.007397
 819.000000  0.009765
 820.000000  0.007349
 821.000000  0.009765
 822.000000  0.007446
 823.000000  0.009765
 824.000000  0.009814
 825.000000  0.009692
 826.000000  0.007373
 827.000000  0.009741
 828.000000  0.007568
 829.000000  0.009741
 830.000000  0.007422
 831.000000  0.009765
 832.000000  0.007422
 833.000000  0.009765
 834.000000  0.007422
 835.000000  0.009741
 836.000000  0.009912
 837.000000  0.009790
 838.000000  0.007446
 839.000000  0.009716
 840.000000  0.007471
 841.000000  0.009765
 842.000000  0.010034
 843.000000  0.009741
 844.000000  0.007471
 845.000000  0.007324
 846.000000  0.009887
 847.000000  0.009814
 848.000000  0.007519
 849.000000  0.009790
 850.000000  0.007446
 851.000000  0.009765
 852.000000  0.007471
 853.000000  0.007300
 854.000000  0.010107
 855.000000  0.009765
 856.000000  0.007519
 857.000000  0.007324
 858.000000  0.007568
 859.000000  0.007324
 860.000000  0.009863
 861.000000  0.009765
 862.000000  0.007519
 863.000000  0.007251
 864.000000  0.007422
 865.000000  0.009765
 866.000000  0.009912
 867.000000  0.007349
 868.000000  0.007519
 869.000000  0.009741
 870.000000  0.007471
 871.000000  0.009765
 872.000000  0.007593
 873.000000  0.009765
 874.000000  0.007446
 875.000000  0.009765
 876.000000  0.007519
 877.000000  0.007275
 878.000000  0.007544
 879.000000  0.007373
 880.000000  0.007446
 881.000000  0.009741
 882.000000  0.007471
 883.000000  0.009716
 884.000000  0.007642
 885.000000  0.009765
 886.000000  0.007642
 887.000000  0.007300
 888.000000  0.007617
 889.000000  0.009765
 890.000000  0.007544
 891.000000  0.009741
 892.000000  0.007544
 893.000000  0.009741
 894.000000  0.007617
 895.000000  0.009741
 896.000000  0.007446
 897.000000  0.009765
 898.000000  0.007397
 899.000000  0.009716
 900.000000  0.007446
 901.000000  0.009765
 902.000000  0.009936
 903.000000  0.009790
 904.000000  0.007471
 905.000000  0.009765
 906.000000  0.009887
 907.000000  0.009716
 908.000000  0.009863
 909.000000  0.009741
 910.000000  0.007593
 911.000000  0.009765
 912.000000  0.007593
 913.000000  0.009741
 914.000000  0.007495
 915.000000  0.009765
 916.000000  0.007471
 917.000000  0.009765
 918.000000  0.010083
 919.000000  0.009741
 920.000000  0.010131
 921.000000  0.009765
 922.000000  0.007544
 923.000000  0.009765
 924.000000  0.007495
 925.000000  0.009741
 926.000000  0.007495
 927.000000  0.009765
 928.000000  0.007593
 929.000000  0.009741
 930.000000  0.007446
 931.000000  0.009716
 932.000000  0.007446
 933.000000  0.009765
 934.000000  0.007495
 935.000000  0.009765
 936.000000  0.007544
 937.000000  0.009765
 938.000000  0.007568
 939.000000  0.009765
 940.000000  0.007666
 941.000000  0.009765
 942.000000  0.007422
 943.000000  0.009790
 944.000000  0.007471
 945.000000  0.007324
 946.000000  0.009936
 947.000000  0.009765
 948.000000  0.007446
 949.000000  0.009765
 950.000000  0.009814
 951.000000  0.009765
 952.000000  0.007422
 953.000000  0.009765
 954.000000  0.007471
 955.000000  0.009765
 956.000000  0.007617
 957.000000  0.009765
 958.000000  0.007446
 959.000000  0.007300
 960.000000  0.007519
 961.000000  0.007324
 962.000000  0.009838
 963.000000  0.007324
 964.000000  0.007324
 965.000000  0.009765
 966.000000  0.007422
 967.000000  0.009765
 968.000000  0.007422
 969.000000  0.009765
 970.000000  0.009863
 971.000000  0.009765
 972.000000  0.007617
 973.000000  0.009765
 974.000000  0.007471
 975.000000  0.009765
 976.000000  0.007397
 977.000000  0.009741
 978.000000  0.007446
 979.000000  0.009741
 980.000000  0.007373
 981.000000  0.009765
 982.000000  0.007446
 983.000000  0.007324
 984.000000  0.007324
 985.000000  0.009790
 986.000000  0.007471
 987.000000  0.009741
 988.000000  0.009912
 989.000000  0.009790
 990.000000  0.007495
 991.000000  0.009741
 992.000000  0.007471
 993.000000  0.009765
 994.000000  0.007519
 995.000000  0.009790
 996.000000  0.007446
 997.000000  0.009765
 998.000000  0.009961
 999.000000  0.009790
 1000.000000  0.009961
 1001.000000  0.009741
 1002.000000  0.007471
 1003.000000  0.009765
 1004.000000  0.007471
 1005.000000  0.009765
 1006.000000  0.007568
 1007.000000  0.009765
 1008.000000  0.007519
 1009.000000  0.009765
 1010.000000  0.007422
 1011.000000  0.009790
 1012.000000  0.007495
 1013.000000  0.009716
 1014.000000  0.007373
 1015.000000  0.009716
 1016.000000  0.007397
 1017.000000  0.009790
 1018.000000  0.007422
 1019.000000  0.009765
 1020.000000  0.007495
 1021.000000  0.009741
 1022.000000  0.007422
 1023.000000  0.009716
