 0.000000  0.008276
 1.000000  0.007373
 2.000000  0.008227
 3.000000  0.007349
 4.000000  0.008765
 5.000000  0.007324
 6.000000  0.008838
 7.000000  0.007349
 8.000000  0.008691
 9.000000  0.007373
 10.000000  0.008838
 11.000000  0.007349
 12.000000  0.008838
 13.000000  0.007373
 14.000000  0.008911
 15.000000  0.007373
 16.000000  0.008911
 17.000000  0.007349
 18.000000  0.008862
 19.000000  0.007397
 20.000000  0.008496
 21.000000  0.007349
 22.000000  0.008374
 23.000000  0.007471
 24.000000  0.009106
 25.000000  0.007349
 26.000000  0.009204
 27.000000  0.009765
 28.000000  0.009131
 29.000000  0.007422
 30.000000  0.008765
 31.000000  0.007397
 32.000000  0.009082
 33.000000  0.007446
 34.000000  0.009009
 35.000000  0.007422
 36.000000  0.008960
 37.000000  0.007324
 38.000000  0.009106
 39.000000  0.009838
 40.000000  0.009131
 41.000000  0.007349
 42.000000  0.008911
 43.000000  0.007422
 44.000000  0.009009
 45.000000  0.007275
 46.000000  0.009033
 47.000000  0.007373
 48.000000  0.009033
 49.000000  0.007764
 50.000000  0.008838
 51.000000  0.007886
 52.000000  0.008789
 53.000000  0.007837
 54.000000  0.008691
 55.000000  0.007568
 56.000000  0.008813
 57.000000  0.007715
 58.000000  0.008960
 59.000000  0.009912
 60.000000  0.008691
 61.000000  0.010131
 62.000000  0.008643
 63.000000  0.007739
 64.000000  0.009033
 65.000000  0.007593
 66.000000  0.008789
 67.000000  0.010009
 68.000000  0.008740
 69.000000  0.007446
 70.000000  0.008862
 71.000000  0.007446
 72.000000  0.008765
 73.000000  0.007373
 74.000000  0.008740
 75.000000  0.007397
 76.000000  0.008740
 77.000000  0.007519
 78.000000  0.008838
 79.000000  0.007568
 80.000000  0.008765
 81.000000  0.007373
 82.000000  0.008496
 83.000000  0.007373
 84.000000  0.008301
 85.000000  0.007519
 86.000000  0.008667
 87.000000  0.007373
 88.000000  0.008691
 89.000000  0.007446
 90.000000  0.008911
 91.000000  0.007422
 92.000000  0.008545
 93.000000  0.007373
 94.000000  0.008887
 95.000000  0.007324
 96.000000  0.008789
 97.000000  0.007349
 98.000000  0.008716
 99.000000  0.007349
 100.000000  0.009155
 101.000000  0.009814
 102.000000  0.008618
 103.000000  0.009912
 104.000000  0.008472
 105.000000  0.007349
 106.000000  0.009204
 107.000000  0.007349
 108.000000  0.009058
 109.000000  0.009790
 110.000000  0.008618
 111.000000  0.007422
 112.000000  0.008520
 113.000000  0.007373
 114.000000  0.008594
 115.000000  0.007373
 116.000000  0.008520
 117.000000  0.007349
 118.000000  0.008911
 119.000000  0.007324
 120.000000  0.008789
 121.000000  0.007349
 122.000000  0.008594
 123.000000  0.007373
 124.000000  0.008838
 125.000000  0.007349
 126.000000  0.008887
 127.000000  0.009838
 128.000000  0.008618
 129.000000  0.007349
 130.000000  0.008618
 131.000000  0.009790
 132.000000  0.008276
 133.000000  0.007324
 134.000000  0.008789
 135.000000  0.009765
 136.000000  0.008643
 137.000000  0.007373
 138.000000  0.008691
 139.000000  0.007324
 140.000000  0.008594
 141.000000  0.007349
 142.000000  0.008887
 143.000000  0.007373
 144.000000  0.008374
 145.000000  0.009790
 146.000000  0.008569
 147.000000  0.007324
 148.000000  0.008569
 149.000000  0.009790
 150.000000  0.008911
 151.000000  0.007349
 152.000000  0.008496
 153.000000  0.007422
 154.000000  0.008618
 155.000000  0.007349
 156.000000  0.008643
 157.000000  0.009814
 158.000000  0.008765
 159.000000  0.007349
 160.000000  0.008740
 161.000000  0.007349
 162.000000  0.008789
 163.000000  0.007324
 164.000000  0.008252
 165.000000  0.007324
 166.000000  0.008252
 167.000000  0.007397
 168.000000  0.008716
 169.000000  0.009765
 170.000000  0.008350
 171.000000  0.007324
 172.000000  0.008301
 173.000000  0.007324
 174.000000  0.008643
 175.000000  0.007349
 176.000000  0.008350
 177.000000  0.007373
 178.000000  0.008618
 179.000000  0.009790
 180.000000  0.008203
 181.000000  0.007324
 182.000000  0.008398
 183.000000  0.007373
 184.000000  0.008569
 185.000000  0.007422
 186.000000  0.008594
 187.000000  0.007349
 188.000000  0.008081
 189.000000  0.007397
 190.000000  0.008374
 191.000000  0.007349
 192.000000  0.008569
 193.000000  0.007471
 194.000000  0.008350
 195.000000  0.007373
 196.000000  0.010766
 197.000000  0.007324
 198.000000  0.008081
 199.000000  0.009790
 200.000000  0.008325
 201.000000  0.009887
 202.000000  0.008398
 203.000000  0.007519
 204.000000  0.008423
 205.000000  0.007519
 206.000000  0.007837
 207.000000  0.007422
 208.000000  0.008325
 209.000000  0.009887
 210.000000  0.008594
 211.000000  0.007471
 212.000000  0.008325
 213.000000  0.009961
 214.000000  0.008643
 215.000000  0.007617
 216.000000  0.008423
 217.000000  0.007422
 218.000000  0.008374
 219.000000  0.009936
 220.000000  0.008398
 221.000000  0.007373
 222.000000  0.008276
 223.000000  0.007495
 224.000000  0.008520
 225.000000  0.007349
 226.000000  0.008423
 227.000000  0.009814
 228.000000  0.008569
 229.000000  0.009814
 230.000000  0.008667
 231.000000  0.007373
 232.000000  0.008398
 233.000000  0.009838
 234.000000  0.008325
 235.000000  0.007422
 236.000000  0.008667
 237.000000  0.007397
 238.000000  0.008374
 239.000000  0.009814
 240.000000  0.008569
 241.000000  0.007397
 242.000000  0.008350
 243.000000  0.009814
 244.000000  0.008179
 245.000000  0.007397
 246.000000  0.008227
 247.000000  0.007397
 248.000000  0.008227
 249.000000  0.007397
 250.000000  0.008203
 251.000000  0.007349
 252.000000  0.008301
 253.000000  0.007349
 254.000000  0.008130
 255.000000  0.009765
 256.000000  0.008301
 257.000000  0.007349
 258.000000  0.008154
 259.000000  0.007349
 260.000000  0.008423
 261.000000  0.007324
 262.000000  0.008130
 263.000000  0.009765
 264.000000  0.008032
 265.000000  0.009790
 266.000000  0.008032
 267.000000  0.009790
 268.000000  0.008179
 269.000000  0.009765
 270.000000  0.008154
 271.000000  0.007324
 272.000000  0.008276
 273.000000  0.007324
 274.000000  0.008472
 275.000000  0.009790
 276.000000  0.008325
 277.000000  0.009765
 278.000000  0.008691
 279.000000  0.007324
 280.000000  0.008472
 281.000000  0.009765
 282.000000  0.008350
 283.000000  0.009765
 284.000000  0.008252
 285.000000  0.007324
 286.000000  0.008081
 287.000000  0.007349
 288.000000  0.008179
 289.000000  0.009790
 290.000000  0.008667
 291.000000  0.007349
 292.000000  0.008545
 293.000000  0.007324
 294.000000  0.008472
 295.000000  0.009765
 296.000000  0.008252
 297.000000  0.009765
 298.000000  0.008838
 299.000000  0.009790
 300.000000  0.007983
 301.000000  0.007324
 302.000000  0.008545
 303.000000  0.009765
 304.000000  0.008643
 305.000000  0.007324
 306.000000  0.008227
 307.000000  0.009765
 308.000000  0.008740
 309.000000  0.009765
 310.000000  0.008374
 311.000000  0.007324
 312.000000  0.008179
 313.000000  0.007373
 314.000000  0.008447
 315.000000  0.009790
 316.000000  0.008447
 317.000000  0.007324
 318.000000  0.008350
 319.000000  0.007324
 320.000000  0.008423
 321.000000  0.009765
 322.000000  0.008618
 323.000000  0.009814
 324.000000  0.008301
 325.000000  0.007349
 326.000000  0.008374
 327.000000  0.007349
 328.000000  0.008520
 329.000000  0.009814
 330.000000  0.008691
 331.000000  0.009814
 332.000000  0.008447
 333.000000  0.009814
 334.000000  0.008374
 335.000000  0.009838
 336.000000  0.008350
 337.000000  0.007324
 338.000000  0.008569
 339.000000  0.007324
 340.000000  0.008496
 341.000000  0.009814
 342.000000  0.010986
 343.000000  0.009765
 344.000000  0.008594
 345.000000  0.009814
 346.000000  0.008716
 347.000000  0.007324
 348.000000  0.008203
 349.000000  0.009765
 350.000000  0.008447
 351.000000  0.009814
 352.000000  0.008594
 353.000000  0.009838
 354.000000  0.008520
 355.000000  0.007397
 356.000000  0.008350
 357.000000  0.007324
 358.000000  0.008594
 359.000000  0.009765
 360.000000  0.008765
 361.000000  0.007422
 362.000000  0.008520
 363.000000  0.010083
 364.000000  0.008789
 365.000000  0.007764
 366.000000  0.008838
 367.000000  0.007764
 368.000000  0.008643
 369.000000  0.007715
 370.000000  0.008496
 371.000000  0.009936
 372.000000  0.008716
 373.000000  0.010180
 374.000000  0.008545
 375.000000  0.009961
 376.000000  0.008667
 377.000000  0.007617
 378.000000  0.008667
 379.000000  0.007715
 380.000000  0.008813
 381.000000  0.009936
 382.000000  0.008594
 383.000000  0.007471
 384.000000  0.008789
 385.000000  0.007495
 386.000000  0.008789
 387.000000  0.009887
 388.000000  0.008643
 389.000000  0.009912
 390.000000  0.008936
 391.000000  0.009838
 392.000000  0.008716
 393.000000  0.007373
 394.000000  0.008691
 395.000000  0.007471
 396.000000  0.008838
 397.000000  0.007446
 398.000000  0.008740
 399.000000  0.007422
 400.000000  0.008789
 401.000000  0.009863
 402.000000  0.008643
 403.000000  0.007568
 404.000000  0.008569
 405.000000  0.007422
 406.000000  0.008618
 407.000000  0.007373
 408.000000  0.008740
 409.000000  0.009790
 410.000000  0.008740
 411.000000  0.009814
 412.000000  0.008789
 413.000000  0.007373
 414.000000  0.009106
 415.000000  0.009838
 416.000000  0.008765
 417.000000  0.007349
 418.000000  0.008765
 419.000000  0.007373
 420.000000  0.008862
 421.000000  0.007373
 422.000000  0.008374
 423.000000  0.007349
 424.000000  0.008569
 425.000000  0.009838
 426.000000  0.008765
 427.000000  0.009765
 428.000000  0.009033
 429.000000  0.009814
 430.000000  0.009106
 431.000000  0.009765
 432.000000  0.008691
 433.000000  0.007324
 434.000000  0.008643
 435.000000  0.009814
 436.000000  0.008374
 437.000000  0.009765
 438.000000  0.008545
 439.000000  0.009765
 440.000000  0.008813
 441.000000  0.009814
 442.000000  0.008716
 443.000000  0.009790
 444.000000  0.008618
 445.000000  0.009838
 446.000000  0.009155
 447.000000  0.007397
 448.000000  0.008301
 449.000000  0.009765
 450.000000  0.008520
 451.000000  0.009838
 452.000000  0.008472
 453.000000  0.009765
 454.000000  0.008667
 455.000000  0.009814
 456.000000  0.008911
 457.000000  0.009765
 458.000000  0.008789
 459.000000  0.009838
 460.000000  0.008984
 461.000000  0.009790
 462.000000  0.008813
 463.000000  0.009838
 464.000000  0.009082
 465.000000  0.009887
 466.000000  0.009277
 467.000000  0.007349
 468.000000  0.008911
 469.000000  0.007349
 470.000000  0.009106
 471.000000  0.009814
 472.000000  0.009180
 473.000000  0.007422
 474.000000  0.009131
 475.000000  0.009863
 476.000000  0.008887
 477.000000  0.007349
 478.000000  0.008984
 479.000000  0.009814
 480.000000  0.009277
 481.000000  0.009887
 482.000000  0.008740
 483.000000  0.007544
 484.000000  0.008936
 485.000000  0.009838
 486.000000  0.009082
 487.000000  0.007397
 488.000000  0.009009
 489.000000  0.007397
 490.000000  0.008691
 491.000000  0.009814
 492.000000  0.008716
 493.000000  0.009838
 494.000000  0.009033
 495.000000  0.009912
 496.000000  0.008984
 497.000000  0.007446
 498.000000  0.008398
 499.000000  0.009838
 500.000000  0.008765
 501.000000  0.009912
 502.000000  0.008691
 503.000000  0.009887
 504.000000  0.008789
 505.000000  0.009887
 506.000000  0.009058
 507.000000  0.007373
 508.000000  0.009082
 509.000000  0.007495
 510.000000  0.009253
 511.000000  0.009765
 512.000000  0.008520
 513.000000  0.007446
 514.000000  0.008838
 515.000000  0.007568
 516.000000  0.008618
 517.000000  0.007617
 518.000000  0.008618
 519.000000  0.007519
 520.000000  0.008545
 521.000000  0.007642
 522.000000  0.008594
 523.000000  0.010156
 524.000000  0.008765
 525.000000  0.010180
 526.000000  0.008984
 527.000000  0.010058
 528.000000  0.009106
 529.000000  0.010058
 530.000000  0.009082
 531.000000  0.010156
 532.000000  0.008740
 533.000000  0.007666
 534.000000  0.008862
 535.000000  0.007764
 536.000000  0.008838
 537.000000  0.010009
 538.000000  0.008960
 539.000000  0.010034
 540.000000  0.009009
 541.000000  0.007471
 542.000000  0.009204
 543.000000  0.007666
 544.000000  0.008789
 545.000000  0.007471
 546.000000  0.009228
 547.000000  0.010009
 548.000000  0.008862
 549.000000  0.010107
 550.000000  0.008813
 551.000000  0.010107
 552.000000  0.008838
 553.000000  0.007544
 554.000000  0.009253
 555.000000  0.007593
 556.000000  0.008862
 557.000000  0.009961
 558.000000  0.009228
 559.000000  0.010083
 560.000000  0.009375
 561.000000  0.007642
 562.000000  0.009424
 563.000000  0.010131
 564.000000  0.009058
 565.000000  0.009936
 566.000000  0.008960
 567.000000  0.010009
 568.000000  0.009204
 569.000000  0.010205
 570.000000  0.009521
 571.000000  0.009936
 572.000000  0.009277
 573.000000  0.010009
 574.000000  0.009375
 575.000000  0.010034
 576.000000  0.009131
 577.000000  0.010034
 578.000000  0.009277
 579.000000  0.010107
 580.000000  0.009619
 581.000000  0.007788
 582.000000  0.009277
 583.000000  0.009936
 584.000000  0.009497
 585.000000  0.010620
 586.000000  0.009546
 587.000000  0.010546
 588.000000  0.009595
 589.000000  0.007861
 590.000000  0.009644
 591.000000  0.010351
 592.000000  0.009644
 593.000000  0.008545
 594.000000  0.009766
 595.000000  0.011035
 596.000000  0.009741
 597.000000  0.010986
 598.000000  0.009741
 599.000000  0.010986
 600.000000  0.009741
 601.000000  0.011059
 602.000000  0.009766
 603.000000  0.011962
 604.000000  0.009766
 605.000000  0.012207
 606.000000  0.009790
 607.000000  0.012207
 608.000000  0.010889
 609.000000  0.012646
 610.000000  0.012207
 611.000000  0.014648
 612.000000  0.017089
 613.000000  0.017041
 614.000000  0.018823
 615.000000  0.019531
 616.000000  0.019531
 617.000000  0.021948
 618.000000  0.024438
 619.000000  0.031518
 620.000000  0.037256
 621.000000  0.045703
 622.000000  0.052515
 623.000000  0.066626
 624.000000  0.077441
 625.000000  0.082324
 626.000000  0.076636
 627.000000  0.071386
 628.000000  0.068652
 629.000000  0.071679
 630.000000  0.063037
 631.000000  0.054028
 632.000000  0.033008
 633.000000  0.022045
 634.000000  0.015332
 635.000000  0.015210
 636.000000  0.012280
 637.000000  0.010693
 638.000000  0.010278
 639.000000  0.012207
 640.000000  0.009839
 641.000000  0.012085
 642.000000  0.009766
 643.000000  0.009619
 644.000000  0.012207
 645.000000  0.011816
 646.000000  0.012207
 647.000000  0.011840
 648.000000  0.009766
 649.000000  0.008887
 650.000000  0.009766
 651.000000  0.009204
 652.000000  0.009741
 653.000000  0.008618
 654.000000  0.009766
 655.000000  0.011059
 656.000000  0.009692
 657.000000  0.010864
 658.000000  0.009619
 659.000000  0.008130
 660.000000  0.009741
 661.000000  0.010669
 662.000000  0.009595
 663.000000  0.010327
 664.000000  0.012060
 665.000000  0.010961
 666.000000  0.011987
 667.000000  0.010571
 668.000000  0.009644
 669.000000  0.008350
 670.000000  0.009497
 671.000000  0.008398
 672.000000  0.009473
 673.000000  0.010791
 674.000000  0.012011
 675.000000  0.010693
 676.000000  0.009473
 677.000000  0.010839
 678.000000  0.009448
 679.000000  0.011035
 680.000000  0.009351
 681.000000  0.007959
 682.000000  0.009326
 683.000000  0.010278
 684.000000  0.009424
 685.000000  0.010546
 686.000000  0.009277
 687.000000  0.008081
 688.000000  0.011621
 689.000000  0.007983
 690.000000  0.011718
 691.000000  0.010253
 692.000000  0.009473
 693.000000  0.010302
 694.000000  0.009180
 695.000000  0.010351
 696.000000  0.011474
 697.000000  0.010107
 698.000000  0.009302
 699.000000  0.010107
 700.000000  0.009326
 701.000000  0.007837
 702.000000  0.009448
 703.000000  0.007959
 704.000000  0.011792
 705.000000  0.010107
 706.000000  0.009546
 707.000000  0.007959
 708.000000  0.009521
 709.000000  0.010205
 710.000000  0.009521
 711.000000  0.010156
 712.000000  0.009521
 713.000000  0.010253
 714.000000  0.009424
 715.000000  0.010327
 716.000000  0.009473
 717.000000  0.010156
 718.000000  0.009302
 719.000000  0.010083
 720.000000  0.009448
 721.000000  0.010131
 722.000000  0.009619
 723.000000  0.010302
 724.000000  0.009692
 725.000000  0.010180
 726.000000  0.009473
 727.000000  0.010131
 728.000000  0.009058
 729.000000  0.007690
 730.000000  0.009619
 731.000000  0.010253
 732.000000  0.009082
 733.000000  0.009936
 734.000000  0.011962
 735.000000  0.009985
 736.000000  0.009228
 737.000000  0.009985
 738.000000  0.009106
 739.000000  0.009936
 740.000000  0.009375
 741.000000  0.010131
 742.000000  0.009448
 743.000000  0.007471
 744.000000  0.009180
 745.000000  0.010156
 746.000000  0.009228
 747.000000  0.007495
 748.000000  0.008984
 749.000000  0.009838
 750.000000  0.009326
 751.000000  0.010034
 752.000000  0.011914
 753.000000  0.010229
 754.000000  0.009448
 755.000000  0.009790
 756.000000  0.009448
 757.000000  0.009838
 758.000000  0.009351
 759.000000  0.007544
 760.000000  0.009326
 761.000000  0.009863
 762.000000  0.009326
 763.000000  0.009936
 764.000000  0.009131
 765.000000  0.009790
 766.000000  0.009228
 767.000000  0.007422
 768.000000  0.008691
 769.000000  0.009838
 770.000000  0.009351
 771.000000  0.009912
 772.000000  0.008862
 773.000000  0.009814
 774.000000  0.011596
 775.000000  0.010009
 776.000000  0.011987
 777.000000  0.009887
 778.000000  0.009204
 779.000000  0.007544
 780.000000  0.009326
 781.000000  0.007519
 782.000000  0.011938
 783.000000  0.009863
 784.000000  0.008813
 785.000000  0.009838
 786.000000  0.009326
 787.000000  0.009790
 788.000000  0.011669
 789.000000  0.009814
 790.000000  0.009106
 791.000000  0.009863
 792.000000  0.009253
 793.000000  0.009790
 794.000000  0.008984
 795.000000  0.010131
 796.000000  0.009497
 797.000000  0.010058
 798.000000  0.008667
 799.000000  0.010058
 800.000000  0.009375
 801.000000  0.009936
 802.000000  0.011474
 803.000000  0.009838
 804.000000  0.008716
 805.000000  0.009887
 806.000000  0.008716
 807.000000  0.009790
 808.000000  0.011547
 809.000000  0.007666
 810.000000  0.009204
 811.000000  0.007593
 812.000000  0.008618
 813.000000  0.007446
 814.000000  0.008643
 815.000000  0.009912
 816.000000  0.008960
 817.000000  0.010058
 818.000000  0.009180
 819.000000  0.009961
 820.000000  0.008520
 821.000000  0.009985
 822.000000  0.008813
 823.000000  0.010180
 824.000000  0.011450
 825.000000  0.009961
 826.000000  0.008960
 827.000000  0.010083
 828.000000  0.009058
 829.000000  0.010253
 830.000000  0.008447
 831.000000  0.009961
 832.000000  0.008789
 833.000000  0.010034
 834.000000  0.008398
 835.000000  0.010180
 836.000000  0.011377
 837.000000  0.010107
 838.000000  0.008765
 839.000000  0.010205
 840.000000  0.009131
 841.000000  0.010156
 842.000000  0.011132
 843.000000  0.010205
 844.000000  0.008813
 845.000000  0.007861
 846.000000  0.011254
 847.000000  0.010107
 848.000000  0.008496
 849.000000  0.010253
 850.000000  0.008911
 851.000000  0.010058
 852.000000  0.008838
 853.000000  0.007471
 854.000000  0.011669
 855.000000  0.010058
 856.000000  0.008643
 857.000000  0.007544
 858.000000  0.008838
 859.000000  0.007593
 860.000000  0.011352
 861.000000  0.010034
 862.000000  0.008594
 863.000000  0.007446
 864.000000  0.008667
 865.000000  0.009863
 866.000000  0.011254
 867.000000  0.007397
 868.000000  0.009033
 869.000000  0.009814
 870.000000  0.009204
 871.000000  0.009961
 872.000000  0.008936
 873.000000  0.009961
 874.000000  0.009155
 875.000000  0.009985
 876.000000  0.008887
 877.000000  0.007422
 878.000000  0.009155
 879.000000  0.007471
 880.000000  0.008789
 881.000000  0.010034
 882.000000  0.008911
 883.000000  0.009790
 884.000000  0.009253
 885.000000  0.009838
 886.000000  0.008984
 887.000000  0.007422
 888.000000  0.009033
 889.000000  0.009838
 890.000000  0.009106
 891.000000  0.009863
 892.000000  0.009058
 893.000000  0.009887
 894.000000  0.008765
 895.000000  0.009863
 896.000000  0.009155
 897.000000  0.009887
 898.000000  0.008740
 899.000000  0.009887
 900.000000  0.009082
 901.000000  0.009838
 902.000000  0.011254
 903.000000  0.009790
 904.000000  0.009009
 905.000000  0.009887
 906.000000  0.011157
 907.000000  0.009936
 908.000000  0.011621
 909.000000  0.009790
 910.000000  0.008911
 911.000000  0.009838
 912.000000  0.009204
 913.000000  0.009838
 914.000000  0.009180
 915.000000  0.009887
 916.000000  0.008887
 917.000000  0.009838
 918.000000  0.011669
 919.000000  0.009912
 920.000000  0.011792
 921.000000  0.009790
 922.000000  0.009009
 923.000000  0.009838
 924.000000  0.008813
 925.000000  0.009765
 926.000000  0.008716
 927.000000  0.009838
 928.000000  0.009131
 929.000000  0.009887
 930.000000  0.009473
 931.000000  0.010058
 932.000000  0.008960
 933.000000  0.009838
 934.000000  0.009033
 935.000000  0.009936
 936.000000  0.009302
 937.000000  0.009863
 938.000000  0.008984
 939.000000  0.009765
 940.000000  0.009253
 941.000000  0.009765
 942.000000  0.009082
 943.000000  0.009765
 944.000000  0.009033
 945.000000  0.007422
 946.000000  0.011694
 947.000000  0.009961
 948.000000  0.009155
 949.000000  0.009936
 950.000000  0.011572
 951.000000  0.009887
 952.000000  0.008569
 953.000000  0.009838
 954.000000  0.009082
 955.000000  0.009814
 956.000000  0.009155
 957.000000  0.009790
 958.000000  0.008960
 959.000000  0.007373
 960.000000  0.008716
 961.000000  0.007397
 962.000000  0.011450
 963.000000  0.007349
 964.000000  0.008643
 965.000000  0.009961
 966.000000  0.009155
 967.000000  0.009887
 968.000000  0.009326
 969.000000  0.009936
 970.000000  0.011328
 971.000000  0.010009
 972.000000  0.009644
 973.000000  0.009863
 974.000000  0.008984
 975.000000  0.009912
 976.000000  0.008472
 977.000000  0.009814
 978.000000  0.008887
 979.000000  0.009838
 980.000000  0.009058
 981.000000  0.010107
 982.000000  0.008618
 983.000000  0.007495
 984.000000  0.008765
 985.000000  0.009961
 986.000000  0.008594
 987.000000  0.010253
 988.000000  0.011303
 989.000000  0.010180
 990.000000  0.008960
 991.000000  0.010205
 992.000000  0.008838
 993.000000  0.010253
 994.000000  0.008862
 995.000000  0.010376
 996.000000  0.008691
 997.000000  0.010156
 998.000000  0.011132
 999.000000  0.010156
 1000.000000  0.011254
 1001.000000  0.010009
 1002.000000  0.008936
 1003.000000  0.010009
 1004.000000  0.008667
 1005.000000  0.009985
 1006.000000  0.008667
 1007.000000  0.009814
 1008.000000  0.008838
 1009.000000  0.009961
 1010.000000  0.008301
 1011.000000  0.009863
 1012.000000  0.008569
 1013.000000  0.009863
 1014.000000  0.008447
 1015.000000  0.009912
 1016.000000  0.008716
 1017.000000  0.009936
 1018.000000  0.008643
 1019.000000  0.009936
 1020.000000  0.008691
 1021.000000  0.009814
 1022.000000  0.008740
 1023.000000  0.009887
