 0.000000  0.008057
 1.000000  0.007373
 2.000000  0.007837
 3.000000  0.007373
 4.000000  0.007812
 5.000000  0.007349
 6.000000  0.008081
 7.000000  0.007373
 8.000000  0.008057
 9.000000  0.007373
 10.000000  0.007935
 11.000000  0.007324
 12.000000  0.008301
 13.000000  0.007397
 14.000000  0.007959
 15.000000  0.007349
 16.000000  0.008105
 17.000000  0.007349
 18.000000  0.008130
 19.000000  0.007397
 20.000000  0.007886
 21.000000  0.007349
 22.000000  0.007959
 23.000000  0.007397
 24.000000  0.008008
 25.000000  0.007397
 26.000000  0.008643
 27.000000  0.009790
 28.000000  0.008105
 29.000000  0.007324
 30.000000  0.008130
 31.000000  0.007397
 32.000000  0.008105
 33.000000  0.007324
 34.000000  0.008032
 35.000000  0.007373
 36.000000  0.008325
 37.000000  0.007349
 38.000000  0.008032
 39.000000  0.009838
 40.000000  0.008447
 41.000000  0.007349
 42.000000  0.008154
 43.000000  0.007373
 44.000000  0.008179
 45.000000  0.007349
 46.000000  0.008179
 47.000000  0.007373
 48.000000  0.008032
 49.000000  0.007373
 50.000000  0.007715
 51.000000  0.007349
 52.000000  0.007739
 53.000000  0.007373
 54.000000  0.007861
 55.000000  0.007373
 56.000000  0.008105
 57.000000  0.007349
 58.000000  0.008325
 59.000000  0.009765
 60.000000  0.007935
 61.000000  0.009814
 62.000000  0.007837
 63.000000  0.007324
 64.000000  0.008081
 65.000000  0.007300
 66.000000  0.007910
 67.000000  0.009814
 68.000000  0.007935
 69.000000  0.007324
 70.000000  0.007764
 71.000000  0.007300
 72.000000  0.007910
 73.000000  0.007324
 74.000000  0.007788
 75.000000  0.007349
 76.000000  0.008008
 77.000000  0.007349
 78.000000  0.008008
 79.000000  0.007373
 80.000000  0.008179
 81.000000  0.007349
 82.000000  0.007642
 83.000000  0.007373
 84.000000  0.007812
 85.000000  0.007324
 86.000000  0.007886
 87.000000  0.007324
 88.000000  0.008008
 89.000000  0.007324
 90.000000  0.007886
 91.000000  0.007349
 92.000000  0.008057
 93.000000  0.007300
 94.000000  0.007739
 95.000000  0.007300
 96.000000  0.007935
 97.000000  0.007349
 98.000000  0.008032
 99.000000  0.007324
 100.000000  0.007886
 101.000000  0.009790
 102.000000  0.007666
 103.000000  0.009765
 104.000000  0.007910
 105.000000  0.007324
 106.000000  0.008179
 107.000000  0.007324
 108.000000  0.008105
 109.000000  0.009790
 110.000000  0.007959
 111.000000  0.007349
 112.000000  0.007764
 113.000000  0.007349
 114.000000  0.008032
 115.000000  0.007324
 116.000000  0.007886
 117.000000  0.007349
 118.000000  0.007788
 119.000000  0.007349
 120.000000  0.007861
 121.000000  0.007373
 122.000000  0.007959
 123.000000  0.007324
 124.000000  0.007739
 125.000000  0.007300
 126.000000  0.007886
 127.000000  0.009765
 128.000000  0.007739
 129.000000  0.007349
 130.000000  0.007812
 131.000000  0.009765
 132.000000  0.007617
 133.000000  0.007349
 134.000000  0.008081
 135.000000  0.009790
 136.000000  0.007861
 137.000000  0.007324
 138.000000  0.007910
 139.000000  0.007300
 140.000000  0.008105
 141.000000  0.007324
 142.000000  0.007910
 143.000000  0.007275
 144.000000  0.007764
 145.000000  0.009814
 146.000000  0.007715
 147.000000  0.007373
 148.000000  0.007886
 149.000000  0.009814
 150.000000  0.007910
 151.000000  0.007324
 152.000000  0.007666
 153.000000  0.007300
 154.000000  0.007886
 155.000000  0.007324
 156.000000  0.007837
 157.000000  0.009814
 158.000000  0.007666
 159.000000  0.007324
 160.000000  0.007715
 161.000000  0.007349
 162.000000  0.007812
 163.000000  0.007349
 164.000000  0.007568
 165.000000  0.007324
 166.000000  0.007519
 167.000000  0.007300
 168.000000  0.007861
 169.000000  0.009814
 170.000000  0.007715
 171.000000  0.007300
 172.000000  0.007690
 173.000000  0.007324
 174.000000  0.007568
 175.000000  0.007324
 176.000000  0.007666
 177.000000  0.007300
 178.000000  0.007617
 179.000000  0.009765
 180.000000  0.007495
 181.000000  0.007324
 182.000000  0.007764
 183.000000  0.007349
 184.000000  0.007715
 185.000000  0.007349
 186.000000  0.007861
 187.000000  0.007349
 188.000000  0.007593
 189.000000  0.007373
 190.000000  0.007764
 191.000000  0.007275
 192.000000  0.007593
 193.000000  0.007349
 194.000000  0.007593
 195.000000  0.007324
 196.000000  0.010229
 197.000000  0.007300
 198.000000  0.007568
 199.000000  0.009765
 200.000000  0.007593
 201.000000  0.009765
 202.000000  0.007617
 203.000000  0.007324
 204.000000  0.007642
 205.000000  0.007300
 206.000000  0.007642
 207.000000  0.007300
 208.000000  0.007519
 209.000000  0.009741
 210.000000  0.007666
 211.000000  0.007300
 212.000000  0.007495
 213.000000  0.009765
 214.000000  0.007593
 215.000000  0.007324
 216.000000  0.007593
 217.000000  0.007324
 218.000000  0.007544
 219.000000  0.009741
 220.000000  0.007617
 221.000000  0.007349
 222.000000  0.007617
 223.000000  0.007324
 224.000000  0.007642
 225.000000  0.007300
 226.000000  0.007397
 227.000000  0.009790
 228.000000  0.007666
 229.000000  0.009716
 230.000000  0.007764
 231.000000  0.007373
 232.000000  0.007739
 233.000000  0.009765
 234.000000  0.007471
 235.000000  0.007324
 236.000000  0.007544
 237.000000  0.007349
 238.000000  0.007471
 239.000000  0.009790
 240.000000  0.007568
 241.000000  0.007300
 242.000000  0.007471
 243.000000  0.009790
 244.000000  0.007373
 245.000000  0.007324
 246.000000  0.007568
 247.000000  0.007324
 248.000000  0.007495
 249.000000  0.007349
 250.000000  0.007495
 251.000000  0.007349
 252.000000  0.007519
 253.000000  0.007300
 254.000000  0.007471
 255.000000  0.009765
 256.000000  0.007568
 257.000000  0.007324
 258.000000  0.007544
 259.000000  0.007373
 260.000000  0.007495
 261.000000  0.007300
 262.000000  0.007519
 263.000000  0.009716
 264.000000  0.007471
 265.000000  0.009716
 266.000000  0.007422
 267.000000  0.009741
 268.000000  0.007471
 269.000000  0.009765
 270.000000  0.007593
 271.000000  0.007324
 272.000000  0.007519
 273.000000  0.007324
 274.000000  0.007446
 275.000000  0.009716
 276.000000  0.007446
 277.000000  0.009741
 278.000000  0.007617
 279.000000  0.007300
 280.000000  0.007593
 281.000000  0.009741
 282.000000  0.007519
 283.000000  0.009765
 284.000000  0.007519
 285.000000  0.007300
 286.000000  0.007349
 287.000000  0.007300
 288.000000  0.007471
 289.000000  0.009716
 290.000000  0.007471
 291.000000  0.007300
 292.000000  0.007617
 293.000000  0.007275
 294.000000  0.007495
 295.000000  0.009790
 296.000000  0.007397
 297.000000  0.009741
 298.000000  0.007397
 299.000000  0.009765
 300.000000  0.007471
 301.000000  0.007324
 302.000000  0.007495
 303.000000  0.009790
 304.000000  0.007397
 305.000000  0.007349
 306.000000  0.007495
 307.000000  0.009716
 308.000000  0.007593
 309.000000  0.009716
 310.000000  0.007519
 311.000000  0.007324
 312.000000  0.007642
 313.000000  0.007324
 314.000000  0.007519
 315.000000  0.009814
 316.000000  0.007495
 317.000000  0.007349
 318.000000  0.007593
 319.000000  0.007324
 320.000000  0.007495
 321.000000  0.009716
 322.000000  0.007568
 323.000000  0.009765
 324.000000  0.007422
 325.000000  0.007300
 326.000000  0.007519
 327.000000  0.007324
 328.000000  0.007422
 329.000000  0.009741
 330.000000  0.007593
 331.000000  0.009765
 332.000000  0.007495
 333.000000  0.009765
 334.000000  0.007397
 335.000000  0.009765
 336.000000  0.007471
 337.000000  0.007349
 338.000000  0.007495
 339.000000  0.007324
 340.000000  0.007544
 341.000000  0.009814
 342.000000  0.009887
 343.000000  0.009716
 344.000000  0.007495
 345.000000  0.009741
 346.000000  0.007544
 347.000000  0.007300
 348.000000  0.007519
 349.000000  0.009716
 350.000000  0.007568
 351.000000  0.009765
 352.000000  0.007495
 353.000000  0.009790
 354.000000  0.007495
 355.000000  0.007324
 356.000000  0.007471
 357.000000  0.007324
 358.000000  0.007544
 359.000000  0.009765
 360.000000  0.007519
 361.000000  0.007324
 362.000000  0.007495
 363.000000  0.009765
 364.000000  0.007471
 365.000000  0.007300
 366.000000  0.007544
 367.000000  0.007349
 368.000000  0.007471
 369.000000  0.007324
 370.000000  0.007446
 371.000000  0.009790
 372.000000  0.007446
 373.000000  0.009765
 374.000000  0.007422
 375.000000  0.009790
 376.000000  0.007568
 377.000000  0.007324
 378.000000  0.007617
 379.000000  0.007324
 380.000000  0.007471
 381.000000  0.009790
 382.000000  0.007495
 383.000000  0.007324
 384.000000  0.007519
 385.000000  0.007324
 386.000000  0.007519
 387.000000  0.009790
 388.000000  0.007397
 389.000000  0.009741
 390.000000  0.007471
 391.000000  0.009765
 392.000000  0.007544
 393.000000  0.007300
 394.000000  0.007519
 395.000000  0.007349
 396.000000  0.007642
 397.000000  0.007324
 398.000000  0.007495
 399.000000  0.007324
 400.000000  0.007568
 401.000000  0.009741
 402.000000  0.007373
 403.000000  0.007349
 404.000000  0.007446
 405.000000  0.007300
 406.000000  0.007495
 407.000000  0.007324
 408.000000  0.007397
 409.000000  0.009765
 410.000000  0.007471
 411.000000  0.009741
 412.000000  0.007593
 413.000000  0.007324
 414.000000  0.007544
 415.000000  0.009790
 416.000000  0.007593
 417.000000  0.007300
 418.000000  0.007519
 419.000000  0.007324
 420.000000  0.007617
 421.000000  0.007300
 422.000000  0.007544
 423.000000  0.007300
 424.000000  0.007471
 425.000000  0.009741
 426.000000  0.007446
 427.000000  0.009741
 428.000000  0.007422
 429.000000  0.009765
 430.000000  0.007568
 431.000000  0.009765
 432.000000  0.007422
 433.000000  0.007324
 434.000000  0.007422
 435.000000  0.009741
 436.000000  0.007373
 437.000000  0.009765
 438.000000  0.007373
 439.000000  0.009765
 440.000000  0.007471
 441.000000  0.009765
 442.000000  0.007446
 443.000000  0.009741
 444.000000  0.007446
 445.000000  0.009741
 446.000000  0.007422
 447.000000  0.007275
 448.000000  0.007446
 449.000000  0.009790
 450.000000  0.007422
 451.000000  0.009741
 452.000000  0.007422
 453.000000  0.009765
 454.000000  0.007471
 455.000000  0.009765
 456.000000  0.007568
 457.000000  0.009741
 458.000000  0.007495
 459.000000  0.009741
 460.000000  0.007519
 461.000000  0.009765
 462.000000  0.007446
 463.000000  0.009741
 464.000000  0.007495
 465.000000  0.009716
 466.000000  0.007519
 467.000000  0.007324
 468.000000  0.007373
 469.000000  0.007324
 470.000000  0.007397
 471.000000  0.009741
 472.000000  0.007495
 473.000000  0.007300
 474.000000  0.007544
 475.000000  0.009765
 476.000000  0.007617
 477.000000  0.007300
 478.000000  0.007349
 479.000000  0.009716
 480.000000  0.007471
 481.000000  0.009765
 482.000000  0.007446
 483.000000  0.007300
 484.000000  0.007397
 485.000000  0.009790
 486.000000  0.007397
 487.000000  0.007275
 488.000000  0.007446
 489.000000  0.007349
 490.000000  0.007373
 491.000000  0.009716
 492.000000  0.007495
 493.000000  0.009741
 494.000000  0.007471
 495.000000  0.009765
 496.000000  0.007446
 497.000000  0.007275
 498.000000  0.007397
 499.000000  0.009741
 500.000000  0.007446
 501.000000  0.009692
 502.000000  0.007373
 503.000000  0.009716
 504.000000  0.007593
 505.000000  0.009741
 506.000000  0.007495
 507.000000  0.007300
 508.000000  0.007495
 509.000000  0.007349
 510.000000  0.007568
 511.000000  0.009716
 512.000000  0.007422
 513.000000  0.007300
 514.000000  0.007373
 515.000000  0.007300
 516.000000  0.007373
 517.000000  0.007251
 518.000000  0.007397
 519.000000  0.007324
 520.000000  0.007422
 521.000000  0.007300
 522.000000  0.007397
 523.000000  0.009716
 524.000000  0.007373
 525.000000  0.009765
 526.000000  0.007471
 527.000000  0.009741
 528.000000  0.007446
 529.000000  0.009765
 530.000000  0.007422
 531.000000  0.009741
 532.000000  0.007397
 533.000000  0.007275
 534.000000  0.007349
 535.000000  0.007349
 536.000000  0.007349
 537.000000  0.009765
 538.000000  0.007373
 539.000000  0.009741
 540.000000  0.007349
 541.000000  0.007300
 542.000000  0.007446
 543.000000  0.007275
 544.000000  0.007422
 545.000000  0.007324
 546.000000  0.007422
 547.000000  0.009741
 548.000000  0.007373
 549.000000  0.009716
 550.000000  0.007422
 551.000000  0.009790
 552.000000  0.007397
 553.000000  0.007300
 554.000000  0.007446
 555.000000  0.007300
 556.000000  0.007446
 557.000000  0.009692
 558.000000  0.007422
 559.000000  0.009741
 560.000000  0.007593
 561.000000  0.007324
 562.000000  0.007495
 563.000000  0.009765
 564.000000  0.007422
 565.000000  0.009790
 566.000000  0.007446
 567.000000  0.009790
 568.000000  0.007519
 569.000000  0.009716
 570.000000  0.007568
 571.000000  0.009765
 572.000000  0.007544
 573.000000  0.009814
 574.000000  0.007519
 575.000000  0.009741
 576.000000  0.007495
 577.000000  0.009765
 578.000000  0.008057
 579.000000  0.009814
 580.000000  0.008105
 581.000000  0.007422
 582.000000  0.008691
 583.000000  0.009814
 584.000000  0.008984
 585.000000  0.010546
 586.000000  0.009766
 587.000000  0.012353
 588.000000  0.012061
 589.000000  0.011279
 590.000000  0.011743
 591.000000  0.012280
 592.000000  0.010718
 593.000000  0.010742
 594.000000  0.014673
 595.000000  0.021948
 596.000000  0.023096
 597.000000  0.021313
 598.000000  0.014551
 599.000000  0.012182
 600.000000  0.009424
 601.000000  0.010131
 602.000000  0.009448
 603.000000  0.010302
 604.000000  0.009595
 605.000000  0.010083
 606.000000  0.009326
 607.000000  0.009863
 608.000000  0.008545
 609.000000  0.009790
 610.000000  0.008008
 611.000000  0.009765
 612.000000  0.010083
 613.000000  0.009790
 614.000000  0.010083
 615.000000  0.009765
 616.000000  0.007471
 617.000000  0.007373
 618.000000  0.007593
 619.000000  0.009741
 620.000000  0.007495
 621.000000  0.009790
 622.000000  0.007422
 623.000000  0.009741
 624.000000  0.009936
 625.000000  0.009741
 626.000000  0.007446
 627.000000  0.009716
 628.000000  0.007544
 629.000000  0.009741
 630.000000  0.007397
 631.000000  0.009741
 632.000000  0.007373
 633.000000  0.009716
 634.000000  0.007397
 635.000000  0.009790
 636.000000  0.007349
 637.000000  0.007324
 638.000000  0.007397
 639.000000  0.009716
 640.000000  0.007373
 641.000000  0.009741
 642.000000  0.007471
 643.000000  0.007300
 644.000000  0.009838
 645.000000  0.009692
 646.000000  0.009814
 647.000000  0.009716
 648.000000  0.007422
 649.000000  0.007300
 650.000000  0.007373
 651.000000  0.007300
 652.000000  0.007446
 653.000000  0.007324
 654.000000  0.007373
 655.000000  0.009716
 656.000000  0.007397
 657.000000  0.009716
 658.000000  0.007324
 659.000000  0.007300
 660.000000  0.007422
 661.000000  0.009716
 662.000000  0.007422
 663.000000  0.009741
 664.000000  0.009814
 665.000000  0.009668
 666.000000  0.009863
 667.000000  0.009741
 668.000000  0.007349
 669.000000  0.007300
 670.000000  0.007349
 671.000000  0.007227
 672.000000  0.007422
 673.000000  0.009765
 674.000000  0.009790
 675.000000  0.009741
 676.000000  0.007446
 677.000000  0.009716
 678.000000  0.007349
 679.000000  0.009765
 680.000000  0.007373
 681.000000  0.007251
 682.000000  0.007373
 683.000000  0.009692
 684.000000  0.007349
 685.000000  0.009741
 686.000000  0.007397
 687.000000  0.007324
 688.000000  0.009838
 689.000000  0.007300
 690.000000  0.009790
 691.000000  0.009741
 692.000000  0.007349
 693.000000  0.009692
 694.000000  0.007349
 695.000000  0.009692
 696.000000  0.009765
 697.000000  0.009716
 698.000000  0.007373
 699.000000  0.009741
 700.000000  0.007349
 701.000000  0.007324
 702.000000  0.007373
 703.000000  0.007251
 704.000000  0.009814
 705.000000  0.009765
 706.000000  0.007373
 707.000000  0.007227
 708.000000  0.007349
 709.000000  0.009716
 710.000000  0.007373
 711.000000  0.009741
 712.000000  0.007397
 713.000000  0.009716
 714.000000  0.007349
 715.000000  0.009741
 716.000000  0.007373
 717.000000  0.009765
 718.000000  0.007373
 719.000000  0.009716
 720.000000  0.007349
 721.000000  0.009692
 722.000000  0.007349
 723.000000  0.009741
 724.000000  0.007446
 725.000000  0.009741
 726.000000  0.007373
 727.000000  0.009741
 728.000000  0.007349
 729.000000  0.007300
 730.000000  0.007373
 731.000000  0.009741
 732.000000  0.007373
 733.000000  0.009692
 734.000000  0.009790
 735.000000  0.009741
 736.000000  0.007373
 737.000000  0.009741
 738.000000  0.007373
 739.000000  0.009716
 740.000000  0.007373
 741.000000  0.009716
 742.000000  0.007324
 743.000000  0.007300
 744.000000  0.007349
 745.000000  0.009741
 746.000000  0.007349
 747.000000  0.007324
 748.000000  0.007373
 749.000000  0.009692
 750.000000  0.007349
 751.000000  0.009692
 752.000000  0.009765
 753.000000  0.009692
 754.000000  0.007349
 755.000000  0.009741
 756.000000  0.007324
 757.000000  0.009692
 758.000000  0.007373
 759.000000  0.007300
 760.000000  0.007373
 761.000000  0.009765
 762.000000  0.007349
 763.000000  0.009741
 764.000000  0.007349
 765.000000  0.009716
 766.000000  0.007349
 767.000000  0.007300
 768.000000  0.007324
 769.000000  0.009643
 770.000000  0.007349
 771.000000  0.009643
 772.000000  0.007373
 773.000000  0.009692
 774.000000  0.009814
 775.000000  0.009668
 776.000000  0.009765
 777.000000  0.009716
 778.000000  0.007349
 779.000000  0.007251
 780.000000  0.007373
 781.000000  0.007178
 782.000000  0.009790
 783.000000  0.009619
 784.000000  0.007349
 785.000000  0.009594
 786.000000  0.007349
 787.000000  0.009668
 788.000000  0.009838
 789.000000  0.009643
 790.000000  0.007373
 791.000000  0.009643
 792.000000  0.007397
 793.000000  0.009716
 794.000000  0.007324
 795.000000  0.009692
 796.000000  0.007324
 797.000000  0.009643
 798.000000  0.007324
 799.000000  0.009643
 800.000000  0.007349
 801.000000  0.009692
 802.000000  0.009814
 803.000000  0.009570
 804.000000  0.007373
 805.000000  0.009619
 806.000000  0.007349
 807.000000  0.009716
 808.000000  0.009790
 809.000000  0.007227
 810.000000  0.007324
 811.000000  0.007202
 812.000000  0.007349
 813.000000  0.007178
 814.000000  0.007349
 815.000000  0.009643
 816.000000  0.007349
 817.000000  0.009741
 818.000000  0.007349
 819.000000  0.009594
 820.000000  0.007373
 821.000000  0.009570
 822.000000  0.007397
 823.000000  0.009594
 824.000000  0.009790
 825.000000  0.009643
 826.000000  0.007324
 827.000000  0.009594
 828.000000  0.007324
 829.000000  0.009668
 830.000000  0.007373
 831.000000  0.009643
 832.000000  0.007349
 833.000000  0.009692
 834.000000  0.007349
 835.000000  0.009668
 836.000000  0.009741
 837.000000  0.009643
 838.000000  0.007349
 839.000000  0.009716
 840.000000  0.007349
 841.000000  0.009716
 842.000000  0.009814
 843.000000  0.009594
 844.000000  0.007422
 845.000000  0.007251
 846.000000  0.009765
 847.000000  0.009741
 848.000000  0.007324
 849.000000  0.009619
 850.000000  0.007349
 851.000000  0.009716
 852.000000  0.007324
 853.000000  0.007251
 854.000000  0.009765
 855.000000  0.009619
 856.000000  0.007324
 857.000000  0.007202
 858.000000  0.007324
 859.000000  0.007202
 860.000000  0.009765
 861.000000  0.009692
 862.000000  0.007349
 863.000000  0.007178
 864.000000  0.007324
 865.000000  0.009716
 866.000000  0.009741
 867.000000  0.007275
 868.000000  0.007300
 869.000000  0.009570
 870.000000  0.007349
 871.000000  0.009619
 872.000000  0.007300
 873.000000  0.009668
 874.000000  0.007324
 875.000000  0.009668
 876.000000  0.007324
 877.000000  0.007227
 878.000000  0.007324
 879.000000  0.007227
 880.000000  0.007349
 881.000000  0.009619
 882.000000  0.007373
 883.000000  0.009594
 884.000000  0.007324
 885.000000  0.009643
 886.000000  0.007373
 887.000000  0.007202
 888.000000  0.007349
 889.000000  0.009643
 890.000000  0.007349
 891.000000  0.009765
 892.000000  0.007373
 893.000000  0.009668
 894.000000  0.007349
 895.000000  0.009716
 896.000000  0.007397
 897.000000  0.009741
 898.000000  0.007349
 899.000000  0.009643
 900.000000  0.007373
 901.000000  0.009668
 902.000000  0.009741
 903.000000  0.009594
 904.000000  0.007324
 905.000000  0.009643
 906.000000  0.009790
 907.000000  0.009545
 908.000000  0.009838
 909.000000  0.009668
 910.000000  0.007324
 911.000000  0.009643
 912.000000  0.007349
 913.000000  0.009619
 914.000000  0.007300
 915.000000  0.009545
 916.000000  0.007324
 917.000000  0.009668
 918.000000  0.009790
 919.000000  0.009545
 920.000000  0.009814
 921.000000  0.009643
 922.000000  0.007349
 923.000000  0.009716
 924.000000  0.007300
 925.000000  0.009668
 926.000000  0.007324
 927.000000  0.009619
 928.000000  0.007349
 929.000000  0.009545
 930.000000  0.007349
 931.000000  0.009668
 932.000000  0.007373
 933.000000  0.009741
 934.000000  0.007324
 935.000000  0.009668
 936.000000  0.007349
 937.000000  0.009668
 938.000000  0.007300
 939.000000  0.009423
 940.000000  0.007349
 941.000000  0.009741
 942.000000  0.007397
 943.000000  0.009619
 944.000000  0.007349
 945.000000  0.007275
 946.000000  0.009790
 947.000000  0.009594
 948.000000  0.007349
 949.000000  0.009716
 950.000000  0.009790
 951.000000  0.009692
 952.000000  0.007373
 953.000000  0.009692
 954.000000  0.007349
 955.000000  0.009668
 956.000000  0.007324
 957.000000  0.009619
 958.000000  0.007349
 959.000000  0.007275
 960.000000  0.007300
 961.000000  0.007202
 962.000000  0.009741
 963.000000  0.007129
 964.000000  0.007324
 965.000000  0.009692
 966.000000  0.007324
 967.000000  0.009594
 968.000000  0.007349
 969.000000  0.009692
 970.000000  0.009716
 971.000000  0.009619
 972.000000  0.007349
 973.000000  0.009594
 974.000000  0.007373
 975.000000  0.009643
 976.000000  0.007300
 977.000000  0.009692
 978.000000  0.007349
 979.000000  0.009643
 980.000000  0.007324
 981.000000  0.009692
 982.000000  0.007349
 983.000000  0.007178
 984.000000  0.007300
 985.000000  0.009716
 986.000000  0.007349
 987.000000  0.009594
 988.000000  0.009790
 989.000000  0.009619
 990.000000  0.007324
 991.000000  0.009716
 992.000000  0.007373
 993.000000  0.009692
 994.000000  0.007349
 995.000000  0.009765
 996.000000  0.007324
 997.000000  0.009619
 998.000000  0.009765
 999.000000  0.009619
 1000.000000  0.009790
 1001.000000  0.009668
 1002.000000  0.007349
 1003.000000  0.009643
 1004.000000  0.007324
 1005.000000  0.009668
 1006.000000  0.007300
 1007.000000  0.009619
 1008.000000  0.007373
 1009.000000  0.009643
 1010.000000  0.007300
 1011.000000  0.009716
 1012.000000  0.007324
 1013.000000  0.009570
 1014.000000  0.007349
 1015.000000  0.009692
 1016.000000  0.007324
 1017.000000  0.009643
 1018.000000  0.007324
 1019.000000  0.009545
 1020.000000  0.007324
 1021.000000  0.009423
 1022.000000  0.007324
 1023.000000  0.009692
