 0.000000  0.008374
 1.000000  0.007397
 2.000000  0.008057
 3.000000  0.007422
 4.000000  0.008740
 5.000000  0.007373
 6.000000  0.008765
 7.000000  0.007349
 8.000000  0.008325
 9.000000  0.007349
 10.000000  0.008520
 11.000000  0.007324
 12.000000  0.008667
 13.000000  0.007349
 14.000000  0.008496
 15.000000  0.007373
 16.000000  0.008276
 17.000000  0.007373
 18.000000  0.008594
 19.000000  0.007446
 20.000000  0.008179
 21.000000  0.007519
 22.000000  0.008227
 23.000000  0.007568
 24.000000  0.008643
 25.000000  0.007422
 26.000000  0.008960
 27.000000  0.010253
 28.000000  0.008643
 29.000000  0.007617
 30.000000  0.008325
 31.000000  0.007837
 32.000000  0.009033
 33.000000  0.007910
 34.000000  0.008887
 35.000000  0.007764
 36.000000  0.008374
 37.000000  0.007349
 38.000000  0.008716
 39.000000  0.009985
 40.000000  0.008740
 41.000000  0.007397
 42.000000  0.008472
 43.000000  0.007446
 44.000000  0.008838
 45.000000  0.007373
 46.000000  0.008838
 47.000000  0.007349
 48.000000  0.008789
 49.000000  0.007422
 50.000000  0.008130
 51.000000  0.007471
 52.000000  0.008350
 53.000000  0.007349
 54.000000  0.008472
 55.000000  0.007397
 56.000000  0.008740
 57.000000  0.007422
 58.000000  0.009009
 59.000000  0.009765
 60.000000  0.008472
 61.000000  0.009790
 62.000000  0.008179
 63.000000  0.007324
 64.000000  0.008765
 65.000000  0.007397
 66.000000  0.008838
 67.000000  0.009838
 68.000000  0.008545
 69.000000  0.007349
 70.000000  0.008374
 71.000000  0.007349
 72.000000  0.008081
 73.000000  0.007324
 74.000000  0.008398
 75.000000  0.007373
 76.000000  0.008813
 77.000000  0.007349
 78.000000  0.008423
 79.000000  0.007373
 80.000000  0.008374
 81.000000  0.007349
 82.000000  0.008057
 83.000000  0.007324
 84.000000  0.007983
 85.000000  0.007324
 86.000000  0.008569
 87.000000  0.007324
 88.000000  0.008496
 89.000000  0.007324
 90.000000  0.008276
 91.000000  0.007324
 92.000000  0.008179
 93.000000  0.007349
 94.000000  0.008032
 95.000000  0.007349
 96.000000  0.008325
 97.000000  0.007349
 98.000000  0.008447
 99.000000  0.007373
 100.000000  0.008276
 101.000000  0.009765
 102.000000  0.008081
 103.000000  0.009790
 104.000000  0.007983
 105.000000  0.007349
 106.000000  0.008789
 107.000000  0.007324
 108.000000  0.008520
 109.000000  0.009765
 110.000000  0.008374
 111.000000  0.007324
 112.000000  0.008081
 113.000000  0.007349
 114.000000  0.008398
 115.000000  0.007349
 116.000000  0.008081
 117.000000  0.007349
 118.000000  0.008227
 119.000000  0.007324
 120.000000  0.008423
 121.000000  0.007349
 122.000000  0.008374
 123.000000  0.007349
 124.000000  0.008227
 125.000000  0.007324
 126.000000  0.008472
 127.000000  0.009765
 128.000000  0.008227
 129.000000  0.007373
 130.000000  0.008154
 131.000000  0.009765
 132.000000  0.008130
 133.000000  0.007373
 134.000000  0.008716
 135.000000  0.009765
 136.000000  0.008008
 137.000000  0.007324
 138.000000  0.008252
 139.000000  0.007324
 140.000000  0.008667
 141.000000  0.007324
 142.000000  0.008301
 143.000000  0.007349
 144.000000  0.008154
 145.000000  0.009790
 146.000000  0.007861
 147.000000  0.007324
 148.000000  0.008105
 149.000000  0.009765
 150.000000  0.008301
 151.000000  0.007349
 152.000000  0.007886
 153.000000  0.007373
 154.000000  0.008032
 155.000000  0.007324
 156.000000  0.008032
 157.000000  0.009790
 158.000000  0.007910
 159.000000  0.007349
 160.000000  0.008057
 161.000000  0.007324
 162.000000  0.008252
 163.000000  0.007373
 164.000000  0.007788
 165.000000  0.007373
 166.000000  0.007861
 167.000000  0.007397
 168.000000  0.008227
 169.000000  0.009790
 170.000000  0.007886
 171.000000  0.007324
 172.000000  0.008008
 173.000000  0.007349
 174.000000  0.007959
 175.000000  0.007324
 176.000000  0.008032
 177.000000  0.007324
 178.000000  0.008179
 179.000000  0.009936
 180.000000  0.007983
 181.000000  0.007422
 182.000000  0.008057
 183.000000  0.007349
 184.000000  0.007959
 185.000000  0.007861
 186.000000  0.008594
 187.000000  0.007471
 188.000000  0.007935
 189.000000  0.007104
 190.000000  0.008008
 191.000000  0.007153
 192.000000  0.008447
 193.000000  0.007568
 194.000000  0.008252
 195.000000  0.007373
 196.000000  0.010717
 197.000000  0.007373
 198.000000  0.008423
 199.000000  0.009814
 200.000000  0.008008
 201.000000  0.009814
 202.000000  0.008081
 203.000000  0.007349
 204.000000  0.008203
 205.000000  0.007349
 206.000000  0.007861
 207.000000  0.007324
 208.000000  0.007739
 209.000000  0.009790
 210.000000  0.008179
 211.000000  0.007324
 212.000000  0.008105
 213.000000  0.009765
 214.000000  0.008032
 215.000000  0.007349
 216.000000  0.007935
 217.000000  0.007349
 218.000000  0.007910
 219.000000  0.009838
 220.000000  0.007959
 221.000000  0.007324
 222.000000  0.007715
 223.000000  0.007324
 224.000000  0.008008
 225.000000  0.007373
 226.000000  0.007666
 227.000000  0.009765
 228.000000  0.007886
 229.000000  0.009765
 230.000000  0.007935
 231.000000  0.007324
 232.000000  0.008008
 233.000000  0.009765
 234.000000  0.007910
 235.000000  0.007349
 236.000000  0.007812
 237.000000  0.007324
 238.000000  0.007886
 239.000000  0.009765
 240.000000  0.007861
 241.000000  0.007349
 242.000000  0.007910
 243.000000  0.009765
 244.000000  0.007812
 245.000000  0.007324
 246.000000  0.008081
 247.000000  0.007324
 248.000000  0.008179
 249.000000  0.007324
 250.000000  0.007739
 251.000000  0.007324
 252.000000  0.007935
 253.000000  0.007324
 254.000000  0.007568
 255.000000  0.009765
 256.000000  0.007764
 257.000000  0.007324
 258.000000  0.007739
 259.000000  0.007324
 260.000000  0.007910
 261.000000  0.007324
 262.000000  0.007642
 263.000000  0.009765
 264.000000  0.007642
 265.000000  0.009790
 266.000000  0.007690
 267.000000  0.009765
 268.000000  0.007812
 269.000000  0.009765
 270.000000  0.007910
 271.000000  0.007349
 272.000000  0.007666
 273.000000  0.007324
 274.000000  0.007983
 275.000000  0.009765
 276.000000  0.007910
 277.000000  0.009765
 278.000000  0.008130
 279.000000  0.007324
 280.000000  0.008081
 281.000000  0.009765
 282.000000  0.007788
 283.000000  0.009765
 284.000000  0.007886
 285.000000  0.007324
 286.000000  0.007617
 287.000000  0.007324
 288.000000  0.007666
 289.000000  0.009765
 290.000000  0.007861
 291.000000  0.007324
 292.000000  0.007886
 293.000000  0.007324
 294.000000  0.007935
 295.000000  0.009765
 296.000000  0.007886
 297.000000  0.009765
 298.000000  0.007959
 299.000000  0.009765
 300.000000  0.007666
 301.000000  0.007324
 302.000000  0.007788
 303.000000  0.009765
 304.000000  0.008081
 305.000000  0.007324
 306.000000  0.007837
 307.000000  0.009790
 308.000000  0.007837
 309.000000  0.009765
 310.000000  0.007886
 311.000000  0.007324
 312.000000  0.008081
 313.000000  0.007324
 314.000000  0.008032
 315.000000  0.009765
 316.000000  0.008057
 317.000000  0.007324
 318.000000  0.007910
 319.000000  0.007324
 320.000000  0.007861
 321.000000  0.009790
 322.000000  0.008057
 323.000000  0.009765
 324.000000  0.008032
 325.000000  0.007324
 326.000000  0.007861
 327.000000  0.007324
 328.000000  0.007788
 329.000000  0.009765
 330.000000  0.008276
 331.000000  0.009790
 332.000000  0.008081
 333.000000  0.009814
 334.000000  0.007788
 335.000000  0.009765
 336.000000  0.007935
 337.000000  0.007373
 338.000000  0.008203
 339.000000  0.007373
 340.000000  0.008374
 341.000000  0.009936
 342.000000  0.010424
 343.000000  0.009912
 344.000000  0.008594
 345.000000  0.010229
 346.000000  0.008789
 347.000000  0.007886
 348.000000  0.008008
 349.000000  0.009716
 350.000000  0.008154
 351.000000  0.009814
 352.000000  0.008105
 353.000000  0.009790
 354.000000  0.007812
 355.000000  0.007349
 356.000000  0.007910
 357.000000  0.007373
 358.000000  0.008325
 359.000000  0.009790
 360.000000  0.008276
 361.000000  0.007422
 362.000000  0.008179
 363.000000  0.009790
 364.000000  0.008032
 365.000000  0.007349
 366.000000  0.008008
 367.000000  0.007373
 368.000000  0.008276
 369.000000  0.007324
 370.000000  0.008130
 371.000000  0.009814
 372.000000  0.007910
 373.000000  0.009814
 374.000000  0.008081
 375.000000  0.009790
 376.000000  0.008252
 377.000000  0.007373
 378.000000  0.008227
 379.000000  0.007324
 380.000000  0.008203
 381.000000  0.009765
 382.000000  0.008130
 383.000000  0.007349
 384.000000  0.008130
 385.000000  0.007373
 386.000000  0.008325
 387.000000  0.009790
 388.000000  0.007788
 389.000000  0.009765
 390.000000  0.008203
 391.000000  0.009765
 392.000000  0.007959
 393.000000  0.007324
 394.000000  0.008032
 395.000000  0.007349
 396.000000  0.007959
 397.000000  0.007324
 398.000000  0.007788
 399.000000  0.007324
 400.000000  0.007935
 401.000000  0.009765
 402.000000  0.007886
 403.000000  0.007349
 404.000000  0.007837
 405.000000  0.007324
 406.000000  0.007764
 407.000000  0.007349
 408.000000  0.007983
 409.000000  0.009790
 410.000000  0.008227
 411.000000  0.009765
 412.000000  0.007837
 413.000000  0.007324
 414.000000  0.008154
 415.000000  0.009765
 416.000000  0.007959
 417.000000  0.007324
 418.000000  0.007837
 419.000000  0.007324
 420.000000  0.007886
 421.000000  0.007324
 422.000000  0.007666
 423.000000  0.007349
 424.000000  0.007764
 425.000000  0.009765
 426.000000  0.007837
 427.000000  0.009790
 428.000000  0.007983
 429.000000  0.009765
 430.000000  0.008154
 431.000000  0.009790
 432.000000  0.007910
 433.000000  0.007324
 434.000000  0.007739
 435.000000  0.009765
 436.000000  0.007666
 437.000000  0.009765
 438.000000  0.007788
 439.000000  0.009765
 440.000000  0.007861
 441.000000  0.009814
 442.000000  0.008008
 443.000000  0.009765
 444.000000  0.007983
 445.000000  0.009765
 446.000000  0.007983
 447.000000  0.007324
 448.000000  0.007715
 449.000000  0.009790
 450.000000  0.007642
 451.000000  0.009765
 452.000000  0.007739
 453.000000  0.009765
 454.000000  0.007837
 455.000000  0.009765
 456.000000  0.008032
 457.000000  0.009765
 458.000000  0.007959
 459.000000  0.009765
 460.000000  0.008081
 461.000000  0.009765
 462.000000  0.007739
 463.000000  0.009790
 464.000000  0.008301
 465.000000  0.009790
 466.000000  0.008325
 467.000000  0.007349
 468.000000  0.008032
 469.000000  0.007349
 470.000000  0.007910
 471.000000  0.009790
 472.000000  0.008472
 473.000000  0.007324
 474.000000  0.008203
 475.000000  0.009765
 476.000000  0.008227
 477.000000  0.007349
 478.000000  0.008032
 479.000000  0.009790
 480.000000  0.008057
 481.000000  0.009790
 482.000000  0.007959
 483.000000  0.007373
 484.000000  0.007886
 485.000000  0.009790
 486.000000  0.007959
 487.000000  0.007324
 488.000000  0.007910
 489.000000  0.007349
 490.000000  0.008032
 491.000000  0.009985
 492.000000  0.008032
 493.000000  0.009887
 494.000000  0.008227
 495.000000  0.009912
 496.000000  0.008057
 497.000000  0.007593
 498.000000  0.008374
 499.000000  0.009961
 500.000000  0.007788
 501.000000  0.009765
 502.000000  0.007812
 503.000000  0.009619
 504.000000  0.008520
 505.000000  0.010107
 506.000000  0.008252
 507.000000  0.007349
 508.000000  0.008227
 509.000000  0.007349
 510.000000  0.008374
 511.000000  0.009887
 512.000000  0.008032
 513.000000  0.007324
 514.000000  0.008008
 515.000000  0.007397
 516.000000  0.008057
 517.000000  0.007349
 518.000000  0.007837
 519.000000  0.007324
 520.000000  0.008179
 521.000000  0.007373
 522.000000  0.008105
 523.000000  0.009838
 524.000000  0.008081
 525.000000  0.009814
 526.000000  0.007886
 527.000000  0.009814
 528.000000  0.008008
 529.000000  0.009790
 530.000000  0.008496
 531.000000  0.009814
 532.000000  0.007910
 533.000000  0.007349
 534.000000  0.007788
 535.000000  0.007349
 536.000000  0.007788
 537.000000  0.009765
 538.000000  0.007812
 539.000000  0.009790
 540.000000  0.008179
 541.000000  0.007373
 542.000000  0.007983
 543.000000  0.007349
 544.000000  0.007788
 545.000000  0.007324
 546.000000  0.008130
 547.000000  0.009814
 548.000000  0.007983
 549.000000  0.009790
 550.000000  0.007959
 551.000000  0.009838
 552.000000  0.007837
 553.000000  0.007324
 554.000000  0.007983
 555.000000  0.007324
 556.000000  0.007788
 557.000000  0.009790
 558.000000  0.008130
 559.000000  0.009790
 560.000000  0.008276
 561.000000  0.007349
 562.000000  0.008325
 563.000000  0.009790
 564.000000  0.007983
 565.000000  0.009765
 566.000000  0.007935
 567.000000  0.009790
 568.000000  0.008252
 569.000000  0.009765
 570.000000  0.008325
 571.000000  0.009765
 572.000000  0.008105
 573.000000  0.009790
 574.000000  0.008276
 575.000000  0.009765
 576.000000  0.008081
 577.000000  0.009790
 578.000000  0.008130
 579.000000  0.009765
 580.000000  0.008472
 581.000000  0.007397
 582.000000  0.008398
 583.000000  0.009765
 584.000000  0.008569
 585.000000  0.009814
 586.000000  0.008569
 587.000000  0.009912
 588.000000  0.008667
 589.000000  0.007349
 590.000000  0.008911
 591.000000  0.009765
 592.000000  0.009277
 593.000000  0.007397
 594.000000  0.009204
 595.000000  0.009961
 596.000000  0.009497
 597.000000  0.009985
 598.000000  0.009399
 599.000000  0.010107
 600.000000  0.009228
 601.000000  0.010083
 602.000000  0.009668
 603.000000  0.011010
 604.000000  0.009766
 605.000000  0.011889
 606.000000  0.009766
 607.000000  0.012207
 608.000000  0.011035
 609.000000  0.013330
 610.000000  0.012817
 611.000000  0.015161
 612.000000  0.015893
 613.000000  0.015161
 614.000000  0.015649
 615.000000  0.015551
 616.000000  0.015039
 617.000000  0.015845
 618.000000  0.020166
 619.000000  0.038842
 620.000000  0.061499
 621.000000  0.079321
 622.000000  0.079492
 623.000000  0.075048
 624.000000  0.058447
 625.000000  0.047656
 626.000000  0.031421
 627.000000  0.022119
 628.000000  0.015674
 629.000000  0.015014
 630.000000  0.012207
 631.000000  0.012329
 632.000000  0.009790
 633.000000  0.012133
 634.000000  0.009766
 635.000000  0.011865
 636.000000  0.009766
 637.000000  0.008179
 638.000000  0.009692
 639.000000  0.010034
 640.000000  0.009717
 641.000000  0.010009
 642.000000  0.009497
 643.000000  0.007666
 644.000000  0.011840
 645.000000  0.009838
 646.000000  0.011572
 647.000000  0.009985
 648.000000  0.008813
 649.000000  0.007568
 650.000000  0.008911
 651.000000  0.007666
 652.000000  0.009277
 653.000000  0.007910
 654.000000  0.008594
 655.000000  0.010205
 656.000000  0.008887
 657.000000  0.010400
 658.000000  0.009082
 659.000000  0.008227
 660.000000  0.008569
 661.000000  0.009838
 662.000000  0.008276
 663.000000  0.009863
 664.000000  0.010791
 665.000000  0.009790
 666.000000  0.010791
 667.000000  0.009814
 668.000000  0.008667
 669.000000  0.007568
 670.000000  0.008911
 671.000000  0.007519
 672.000000  0.008618
 673.000000  0.009936
 674.000000  0.011303
 675.000000  0.009936
 676.000000  0.008520
 677.000000  0.009814
 678.000000  0.008276
 679.000000  0.009814
 680.000000  0.008325
 681.000000  0.007349
 682.000000  0.008618
 683.000000  0.009863
 684.000000  0.008520
 685.000000  0.009814
 686.000000  0.008008
 687.000000  0.007349
 688.000000  0.010791
 689.000000  0.007324
 690.000000  0.010839
 691.000000  0.009765
 692.000000  0.008496
 693.000000  0.009790
 694.000000  0.008496
 695.000000  0.009790
 696.000000  0.010180
 697.000000  0.009790
 698.000000  0.008179
 699.000000  0.009765
 700.000000  0.008105
 701.000000  0.007324
 702.000000  0.007983
 703.000000  0.007349
 704.000000  0.010913
 705.000000  0.009765
 706.000000  0.007983
 707.000000  0.007349
 708.000000  0.008252
 709.000000  0.009765
 710.000000  0.008008
 711.000000  0.009765
 712.000000  0.007983
 713.000000  0.009765
 714.000000  0.007935
 715.000000  0.009765
 716.000000  0.008203
 717.000000  0.009765
 718.000000  0.008105
 719.000000  0.009765
 720.000000  0.008447
 721.000000  0.009790
 722.000000  0.008032
 723.000000  0.009765
 724.000000  0.008179
 725.000000  0.009765
 726.000000  0.008032
 727.000000  0.009765
 728.000000  0.007812
 729.000000  0.007324
 730.000000  0.008105
 731.000000  0.009790
 732.000000  0.007617
 733.000000  0.009790
 734.000000  0.010644
 735.000000  0.009765
 736.000000  0.007690
 737.000000  0.009765
 738.000000  0.007837
 739.000000  0.009765
 740.000000  0.007715
 741.000000  0.009765
 742.000000  0.007837
 743.000000  0.007324
 744.000000  0.007690
 745.000000  0.009765
 746.000000  0.007764
 747.000000  0.007324
 748.000000  0.007861
 749.000000  0.009765
 750.000000  0.007812
 751.000000  0.009765
 752.000000  0.010424
 753.000000  0.009814
 754.000000  0.007910
 755.000000  0.009790
 756.000000  0.007837
 757.000000  0.009765
 758.000000  0.007666
 759.000000  0.007324
 760.000000  0.007861
 761.000000  0.009814
 762.000000  0.007886
 763.000000  0.009765
 764.000000  0.007739
 765.000000  0.009765
 766.000000  0.007788
 767.000000  0.007324
 768.000000  0.007739
 769.000000  0.009765
 770.000000  0.007959
 771.000000  0.009765
 772.000000  0.007617
 773.000000  0.009790
 774.000000  0.010351
 775.000000  0.009765
 776.000000  0.010131
 777.000000  0.009814
 778.000000  0.007764
 779.000000  0.007324
 780.000000  0.007715
 781.000000  0.007349
 782.000000  0.010229
 783.000000  0.009765
 784.000000  0.007593
 785.000000  0.009765
 786.000000  0.007764
 787.000000  0.009790
 788.000000  0.010229
 789.000000  0.009765
 790.000000  0.007739
 791.000000  0.009790
 792.000000  0.007642
 793.000000  0.009765
 794.000000  0.007764
 795.000000  0.009765
 796.000000  0.008105
 797.000000  0.009790
 798.000000  0.007690
 799.000000  0.009790
 800.000000  0.007861
 801.000000  0.009838
 802.000000  0.010376
 803.000000  0.009790
 804.000000  0.007959
 805.000000  0.009912
 806.000000  0.007812
 807.000000  0.009790
 808.000000  0.010449
 809.000000  0.007519
 810.000000  0.008276
 811.000000  0.007544
 812.000000  0.007715
 813.000000  0.007324
 814.000000  0.007764
 815.000000  0.009594
 816.000000  0.008252
 817.000000  0.010058
 818.000000  0.008350
 819.000000  0.009814
 820.000000  0.007764
 821.000000  0.009814
 822.000000  0.007959
 823.000000  0.009838
 824.000000  0.010302
 825.000000  0.009765
 826.000000  0.007715
 827.000000  0.009765
 828.000000  0.007715
 829.000000  0.009765
 830.000000  0.007788
 831.000000  0.009765
 832.000000  0.007739
 833.000000  0.009790
 834.000000  0.007788
 835.000000  0.009814
 836.000000  0.010131
 837.000000  0.009765
 838.000000  0.007812
 839.000000  0.009790
 840.000000  0.008032
 841.000000  0.009765
 842.000000  0.010083
 843.000000  0.009765
 844.000000  0.007642
 845.000000  0.007324
 846.000000  0.010009
 847.000000  0.009790
 848.000000  0.007593
 849.000000  0.009765
 850.000000  0.007642
 851.000000  0.009765
 852.000000  0.007861
 853.000000  0.007324
 854.000000  0.010620
 855.000000  0.009790
 856.000000  0.007617
 857.000000  0.007324
 858.000000  0.007739
 859.000000  0.007324
 860.000000  0.010058
 861.000000  0.009765
 862.000000  0.007642
 863.000000  0.007324
 864.000000  0.007593
 865.000000  0.009814
 866.000000  0.010156
 867.000000  0.007324
 868.000000  0.007764
 869.000000  0.009765
 870.000000  0.007861
 871.000000  0.009765
 872.000000  0.007739
 873.000000  0.009765
 874.000000  0.007593
 875.000000  0.009765
 876.000000  0.007568
 877.000000  0.007324
 878.000000  0.007910
 879.000000  0.007324
 880.000000  0.007593
 881.000000  0.009765
 882.000000  0.007544
 883.000000  0.009765
 884.000000  0.007788
 885.000000  0.009765
 886.000000  0.007593
 887.000000  0.007324
 888.000000  0.007690
 889.000000  0.009765
 890.000000  0.007666
 891.000000  0.009765
 892.000000  0.007690
 893.000000  0.009765
 894.000000  0.007715
 895.000000  0.009765
 896.000000  0.007495
 897.000000  0.009765
 898.000000  0.007471
 899.000000  0.009765
 900.000000  0.007617
 901.000000  0.009765
 902.000000  0.009936
 903.000000  0.009765
 904.000000  0.007593
 905.000000  0.009765
 906.000000  0.009961
 907.000000  0.009765
 908.000000  0.010009
 909.000000  0.009765
 910.000000  0.007642
 911.000000  0.009765
 912.000000  0.007666
 913.000000  0.009765
 914.000000  0.007568
 915.000000  0.009765
 916.000000  0.007446
 917.000000  0.009765
 918.000000  0.010253
 919.000000  0.009765
 920.000000  0.010278
 921.000000  0.009765
 922.000000  0.007642
 923.000000  0.009765
 924.000000  0.007568
 925.000000  0.009765
 926.000000  0.007568
 927.000000  0.009765
 928.000000  0.007812
 929.000000  0.009765
 930.000000  0.007886
 931.000000  0.009765
 932.000000  0.007568
 933.000000  0.009765
 934.000000  0.007642
 935.000000  0.009765
 936.000000  0.007837
 937.000000  0.009765
 938.000000  0.007715
 939.000000  0.009790
 940.000000  0.007837
 941.000000  0.009765
 942.000000  0.007739
 943.000000  0.009765
 944.000000  0.007642
 945.000000  0.007324
 946.000000  0.010278
 947.000000  0.009765
 948.000000  0.007666
 949.000000  0.009790
 950.000000  0.010205
 951.000000  0.009765
 952.000000  0.007568
 953.000000  0.009765
 954.000000  0.007764
 955.000000  0.009765
 956.000000  0.007837
 957.000000  0.009765
 958.000000  0.007812
 959.000000  0.007300
 960.000000  0.007642
 961.000000  0.007202
 962.000000  0.010302
 963.000000  0.007300
 964.000000  0.007959
 965.000000  0.010034
 966.000000  0.007935
 967.000000  0.009790
 968.000000  0.008276
 969.000000  0.009936
 970.000000  0.010766
 971.000000  0.010351
 972.000000  0.008325
 973.000000  0.009863
 974.000000  0.007739
 975.000000  0.009814
 976.000000  0.007666
 977.000000  0.009765
 978.000000  0.007690
 979.000000  0.009765
 980.000000  0.007764
 981.000000  0.009863
 982.000000  0.007959
 983.000000  0.007373
 984.000000  0.007812
 985.000000  0.009814
 986.000000  0.007666
 987.000000  0.009741
 988.000000  0.010351
 989.000000  0.009790
 990.000000  0.007861
 991.000000  0.009790
 992.000000  0.007812
 993.000000  0.009790
 994.000000  0.007910
 995.000000  0.009863
 996.000000  0.007812
 997.000000  0.009741
 998.000000  0.009887
 999.000000  0.009765
 1000.000000  0.010278
 1001.000000  0.009765
 1002.000000  0.007568
 1003.000000  0.009765
 1004.000000  0.007593
 1005.000000  0.009790
 1006.000000  0.007544
 1007.000000  0.009765
 1008.000000  0.007739
 1009.000000  0.009765
 1010.000000  0.007568
 1011.000000  0.009814
 1012.000000  0.007593
 1013.000000  0.009765
 1014.000000  0.007422
 1015.000000  0.009790
 1016.000000  0.007544
 1017.000000  0.009765
 1018.000000  0.007471
 1019.000000  0.009765
 1020.000000  0.007397
 1021.000000  0.009765
 1022.000000  0.007373
 1023.000000  0.009765
