 0.000000  0.007935
 1.000000  0.007349
 2.000000  0.007764
 3.000000  0.007373
 4.000000  0.008032
 5.000000  0.007373
 6.000000  0.008374
 7.000000  0.007373
 8.000000  0.008154
 9.000000  0.007373
 10.000000  0.008325
 11.000000  0.007373
 12.000000  0.008179
 13.000000  0.007324
 14.000000  0.008105
 15.000000  0.007324
 16.000000  0.008496
 17.000000  0.007349
 18.000000  0.008276
 19.000000  0.007373
 20.000000  0.007837
 21.000000  0.007397
 22.000000  0.008081
 23.000000  0.007422
 24.000000  0.008227
 25.000000  0.007422
 26.000000  0.008789
 27.000000  0.009814
 28.000000  0.008276
 29.000000  0.007324
 30.000000  0.008081
 31.000000  0.007373
 32.000000  0.007983
 33.000000  0.007397
 34.000000  0.008081
 35.000000  0.007349
 36.000000  0.008203
 37.000000  0.007422
 38.000000  0.008227
 39.000000  0.009790
 40.000000  0.008350
 41.000000  0.007373
 42.000000  0.008398
 43.000000  0.007397
 44.000000  0.008423
 45.000000  0.007324
 46.000000  0.008350
 47.000000  0.007349
 48.000000  0.008276
 49.000000  0.007373
 50.000000  0.007886
 51.000000  0.007349
 52.000000  0.008057
 53.000000  0.007397
 54.000000  0.008301
 55.000000  0.007373
 56.000000  0.008252
 57.000000  0.007397
 58.000000  0.008423
 59.000000  0.009814
 60.000000  0.008179
 61.000000  0.009814
 62.000000  0.007983
 63.000000  0.007349
 64.000000  0.008130
 65.000000  0.007300
 66.000000  0.008252
 67.000000  0.009838
 68.000000  0.007739
 69.000000  0.007349
 70.000000  0.007886
 71.000000  0.007349
 72.000000  0.007935
 73.000000  0.007397
 74.000000  0.008057
 75.000000  0.007373
 76.000000  0.008203
 77.000000  0.007324
 78.000000  0.008203
 79.000000  0.007349
 80.000000  0.008154
 81.000000  0.007373
 82.000000  0.007739
 83.000000  0.007397
 84.000000  0.007837
 85.000000  0.007373
 86.000000  0.008081
 87.000000  0.007349
 88.000000  0.007935
 89.000000  0.007397
 90.000000  0.007983
 91.000000  0.007349
 92.000000  0.007886
 93.000000  0.007373
 94.000000  0.007910
 95.000000  0.007349
 96.000000  0.008179
 97.000000  0.007349
 98.000000  0.007959
 99.000000  0.007446
 100.000000  0.008057
 101.000000  0.009814
 102.000000  0.008008
 103.000000  0.009838
 104.000000  0.007764
 105.000000  0.007373
 106.000000  0.008350
 107.000000  0.007349
 108.000000  0.008325
 109.000000  0.009790
 110.000000  0.008130
 111.000000  0.007349
 112.000000  0.007886
 113.000000  0.007373
 114.000000  0.007959
 115.000000  0.007324
 116.000000  0.007959
 117.000000  0.007324
 118.000000  0.007886
 119.000000  0.007324
 120.000000  0.008081
 121.000000  0.007349
 122.000000  0.007812
 123.000000  0.007349
 124.000000  0.008057
 125.000000  0.007349
 126.000000  0.008203
 127.000000  0.009765
 128.000000  0.007812
 129.000000  0.007324
 130.000000  0.007910
 131.000000  0.009765
 132.000000  0.007617
 133.000000  0.007349
 134.000000  0.008105
 135.000000  0.009790
 136.000000  0.007935
 137.000000  0.007324
 138.000000  0.008057
 139.000000  0.007324
 140.000000  0.008057
 141.000000  0.007349
 142.000000  0.007886
 143.000000  0.007324
 144.000000  0.007788
 145.000000  0.009790
 146.000000  0.007983
 147.000000  0.007324
 148.000000  0.008008
 149.000000  0.009790
 150.000000  0.007861
 151.000000  0.007300
 152.000000  0.007715
 153.000000  0.007324
 154.000000  0.007812
 155.000000  0.007324
 156.000000  0.007617
 157.000000  0.009765
 158.000000  0.007861
 159.000000  0.007373
 160.000000  0.008105
 161.000000  0.007324
 162.000000  0.007812
 163.000000  0.007324
 164.000000  0.007715
 165.000000  0.007324
 166.000000  0.007593
 167.000000  0.007300
 168.000000  0.008032
 169.000000  0.009765
 170.000000  0.007861
 171.000000  0.007300
 172.000000  0.007715
 173.000000  0.007349
 174.000000  0.007690
 175.000000  0.007349
 176.000000  0.007666
 177.000000  0.007349
 178.000000  0.007788
 179.000000  0.009765
 180.000000  0.007568
 181.000000  0.007349
 182.000000  0.007593
 183.000000  0.007349
 184.000000  0.007715
 185.000000  0.007373
 186.000000  0.007642
 187.000000  0.007373
 188.000000  0.007715
 189.000000  0.007300
 190.000000  0.007666
 191.000000  0.007324
 192.000000  0.007666
 193.000000  0.007349
 194.000000  0.007739
 195.000000  0.007349
 196.000000  0.010180
 197.000000  0.007275
 198.000000  0.007812
 199.000000  0.009765
 200.000000  0.007642
 201.000000  0.009790
 202.000000  0.007617
 203.000000  0.007324
 204.000000  0.007739
 205.000000  0.007324
 206.000000  0.007642
 207.000000  0.007397
 208.000000  0.007764
 209.000000  0.009765
 210.000000  0.007715
 211.000000  0.007324
 212.000000  0.007593
 213.000000  0.009790
 214.000000  0.007642
 215.000000  0.007300
 216.000000  0.007617
 217.000000  0.007349
 218.000000  0.007666
 219.000000  0.009765
 220.000000  0.007568
 221.000000  0.007349
 222.000000  0.007593
 223.000000  0.007349
 224.000000  0.007812
 225.000000  0.007324
 226.000000  0.007544
 227.000000  0.009790
 228.000000  0.007861
 229.000000  0.009790
 230.000000  0.008057
 231.000000  0.007324
 232.000000  0.007715
 233.000000  0.009765
 234.000000  0.007812
 235.000000  0.007324
 236.000000  0.007764
 237.000000  0.007275
 238.000000  0.007666
 239.000000  0.009765
 240.000000  0.007690
 241.000000  0.007300
 242.000000  0.007568
 243.000000  0.009790
 244.000000  0.007568
 245.000000  0.007300
 246.000000  0.007617
 247.000000  0.007324
 248.000000  0.007715
 249.000000  0.007349
 250.000000  0.007519
 251.000000  0.007324
 252.000000  0.007642
 253.000000  0.007324
 254.000000  0.007471
 255.000000  0.009716
 256.000000  0.007788
 257.000000  0.007324
 258.000000  0.007593
 259.000000  0.007324
 260.000000  0.007690
 261.000000  0.007324
 262.000000  0.007471
 263.000000  0.009741
 264.000000  0.007666
 265.000000  0.009765
 266.000000  0.007519
 267.000000  0.009765
 268.000000  0.007495
 269.000000  0.009790
 270.000000  0.007568
 271.000000  0.007275
 272.000000  0.007617
 273.000000  0.007300
 274.000000  0.007544
 275.000000  0.009765
 276.000000  0.007593
 277.000000  0.009741
 278.000000  0.007764
 279.000000  0.007324
 280.000000  0.007690
 281.000000  0.009741
 282.000000  0.007544
 283.000000  0.009765
 284.000000  0.007568
 285.000000  0.007324
 286.000000  0.007471
 287.000000  0.007324
 288.000000  0.007544
 289.000000  0.009765
 290.000000  0.007544
 291.000000  0.007324
 292.000000  0.007593
 293.000000  0.007324
 294.000000  0.007544
 295.000000  0.009765
 296.000000  0.007593
 297.000000  0.009765
 298.000000  0.007690
 299.000000  0.009765
 300.000000  0.007446
 301.000000  0.007324
 302.000000  0.007617
 303.000000  0.009790
 304.000000  0.007739
 305.000000  0.007373
 306.000000  0.007593
 307.000000  0.009790
 308.000000  0.007666
 309.000000  0.009765
 310.000000  0.007812
 311.000000  0.007324
 312.000000  0.007617
 313.000000  0.007349
 314.000000  0.007764
 315.000000  0.009790
 316.000000  0.007642
 317.000000  0.007300
 318.000000  0.007519
 319.000000  0.007324
 320.000000  0.007544
 321.000000  0.009765
 322.000000  0.007519
 323.000000  0.009790
 324.000000  0.007519
 325.000000  0.007324
 326.000000  0.007568
 327.000000  0.007324
 328.000000  0.007617
 329.000000  0.009790
 330.000000  0.007715
 331.000000  0.009790
 332.000000  0.007617
 333.000000  0.009741
 334.000000  0.007666
 335.000000  0.009765
 336.000000  0.007642
 337.000000  0.007324
 338.000000  0.007764
 339.000000  0.007349
 340.000000  0.007642
 341.000000  0.009741
 342.000000  0.010083
 343.000000  0.009765
 344.000000  0.007544
 345.000000  0.009790
 346.000000  0.007666
 347.000000  0.007324
 348.000000  0.007593
 349.000000  0.009741
 350.000000  0.007690
 351.000000  0.009716
 352.000000  0.007568
 353.000000  0.009814
 354.000000  0.007519
 355.000000  0.007300
 356.000000  0.007446
 357.000000  0.007324
 358.000000  0.007666
 359.000000  0.009765
 360.000000  0.007861
 361.000000  0.007324
 362.000000  0.007568
 363.000000  0.009790
 364.000000  0.007593
 365.000000  0.007349
 366.000000  0.007666
 367.000000  0.007349
 368.000000  0.007544
 369.000000  0.007349
 370.000000  0.007495
 371.000000  0.009790
 372.000000  0.007544
 373.000000  0.009790
 374.000000  0.007568
 375.000000  0.009790
 376.000000  0.007593
 377.000000  0.007324
 378.000000  0.007617
 379.000000  0.007349
 380.000000  0.007715
 381.000000  0.009741
 382.000000  0.007397
 383.000000  0.007300
 384.000000  0.007642
 385.000000  0.007324
 386.000000  0.007666
 387.000000  0.009790
 388.000000  0.007495
 389.000000  0.009790
 390.000000  0.007886
 391.000000  0.009741
 392.000000  0.007642
 393.000000  0.007324
 394.000000  0.007568
 395.000000  0.007349
 396.000000  0.007715
 397.000000  0.007300
 398.000000  0.007690
 399.000000  0.007324
 400.000000  0.007617
 401.000000  0.009790
 402.000000  0.007666
 403.000000  0.007324
 404.000000  0.007422
 405.000000  0.007349
 406.000000  0.007617
 407.000000  0.007300
 408.000000  0.007666
 409.000000  0.009765
 410.000000  0.007642
 411.000000  0.009765
 412.000000  0.007666
 413.000000  0.007324
 414.000000  0.007812
 415.000000  0.009790
 416.000000  0.007593
 417.000000  0.007300
 418.000000  0.007617
 419.000000  0.007324
 420.000000  0.007739
 421.000000  0.007373
 422.000000  0.007617
 423.000000  0.007324
 424.000000  0.007593
 425.000000  0.009765
 426.000000  0.007642
 427.000000  0.009838
 428.000000  0.007519
 429.000000  0.009765
 430.000000  0.007642
 431.000000  0.009741
 432.000000  0.007471
 433.000000  0.007324
 434.000000  0.007471
 435.000000  0.009765
 436.000000  0.007397
 437.000000  0.009765
 438.000000  0.007397
 439.000000  0.009765
 440.000000  0.007446
 441.000000  0.009741
 442.000000  0.007397
 443.000000  0.009765
 444.000000  0.007666
 445.000000  0.009765
 446.000000  0.007544
 447.000000  0.007324
 448.000000  0.007642
 449.000000  0.009765
 450.000000  0.007495
 451.000000  0.009790
 452.000000  0.007471
 453.000000  0.009765
 454.000000  0.007544
 455.000000  0.009765
 456.000000  0.007446
 457.000000  0.009765
 458.000000  0.007495
 459.000000  0.009765
 460.000000  0.007617
 461.000000  0.009790
 462.000000  0.007593
 463.000000  0.009765
 464.000000  0.007568
 465.000000  0.009741
 466.000000  0.007593
 467.000000  0.007324
 468.000000  0.007544
 469.000000  0.007300
 470.000000  0.007519
 471.000000  0.009790
 472.000000  0.007642
 473.000000  0.007324
 474.000000  0.007593
 475.000000  0.009741
 476.000000  0.007593
 477.000000  0.007275
 478.000000  0.007617
 479.000000  0.009741
 480.000000  0.007617
 481.000000  0.009765
 482.000000  0.007471
 483.000000  0.007324
 484.000000  0.007519
 485.000000  0.009814
 486.000000  0.007471
 487.000000  0.007275
 488.000000  0.007568
 489.000000  0.007349
 490.000000  0.007495
 491.000000  0.009790
 492.000000  0.007495
 493.000000  0.009790
 494.000000  0.007715
 495.000000  0.009741
 496.000000  0.007617
 497.000000  0.007324
 498.000000  0.007519
 499.000000  0.009814
 500.000000  0.007519
 501.000000  0.009765
 502.000000  0.007397
 503.000000  0.009741
 504.000000  0.007397
 505.000000  0.009741
 506.000000  0.007642
 507.000000  0.007300
 508.000000  0.007617
 509.000000  0.007324
 510.000000  0.007690
 511.000000  0.009765
 512.000000  0.007519
 513.000000  0.007324
 514.000000  0.007519
 515.000000  0.007324
 516.000000  0.007471
 517.000000  0.007324
 518.000000  0.007544
 519.000000  0.007324
 520.000000  0.007617
 521.000000  0.007324
 522.000000  0.007568
 523.000000  0.009790
 524.000000  0.007519
 525.000000  0.009765
 526.000000  0.007666
 527.000000  0.009765
 528.000000  0.007519
 529.000000  0.009814
 530.000000  0.007519
 531.000000  0.009765
 532.000000  0.007593
 533.000000  0.007349
 534.000000  0.007495
 535.000000  0.007300
 536.000000  0.007568
 537.000000  0.009790
 538.000000  0.007471
 539.000000  0.009790
 540.000000  0.007666
 541.000000  0.007324
 542.000000  0.007617
 543.000000  0.007300
 544.000000  0.007495
 545.000000  0.007324
 546.000000  0.007593
 547.000000  0.009765
 548.000000  0.007617
 549.000000  0.009741
 550.000000  0.007544
 551.000000  0.009790
 552.000000  0.007495
 553.000000  0.007349
 554.000000  0.007715
 555.000000  0.007349
 556.000000  0.007593
 557.000000  0.009741
 558.000000  0.007495
 559.000000  0.009765
 560.000000  0.007690
 561.000000  0.007324
 562.000000  0.008008
 563.000000  0.009814
 564.000000  0.007715
 565.000000  0.009765
 566.000000  0.007739
 567.000000  0.009790
 568.000000  0.007910
 569.000000  0.009814
 570.000000  0.007837
 571.000000  0.009741
 572.000000  0.007788
 573.000000  0.009814
 574.000000  0.007959
 575.000000  0.009814
 576.000000  0.008130
 577.000000  0.009863
 578.000000  0.008423
 579.000000  0.009838
 580.000000  0.008716
 581.000000  0.007593
 582.000000  0.009155
 583.000000  0.010205
 584.000000  0.009399
 585.000000  0.010839
 586.000000  0.009717
 587.000000  0.012207
 588.000000  0.009912
 589.000000  0.009766
 590.000000  0.009839
 591.000000  0.012207
 592.000000  0.010229
 593.000000  0.011987
 594.000000  0.022144
 595.000000  0.047070
 596.000000  0.060718
 597.000000  0.055322
 598.000000  0.039258
 599.000000  0.019995
 600.000000  0.012207
 601.000000  0.012255
 602.000000  0.009790
 603.000000  0.012207
 604.000000  0.009814
 605.000000  0.012133
 606.000000  0.009766
 607.000000  0.011377
 608.000000  0.009717
 609.000000  0.010131
 610.000000  0.009521
 611.000000  0.009814
 612.000000  0.011230
 613.000000  0.009814
 614.000000  0.010937
 615.000000  0.009814
 616.000000  0.008203
 617.000000  0.007349
 618.000000  0.007910
 619.000000  0.009814
 620.000000  0.008252
 621.000000  0.009741
 622.000000  0.007690
 623.000000  0.009765
 624.000000  0.010302
 625.000000  0.009814
 626.000000  0.007788
 627.000000  0.009765
 628.000000  0.007642
 629.000000  0.009814
 630.000000  0.007861
 631.000000  0.009765
 632.000000  0.007666
 633.000000  0.009790
 634.000000  0.007642
 635.000000  0.009741
 636.000000  0.007568
 637.000000  0.007300
 638.000000  0.007446
 639.000000  0.009765
 640.000000  0.007715
 641.000000  0.009790
 642.000000  0.007642
 643.000000  0.007349
 644.000000  0.010009
 645.000000  0.009765
 646.000000  0.010180
 647.000000  0.009741
 648.000000  0.007544
 649.000000  0.007324
 650.000000  0.007519
 651.000000  0.007349
 652.000000  0.007544
 653.000000  0.007324
 654.000000  0.007422
 655.000000  0.009716
 656.000000  0.007519
 657.000000  0.009765
 658.000000  0.007397
 659.000000  0.007349
 660.000000  0.007471
 661.000000  0.009741
 662.000000  0.007519
 663.000000  0.009765
 664.000000  0.009936
 665.000000  0.009741
 666.000000  0.009912
 667.000000  0.009741
 668.000000  0.007544
 669.000000  0.007324
 670.000000  0.007568
 671.000000  0.007324
 672.000000  0.007373
 673.000000  0.009741
 674.000000  0.010034
 675.000000  0.009765
 676.000000  0.007568
 677.000000  0.009790
 678.000000  0.007446
 679.000000  0.009741
 680.000000  0.007495
 681.000000  0.007373
 682.000000  0.007642
 683.000000  0.009765
 684.000000  0.007544
 685.000000  0.009790
 686.000000  0.007471
 687.000000  0.007324
 688.000000  0.009912
 689.000000  0.007275
 690.000000  0.009961
 691.000000  0.009741
 692.000000  0.007568
 693.000000  0.009716
 694.000000  0.007397
 695.000000  0.009741
 696.000000  0.009838
 697.000000  0.009716
 698.000000  0.007446
 699.000000  0.009716
 700.000000  0.007373
 701.000000  0.007349
 702.000000  0.007471
 703.000000  0.007349
 704.000000  0.009863
 705.000000  0.009692
 706.000000  0.007446
 707.000000  0.007324
 708.000000  0.007373
 709.000000  0.009741
 710.000000  0.007519
 711.000000  0.009741
 712.000000  0.007568
 713.000000  0.009790
 714.000000  0.007471
 715.000000  0.009765
 716.000000  0.007519
 717.000000  0.009765
 718.000000  0.007446
 719.000000  0.009741
 720.000000  0.007519
 721.000000  0.009741
 722.000000  0.007495
 723.000000  0.009741
 724.000000  0.007446
 725.000000  0.009716
 726.000000  0.007642
 727.000000  0.009668
 728.000000  0.007422
 729.000000  0.007324
 730.000000  0.007544
 731.000000  0.009790
 732.000000  0.007397
 733.000000  0.009741
 734.000000  0.009887
 735.000000  0.009741
 736.000000  0.007446
 737.000000  0.009741
 738.000000  0.007471
 739.000000  0.009790
 740.000000  0.007471
 741.000000  0.009741
 742.000000  0.007446
 743.000000  0.007324
 744.000000  0.007349
 745.000000  0.009765
 746.000000  0.007373
 747.000000  0.007300
 748.000000  0.007397
 749.000000  0.009741
 750.000000  0.007349
 751.000000  0.009765
 752.000000  0.009838
 753.000000  0.009741
 754.000000  0.007373
 755.000000  0.009790
 756.000000  0.007397
 757.000000  0.009765
 758.000000  0.007349
 759.000000  0.007324
 760.000000  0.007373
 761.000000  0.009765
 762.000000  0.007495
 763.000000  0.009716
 764.000000  0.007373
 765.000000  0.009765
 766.000000  0.007349
 767.000000  0.007324
 768.000000  0.007324
 769.000000  0.009765
 770.000000  0.007397
 771.000000  0.009716
 772.000000  0.007373
 773.000000  0.009741
 774.000000  0.009863
 775.000000  0.009790
 776.000000  0.009790
 777.000000  0.009765
 778.000000  0.007373
 779.000000  0.007251
 780.000000  0.007397
 781.000000  0.007227
 782.000000  0.009863
 783.000000  0.009716
 784.000000  0.007373
 785.000000  0.009741
 786.000000  0.007349
 787.000000  0.009741
 788.000000  0.009887
 789.000000  0.009741
 790.000000  0.007422
 791.000000  0.009716
 792.000000  0.007373
 793.000000  0.009716
 794.000000  0.007324
 795.000000  0.009716
 796.000000  0.007373
 797.000000  0.009716
 798.000000  0.007373
 799.000000  0.009692
 800.000000  0.007397
 801.000000  0.009741
 802.000000  0.009887
 803.000000  0.009692
 804.000000  0.007373
 805.000000  0.009741
 806.000000  0.007373
 807.000000  0.009741
 808.000000  0.009838
 809.000000  0.007227
 810.000000  0.007397
 811.000000  0.007251
 812.000000  0.007373
 813.000000  0.007300
 814.000000  0.007422
 815.000000  0.009741
 816.000000  0.007446
 817.000000  0.009741
 818.000000  0.007397
 819.000000  0.009692
 820.000000  0.007373
 821.000000  0.009668
 822.000000  0.007349
 823.000000  0.009741
 824.000000  0.009887
 825.000000  0.009692
 826.000000  0.007324
 827.000000  0.009765
 828.000000  0.007446
 829.000000  0.009741
 830.000000  0.007373
 831.000000  0.009741
 832.000000  0.007300
 833.000000  0.009692
 834.000000  0.007349
 835.000000  0.009716
 836.000000  0.009814
 837.000000  0.009692
 838.000000  0.007397
 839.000000  0.009594
 840.000000  0.007373
 841.000000  0.009716
 842.000000  0.009790
 843.000000  0.009716
 844.000000  0.007373
 845.000000  0.007349
 846.000000  0.009790
 847.000000  0.009716
 848.000000  0.007373
 849.000000  0.009790
 850.000000  0.007349
 851.000000  0.009741
 852.000000  0.007349
 853.000000  0.007251
 854.000000  0.009838
 855.000000  0.009716
 856.000000  0.007397
 857.000000  0.007324
 858.000000  0.007471
 859.000000  0.007275
 860.000000  0.009765
 861.000000  0.009741
 862.000000  0.007397
 863.000000  0.007275
 864.000000  0.007324
 865.000000  0.009741
 866.000000  0.009838
 867.000000  0.007300
 868.000000  0.007397
 869.000000  0.009692
 870.000000  0.007422
 871.000000  0.009692
 872.000000  0.007349
 873.000000  0.009692
 874.000000  0.007349
 875.000000  0.009765
 876.000000  0.007495
 877.000000  0.007324
 878.000000  0.007446
 879.000000  0.007349
 880.000000  0.007373
 881.000000  0.009692
 882.000000  0.007397
 883.000000  0.009692
 884.000000  0.007397
 885.000000  0.009716
 886.000000  0.007422
 887.000000  0.007227
 888.000000  0.007397
 889.000000  0.009716
 890.000000  0.007397
 891.000000  0.009668
 892.000000  0.007349
 893.000000  0.009741
 894.000000  0.007397
 895.000000  0.009741
 896.000000  0.007349
 897.000000  0.009741
 898.000000  0.007349
 899.000000  0.009741
 900.000000  0.007373
 901.000000  0.009741
 902.000000  0.009790
 903.000000  0.009741
 904.000000  0.007373
 905.000000  0.009765
 906.000000  0.009765
 907.000000  0.009765
 908.000000  0.009790
 909.000000  0.009765
 910.000000  0.007397
 911.000000  0.009765
 912.000000  0.007324
 913.000000  0.009765
 914.000000  0.007324
 915.000000  0.009716
 916.000000  0.007324
 917.000000  0.009741
 918.000000  0.009814
 919.000000  0.009765
 920.000000  0.009765
 921.000000  0.009716
 922.000000  0.007324
 923.000000  0.009765
 924.000000  0.007349
 925.000000  0.009765
 926.000000  0.007373
 927.000000  0.009741
 928.000000  0.007349
 929.000000  0.009741
 930.000000  0.007349
 931.000000  0.009692
 932.000000  0.007349
 933.000000  0.009716
 934.000000  0.007471
 935.000000  0.009765
 936.000000  0.007422
 937.000000  0.009716
 938.000000  0.007495
 939.000000  0.009741
 940.000000  0.007373
 941.000000  0.009765
 942.000000  0.007373
 943.000000  0.009765
 944.000000  0.007422
 945.000000  0.007300
 946.000000  0.009765
 947.000000  0.009741
 948.000000  0.007373
 949.000000  0.009765
 950.000000  0.009814
 951.000000  0.009741
 952.000000  0.007373
 953.000000  0.009741
 954.000000  0.007471
 955.000000  0.009741
 956.000000  0.007373
 957.000000  0.009741
 958.000000  0.007349
 959.000000  0.007251
 960.000000  0.007349
 961.000000  0.007251
 962.000000  0.009863
 963.000000  0.007275
 964.000000  0.007349
 965.000000  0.009741
 966.000000  0.007324
 967.000000  0.009716
 968.000000  0.007397
 969.000000  0.009765
 970.000000  0.009814
 971.000000  0.009716
 972.000000  0.007349
 973.000000  0.009741
 974.000000  0.007397
 975.000000  0.009716
 976.000000  0.007373
 977.000000  0.009765
 978.000000  0.007373
 979.000000  0.009741
 980.000000  0.007397
 981.000000  0.009741
 982.000000  0.007373
 983.000000  0.007275
 984.000000  0.007349
 985.000000  0.009765
 986.000000  0.007422
 987.000000  0.009716
 988.000000  0.009814
 989.000000  0.009692
 990.000000  0.007349
 991.000000  0.009741
 992.000000  0.007349
 993.000000  0.009716
 994.000000  0.007373
 995.000000  0.009741
 996.000000  0.007422
 997.000000  0.009741
 998.000000  0.009814
 999.000000  0.009716
 1000.000000  0.009838
 1001.000000  0.009692
 1002.000000  0.007349
 1003.000000  0.009692
 1004.000000  0.007373
 1005.000000  0.009692
 1006.000000  0.007349
 1007.000000  0.009716
 1008.000000  0.007397
 1009.000000  0.009790
 1010.000000  0.007324
 1011.000000  0.009741
 1012.000000  0.007397
 1013.000000  0.009716
 1014.000000  0.007324
 1015.000000  0.009790
 1016.000000  0.007373
 1017.000000  0.009765
 1018.000000  0.007397
 1019.000000  0.009692
 1020.000000  0.007349
 1021.000000  0.009594
 1022.000000  0.007349
 1023.000000  0.009716
