 0.000000  0.008594
 1.000000  0.007397
 2.000000  0.008374
 3.000000  0.007544
 4.000000  0.008740
 5.000000  0.007422
 6.000000  0.008960
 7.000000  0.007373
 8.000000  0.008911
 9.000000  0.007471
 10.000000  0.008691
 11.000000  0.007422
 12.000000  0.009058
 13.000000  0.007373
 14.000000  0.008984
 15.000000  0.007422
 16.000000  0.009228
 17.000000  0.007422
 18.000000  0.008960
 19.000000  0.007471
 20.000000  0.008569
 21.000000  0.007568
 22.000000  0.008594
 23.000000  0.007446
 24.000000  0.008936
 25.000000  0.007397
 26.000000  0.009424
 27.000000  0.009985
 28.000000  0.009106
 29.000000  0.007519
 30.000000  0.008887
 31.000000  0.007495
 32.000000  0.009082
 33.000000  0.007422
 34.000000  0.009155
 35.000000  0.007446
 36.000000  0.008911
 37.000000  0.007422
 38.000000  0.009033
 39.000000  0.009887
 40.000000  0.009180
 41.000000  0.007397
 42.000000  0.008789
 43.000000  0.007373
 44.000000  0.009058
 45.000000  0.007373
 46.000000  0.009058
 47.000000  0.007349
 48.000000  0.008838
 49.000000  0.007349
 50.000000  0.008301
 51.000000  0.007495
 52.000000  0.008545
 53.000000  0.007544
 54.000000  0.008838
 55.000000  0.007373
 56.000000  0.008838
 57.000000  0.007373
 58.000000  0.009424
 59.000000  0.009838
 60.000000  0.008740
 61.000000  0.009863
 62.000000  0.008618
 63.000000  0.007495
 64.000000  0.008862
 65.000000  0.007397
 66.000000  0.008765
 67.000000  0.009863
 68.000000  0.008423
 69.000000  0.007495
 70.000000  0.008789
 71.000000  0.007495
 72.000000  0.008618
 73.000000  0.007446
 74.000000  0.008740
 75.000000  0.007519
 76.000000  0.008960
 77.000000  0.007397
 78.000000  0.008691
 79.000000  0.007446
 80.000000  0.008813
 81.000000  0.007471
 82.000000  0.008350
 83.000000  0.007373
 84.000000  0.008667
 85.000000  0.007519
 86.000000  0.008545
 87.000000  0.007471
 88.000000  0.008740
 89.000000  0.007397
 90.000000  0.008862
 91.000000  0.007446
 92.000000  0.008936
 93.000000  0.007324
 94.000000  0.008594
 95.000000  0.007373
 96.000000  0.008520
 97.000000  0.007422
 98.000000  0.008643
 99.000000  0.007471
 100.000000  0.008960
 101.000000  0.009863
 102.000000  0.008520
 103.000000  0.009912
 104.000000  0.008472
 105.000000  0.007397
 106.000000  0.008960
 107.000000  0.007495
 108.000000  0.008887
 109.000000  0.009912
 110.000000  0.008936
 111.000000  0.007544
 112.000000  0.008765
 113.000000  0.007422
 114.000000  0.008984
 115.000000  0.007422
 116.000000  0.008447
 117.000000  0.007397
 118.000000  0.008594
 119.000000  0.007397
 120.000000  0.008813
 121.000000  0.007373
 122.000000  0.008862
 123.000000  0.007495
 124.000000  0.008813
 125.000000  0.007446
 126.000000  0.009009
 127.000000  0.009863
 128.000000  0.008716
 129.000000  0.007373
 130.000000  0.008740
 131.000000  0.009961
 132.000000  0.008813
 133.000000  0.007446
 134.000000  0.009058
 135.000000  0.009863
 136.000000  0.008667
 137.000000  0.007397
 138.000000  0.008911
 139.000000  0.007397
 140.000000  0.009082
 141.000000  0.007422
 142.000000  0.008960
 143.000000  0.007422
 144.000000  0.008643
 145.000000  0.009863
 146.000000  0.008691
 147.000000  0.007422
 148.000000  0.008911
 149.000000  0.009790
 150.000000  0.008691
 151.000000  0.007422
 152.000000  0.008813
 153.000000  0.007373
 154.000000  0.008569
 155.000000  0.007397
 156.000000  0.008398
 157.000000  0.009814
 158.000000  0.008569
 159.000000  0.007422
 160.000000  0.008789
 161.000000  0.007349
 162.000000  0.008569
 163.000000  0.007373
 164.000000  0.008472
 165.000000  0.007349
 166.000000  0.008545
 167.000000  0.007373
 168.000000  0.008813
 169.000000  0.009765
 170.000000  0.008789
 171.000000  0.007446
 172.000000  0.008398
 173.000000  0.007324
 174.000000  0.008374
 175.000000  0.007373
 176.000000  0.008667
 177.000000  0.007397
 178.000000  0.008276
 179.000000  0.009790
 180.000000  0.008569
 181.000000  0.007446
 182.000000  0.008545
 183.000000  0.007349
 184.000000  0.008545
 185.000000  0.007446
 186.000000  0.008618
 187.000000  0.007422
 188.000000  0.008691
 189.000000  0.007349
 190.000000  0.008374
 191.000000  0.007373
 192.000000  0.008520
 193.000000  0.007397
 194.000000  0.008594
 195.000000  0.007446
 196.000000  0.010839
 197.000000  0.007397
 198.000000  0.008594
 199.000000  0.009887
 200.000000  0.008569
 201.000000  0.009838
 202.000000  0.008594
 203.000000  0.007422
 204.000000  0.008618
 205.000000  0.007373
 206.000000  0.008203
 207.000000  0.007349
 208.000000  0.008496
 209.000000  0.009838
 210.000000  0.008691
 211.000000  0.007349
 212.000000  0.008740
 213.000000  0.009814
 214.000000  0.008447
 215.000000  0.007373
 216.000000  0.008740
 217.000000  0.007397
 218.000000  0.008691
 219.000000  0.009912
 220.000000  0.008496
 221.000000  0.007397
 222.000000  0.008447
 223.000000  0.007349
 224.000000  0.008325
 225.000000  0.007349
 226.000000  0.008569
 227.000000  0.009814
 228.000000  0.008740
 229.000000  0.009790
 230.000000  0.009106
 231.000000  0.007373
 232.000000  0.008887
 233.000000  0.009814
 234.000000  0.008423
 235.000000  0.007446
 236.000000  0.008643
 237.000000  0.007446
 238.000000  0.008716
 239.000000  0.009838
 240.000000  0.008667
 241.000000  0.007373
 242.000000  0.008960
 243.000000  0.009765
 244.000000  0.008276
 245.000000  0.007446
 246.000000  0.008520
 247.000000  0.007519
 248.000000  0.008765
 249.000000  0.007446
 250.000000  0.008594
 251.000000  0.007397
 252.000000  0.008423
 253.000000  0.007373
 254.000000  0.008203
 255.000000  0.009838
 256.000000  0.008472
 257.000000  0.007373
 258.000000  0.008520
 259.000000  0.007373
 260.000000  0.008936
 261.000000  0.007397
 262.000000  0.008520
 263.000000  0.009790
 264.000000  0.008227
 265.000000  0.009838
 266.000000  0.008398
 267.000000  0.009863
 268.000000  0.008350
 269.000000  0.009790
 270.000000  0.008716
 271.000000  0.007422
 272.000000  0.008276
 273.000000  0.007397
 274.000000  0.008765
 275.000000  0.009814
 276.000000  0.008520
 277.000000  0.009814
 278.000000  0.008765
 279.000000  0.007373
 280.000000  0.008716
 281.000000  0.009814
 282.000000  0.008520
 283.000000  0.009790
 284.000000  0.008472
 285.000000  0.007446
 286.000000  0.008594
 287.000000  0.007397
 288.000000  0.008569
 289.000000  0.009863
 290.000000  0.008594
 291.000000  0.007397
 292.000000  0.008838
 293.000000  0.007349
 294.000000  0.008350
 295.000000  0.009814
 296.000000  0.008960
 297.000000  0.009838
 298.000000  0.008862
 299.000000  0.009790
 300.000000  0.008691
 301.000000  0.007422
 302.000000  0.008618
 303.000000  0.009887
 304.000000  0.008960
 305.000000  0.007373
 306.000000  0.008716
 307.000000  0.009790
 308.000000  0.008765
 309.000000  0.009838
 310.000000  0.008838
 311.000000  0.007324
 312.000000  0.008813
 313.000000  0.007495
 314.000000  0.008960
 315.000000  0.009936
 316.000000  0.008813
 317.000000  0.007471
 318.000000  0.008569
 319.000000  0.007397
 320.000000  0.008618
 321.000000  0.009838
 322.000000  0.008838
 323.000000  0.009863
 324.000000  0.008716
 325.000000  0.007373
 326.000000  0.008545
 327.000000  0.007373
 328.000000  0.008545
 329.000000  0.009838
 330.000000  0.009131
 331.000000  0.009838
 332.000000  0.008594
 333.000000  0.009814
 334.000000  0.008520
 335.000000  0.009838
 336.000000  0.008643
 337.000000  0.007471
 338.000000  0.008618
 339.000000  0.007446
 340.000000  0.008667
 341.000000  0.010034
 342.000000  0.011181
 343.000000  0.009838
 344.000000  0.008643
 345.000000  0.009838
 346.000000  0.009009
 347.000000  0.007397
 348.000000  0.008813
 349.000000  0.009887
 350.000000  0.008887
 351.000000  0.009838
 352.000000  0.008667
 353.000000  0.009887
 354.000000  0.008960
 355.000000  0.007495
 356.000000  0.008374
 357.000000  0.007471
 358.000000  0.008740
 359.000000  0.009863
 360.000000  0.009277
 361.000000  0.007397
 362.000000  0.008911
 363.000000  0.009863
 364.000000  0.008813
 365.000000  0.007446
 366.000000  0.009131
 367.000000  0.007446
 368.000000  0.009009
 369.000000  0.007446
 370.000000  0.008643
 371.000000  0.009863
 372.000000  0.008740
 373.000000  0.009961
 374.000000  0.008813
 375.000000  0.009863
 376.000000  0.008789
 377.000000  0.007495
 378.000000  0.009009
 379.000000  0.007495
 380.000000  0.009131
 381.000000  0.009936
 382.000000  0.008984
 383.000000  0.007495
 384.000000  0.009180
 385.000000  0.007373
 386.000000  0.008984
 387.000000  0.009936
 388.000000  0.008911
 389.000000  0.009985
 390.000000  0.008936
 391.000000  0.009936
 392.000000  0.008838
 393.000000  0.007495
 394.000000  0.009082
 395.000000  0.007471
 396.000000  0.008936
 397.000000  0.007519
 398.000000  0.008691
 399.000000  0.007446
 400.000000  0.008936
 401.000000  0.009961
 402.000000  0.008911
 403.000000  0.007666
 404.000000  0.008936
 405.000000  0.007471
 406.000000  0.008813
 407.000000  0.007666
 408.000000  0.008838
 409.000000  0.009961
 410.000000  0.009228
 411.000000  0.009912
 412.000000  0.008862
 413.000000  0.007568
 414.000000  0.009302
 415.000000  0.009912
 416.000000  0.009131
 417.000000  0.007422
 418.000000  0.009302
 419.000000  0.007568
 420.000000  0.009155
 421.000000  0.007446
 422.000000  0.008887
 423.000000  0.007519
 424.000000  0.008862
 425.000000  0.009912
 426.000000  0.008936
 427.000000  0.009936
 428.000000  0.009009
 429.000000  0.009887
 430.000000  0.009058
 431.000000  0.009863
 432.000000  0.008765
 433.000000  0.007544
 434.000000  0.009058
 435.000000  0.009887
 436.000000  0.008667
 437.000000  0.009985
 438.000000  0.008813
 439.000000  0.009887
 440.000000  0.009155
 441.000000  0.009838
 442.000000  0.009009
 443.000000  0.010009
 444.000000  0.009082
 445.000000  0.009912
 446.000000  0.009180
 447.000000  0.007642
 448.000000  0.008691
 449.000000  0.009838
 450.000000  0.009033
 451.000000  0.009961
 452.000000  0.008838
 453.000000  0.009961
 454.000000  0.009058
 455.000000  0.009985
 456.000000  0.009058
 457.000000  0.010009
 458.000000  0.009204
 459.000000  0.010009
 460.000000  0.009424
 461.000000  0.009961
 462.000000  0.009131
 463.000000  0.009936
 464.000000  0.009351
 465.000000  0.010229
 466.000000  0.009448
 467.000000  0.007422
 468.000000  0.009326
 469.000000  0.007642
 470.000000  0.009204
 471.000000  0.010156
 472.000000  0.009424
 473.000000  0.007642
 474.000000  0.009253
 475.000000  0.010034
 476.000000  0.009326
 477.000000  0.007642
 478.000000  0.009302
 479.000000  0.010229
 480.000000  0.009180
 481.000000  0.009961
 482.000000  0.009253
 483.000000  0.008008
 484.000000  0.009277
 485.000000  0.010107
 486.000000  0.009131
 487.000000  0.007690
 488.000000  0.009473
 489.000000  0.007544
 490.000000  0.009155
 491.000000  0.010107
 492.000000  0.008960
 493.000000  0.010058
 494.000000  0.009497
 495.000000  0.010131
 496.000000  0.009448
 497.000000  0.007715
 498.000000  0.009253
 499.000000  0.010034
 500.000000  0.009302
 501.000000  0.010034
 502.000000  0.009253
 503.000000  0.010083
 504.000000  0.009375
 505.000000  0.010253
 506.000000  0.009228
 507.000000  0.007617
 508.000000  0.009570
 509.000000  0.007519
 510.000000  0.009424
 511.000000  0.010083
 512.000000  0.009253
 513.000000  0.007422
 514.000000  0.009228
 515.000000  0.007617
 516.000000  0.009180
 517.000000  0.007593
 518.000000  0.009302
 519.000000  0.007642
 520.000000  0.009546
 521.000000  0.007935
 522.000000  0.009155
 523.000000  0.009912
 524.000000  0.009155
 525.000000  0.010034
 526.000000  0.009595
 527.000000  0.010009
 528.000000  0.009473
 529.000000  0.010131
 530.000000  0.009228
 531.000000  0.010693
 532.000000  0.009497
 533.000000  0.007959
 534.000000  0.009253
 535.000000  0.007910
 536.000000  0.009180
 537.000000  0.010229
 538.000000  0.009326
 539.000000  0.010229
 540.000000  0.009448
 541.000000  0.007788
 542.000000  0.009497
 543.000000  0.007861
 544.000000  0.009180
 545.000000  0.007739
 546.000000  0.009619
 547.000000  0.010522
 548.000000  0.009644
 549.000000  0.010400
 550.000000  0.009473
 551.000000  0.010644
 552.000000  0.009473
 553.000000  0.008252
 554.000000  0.009570
 555.000000  0.007983
 556.000000  0.009399
 557.000000  0.010278
 558.000000  0.009595
 559.000000  0.010766
 560.000000  0.009668
 561.000000  0.008252
 562.000000  0.009692
 563.000000  0.011181
 564.000000  0.009644
 565.000000  0.010913
 566.000000  0.009521
 567.000000  0.011157
 568.000000  0.009717
 569.000000  0.011254
 570.000000  0.009741
 571.000000  0.011352
 572.000000  0.009741
 573.000000  0.011621
 574.000000  0.009741
 575.000000  0.011352
 576.000000  0.009644
 577.000000  0.011669
 578.000000  0.009766
 579.000000  0.011572
 580.000000  0.009741
 581.000000  0.009668
 582.000000  0.009790
 583.000000  0.011889
 584.000000  0.009741
 585.000000  0.012182
 586.000000  0.009790
 587.000000  0.012231
 588.000000  0.010229
 589.000000  0.010132
 590.000000  0.012183
 591.000000  0.014355
 592.000000  0.012256
 593.000000  0.012231
 594.000000  0.014233
 595.000000  0.016723
 596.000000  0.015747
 597.000000  0.018652
 598.000000  0.017114
 599.000000  0.019409
 600.000000  0.017285
 601.000000  0.021362
 602.000000  0.022046
 603.000000  0.029638
 604.000000  0.039819
 605.000000  0.067919
 606.000000  0.109644
 607.000000  0.156469
 608.000000  0.164404
 609.000000  0.156665
 610.000000  0.107715
 611.000000  0.080493
 612.000000  0.062377
 613.000000  0.041357
 614.000000  0.026879
 615.000000  0.017578
 616.000000  0.014526
 617.000000  0.012231
 618.000000  0.012207
 619.000000  0.013232
 620.000000  0.011523
 621.000000  0.012231
 622.000000  0.009814
 623.000000  0.012133
 624.000000  0.012255
 625.000000  0.012207
 626.000000  0.009814
 627.000000  0.011987
 628.000000  0.009741
 629.000000  0.011914
 630.000000  0.009741
 631.000000  0.011962
 632.000000  0.009741
 633.000000  0.011669
 634.000000  0.009741
 635.000000  0.011669
 636.000000  0.009741
 637.000000  0.009473
 638.000000  0.009741
 639.000000  0.011425
 640.000000  0.009766
 641.000000  0.011767
 642.000000  0.009766
 643.000000  0.009082
 644.000000  0.012207
 645.000000  0.011523
 646.000000  0.012158
 647.000000  0.011401
 648.000000  0.009766
 649.000000  0.008936
 650.000000  0.009692
 651.000000  0.009082
 652.000000  0.009741
 653.000000  0.009131
 654.000000  0.009741
 655.000000  0.011596
 656.000000  0.009717
 657.000000  0.011621
 658.000000  0.009766
 659.000000  0.008984
 660.000000  0.009692
 661.000000  0.011279
 662.000000  0.009668
 663.000000  0.010791
 664.000000  0.012085
 665.000000  0.010937
 666.000000  0.012109
 667.000000  0.010864
 668.000000  0.009595
 669.000000  0.008838
 670.000000  0.009692
 671.000000  0.008911
 672.000000  0.009692
 673.000000  0.010986
 674.000000  0.012133
 675.000000  0.010742
 676.000000  0.009595
 677.000000  0.010644
 678.000000  0.009717
 679.000000  0.010620
 680.000000  0.009668
 681.000000  0.007959
 682.000000  0.009668
 683.000000  0.010742
 684.000000  0.009692
 685.000000  0.010961
 686.000000  0.009546
 687.000000  0.008301
 688.000000  0.012158
 689.000000  0.008398
 690.000000  0.012109
 691.000000  0.010449
 692.000000  0.009766
 693.000000  0.010595
 694.000000  0.009692
 695.000000  0.010791
 696.000000  0.011938
 697.000000  0.010327
 698.000000  0.009644
 699.000000  0.010229
 700.000000  0.009375
 701.000000  0.008130
 702.000000  0.009473
 703.000000  0.008008
 704.000000  0.012060
 705.000000  0.010205
 706.000000  0.009570
 707.000000  0.008179
 708.000000  0.009570
 709.000000  0.010571
 710.000000  0.009570
 711.000000  0.011108
 712.000000  0.009570
 713.000000  0.010522
 714.000000  0.009595
 715.000000  0.010937
 716.000000  0.009644
 717.000000  0.010742
 718.000000  0.009521
 719.000000  0.010302
 720.000000  0.009546
 721.000000  0.010693
 722.000000  0.009668
 723.000000  0.010937
 724.000000  0.009546
 725.000000  0.010522
 726.000000  0.009717
 727.000000  0.010644
 728.000000  0.009595
 729.000000  0.007935
 730.000000  0.009644
 731.000000  0.010937
 732.000000  0.009497
 733.000000  0.010669
 734.000000  0.012158
 735.000000  0.010766
 736.000000  0.009570
 737.000000  0.010400
 738.000000  0.009570
 739.000000  0.010400
 740.000000  0.009546
 741.000000  0.010571
 742.000000  0.009619
 743.000000  0.008203
 744.000000  0.009448
 745.000000  0.010546
 746.000000  0.009619
 747.000000  0.008105
 748.000000  0.009570
 749.000000  0.010400
 750.000000  0.009546
 751.000000  0.010888
 752.000000  0.012109
 753.000000  0.011425
 754.000000  0.009692
 755.000000  0.010766
 756.000000  0.009668
 757.000000  0.010742
 758.000000  0.009619
 759.000000  0.008105
 760.000000  0.009595
 761.000000  0.010742
 762.000000  0.009619
 763.000000  0.010473
 764.000000  0.009644
 765.000000  0.010278
 766.000000  0.009619
 767.000000  0.007788
 768.000000  0.009375
 769.000000  0.010229
 770.000000  0.009521
 771.000000  0.010107
 772.000000  0.009473
 773.000000  0.010278
 774.000000  0.012011
 775.000000  0.010595
 776.000000  0.012036
 777.000000  0.010620
 778.000000  0.009473
 779.000000  0.007788
 780.000000  0.009668
 781.000000  0.008008
 782.000000  0.012085
 783.000000  0.010498
 784.000000  0.009448
 785.000000  0.010205
 786.000000  0.009546
 787.000000  0.010034
 788.000000  0.012036
 789.000000  0.010205
 790.000000  0.009399
 791.000000  0.010131
 792.000000  0.009644
 793.000000  0.010009
 794.000000  0.009473
 795.000000  0.010961
 796.000000  0.009692
 797.000000  0.010791
 798.000000  0.009473
 799.000000  0.010376
 800.000000  0.009521
 801.000000  0.010278
 802.000000  0.012060
 803.000000  0.010156
 804.000000  0.009448
 805.000000  0.010058
 806.000000  0.009473
 807.000000  0.010034
 808.000000  0.012060
 809.000000  0.008057
 810.000000  0.009717
 811.000000  0.008105
 812.000000  0.009399
 813.000000  0.007739
 814.000000  0.009521
 815.000000  0.010180
 816.000000  0.009570
 817.000000  0.010522
 818.000000  0.009570
 819.000000  0.010449
 820.000000  0.009619
 821.000000  0.010278
 822.000000  0.009326
 823.000000  0.010449
 824.000000  0.011914
 825.000000  0.010424
 826.000000  0.009521
 827.000000  0.010351
 828.000000  0.009570
 829.000000  0.010571
 830.000000  0.009497
 831.000000  0.010498
 832.000000  0.009546
 833.000000  0.010131
 834.000000  0.009351
 835.000000  0.010278
 836.000000  0.011889
 837.000000  0.010107
 838.000000  0.009375
 839.000000  0.010400
 840.000000  0.009644
 841.000000  0.010424
 842.000000  0.011840
 843.000000  0.010351
 844.000000  0.009595
 845.000000  0.008325
 846.000000  0.011718
 847.000000  0.010546
 848.000000  0.009375
 849.000000  0.010424
 850.000000  0.009570
 851.000000  0.010424
 852.000000  0.009497
 853.000000  0.007983
 854.000000  0.012158
 855.000000  0.010131
 856.000000  0.009351
 857.000000  0.008032
 858.000000  0.009570
 859.000000  0.007788
 860.000000  0.011743
 861.000000  0.010351
 862.000000  0.009497
 863.000000  0.007617
 864.000000  0.009570
 865.000000  0.010180
 866.000000  0.011889
 867.000000  0.007910
 868.000000  0.009497
 869.000000  0.009985
 870.000000  0.009692
 871.000000  0.010253
 872.000000  0.009375
 873.000000  0.010595
 874.000000  0.009521
 875.000000  0.010131
 876.000000  0.009546
 877.000000  0.007837
 878.000000  0.009570
 879.000000  0.007886
 880.000000  0.009521
 881.000000  0.010473
 882.000000  0.009277
 883.000000  0.010546
 884.000000  0.009644
 885.000000  0.010571
 886.000000  0.009644
 887.000000  0.007666
 888.000000  0.009595
 889.000000  0.010083
 890.000000  0.009351
 891.000000  0.010205
 892.000000  0.009595
 893.000000  0.010522
 894.000000  0.009375
 895.000000  0.010278
 896.000000  0.009497
 897.000000  0.010522
 898.000000  0.009570
 899.000000  0.010229
 900.000000  0.009546
 901.000000  0.010351
 902.000000  0.011694
 903.000000  0.009961
 904.000000  0.009424
 905.000000  0.010473
 906.000000  0.011645
 907.000000  0.010180
 908.000000  0.011889
 909.000000  0.010156
 910.000000  0.009619
 911.000000  0.010205
 912.000000  0.009473
 913.000000  0.010278
 914.000000  0.009424
 915.000000  0.010229
 916.000000  0.009448
 917.000000  0.010522
 918.000000  0.012085
 919.000000  0.010302
 920.000000  0.012158
 921.000000  0.010009
 922.000000  0.009375
 923.000000  0.010205
 924.000000  0.009619
 925.000000  0.009985
 926.000000  0.009473
 927.000000  0.010302
 928.000000  0.009473
 929.000000  0.010546
 930.000000  0.009717
 931.000000  0.010717
 932.000000  0.009106
 933.000000  0.010546
 934.000000  0.009497
 935.000000  0.010424
 936.000000  0.009668
 937.000000  0.010498
 938.000000  0.009448
 939.000000  0.010522
 940.000000  0.009619
 941.000000  0.010253
 942.000000  0.009595
 943.000000  0.010351
 944.000000  0.009644
 945.000000  0.008154
 946.000000  0.012011
 947.000000  0.010595
 948.000000  0.009717
 949.000000  0.010522
 950.000000  0.012060
 951.000000  0.010205
 952.000000  0.009253
 953.000000  0.010229
 954.000000  0.009692
 955.000000  0.010156
 956.000000  0.009473
 957.000000  0.010034
 958.000000  0.009546
 959.000000  0.007910
 960.000000  0.009326
 961.000000  0.007690
 962.000000  0.012036
 963.000000  0.007690
 964.000000  0.009204
 965.000000  0.010327
 966.000000  0.009546
 967.000000  0.010498
 968.000000  0.009546
 969.000000  0.010546
 970.000000  0.011694
 971.000000  0.010424
 972.000000  0.009692
 973.000000  0.010498
 974.000000  0.009375
 975.000000  0.010400
 976.000000  0.009253
 977.000000  0.010205
 978.000000  0.009351
 979.000000  0.010009
 980.000000  0.009448
 981.000000  0.010546
 982.000000  0.009228
 983.000000  0.007715
 984.000000  0.009448
 985.000000  0.010253
 986.000000  0.009228
 987.000000  0.010156
 988.000000  0.011694
 989.000000  0.010083
 990.000000  0.009619
 991.000000  0.010009
 992.000000  0.009399
 993.000000  0.010253
 994.000000  0.009546
 995.000000  0.011132
 996.000000  0.009473
 997.000000  0.010742
 998.000000  0.011743
 999.000000  0.010327
 1000.000000  0.011889
 1001.000000  0.010205
 1002.000000  0.009106
 1003.000000  0.010083
 1004.000000  0.009302
 1005.000000  0.010205
 1006.000000  0.009204
 1007.000000  0.009985
 1008.000000  0.009277
 1009.000000  0.010107
 1010.000000  0.009131
 1011.000000  0.010107
 1012.000000  0.009424
 1013.000000  0.010107
 1014.000000  0.009106
 1015.000000  0.010034
 1016.000000  0.009106
 1017.000000  0.010229
 1018.000000  0.009106
 1019.000000  0.010180
 1020.000000  0.008813
 1021.000000  0.009887
 1022.000000  0.008911
 1023.000000  0.010205
