 0.000000  0.008936
 1.000000  0.007471
 2.000000  0.008887
 3.000000  0.007519
 4.000000  0.009033
 5.000000  0.007471
 6.000000  0.009106
 7.000000  0.007642
 8.000000  0.009009
 9.000000  0.007568
 10.000000  0.009082
 11.000000  0.007495
 12.000000  0.009180
 13.000000  0.007519
 14.000000  0.009228
 15.000000  0.007617
 16.000000  0.009009
 17.000000  0.007446
 18.000000  0.009106
 19.000000  0.007642
 20.000000  0.008765
 21.000000  0.007690
 22.000000  0.008838
 23.000000  0.007593
 24.000000  0.009131
 25.000000  0.007519
 26.000000  0.009521
 27.000000  0.009985
 28.000000  0.009277
 29.000000  0.007593
 30.000000  0.009058
 31.000000  0.007544
 32.000000  0.009106
 33.000000  0.007568
 34.000000  0.009155
 35.000000  0.007690
 36.000000  0.009180
 37.000000  0.007519
 38.000000  0.009204
 39.000000  0.010034
 40.000000  0.009351
 41.000000  0.007446
 42.000000  0.009009
 43.000000  0.007495
 44.000000  0.009253
 45.000000  0.007471
 46.000000  0.009082
 47.000000  0.007519
 48.000000  0.009204
 49.000000  0.007568
 50.000000  0.008569
 51.000000  0.007593
 52.000000  0.009131
 53.000000  0.007593
 54.000000  0.009131
 55.000000  0.007642
 56.000000  0.009155
 57.000000  0.007349
 58.000000  0.009326
 59.000000  0.009961
 60.000000  0.009131
 61.000000  0.009887
 62.000000  0.008813
 63.000000  0.007495
 64.000000  0.009326
 65.000000  0.007544
 66.000000  0.009253
 67.000000  0.009961
 68.000000  0.008984
 69.000000  0.007617
 70.000000  0.009155
 71.000000  0.007495
 72.000000  0.008936
 73.000000  0.007373
 74.000000  0.009058
 75.000000  0.007397
 76.000000  0.009106
 77.000000  0.007568
 78.000000  0.009131
 79.000000  0.007568
 80.000000  0.009375
 81.000000  0.007495
 82.000000  0.008643
 83.000000  0.007495
 84.000000  0.008813
 85.000000  0.007446
 86.000000  0.009009
 87.000000  0.007617
 88.000000  0.009155
 89.000000  0.007446
 90.000000  0.009180
 91.000000  0.007544
 92.000000  0.008887
 93.000000  0.007519
 94.000000  0.008984
 95.000000  0.007446
 96.000000  0.009302
 97.000000  0.007519
 98.000000  0.009204
 99.000000  0.007666
 100.000000  0.009131
 101.000000  0.010009
 102.000000  0.008960
 103.000000  0.009961
 104.000000  0.008984
 105.000000  0.007568
 106.000000  0.009375
 107.000000  0.007593
 108.000000  0.009253
 109.000000  0.009961
 110.000000  0.009033
 111.000000  0.007544
 112.000000  0.008887
 113.000000  0.007642
 114.000000  0.009082
 115.000000  0.007495
 116.000000  0.008789
 117.000000  0.007422
 118.000000  0.009277
 119.000000  0.007568
 120.000000  0.009375
 121.000000  0.007446
 122.000000  0.009180
 123.000000  0.007519
 124.000000  0.009277
 125.000000  0.007519
 126.000000  0.009131
 127.000000  0.009961
 128.000000  0.009058
 129.000000  0.007373
 130.000000  0.009351
 131.000000  0.009936
 132.000000  0.009033
 133.000000  0.007471
 134.000000  0.009399
 135.000000  0.009912
 136.000000  0.009155
 137.000000  0.007495
 138.000000  0.009424
 139.000000  0.007495
 140.000000  0.009058
 141.000000  0.007471
 142.000000  0.009228
 143.000000  0.007544
 144.000000  0.009009
 145.000000  0.010083
 146.000000  0.008838
 147.000000  0.007422
 148.000000  0.009082
 149.000000  0.009912
 150.000000  0.009180
 151.000000  0.007446
 152.000000  0.009106
 153.000000  0.007495
 154.000000  0.009131
 155.000000  0.007544
 156.000000  0.008838
 157.000000  0.009961
 158.000000  0.009277
 159.000000  0.007544
 160.000000  0.009351
 161.000000  0.007519
 162.000000  0.008960
 163.000000  0.007495
 164.000000  0.008936
 165.000000  0.007568
 166.000000  0.009009
 167.000000  0.007495
 168.000000  0.009155
 169.000000  0.010034
 170.000000  0.009106
 171.000000  0.007471
 172.000000  0.008813
 173.000000  0.007495
 174.000000  0.008911
 175.000000  0.007544
 176.000000  0.009082
 177.000000  0.007471
 178.000000  0.009131
 179.000000  0.009814
 180.000000  0.008813
 181.000000  0.007495
 182.000000  0.008984
 183.000000  0.007519
 184.000000  0.008960
 185.000000  0.007617
 186.000000  0.009033
 187.000000  0.007471
 188.000000  0.008960
 189.000000  0.007446
 190.000000  0.008813
 191.000000  0.007397
 192.000000  0.008984
 193.000000  0.007422
 194.000000  0.008789
 195.000000  0.007446
 196.000000  0.011230
 197.000000  0.007397
 198.000000  0.009082
 199.000000  0.009887
 200.000000  0.008984
 201.000000  0.009814
 202.000000  0.008911
 203.000000  0.007568
 204.000000  0.009058
 205.000000  0.007446
 206.000000  0.008887
 207.000000  0.007519
 208.000000  0.008936
 209.000000  0.009985
 210.000000  0.009106
 211.000000  0.007397
 212.000000  0.009058
 213.000000  0.009936
 214.000000  0.008887
 215.000000  0.007446
 216.000000  0.008716
 217.000000  0.007495
 218.000000  0.008936
 219.000000  0.009838
 220.000000  0.008960
 221.000000  0.007495
 222.000000  0.008789
 223.000000  0.007349
 224.000000  0.009009
 225.000000  0.007446
 226.000000  0.009253
 227.000000  0.009936
 228.000000  0.009204
 229.000000  0.009863
 230.000000  0.009253
 231.000000  0.007617
 232.000000  0.009228
 233.000000  0.009936
 234.000000  0.009180
 235.000000  0.007422
 236.000000  0.009082
 237.000000  0.007519
 238.000000  0.009106
 239.000000  0.009912
 240.000000  0.008936
 241.000000  0.007495
 242.000000  0.009204
 243.000000  0.009838
 244.000000  0.008960
 245.000000  0.007471
 246.000000  0.008984
 247.000000  0.007593
 248.000000  0.009326
 249.000000  0.007519
 250.000000  0.008960
 251.000000  0.007593
 252.000000  0.008984
 253.000000  0.007519
 254.000000  0.008618
 255.000000  0.009985
 256.000000  0.009106
 257.000000  0.007642
 258.000000  0.009106
 259.000000  0.007544
 260.000000  0.009106
 261.000000  0.007617
 262.000000  0.008911
 263.000000  0.009838
 264.000000  0.008691
 265.000000  0.010009
 266.000000  0.008936
 267.000000  0.009863
 268.000000  0.008862
 269.000000  0.009985
 270.000000  0.009155
 271.000000  0.007471
 272.000000  0.008911
 273.000000  0.007593
 274.000000  0.009082
 275.000000  0.009838
 276.000000  0.009058
 277.000000  0.009912
 278.000000  0.009375
 279.000000  0.007617
 280.000000  0.009399
 281.000000  0.009838
 282.000000  0.009204
 283.000000  0.009961
 284.000000  0.008936
 285.000000  0.007544
 286.000000  0.009082
 287.000000  0.007593
 288.000000  0.008936
 289.000000  0.010009
 290.000000  0.009058
 291.000000  0.007446
 292.000000  0.009131
 293.000000  0.007446
 294.000000  0.009106
 295.000000  0.009961
 296.000000  0.009375
 297.000000  0.010131
 298.000000  0.009106
 299.000000  0.009838
 300.000000  0.009106
 301.000000  0.007544
 302.000000  0.009228
 303.000000  0.010156
 304.000000  0.009424
 305.000000  0.007495
 306.000000  0.009204
 307.000000  0.010131
 308.000000  0.009448
 309.000000  0.009936
 310.000000  0.009253
 311.000000  0.007495
 312.000000  0.009180
 313.000000  0.007642
 314.000000  0.009302
 315.000000  0.010009
 316.000000  0.009155
 317.000000  0.007593
 318.000000  0.009228
 319.000000  0.007397
 320.000000  0.009253
 321.000000  0.010107
 322.000000  0.009351
 323.000000  0.010009
 324.000000  0.009228
 325.000000  0.007617
 326.000000  0.009180
 327.000000  0.007666
 328.000000  0.009106
 329.000000  0.010156
 330.000000  0.009497
 331.000000  0.010083
 332.000000  0.009302
 333.000000  0.010156
 334.000000  0.009155
 335.000000  0.010107
 336.000000  0.009228
 337.000000  0.007422
 338.000000  0.009375
 339.000000  0.007568
 340.000000  0.009326
 341.000000  0.010083
 342.000000  0.011499
 343.000000  0.010107
 344.000000  0.009351
 345.000000  0.010131
 346.000000  0.009473
 347.000000  0.007471
 348.000000  0.009399
 349.000000  0.009985
 350.000000  0.009375
 351.000000  0.009985
 352.000000  0.009253
 353.000000  0.010205
 354.000000  0.009399
 355.000000  0.007568
 356.000000  0.009326
 357.000000  0.007617
 358.000000  0.009302
 359.000000  0.010058
 360.000000  0.009375
 361.000000  0.007568
 362.000000  0.009424
 363.000000  0.010424
 364.000000  0.009521
 365.000000  0.007788
 366.000000  0.009521
 367.000000  0.007764
 368.000000  0.009448
 369.000000  0.007788
 370.000000  0.009326
 371.000000  0.010156
 372.000000  0.009375
 373.000000  0.010449
 374.000000  0.009399
 375.000000  0.010131
 376.000000  0.009424
 377.000000  0.007617
 378.000000  0.009399
 379.000000  0.007617
 380.000000  0.009424
 381.000000  0.010424
 382.000000  0.009375
 383.000000  0.007812
 384.000000  0.009619
 385.000000  0.007886
 386.000000  0.009424
 387.000000  0.010449
 388.000000  0.009521
 389.000000  0.010302
 390.000000  0.009424
 391.000000  0.010400
 392.000000  0.009253
 393.000000  0.007715
 394.000000  0.009497
 395.000000  0.007886
 396.000000  0.009497
 397.000000  0.007642
 398.000000  0.009253
 399.000000  0.007471
 400.000000  0.009546
 401.000000  0.010400
 402.000000  0.009521
 403.000000  0.008130
 404.000000  0.009448
 405.000000  0.007739
 406.000000  0.009644
 407.000000  0.008057
 408.000000  0.009497
 409.000000  0.010327
 410.000000  0.009644
 411.000000  0.010400
 412.000000  0.009570
 413.000000  0.008057
 414.000000  0.009546
 415.000000  0.010351
 416.000000  0.009546
 417.000000  0.007739
 418.000000  0.009473
 419.000000  0.008057
 420.000000  0.009619
 421.000000  0.007788
 422.000000  0.009326
 423.000000  0.007666
 424.000000  0.009473
 425.000000  0.010376
 426.000000  0.009375
 427.000000  0.010205
 428.000000  0.009619
 429.000000  0.010156
 430.000000  0.009570
 431.000000  0.010253
 432.000000  0.009497
 433.000000  0.008008
 434.000000  0.009473
 435.000000  0.010107
 436.000000  0.009351
 437.000000  0.010449
 438.000000  0.009448
 439.000000  0.010180
 440.000000  0.009546
 441.000000  0.010229
 442.000000  0.009644
 443.000000  0.010156
 444.000000  0.009595
 445.000000  0.010253
 446.000000  0.009619
 447.000000  0.008227
 448.000000  0.009570
 449.000000  0.010546
 450.000000  0.009497
 451.000000  0.010620
 452.000000  0.009424
 453.000000  0.010473
 454.000000  0.009570
 455.000000  0.010522
 456.000000  0.009619
 457.000000  0.010522
 458.000000  0.009497
 459.000000  0.010376
 460.000000  0.009717
 461.000000  0.010498
 462.000000  0.009668
 463.000000  0.010229
 464.000000  0.009717
 465.000000  0.010815
 466.000000  0.009717
 467.000000  0.008008
 468.000000  0.009644
 469.000000  0.008423
 470.000000  0.009570
 471.000000  0.010571
 472.000000  0.009692
 473.000000  0.008423
 474.000000  0.009668
 475.000000  0.010473
 476.000000  0.009692
 477.000000  0.008301
 478.000000  0.009570
 479.000000  0.010864
 480.000000  0.009595
 481.000000  0.010888
 482.000000  0.009546
 483.000000  0.008813
 484.000000  0.009692
 485.000000  0.011157
 486.000000  0.009692
 487.000000  0.008276
 488.000000  0.009619
 489.000000  0.008301
 490.000000  0.009595
 491.000000  0.010961
 492.000000  0.009448
 493.000000  0.010522
 494.000000  0.009619
 495.000000  0.010644
 496.000000  0.009717
 497.000000  0.008765
 498.000000  0.009644
 499.000000  0.010839
 500.000000  0.009644
 501.000000  0.011132
 502.000000  0.009595
 503.000000  0.010693
 504.000000  0.009692
 505.000000  0.011230
 506.000000  0.009595
 507.000000  0.008301
 508.000000  0.009668
 509.000000  0.008520
 510.000000  0.009717
 511.000000  0.010644
 512.000000  0.009668
 513.000000  0.008105
 514.000000  0.009619
 515.000000  0.008374
 516.000000  0.009619
 517.000000  0.008325
 518.000000  0.009595
 519.000000  0.008374
 520.000000  0.009692
 521.000000  0.008740
 522.000000  0.009644
 523.000000  0.010864
 524.000000  0.009570
 525.000000  0.010961
 526.000000  0.009717
 527.000000  0.010473
 528.000000  0.009570
 529.000000  0.011084
 530.000000  0.009766
 531.000000  0.011401
 532.000000  0.009766
 533.000000  0.009228
 534.000000  0.009595
 535.000000  0.009009
 536.000000  0.009668
 537.000000  0.010986
 538.000000  0.009692
 539.000000  0.011132
 540.000000  0.009741
 541.000000  0.008838
 542.000000  0.009717
 543.000000  0.008765
 544.000000  0.009692
 545.000000  0.009082
 546.000000  0.009692
 547.000000  0.011352
 548.000000  0.009741
 549.000000  0.011572
 550.000000  0.009717
 551.000000  0.011669
 552.000000  0.009717
 553.000000  0.009204
 554.000000  0.009790
 555.000000  0.009009
 556.000000  0.009741
 557.000000  0.011328
 558.000000  0.009741
 559.000000  0.011840
 560.000000  0.009790
 561.000000  0.009180
 562.000000  0.009741
 563.000000  0.012036
 564.000000  0.009741
 565.000000  0.011938
 566.000000  0.009741
 567.000000  0.012085
 568.000000  0.009741
 569.000000  0.011938
 570.000000  0.009766
 571.000000  0.012060
 572.000000  0.009766
 573.000000  0.012182
 574.000000  0.009766
 575.000000  0.012133
 576.000000  0.009790
 577.000000  0.012011
 578.000000  0.009766
 579.000000  0.012133
 580.000000  0.009741
 581.000000  0.009766
 582.000000  0.009790
 583.000000  0.012158
 584.000000  0.009790
 585.000000  0.012255
 586.000000  0.009863
 587.000000  0.012207
 588.000000  0.009912
 589.000000  0.009766
 590.000000  0.010815
 591.000000  0.012866
 592.000000  0.012134
 593.000000  0.011670
 594.000000  0.012158
 595.000000  0.014550
 596.000000  0.012280
 597.000000  0.014672
 598.000000  0.012915
 599.000000  0.014770
 600.000000  0.013989
 601.000000  0.016577
 602.000000  0.017236
 603.000000  0.022729
 604.000000  0.028076
 605.000000  0.042895
 606.000000  0.062598
 607.000000  0.103003
 608.000000  0.123999
 609.000000  0.130298
 610.000000  0.125122
 611.000000  0.148388
 612.000000  0.172705
 613.000000  0.166968
 614.000000  0.152978
 615.000000  0.084472
 616.000000  0.044434
 617.000000  0.032544
 618.000000  0.025537
 619.000000  0.021630
 620.000000  0.016333
 621.000000  0.015576
 622.000000  0.012720
 623.000000  0.014404
 624.000000  0.014599
 625.000000  0.013525
 626.000000  0.011475
 627.000000  0.012377
 628.000000  0.010278
 629.000000  0.012231
 630.000000  0.010107
 631.000000  0.012207
 632.000000  0.010034
 633.000000  0.012231
 634.000000  0.009790
 635.000000  0.012207
 636.000000  0.009912
 637.000000  0.009741
 638.000000  0.009814
 639.000000  0.012207
 640.000000  0.009912
 641.000000  0.012207
 642.000000  0.009790
 643.000000  0.009717
 644.000000  0.012255
 645.000000  0.012182
 646.000000  0.012255
 647.000000  0.012158
 648.000000  0.009790
 649.000000  0.009741
 650.000000  0.009766
 651.000000  0.009692
 652.000000  0.009790
 653.000000  0.009619
 654.000000  0.009790
 655.000000  0.012133
 656.000000  0.009814
 657.000000  0.012182
 658.000000  0.009766
 659.000000  0.009766
 660.000000  0.009766
 661.000000  0.012182
 662.000000  0.009790
 663.000000  0.012133
 664.000000  0.012207
 665.000000  0.012109
 666.000000  0.012182
 667.000000  0.011962
 668.000000  0.009766
 669.000000  0.009692
 670.000000  0.009766
 671.000000  0.009644
 672.000000  0.009766
 673.000000  0.011987
 674.000000  0.012231
 675.000000  0.012060
 676.000000  0.009790
 677.000000  0.011987
 678.000000  0.009766
 679.000000  0.011889
 680.000000  0.009766
 681.000000  0.009399
 682.000000  0.009790
 683.000000  0.011914
 684.000000  0.009766
 685.000000  0.011865
 686.000000  0.009741
 687.000000  0.009497
 688.000000  0.012231
 689.000000  0.009570
 690.000000  0.012231
 691.000000  0.011792
 692.000000  0.009766
 693.000000  0.011669
 694.000000  0.009766
 695.000000  0.012011
 696.000000  0.012182
 697.000000  0.011718
 698.000000  0.009766
 699.000000  0.011596
 700.000000  0.009766
 701.000000  0.009473
 702.000000  0.009741
 703.000000  0.009424
 704.000000  0.012182
 705.000000  0.011254
 706.000000  0.009766
 707.000000  0.009644
 708.000000  0.009790
 709.000000  0.011889
 710.000000  0.009741
 711.000000  0.012011
 712.000000  0.009741
 713.000000  0.012011
 714.000000  0.009741
 715.000000  0.012060
 716.000000  0.009766
 717.000000  0.011840
 718.000000  0.009741
 719.000000  0.011914
 720.000000  0.009766
 721.000000  0.011816
 722.000000  0.009741
 723.000000  0.011889
 724.000000  0.009766
 725.000000  0.011865
 726.000000  0.009741
 727.000000  0.011743
 728.000000  0.009741
 729.000000  0.009106
 730.000000  0.009766
 731.000000  0.012036
 732.000000  0.009766
 733.000000  0.011621
 734.000000  0.012207
 735.000000  0.011987
 736.000000  0.009766
 737.000000  0.011694
 738.000000  0.009741
 739.000000  0.011474
 740.000000  0.009717
 741.000000  0.011621
 742.000000  0.009766
 743.000000  0.009424
 744.000000  0.009741
 745.000000  0.011889
 746.000000  0.009766
 747.000000  0.009131
 748.000000  0.009717
 749.000000  0.011840
 750.000000  0.009741
 751.000000  0.012036
 752.000000  0.012207
 753.000000  0.012060
 754.000000  0.009692
 755.000000  0.011987
 756.000000  0.009741
 757.000000  0.011914
 758.000000  0.009741
 759.000000  0.009326
 760.000000  0.009766
 761.000000  0.012109
 762.000000  0.009790
 763.000000  0.011840
 764.000000  0.009741
 765.000000  0.011279
 766.000000  0.009741
 767.000000  0.009253
 768.000000  0.009741
 769.000000  0.011621
 770.000000  0.009741
 771.000000  0.011425
 772.000000  0.009741
 773.000000  0.011474
 774.000000  0.012207
 775.000000  0.011938
 776.000000  0.012158
 777.000000  0.011792
 778.000000  0.009717
 779.000000  0.008984
 780.000000  0.009766
 781.000000  0.009399
 782.000000  0.012231
 783.000000  0.011816
 784.000000  0.009741
 785.000000  0.011401
 786.000000  0.009741
 787.000000  0.011377
 788.000000  0.012158
 789.000000  0.011718
 790.000000  0.009766
 791.000000  0.011572
 792.000000  0.009717
 793.000000  0.011352
 794.000000  0.009790
 795.000000  0.012109
 796.000000  0.009790
 797.000000  0.012060
 798.000000  0.009741
 799.000000  0.011865
 800.000000  0.009741
 801.000000  0.011450
 802.000000  0.012182
 803.000000  0.011450
 804.000000  0.009692
 805.000000  0.011303
 806.000000  0.009766
 807.000000  0.011084
 808.000000  0.012207
 809.000000  0.009644
 810.000000  0.009839
 811.000000  0.009546
 812.000000  0.009668
 813.000000  0.009106
 814.000000  0.009741
 815.000000  0.011889
 816.000000  0.009741
 817.000000  0.011987
 818.000000  0.009741
 819.000000  0.011767
 820.000000  0.009741
 821.000000  0.011645
 822.000000  0.009741
 823.000000  0.012011
 824.000000  0.012158
 825.000000  0.011792
 826.000000  0.009741
 827.000000  0.011621
 828.000000  0.009741
 829.000000  0.011767
 830.000000  0.009692
 831.000000  0.011499
 832.000000  0.009741
 833.000000  0.011303
 834.000000  0.009692
 835.000000  0.011499
 836.000000  0.012182
 837.000000  0.011596
 838.000000  0.009717
 839.000000  0.011669
 840.000000  0.009766
 841.000000  0.011889
 842.000000  0.012182
 843.000000  0.011450
 844.000000  0.009741
 845.000000  0.009473
 846.000000  0.012182
 847.000000  0.011840
 848.000000  0.009741
 849.000000  0.011840
 850.000000  0.009692
 851.000000  0.011645
 852.000000  0.009741
 853.000000  0.009375
 854.000000  0.012207
 855.000000  0.011596
 856.000000  0.009692
 857.000000  0.009448
 858.000000  0.009766
 859.000000  0.008667
 860.000000  0.012182
 861.000000  0.011865
 862.000000  0.009766
 863.000000  0.008496
 864.000000  0.009717
 865.000000  0.011328
 866.000000  0.012182
 867.000000  0.009302
 868.000000  0.009766
 869.000000  0.011303
 870.000000  0.009790
 871.000000  0.011572
 872.000000  0.009741
 873.000000  0.011987
 874.000000  0.009790
 875.000000  0.011572
 876.000000  0.009741
 877.000000  0.009082
 878.000000  0.009766
 879.000000  0.009448
 880.000000  0.009741
 881.000000  0.011889
 882.000000  0.009741
 883.000000  0.011840
 884.000000  0.009766
 885.000000  0.011694
 886.000000  0.009766
 887.000000  0.009009
 888.000000  0.009766
 889.000000  0.011132
 890.000000  0.009741
 891.000000  0.011645
 892.000000  0.009741
 893.000000  0.011792
 894.000000  0.009741
 895.000000  0.011718
 896.000000  0.009766
 897.000000  0.011816
 898.000000  0.009741
 899.000000  0.011425
 900.000000  0.009766
 901.000000  0.011450
 902.000000  0.012158
 903.000000  0.011132
 904.000000  0.009717
 905.000000  0.011938
 906.000000  0.012207
 907.000000  0.011596
 908.000000  0.012182
 909.000000  0.011352
 910.000000  0.009790
 911.000000  0.011889
 912.000000  0.009766
 913.000000  0.011401
 914.000000  0.009790
 915.000000  0.011816
 916.000000  0.009766
 917.000000  0.011840
 918.000000  0.012133
 919.000000  0.011792
 920.000000  0.012231
 921.000000  0.011450
 922.000000  0.009741
 923.000000  0.011767
 924.000000  0.009692
 925.000000  0.010815
 926.000000  0.009741
 927.000000  0.011303
 928.000000  0.009790
 929.000000  0.011865
 930.000000  0.009766
 931.000000  0.011718
 932.000000  0.009741
 933.000000  0.011669
 934.000000  0.009741
 935.000000  0.011914
 936.000000  0.009766
 937.000000  0.011816
 938.000000  0.009741
 939.000000  0.011914
 940.000000  0.009717
 941.000000  0.011743
 942.000000  0.009741
 943.000000  0.011596
 944.000000  0.009766
 945.000000  0.009399
 946.000000  0.012182
 947.000000  0.011987
 948.000000  0.009766
 949.000000  0.011840
 950.000000  0.012231
 951.000000  0.011718
 952.000000  0.009717
 953.000000  0.011743
 954.000000  0.009741
 955.000000  0.011059
 956.000000  0.009790
 957.000000  0.011450
 958.000000  0.009692
 959.000000  0.009131
 960.000000  0.009717
 961.000000  0.008862
 962.000000  0.012158
 963.000000  0.009106
 964.000000  0.009766
 965.000000  0.011792
 966.000000  0.009741
 967.000000  0.011547
 968.000000  0.009766
 969.000000  0.011645
 970.000000  0.012158
 971.000000  0.011694
 972.000000  0.009766
 973.000000  0.011767
 974.000000  0.009741
 975.000000  0.011889
 976.000000  0.009717
 977.000000  0.011206
 978.000000  0.009692
 979.000000  0.010986
 980.000000  0.009717
 981.000000  0.011792
 982.000000  0.009717
 983.000000  0.008911
 984.000000  0.009766
 985.000000  0.011645
 986.000000  0.009692
 987.000000  0.011474
 988.000000  0.012158
 989.000000  0.011523
 990.000000  0.009717
 991.000000  0.011303
 992.000000  0.009741
 993.000000  0.011718
 994.000000  0.009766
 995.000000  0.012085
 996.000000  0.009766
 997.000000  0.011938
 998.000000  0.012133
 999.000000  0.011254
 1000.000000  0.012231
 1001.000000  0.011474
 1002.000000  0.009692
 1003.000000  0.010961
 1004.000000  0.009766
 1005.000000  0.011352
 1006.000000  0.009692
 1007.000000  0.011303
 1008.000000  0.009766
 1009.000000  0.011059
 1010.000000  0.009692
 1011.000000  0.010961
 1012.000000  0.009717
 1013.000000  0.011035
 1014.000000  0.009619
 1015.000000  0.011157
 1016.000000  0.009692
 1017.000000  0.011328
 1018.000000  0.009692
 1019.000000  0.011059
 1020.000000  0.009717
 1021.000000  0.010669
 1022.000000  0.009717
 1023.000000  0.011621
