 0.000000  0.009204
 1.000000  0.007861
 2.000000  0.008984
 3.000000  0.007690
 4.000000  0.009277
 5.000000  0.007764
 6.000000  0.009473
 7.000000  0.007544
 8.000000  0.009326
 9.000000  0.007837
 10.000000  0.009375
 11.000000  0.007617
 12.000000  0.009448
 13.000000  0.007690
 14.000000  0.009302
 15.000000  0.007642
 16.000000  0.009228
 17.000000  0.007642
 18.000000  0.009497
 19.000000  0.007715
 20.000000  0.009009
 21.000000  0.007837
 22.000000  0.009228
 23.000000  0.007690
 24.000000  0.009375
 25.000000  0.007788
 26.000000  0.009619
 27.000000  0.010156
 28.000000  0.009399
 29.000000  0.007886
 30.000000  0.009351
 31.000000  0.007886
 32.000000  0.009399
 33.000000  0.007666
 34.000000  0.009326
 35.000000  0.007593
 36.000000  0.009351
 37.000000  0.007495
 38.000000  0.009473
 39.000000  0.010156
 40.000000  0.009497
 41.000000  0.007764
 42.000000  0.009228
 43.000000  0.007690
 44.000000  0.009497
 45.000000  0.007690
 46.000000  0.009277
 47.000000  0.007886
 48.000000  0.009473
 49.000000  0.007642
 50.000000  0.009009
 51.000000  0.007910
 52.000000  0.009351
 53.000000  0.007617
 54.000000  0.009424
 55.000000  0.007617
 56.000000  0.009448
 57.000000  0.007666
 58.000000  0.009473
 59.000000  0.009936
 60.000000  0.009351
 61.000000  0.010058
 62.000000  0.009082
 63.000000  0.007495
 64.000000  0.009326
 65.000000  0.007593
 66.000000  0.009204
 67.000000  0.010009
 68.000000  0.009228
 69.000000  0.007593
 70.000000  0.009131
 71.000000  0.007642
 72.000000  0.009204
 73.000000  0.007446
 74.000000  0.009375
 75.000000  0.007666
 76.000000  0.009497
 77.000000  0.007715
 78.000000  0.009326
 79.000000  0.007495
 80.000000  0.009399
 81.000000  0.007788
 82.000000  0.009155
 83.000000  0.007690
 84.000000  0.009277
 85.000000  0.007568
 86.000000  0.009302
 87.000000  0.007617
 88.000000  0.009521
 89.000000  0.007715
 90.000000  0.009351
 91.000000  0.007690
 92.000000  0.009473
 93.000000  0.007593
 94.000000  0.009351
 95.000000  0.007544
 96.000000  0.009424
 97.000000  0.007422
 98.000000  0.009521
 99.000000  0.007788
 100.000000  0.009595
 101.000000  0.010180
 102.000000  0.009058
 103.000000  0.010058
 104.000000  0.009326
 105.000000  0.007519
 106.000000  0.009473
 107.000000  0.007568
 108.000000  0.009521
 109.000000  0.010083
 110.000000  0.009473
 111.000000  0.007544
 112.000000  0.009106
 113.000000  0.007739
 114.000000  0.009448
 115.000000  0.007690
 116.000000  0.009277
 117.000000  0.007642
 118.000000  0.009253
 119.000000  0.007617
 120.000000  0.009399
 121.000000  0.007617
 122.000000  0.009204
 123.000000  0.007544
 124.000000  0.009277
 125.000000  0.007544
 126.000000  0.009326
 127.000000  0.009985
 128.000000  0.009448
 129.000000  0.007666
 130.000000  0.009546
 131.000000  0.009985
 132.000000  0.009082
 133.000000  0.007617
 134.000000  0.009448
 135.000000  0.010180
 136.000000  0.009448
 137.000000  0.007617
 138.000000  0.009424
 139.000000  0.007519
 140.000000  0.009375
 141.000000  0.007544
 142.000000  0.009399
 143.000000  0.007910
 144.000000  0.009033
 145.000000  0.010009
 146.000000  0.009228
 147.000000  0.007593
 148.000000  0.009326
 149.000000  0.010107
 150.000000  0.009326
 151.000000  0.007617
 152.000000  0.009351
 153.000000  0.007715
 154.000000  0.009302
 155.000000  0.007544
 156.000000  0.009253
 157.000000  0.010034
 158.000000  0.009375
 159.000000  0.007617
 160.000000  0.009302
 161.000000  0.007617
 162.000000  0.009228
 163.000000  0.007642
 164.000000  0.009131
 165.000000  0.007519
 166.000000  0.009326
 167.000000  0.007861
 168.000000  0.009351
 169.000000  0.009912
 170.000000  0.009302
 171.000000  0.007642
 172.000000  0.009326
 173.000000  0.007568
 174.000000  0.009033
 175.000000  0.007544
 176.000000  0.008984
 177.000000  0.007544
 178.000000  0.009253
 179.000000  0.010034
 180.000000  0.008984
 181.000000  0.007666
 182.000000  0.009204
 183.000000  0.007666
 184.000000  0.009082
 185.000000  0.007690
 186.000000  0.009473
 187.000000  0.007715
 188.000000  0.009180
 189.000000  0.007446
 190.000000  0.009155
 191.000000  0.007471
 192.000000  0.009253
 193.000000  0.007593
 194.000000  0.009082
 195.000000  0.007495
 196.000000  0.011450
 197.000000  0.007568
 198.000000  0.009375
 199.000000  0.010034
 200.000000  0.009497
 201.000000  0.009912
 202.000000  0.009131
 203.000000  0.007764
 204.000000  0.009326
 205.000000  0.007495
 206.000000  0.009180
 207.000000  0.007617
 208.000000  0.009375
 209.000000  0.009887
 210.000000  0.009375
 211.000000  0.007544
 212.000000  0.009228
 213.000000  0.010083
 214.000000  0.009155
 215.000000  0.007690
 216.000000  0.009277
 217.000000  0.007642
 218.000000  0.009180
 219.000000  0.010058
 220.000000  0.009253
 221.000000  0.007617
 222.000000  0.009009
 223.000000  0.007642
 224.000000  0.009521
 225.000000  0.007544
 226.000000  0.009253
 227.000000  0.010058
 228.000000  0.009375
 229.000000  0.010034
 230.000000  0.009595
 231.000000  0.007764
 232.000000  0.009448
 233.000000  0.009961
 234.000000  0.009155
 235.000000  0.007642
 236.000000  0.009351
 237.000000  0.007617
 238.000000  0.009326
 239.000000  0.010180
 240.000000  0.009473
 241.000000  0.007812
 242.000000  0.009375
 243.000000  0.009961
 244.000000  0.009253
 245.000000  0.007690
 246.000000  0.009375
 247.000000  0.007861
 248.000000  0.009546
 249.000000  0.007715
 250.000000  0.009424
 251.000000  0.007617
 252.000000  0.009521
 253.000000  0.007471
 254.000000  0.009106
 255.000000  0.010131
 256.000000  0.009424
 257.000000  0.007886
 258.000000  0.009106
 259.000000  0.007642
 260.000000  0.009570
 261.000000  0.007544
 262.000000  0.009204
 263.000000  0.010058
 264.000000  0.009253
 265.000000  0.009887
 266.000000  0.009399
 267.000000  0.009985
 268.000000  0.009058
 269.000000  0.009985
 270.000000  0.009424
 271.000000  0.007446
 272.000000  0.009375
 273.000000  0.007690
 274.000000  0.009497
 275.000000  0.010083
 276.000000  0.009448
 277.000000  0.010229
 278.000000  0.009570
 279.000000  0.007593
 280.000000  0.009521
 281.000000  0.010107
 282.000000  0.009570
 283.000000  0.010205
 284.000000  0.009448
 285.000000  0.007861
 286.000000  0.009253
 287.000000  0.007690
 288.000000  0.009302
 289.000000  0.010253
 290.000000  0.009424
 291.000000  0.007764
 292.000000  0.009570
 293.000000  0.007519
 294.000000  0.009399
 295.000000  0.010205
 296.000000  0.009546
 297.000000  0.010278
 298.000000  0.009570
 299.000000  0.009985
 300.000000  0.009351
 301.000000  0.007788
 302.000000  0.009668
 303.000000  0.010327
 304.000000  0.009521
 305.000000  0.007812
 306.000000  0.009497
 307.000000  0.010278
 308.000000  0.009546
 309.000000  0.010083
 310.000000  0.009521
 311.000000  0.007690
 312.000000  0.009351
 313.000000  0.008081
 314.000000  0.009595
 315.000000  0.010376
 316.000000  0.009546
 317.000000  0.007812
 318.000000  0.009375
 319.000000  0.007764
 320.000000  0.009521
 321.000000  0.010424
 322.000000  0.009448
 323.000000  0.010498
 324.000000  0.009521
 325.000000  0.007812
 326.000000  0.009277
 327.000000  0.007764
 328.000000  0.009546
 329.000000  0.010766
 330.000000  0.009497
 331.000000  0.010302
 332.000000  0.009473
 333.000000  0.010376
 334.000000  0.009570
 335.000000  0.010742
 336.000000  0.009595
 337.000000  0.007983
 338.000000  0.009521
 339.000000  0.007959
 340.000000  0.009302
 341.000000  0.010888
 342.000000  0.011792
 343.000000  0.010400
 344.000000  0.009473
 345.000000  0.010449
 346.000000  0.009644
 347.000000  0.008130
 348.000000  0.009619
 349.000000  0.010498
 350.000000  0.009619
 351.000000  0.010302
 352.000000  0.009546
 353.000000  0.010546
 354.000000  0.009692
 355.000000  0.007886
 356.000000  0.009595
 357.000000  0.008008
 358.000000  0.009595
 359.000000  0.010180
 360.000000  0.009692
 361.000000  0.008008
 362.000000  0.009644
 363.000000  0.010766
 364.000000  0.009521
 365.000000  0.008276
 366.000000  0.009595
 367.000000  0.008154
 368.000000  0.009595
 369.000000  0.008179
 370.000000  0.009497
 371.000000  0.010424
 372.000000  0.009692
 373.000000  0.010644
 374.000000  0.009668
 375.000000  0.010327
 376.000000  0.009644
 377.000000  0.008105
 378.000000  0.009619
 379.000000  0.008325
 380.000000  0.009668
 381.000000  0.010693
 382.000000  0.009644
 383.000000  0.008301
 384.000000  0.009619
 385.000000  0.008447
 386.000000  0.009521
 387.000000  0.010864
 388.000000  0.009717
 389.000000  0.010620
 390.000000  0.009668
 391.000000  0.010742
 392.000000  0.009595
 393.000000  0.008130
 394.000000  0.009668
 395.000000  0.008301
 396.000000  0.009595
 397.000000  0.008179
 398.000000  0.009741
 399.000000  0.008130
 400.000000  0.009668
 401.000000  0.010791
 402.000000  0.009644
 403.000000  0.008447
 404.000000  0.009692
 405.000000  0.008374
 406.000000  0.009546
 407.000000  0.008545
 408.000000  0.009692
 409.000000  0.010961
 410.000000  0.009741
 411.000000  0.011303
 412.000000  0.009692
 413.000000  0.008398
 414.000000  0.009766
 415.000000  0.010839
 416.000000  0.009717
 417.000000  0.008398
 418.000000  0.009741
 419.000000  0.008472
 420.000000  0.009741
 421.000000  0.008350
 422.000000  0.009741
 423.000000  0.008203
 424.000000  0.009717
 425.000000  0.010742
 426.000000  0.009717
 427.000000  0.010913
 428.000000  0.009717
 429.000000  0.010546
 430.000000  0.009717
 431.000000  0.010913
 432.000000  0.009717
 433.000000  0.008252
 434.000000  0.009741
 435.000000  0.010644
 436.000000  0.009717
 437.000000  0.010888
 438.000000  0.009619
 439.000000  0.010595
 440.000000  0.009619
 441.000000  0.011108
 442.000000  0.009766
 443.000000  0.011132
 444.000000  0.009619
 445.000000  0.010620
 446.000000  0.009717
 447.000000  0.009009
 448.000000  0.009692
 449.000000  0.011108
 450.000000  0.009595
 451.000000  0.010864
 452.000000  0.009668
 453.000000  0.010888
 454.000000  0.009741
 455.000000  0.011157
 456.000000  0.009717
 457.000000  0.011328
 458.000000  0.009717
 459.000000  0.011377
 460.000000  0.009717
 461.000000  0.011279
 462.000000  0.009741
 463.000000  0.011157
 464.000000  0.009717
 465.000000  0.011401
 466.000000  0.009741
 467.000000  0.008740
 468.000000  0.009741
 469.000000  0.009155
 470.000000  0.009741
 471.000000  0.011401
 472.000000  0.009692
 473.000000  0.009009
 474.000000  0.009717
 475.000000  0.011206
 476.000000  0.009741
 477.000000  0.008789
 478.000000  0.009692
 479.000000  0.011303
 480.000000  0.009766
 481.000000  0.011523
 482.000000  0.009692
 483.000000  0.009155
 484.000000  0.009741
 485.000000  0.011889
 486.000000  0.009717
 487.000000  0.009082
 488.000000  0.009644
 489.000000  0.008984
 490.000000  0.009717
 491.000000  0.011377
 492.000000  0.009717
 493.000000  0.011718
 494.000000  0.009717
 495.000000  0.011840
 496.000000  0.009717
 497.000000  0.009228
 498.000000  0.009692
 499.000000  0.011254
 500.000000  0.009692
 501.000000  0.011572
 502.000000  0.009766
 503.000000  0.011669
 504.000000  0.009766
 505.000000  0.011914
 506.000000  0.009741
 507.000000  0.008911
 508.000000  0.009766
 509.000000  0.009253
 510.000000  0.009717
 511.000000  0.011499
 512.000000  0.009741
 513.000000  0.009033
 514.000000  0.009692
 515.000000  0.009082
 516.000000  0.009766
 517.000000  0.009155
 518.000000  0.009668
 519.000000  0.008813
 520.000000  0.009766
 521.000000  0.009302
 522.000000  0.009741
 523.000000  0.011328
 524.000000  0.009741
 525.000000  0.011523
 526.000000  0.009717
 527.000000  0.011425
 528.000000  0.009766
 529.000000  0.011840
 530.000000  0.009766
 531.000000  0.011987
 532.000000  0.009717
 533.000000  0.009521
 534.000000  0.009741
 535.000000  0.009448
 536.000000  0.009741
 537.000000  0.011621
 538.000000  0.009790
 539.000000  0.011743
 540.000000  0.009766
 541.000000  0.009302
 542.000000  0.009741
 543.000000  0.009424
 544.000000  0.009741
 545.000000  0.009448
 546.000000  0.009766
 547.000000  0.011816
 548.000000  0.009741
 549.000000  0.011938
 550.000000  0.009741
 551.000000  0.012060
 552.000000  0.009717
 553.000000  0.009424
 554.000000  0.009766
 555.000000  0.009595
 556.000000  0.009741
 557.000000  0.011889
 558.000000  0.009717
 559.000000  0.012036
 560.000000  0.009741
 561.000000  0.009448
 562.000000  0.009766
 563.000000  0.012182
 564.000000  0.009790
 565.000000  0.012207
 566.000000  0.009766
 567.000000  0.012158
 568.000000  0.009766
 569.000000  0.012182
 570.000000  0.009790
 571.000000  0.012182
 572.000000  0.009766
 573.000000  0.012182
 574.000000  0.009766
 575.000000  0.012207
 576.000000  0.009790
 577.000000  0.012158
 578.000000  0.009814
 579.000000  0.012182
 580.000000  0.009863
 581.000000  0.009766
 582.000000  0.009839
 583.000000  0.012182
 584.000000  0.009814
 585.000000  0.012231
 586.000000  0.009985
 587.000000  0.012182
 588.000000  0.009888
 589.000000  0.009766
 590.000000  0.010303
 591.000000  0.012207
 592.000000  0.010962
 593.000000  0.010229
 594.000000  0.011426
 595.000000  0.013183
 596.000000  0.012085
 597.000000  0.013501
 598.000000  0.011938
 599.000000  0.012915
 600.000000  0.011450
 601.000000  0.012939
 602.000000  0.012085
 603.000000  0.014672
 604.000000  0.012842
 605.000000  0.014965
 606.000000  0.013647
 607.000000  0.015454
 608.000000  0.015039
 609.000000  0.016796
 610.000000  0.015332
 611.000000  0.017651
 612.000000  0.018920
 613.000000  0.019799
 614.000000  0.022631
 615.000000  0.026391
 616.000000  0.038501
 617.000000  0.100562
 618.000000  0.245703
 619.000000  0.350000
 620.000000  0.369434
 621.000000  0.261572
 622.000000  0.143359
 623.000000  0.049194
 624.000000  0.034082
 625.000000  0.024023
 626.000000  0.018164
 627.000000  0.017871
 628.000000  0.015283
 629.000000  0.016894
 630.000000  0.014600
 631.000000  0.014965
 632.000000  0.012622
 633.000000  0.014624
 634.000000  0.012280
 635.000000  0.014282
 636.000000  0.012109
 637.000000  0.010864
 638.000000  0.011865
 639.000000  0.012719
 640.000000  0.011548
 641.000000  0.012500
 642.000000  0.011645
 643.000000  0.010962
 644.000000  0.014184
 645.000000  0.012768
 646.000000  0.013256
 647.000000  0.012426
 648.000000  0.010498
 649.000000  0.009888
 650.000000  0.010474
 651.000000  0.009790
 652.000000  0.010059
 653.000000  0.009741
 654.000000  0.010083
 655.000000  0.012207
 656.000000  0.010132
 657.000000  0.012280
 658.000000  0.009961
 659.000000  0.009741
 660.000000  0.010181
 661.000000  0.012255
 662.000000  0.009839
 663.000000  0.012207
 664.000000  0.012329
 665.000000  0.012231
 666.000000  0.012402
 667.000000  0.012231
 668.000000  0.009936
 669.000000  0.009790
 670.000000  0.010034
 671.000000  0.009790
 672.000000  0.010083
 673.000000  0.012231
 674.000000  0.012426
 675.000000  0.012158
 676.000000  0.009985
 677.000000  0.012207
 678.000000  0.009863
 679.000000  0.012231
 680.000000  0.009936
 681.000000  0.009668
 682.000000  0.009814
 683.000000  0.012231
 684.000000  0.009912
 685.000000  0.012231
 686.000000  0.009814
 687.000000  0.009766
 688.000000  0.012377
 689.000000  0.009741
 690.000000  0.012426
 691.000000  0.012231
 692.000000  0.009790
 693.000000  0.012207
 694.000000  0.009839
 695.000000  0.012207
 696.000000  0.012231
 697.000000  0.012207
 698.000000  0.009790
 699.000000  0.012182
 700.000000  0.009790
 701.000000  0.009717
 702.000000  0.009814
 703.000000  0.009766
 704.000000  0.012207
 705.000000  0.012133
 706.000000  0.009863
 707.000000  0.009741
 708.000000  0.009863
 709.000000  0.012182
 710.000000  0.009790
 711.000000  0.012133
 712.000000  0.009766
 713.000000  0.012207
 714.000000  0.009814
 715.000000  0.012207
 716.000000  0.009790
 717.000000  0.012182
 718.000000  0.009790
 719.000000  0.012060
 720.000000  0.009790
 721.000000  0.012133
 722.000000  0.009790
 723.000000  0.012207
 724.000000  0.009790
 725.000000  0.012158
 726.000000  0.009790
 727.000000  0.012182
 728.000000  0.009766
 729.000000  0.009741
 730.000000  0.009766
 731.000000  0.012133
 732.000000  0.009766
 733.000000  0.012133
 734.000000  0.012255
 735.000000  0.012207
 736.000000  0.009766
 737.000000  0.012158
 738.000000  0.009766
 739.000000  0.012060
 740.000000  0.009790
 741.000000  0.012133
 742.000000  0.009766
 743.000000  0.009766
 744.000000  0.009766
 745.000000  0.012133
 746.000000  0.009766
 747.000000  0.009570
 748.000000  0.009790
 749.000000  0.012158
 750.000000  0.009839
 751.000000  0.012207
 752.000000  0.012304
 753.000000  0.012207
 754.000000  0.009814
 755.000000  0.012109
 756.000000  0.009814
 757.000000  0.012085
 758.000000  0.009790
 759.000000  0.009741
 760.000000  0.009814
 761.000000  0.012207
 762.000000  0.009863
 763.000000  0.012182
 764.000000  0.009766
 765.000000  0.012158
 766.000000  0.009741
 767.000000  0.009644
 768.000000  0.009766
 769.000000  0.012133
 770.000000  0.009814
 771.000000  0.012207
 772.000000  0.009790
 773.000000  0.012109
 774.000000  0.012182
 775.000000  0.012133
 776.000000  0.012207
 777.000000  0.012158
 778.000000  0.009814
 779.000000  0.009692
 780.000000  0.009766
 781.000000  0.009644
 782.000000  0.012231
 783.000000  0.011987
 784.000000  0.009790
 785.000000  0.011938
 786.000000  0.009814
 787.000000  0.011962
 788.000000  0.012207
 789.000000  0.012060
 790.000000  0.009790
 791.000000  0.012085
 792.000000  0.009839
 793.000000  0.012085
 794.000000  0.009814
 795.000000  0.012158
 796.000000  0.009814
 797.000000  0.012133
 798.000000  0.009766
 799.000000  0.012207
 800.000000  0.009766
 801.000000  0.012133
 802.000000  0.012280
 803.000000  0.012109
 804.000000  0.009766
 805.000000  0.011962
 806.000000  0.009741
 807.000000  0.012011
 808.000000  0.012231
 809.000000  0.009741
 810.000000  0.009888
 811.000000  0.009741
 812.000000  0.009790
 813.000000  0.009619
 814.000000  0.009790
 815.000000  0.012109
 816.000000  0.009814
 817.000000  0.012133
 818.000000  0.009814
 819.000000  0.012109
 820.000000  0.009766
 821.000000  0.012182
 822.000000  0.009790
 823.000000  0.012182
 824.000000  0.012182
 825.000000  0.012158
 826.000000  0.009814
 827.000000  0.012085
 828.000000  0.009814
 829.000000  0.012109
 830.000000  0.009766
 831.000000  0.012109
 832.000000  0.009814
 833.000000  0.012011
 834.000000  0.009741
 835.000000  0.012085
 836.000000  0.012280
 837.000000  0.012085
 838.000000  0.009814
 839.000000  0.012133
 840.000000  0.009814
 841.000000  0.012182
 842.000000  0.012207
 843.000000  0.012158
 844.000000  0.009766
 845.000000  0.009692
 846.000000  0.012231
 847.000000  0.012085
 848.000000  0.009766
 849.000000  0.012085
 850.000000  0.009741
 851.000000  0.011938
 852.000000  0.009766
 853.000000  0.009644
 854.000000  0.012304
 855.000000  0.012133
 856.000000  0.009766
 857.000000  0.009644
 858.000000  0.009766
 859.000000  0.009570
 860.000000  0.012231
 861.000000  0.012133
 862.000000  0.009741
 863.000000  0.009619
 864.000000  0.009766
 865.000000  0.012036
 866.000000  0.012207
 867.000000  0.009644
 868.000000  0.009790
 869.000000  0.012036
 870.000000  0.009790
 871.000000  0.012182
 872.000000  0.009766
 873.000000  0.012207
 874.000000  0.009814
 875.000000  0.012109
 876.000000  0.009766
 877.000000  0.009668
 878.000000  0.009766
 879.000000  0.009595
 880.000000  0.009766
 881.000000  0.012182
 882.000000  0.009766
 883.000000  0.012133
 884.000000  0.009814
 885.000000  0.012182
 886.000000  0.009766
 887.000000  0.009644
 888.000000  0.009766
 889.000000  0.012011
 890.000000  0.009790
 891.000000  0.012158
 892.000000  0.009766
 893.000000  0.012158
 894.000000  0.009766
 895.000000  0.012133
 896.000000  0.009790
 897.000000  0.012060
 898.000000  0.009766
 899.000000  0.012133
 900.000000  0.009814
 901.000000  0.012085
 902.000000  0.012207
 903.000000  0.011938
 904.000000  0.009814
 905.000000  0.012207
 906.000000  0.012231
 907.000000  0.012109
 908.000000  0.012231
 909.000000  0.012011
 910.000000  0.009766
 911.000000  0.012158
 912.000000  0.009790
 913.000000  0.012085
 914.000000  0.009814
 915.000000  0.012231
 916.000000  0.009790
 917.000000  0.012158
 918.000000  0.012207
 919.000000  0.012060
 920.000000  0.012255
 921.000000  0.012158
 922.000000  0.009863
 923.000000  0.012085
 924.000000  0.009790
 925.000000  0.011914
 926.000000  0.009717
 927.000000  0.012060
 928.000000  0.009790
 929.000000  0.012158
 930.000000  0.009863
 931.000000  0.012182
 932.000000  0.009814
 933.000000  0.012182
 934.000000  0.009814
 935.000000  0.012158
 936.000000  0.009839
 937.000000  0.012158
 938.000000  0.009790
 939.000000  0.012011
 940.000000  0.009814
 941.000000  0.012182
 942.000000  0.009814
 943.000000  0.012182
 944.000000  0.009766
 945.000000  0.009790
 946.000000  0.012255
 947.000000  0.012182
 948.000000  0.009790
 949.000000  0.012182
 950.000000  0.012207
 951.000000  0.012182
 952.000000  0.009790
 953.000000  0.012036
 954.000000  0.009814
 955.000000  0.011962
 956.000000  0.009863
 957.000000  0.012060
 958.000000  0.009790
 959.000000  0.009619
 960.000000  0.009741
 961.000000  0.009619
 962.000000  0.012231
 963.000000  0.009644
 964.000000  0.009717
 965.000000  0.012133
 966.000000  0.009790
 967.000000  0.012158
 968.000000  0.009790
 969.000000  0.012231
 970.000000  0.012207
 971.000000  0.012182
 972.000000  0.009741
 973.000000  0.012207
 974.000000  0.009790
 975.000000  0.012036
 976.000000  0.009790
 977.000000  0.012085
 978.000000  0.009766
 979.000000  0.011914
 980.000000  0.009790
 981.000000  0.012158
 982.000000  0.009741
 983.000000  0.009619
 984.000000  0.009741
 985.000000  0.012085
 986.000000  0.009766
 987.000000  0.012036
 988.000000  0.012158
 989.000000  0.012011
 990.000000  0.009814
 991.000000  0.012133
 992.000000  0.009766
 993.000000  0.012109
 994.000000  0.009766
 995.000000  0.012182
 996.000000  0.009766
 997.000000  0.012158
 998.000000  0.012207
 999.000000  0.012085
 1000.000000  0.012182
 1001.000000  0.012085
 1002.000000  0.009766
 1003.000000  0.012109
 1004.000000  0.009814
 1005.000000  0.012060
 1006.000000  0.009766
 1007.000000  0.011816
 1008.000000  0.009741
 1009.000000  0.012109
 1010.000000  0.009717
 1011.000000  0.011938
 1012.000000  0.009766
 1013.000000  0.011792
 1014.000000  0.009790
 1015.000000  0.012109
 1016.000000  0.009766
 1017.000000  0.012085
 1018.000000  0.009814
 1019.000000  0.012036
 1020.000000  0.009766
 1021.000000  0.011840
 1022.000000  0.009741
 1023.000000  0.011914
