 0.000000  0.008472
 1.000000  0.007446
 2.000000  0.008032
 3.000000  0.007568
 4.000000  0.008594
 5.000000  0.007397
 6.000000  0.008496
 7.000000  0.007495
 8.000000  0.008398
 9.000000  0.007471
 10.000000  0.008350
 11.000000  0.007422
 12.000000  0.008350
 13.000000  0.007373
 14.000000  0.008374
 15.000000  0.007471
 16.000000  0.008130
 17.000000  0.007349
 18.000000  0.008398
 19.000000  0.007446
 20.000000  0.008105
 21.000000  0.007446
 22.000000  0.008130
 23.000000  0.007471
 24.000000  0.008569
 25.000000  0.007349
 26.000000  0.008936
 27.000000  0.009814
 28.000000  0.008472
 29.000000  0.007373
 30.000000  0.008130
 31.000000  0.007422
 32.000000  0.008227
 33.000000  0.007324
 34.000000  0.008398
 35.000000  0.007324
 36.000000  0.008520
 37.000000  0.007373
 38.000000  0.008325
 39.000000  0.009838
 40.000000  0.008545
 41.000000  0.007324
 42.000000  0.008447
 43.000000  0.007349
 44.000000  0.008398
 45.000000  0.007324
 46.000000  0.008520
 47.000000  0.007349
 48.000000  0.008350
 49.000000  0.007373
 50.000000  0.007983
 51.000000  0.007349
 52.000000  0.008130
 53.000000  0.007324
 54.000000  0.008154
 55.000000  0.007324
 56.000000  0.008447
 57.000000  0.007324
 58.000000  0.008960
 59.000000  0.009765
 60.000000  0.008496
 61.000000  0.009765
 62.000000  0.008008
 63.000000  0.007324
 64.000000  0.008398
 65.000000  0.007324
 66.000000  0.008252
 67.000000  0.009765
 68.000000  0.007983
 69.000000  0.007349
 70.000000  0.007935
 71.000000  0.007324
 72.000000  0.008105
 73.000000  0.007324
 74.000000  0.008105
 75.000000  0.007349
 76.000000  0.008472
 77.000000  0.007324
 78.000000  0.008227
 79.000000  0.007349
 80.000000  0.008472
 81.000000  0.007373
 82.000000  0.008057
 83.000000  0.007349
 84.000000  0.007983
 85.000000  0.007349
 86.000000  0.008057
 87.000000  0.007324
 88.000000  0.008472
 89.000000  0.007324
 90.000000  0.008179
 91.000000  0.007349
 92.000000  0.008423
 93.000000  0.007324
 94.000000  0.007983
 95.000000  0.007324
 96.000000  0.008227
 97.000000  0.007373
 98.000000  0.008276
 99.000000  0.007422
 100.000000  0.008301
 101.000000  0.009765
 102.000000  0.008154
 103.000000  0.009838
 104.000000  0.008154
 105.000000  0.007397
 106.000000  0.008227
 107.000000  0.007349
 108.000000  0.008472
 109.000000  0.009765
 110.000000  0.007935
 111.000000  0.007397
 112.000000  0.007959
 113.000000  0.007397
 114.000000  0.008374
 115.000000  0.007422
 116.000000  0.008154
 117.000000  0.007422
 118.000000  0.008227
 119.000000  0.007324
 120.000000  0.008301
 121.000000  0.007422
 122.000000  0.008252
 123.000000  0.007373
 124.000000  0.008301
 125.000000  0.007373
 126.000000  0.008227
 127.000000  0.009765
 128.000000  0.008130
 129.000000  0.007373
 130.000000  0.007983
 131.000000  0.009838
 132.000000  0.008130
 133.000000  0.007300
 134.000000  0.008423
 135.000000  0.009887
 136.000000  0.008227
 137.000000  0.007373
 138.000000  0.008032
 139.000000  0.007349
 140.000000  0.008301
 141.000000  0.007397
 142.000000  0.007983
 143.000000  0.007422
 144.000000  0.008130
 145.000000  0.009912
 146.000000  0.008057
 147.000000  0.007349
 148.000000  0.008252
 149.000000  0.009814
 150.000000  0.008276
 151.000000  0.007446
 152.000000  0.008203
 153.000000  0.007373
 154.000000  0.008154
 155.000000  0.007397
 156.000000  0.008008
 157.000000  0.009887
 158.000000  0.008252
 159.000000  0.007373
 160.000000  0.008105
 161.000000  0.007324
 162.000000  0.008008
 163.000000  0.007349
 164.000000  0.007935
 165.000000  0.007422
 166.000000  0.007886
 167.000000  0.007373
 168.000000  0.008057
 169.000000  0.009790
 170.000000  0.008057
 171.000000  0.007349
 172.000000  0.007861
 173.000000  0.007349
 174.000000  0.007739
 175.000000  0.007349
 176.000000  0.007739
 177.000000  0.007324
 178.000000  0.007886
 179.000000  0.009765
 180.000000  0.007666
 181.000000  0.007324
 182.000000  0.007983
 183.000000  0.007349
 184.000000  0.007812
 185.000000  0.007324
 186.000000  0.008105
 187.000000  0.007324
 188.000000  0.007788
 189.000000  0.007324
 190.000000  0.007935
 191.000000  0.007324
 192.000000  0.007886
 193.000000  0.007349
 194.000000  0.007837
 195.000000  0.007324
 196.000000  0.010424
 197.000000  0.007324
 198.000000  0.007886
 199.000000  0.009765
 200.000000  0.007861
 201.000000  0.009765
 202.000000  0.007959
 203.000000  0.007324
 204.000000  0.007837
 205.000000  0.007324
 206.000000  0.007764
 207.000000  0.007324
 208.000000  0.007690
 209.000000  0.009765
 210.000000  0.007959
 211.000000  0.007324
 212.000000  0.007764
 213.000000  0.009765
 214.000000  0.007519
 215.000000  0.007324
 216.000000  0.007666
 217.000000  0.007324
 218.000000  0.007764
 219.000000  0.009765
 220.000000  0.007715
 221.000000  0.007324
 222.000000  0.007617
 223.000000  0.007324
 224.000000  0.007812
 225.000000  0.007324
 226.000000  0.007739
 227.000000  0.009765
 228.000000  0.007788
 229.000000  0.009765
 230.000000  0.007935
 231.000000  0.007324
 232.000000  0.007983
 233.000000  0.009765
 234.000000  0.007593
 235.000000  0.007324
 236.000000  0.007397
 237.000000  0.007324
 238.000000  0.007593
 239.000000  0.009765
 240.000000  0.007910
 241.000000  0.007324
 242.000000  0.007764
 243.000000  0.009765
 244.000000  0.007739
 245.000000  0.007324
 246.000000  0.007544
 247.000000  0.007324
 248.000000  0.007837
 249.000000  0.007324
 250.000000  0.007642
 251.000000  0.007324
 252.000000  0.007666
 253.000000  0.007324
 254.000000  0.007544
 255.000000  0.009741
 256.000000  0.007812
 257.000000  0.007300
 258.000000  0.007544
 259.000000  0.007373
 260.000000  0.007812
 261.000000  0.007349
 262.000000  0.007617
 263.000000  0.009814
 264.000000  0.007788
 265.000000  0.009838
 266.000000  0.007715
 267.000000  0.009790
 268.000000  0.007764
 269.000000  0.009790
 270.000000  0.007983
 271.000000  0.007300
 272.000000  0.007617
 273.000000  0.007349
 274.000000  0.008081
 275.000000  0.009790
 276.000000  0.007886
 277.000000  0.009863
 278.000000  0.008203
 279.000000  0.007300
 280.000000  0.007861
 281.000000  0.009741
 282.000000  0.007861
 283.000000  0.009765
 284.000000  0.007788
 285.000000  0.007373
 286.000000  0.007861
 287.000000  0.007324
 288.000000  0.007861
 289.000000  0.009765
 290.000000  0.007935
 291.000000  0.007324
 292.000000  0.007861
 293.000000  0.007349
 294.000000  0.008008
 295.000000  0.009814
 296.000000  0.007837
 297.000000  0.009790
 298.000000  0.008057
 299.000000  0.009838
 300.000000  0.007837
 301.000000  0.007349
 302.000000  0.007959
 303.000000  0.009838
 304.000000  0.007983
 305.000000  0.007397
 306.000000  0.008032
 307.000000  0.009741
 308.000000  0.007739
 309.000000  0.009814
 310.000000  0.007910
 311.000000  0.007397
 312.000000  0.008032
 313.000000  0.007397
 314.000000  0.008105
 315.000000  0.009887
 316.000000  0.007910
 317.000000  0.007349
 318.000000  0.007764
 319.000000  0.007373
 320.000000  0.008008
 321.000000  0.009814
 322.000000  0.007715
 323.000000  0.009790
 324.000000  0.007690
 325.000000  0.007324
 326.000000  0.007788
 327.000000  0.007324
 328.000000  0.007812
 329.000000  0.009765
 330.000000  0.007837
 331.000000  0.009765
 332.000000  0.007886
 333.000000  0.009790
 334.000000  0.007739
 335.000000  0.009814
 336.000000  0.007666
 337.000000  0.007324
 338.000000  0.007788
 339.000000  0.007349
 340.000000  0.007764
 341.000000  0.009765
 342.000000  0.010131
 343.000000  0.009765
 344.000000  0.007837
 345.000000  0.009765
 346.000000  0.007886
 347.000000  0.007324
 348.000000  0.007495
 349.000000  0.009765
 350.000000  0.007739
 351.000000  0.009765
 352.000000  0.007812
 353.000000  0.009765
 354.000000  0.007764
 355.000000  0.007349
 356.000000  0.007739
 357.000000  0.007349
 358.000000  0.007617
 359.000000  0.009765
 360.000000  0.007861
 361.000000  0.007324
 362.000000  0.007666
 363.000000  0.009765
 364.000000  0.007471
 365.000000  0.007324
 366.000000  0.007715
 367.000000  0.007324
 368.000000  0.007666
 369.000000  0.007324
 370.000000  0.007642
 371.000000  0.009765
 372.000000  0.007715
 373.000000  0.009765
 374.000000  0.007739
 375.000000  0.009765
 376.000000  0.007788
 377.000000  0.007324
 378.000000  0.007715
 379.000000  0.007324
 380.000000  0.007788
 381.000000  0.009765
 382.000000  0.007471
 383.000000  0.007324
 384.000000  0.007715
 385.000000  0.007324
 386.000000  0.007642
 387.000000  0.009790
 388.000000  0.007544
 389.000000  0.009765
 390.000000  0.007886
 391.000000  0.009765
 392.000000  0.007593
 393.000000  0.007324
 394.000000  0.007690
 395.000000  0.007324
 396.000000  0.007715
 397.000000  0.007324
 398.000000  0.007764
 399.000000  0.007324
 400.000000  0.007715
 401.000000  0.009765
 402.000000  0.007812
 403.000000  0.007324
 404.000000  0.007568
 405.000000  0.007349
 406.000000  0.007666
 407.000000  0.007324
 408.000000  0.007690
 409.000000  0.009741
 410.000000  0.007983
 411.000000  0.009790
 412.000000  0.007715
 413.000000  0.007349
 414.000000  0.007837
 415.000000  0.009765
 416.000000  0.007739
 417.000000  0.007373
 418.000000  0.007788
 419.000000  0.007349
 420.000000  0.007861
 421.000000  0.007324
 422.000000  0.007690
 423.000000  0.007397
 424.000000  0.007837
 425.000000  0.009790
 426.000000  0.007788
 427.000000  0.009790
 428.000000  0.007812
 429.000000  0.009790
 430.000000  0.007910
 431.000000  0.009765
 432.000000  0.007812
 433.000000  0.007300
 434.000000  0.007666
 435.000000  0.009716
 436.000000  0.007568
 437.000000  0.009765
 438.000000  0.007788
 439.000000  0.009765
 440.000000  0.007715
 441.000000  0.009838
 442.000000  0.007886
 443.000000  0.009716
 444.000000  0.008008
 445.000000  0.009765
 446.000000  0.007959
 447.000000  0.007422
 448.000000  0.007690
 449.000000  0.009814
 450.000000  0.007642
 451.000000  0.009790
 452.000000  0.007666
 453.000000  0.009741
 454.000000  0.007886
 455.000000  0.009838
 456.000000  0.007788
 457.000000  0.009790
 458.000000  0.007935
 459.000000  0.009741
 460.000000  0.007983
 461.000000  0.009863
 462.000000  0.007812
 463.000000  0.009790
 464.000000  0.008008
 465.000000  0.009765
 466.000000  0.007959
 467.000000  0.007373
 468.000000  0.007837
 469.000000  0.007324
 470.000000  0.007861
 471.000000  0.009790
 472.000000  0.007886
 473.000000  0.007275
 474.000000  0.007983
 475.000000  0.009692
 476.000000  0.008057
 477.000000  0.007373
 478.000000  0.007837
 479.000000  0.009765
 480.000000  0.007812
 481.000000  0.009790
 482.000000  0.007812
 483.000000  0.007324
 484.000000  0.007617
 485.000000  0.009765
 486.000000  0.007666
 487.000000  0.007349
 488.000000  0.007690
 489.000000  0.007349
 490.000000  0.007788
 491.000000  0.009765
 492.000000  0.007446
 493.000000  0.009765
 494.000000  0.007690
 495.000000  0.009790
 496.000000  0.007837
 497.000000  0.007324
 498.000000  0.007642
 499.000000  0.009765
 500.000000  0.007812
 501.000000  0.009765
 502.000000  0.007593
 503.000000  0.009765
 504.000000  0.007935
 505.000000  0.009765
 506.000000  0.007568
 507.000000  0.007349
 508.000000  0.007666
 509.000000  0.007324
 510.000000  0.007764
 511.000000  0.009765
 512.000000  0.007642
 513.000000  0.007324
 514.000000  0.007471
 515.000000  0.007349
 516.000000  0.007544
 517.000000  0.007324
 518.000000  0.007495
 519.000000  0.007324
 520.000000  0.007544
 521.000000  0.007324
 522.000000  0.007495
 523.000000  0.009765
 524.000000  0.007495
 525.000000  0.009765
 526.000000  0.007715
 527.000000  0.009765
 528.000000  0.007617
 529.000000  0.009765
 530.000000  0.007739
 531.000000  0.009790
 532.000000  0.007495
 533.000000  0.007324
 534.000000  0.007519
 535.000000  0.007324
 536.000000  0.007519
 537.000000  0.009765
 538.000000  0.007544
 539.000000  0.009765
 540.000000  0.007617
 541.000000  0.007324
 542.000000  0.007568
 543.000000  0.007324
 544.000000  0.007593
 545.000000  0.007324
 546.000000  0.007764
 547.000000  0.009765
 548.000000  0.007642
 549.000000  0.009765
 550.000000  0.007568
 551.000000  0.009765
 552.000000  0.007544
 553.000000  0.007324
 554.000000  0.007642
 555.000000  0.007324
 556.000000  0.007617
 557.000000  0.009765
 558.000000  0.007593
 559.000000  0.009765
 560.000000  0.007690
 561.000000  0.007324
 562.000000  0.007837
 563.000000  0.009765
 564.000000  0.007690
 565.000000  0.009765
 566.000000  0.007568
 567.000000  0.009741
 568.000000  0.007617
 569.000000  0.009765
 570.000000  0.007812
 571.000000  0.009765
 572.000000  0.007715
 573.000000  0.009790
 574.000000  0.007812
 575.000000  0.009814
 576.000000  0.007715
 577.000000  0.009814
 578.000000  0.007837
 579.000000  0.009912
 580.000000  0.007910
 581.000000  0.007349
 582.000000  0.007959
 583.000000  0.009838
 584.000000  0.008057
 585.000000  0.009814
 586.000000  0.008154
 587.000000  0.009961
 588.000000  0.008130
 589.000000  0.007397
 590.000000  0.008179
 591.000000  0.009814
 592.000000  0.008472
 593.000000  0.007471
 594.000000  0.008813
 595.000000  0.009863
 596.000000  0.009106
 597.000000  0.010009
 598.000000  0.008862
 599.000000  0.009863
 600.000000  0.008813
 601.000000  0.009887
 602.000000  0.009106
 603.000000  0.010424
 604.000000  0.009644
 605.000000  0.011010
 606.000000  0.009766
 607.000000  0.011767
 608.000000  0.009790
 609.000000  0.012133
 610.000000  0.009961
 611.000000  0.012207
 612.000000  0.012353
 613.000000  0.012255
 614.000000  0.012475
 615.000000  0.012255
 616.000000  0.011108
 617.000000  0.012134
 618.000000  0.021631
 619.000000  0.050903
 620.000000  0.073413
 621.000000  0.078125
 622.000000  0.067187
 623.000000  0.039770
 624.000000  0.019458
 625.000000  0.014331
 626.000000  0.010962
 627.000000  0.012133
 628.000000  0.009863
 629.000000  0.011865
 630.000000  0.009644
 631.000000  0.010839
 632.000000  0.009619
 633.000000  0.010400
 634.000000  0.009375
 635.000000  0.010205
 636.000000  0.009155
 637.000000  0.007519
 638.000000  0.008740
 639.000000  0.009863
 640.000000  0.008838
 641.000000  0.009863
 642.000000  0.008594
 643.000000  0.007397
 644.000000  0.010913
 645.000000  0.009765
 646.000000  0.010595
 647.000000  0.009838
 648.000000  0.008179
 649.000000  0.007349
 650.000000  0.008105
 651.000000  0.007397
 652.000000  0.008350
 653.000000  0.007373
 654.000000  0.008105
 655.000000  0.009765
 656.000000  0.008252
 657.000000  0.009765
 658.000000  0.007788
 659.000000  0.007324
 660.000000  0.007886
 661.000000  0.009765
 662.000000  0.007666
 663.000000  0.009765
 664.000000  0.010131
 665.000000  0.009765
 666.000000  0.010302
 667.000000  0.009765
 668.000000  0.007764
 669.000000  0.007324
 670.000000  0.007812
 671.000000  0.007324
 672.000000  0.007861
 673.000000  0.009765
 674.000000  0.010253
 675.000000  0.009765
 676.000000  0.007861
 677.000000  0.009765
 678.000000  0.007642
 679.000000  0.009765
 680.000000  0.007788
 681.000000  0.007324
 682.000000  0.007788
 683.000000  0.009765
 684.000000  0.007666
 685.000000  0.009765
 686.000000  0.007446
 687.000000  0.007324
 688.000000  0.010034
 689.000000  0.007324
 690.000000  0.010058
 691.000000  0.009765
 692.000000  0.007568
 693.000000  0.009765
 694.000000  0.007764
 695.000000  0.009765
 696.000000  0.009961
 697.000000  0.009765
 698.000000  0.007568
 699.000000  0.009765
 700.000000  0.007544
 701.000000  0.007324
 702.000000  0.007593
 703.000000  0.007324
 704.000000  0.009912
 705.000000  0.009765
 706.000000  0.007568
 707.000000  0.007324
 708.000000  0.007715
 709.000000  0.009790
 710.000000  0.007495
 711.000000  0.009765
 712.000000  0.007690
 713.000000  0.009765
 714.000000  0.007593
 715.000000  0.009765
 716.000000  0.007519
 717.000000  0.009741
 718.000000  0.007764
 719.000000  0.009765
 720.000000  0.007617
 721.000000  0.009765
 722.000000  0.007812
 723.000000  0.009790
 724.000000  0.007593
 725.000000  0.009765
 726.000000  0.007715
 727.000000  0.009692
 728.000000  0.007519
 729.000000  0.007324
 730.000000  0.007519
 731.000000  0.009790
 732.000000  0.007495
 733.000000  0.009790
 734.000000  0.010278
 735.000000  0.009790
 736.000000  0.007690
 737.000000  0.009790
 738.000000  0.007519
 739.000000  0.009838
 740.000000  0.007739
 741.000000  0.009716
 742.000000  0.007910
 743.000000  0.007300
 744.000000  0.007593
 745.000000  0.009741
 746.000000  0.007544
 747.000000  0.007349
 748.000000  0.007666
 749.000000  0.009790
 750.000000  0.007764
 751.000000  0.009765
 752.000000  0.010107
 753.000000  0.009765
 754.000000  0.007715
 755.000000  0.009765
 756.000000  0.007812
 757.000000  0.009790
 758.000000  0.007690
 759.000000  0.007324
 760.000000  0.007495
 761.000000  0.009790
 762.000000  0.007544
 763.000000  0.009790
 764.000000  0.007666
 765.000000  0.009741
 766.000000  0.007593
 767.000000  0.007373
 768.000000  0.007617
 769.000000  0.009790
 770.000000  0.007764
 771.000000  0.009692
 772.000000  0.007642
 773.000000  0.009692
 774.000000  0.010009
 775.000000  0.009716
 776.000000  0.010058
 777.000000  0.009741
 778.000000  0.007593
 779.000000  0.007300
 780.000000  0.007642
 781.000000  0.007300
 782.000000  0.010058
 783.000000  0.009692
 784.000000  0.007544
 785.000000  0.009716
 786.000000  0.007666
 787.000000  0.009692
 788.000000  0.009912
 789.000000  0.009741
 790.000000  0.007617
 791.000000  0.009765
 792.000000  0.007568
 793.000000  0.009765
 794.000000  0.007568
 795.000000  0.009765
 796.000000  0.007642
 797.000000  0.009765
 798.000000  0.007446
 799.000000  0.009741
 800.000000  0.007519
 801.000000  0.009716
 802.000000  0.009985
 803.000000  0.009765
 804.000000  0.007397
 805.000000  0.009765
 806.000000  0.007422
 807.000000  0.009765
 808.000000  0.009887
 809.000000  0.007324
 810.000000  0.007544
 811.000000  0.007324
 812.000000  0.007397
 813.000000  0.007324
 814.000000  0.007495
 815.000000  0.009765
 816.000000  0.007519
 817.000000  0.009765
 818.000000  0.007446
 819.000000  0.009765
 820.000000  0.007397
 821.000000  0.009765
 822.000000  0.007324
 823.000000  0.009765
 824.000000  0.009814
 825.000000  0.009765
 826.000000  0.007397
 827.000000  0.009765
 828.000000  0.007495
 829.000000  0.009765
 830.000000  0.007446
 831.000000  0.009765
 832.000000  0.007373
 833.000000  0.009765
 834.000000  0.007349
 835.000000  0.009765
 836.000000  0.009838
 837.000000  0.009765
 838.000000  0.007397
 839.000000  0.009765
 840.000000  0.007519
 841.000000  0.009765
 842.000000  0.009790
 843.000000  0.009765
 844.000000  0.007324
 845.000000  0.007324
 846.000000  0.009814
 847.000000  0.009765
 848.000000  0.007397
 849.000000  0.009765
 850.000000  0.007349
 851.000000  0.009765
 852.000000  0.007397
 853.000000  0.007324
 854.000000  0.009887
 855.000000  0.009765
 856.000000  0.007349
 857.000000  0.007324
 858.000000  0.007373
 859.000000  0.007324
 860.000000  0.009814
 861.000000  0.009765
 862.000000  0.007446
 863.000000  0.007324
 864.000000  0.007349
 865.000000  0.009765
 866.000000  0.009790
 867.000000  0.007324
 868.000000  0.007422
 869.000000  0.009765
 870.000000  0.007446
 871.000000  0.009765
 872.000000  0.007397
 873.000000  0.009765
 874.000000  0.007349
 875.000000  0.009765
 876.000000  0.007349
 877.000000  0.007324
 878.000000  0.007373
 879.000000  0.007324
 880.000000  0.007397
 881.000000  0.009790
 882.000000  0.007495
 883.000000  0.009741
 884.000000  0.007593
 885.000000  0.009765
 886.000000  0.007495
 887.000000  0.007300
 888.000000  0.007544
 889.000000  0.009741
 890.000000  0.007495
 891.000000  0.009814
 892.000000  0.007495
 893.000000  0.009741
 894.000000  0.007617
 895.000000  0.009716
 896.000000  0.007446
 897.000000  0.009765
 898.000000  0.007422
 899.000000  0.009741
 900.000000  0.007495
 901.000000  0.009741
 902.000000  0.009961
 903.000000  0.009765
 904.000000  0.007495
 905.000000  0.009741
 906.000000  0.010083
 907.000000  0.009741
 908.000000  0.010058
 909.000000  0.009790
 910.000000  0.007544
 911.000000  0.009716
 912.000000  0.007593
 913.000000  0.009716
 914.000000  0.007544
 915.000000  0.009765
 916.000000  0.007495
 917.000000  0.009765
 918.000000  0.010083
 919.000000  0.009790
 920.000000  0.010009
 921.000000  0.009765
 922.000000  0.007519
 923.000000  0.009765
 924.000000  0.007544
 925.000000  0.009790
 926.000000  0.007715
 927.000000  0.009790
 928.000000  0.007690
 929.000000  0.009716
 930.000000  0.007690
 931.000000  0.009765
 932.000000  0.007519
 933.000000  0.009741
 934.000000  0.007544
 935.000000  0.009692
 936.000000  0.007764
 937.000000  0.009790
 938.000000  0.007617
 939.000000  0.009765
 940.000000  0.007642
 941.000000  0.009741
 942.000000  0.007593
 943.000000  0.009790
 944.000000  0.007593
 945.000000  0.007349
 946.000000  0.009961
 947.000000  0.009741
 948.000000  0.007617
 949.000000  0.009790
 950.000000  0.009863
 951.000000  0.009765
 952.000000  0.007446
 953.000000  0.009765
 954.000000  0.007422
 955.000000  0.009765
 956.000000  0.007617
 957.000000  0.009741
 958.000000  0.007397
 959.000000  0.007324
 960.000000  0.007397
 961.000000  0.007300
 962.000000  0.009814
 963.000000  0.007324
 964.000000  0.007495
 965.000000  0.009765
 966.000000  0.007544
 967.000000  0.009765
 968.000000  0.007422
 969.000000  0.009765
 970.000000  0.009912
 971.000000  0.009790
 972.000000  0.007544
 973.000000  0.009765
 974.000000  0.007446
 975.000000  0.009765
 976.000000  0.007373
 977.000000  0.009765
 978.000000  0.007397
 979.000000  0.009765
 980.000000  0.007397
 981.000000  0.009765
 982.000000  0.007446
 983.000000  0.007324
 984.000000  0.007373
 985.000000  0.009765
 986.000000  0.007349
 987.000000  0.009765
 988.000000  0.009936
 989.000000  0.009765
 990.000000  0.007373
 991.000000  0.009765
 992.000000  0.007373
 993.000000  0.009765
 994.000000  0.007349
 995.000000  0.009765
 996.000000  0.007397
 997.000000  0.009765
 998.000000  0.009765
 999.000000  0.009765
 1000.000000  0.009887
 1001.000000  0.009765
 1002.000000  0.007324
 1003.000000  0.009765
 1004.000000  0.007349
 1005.000000  0.009765
 1006.000000  0.007373
 1007.000000  0.009765
 1008.000000  0.007373
 1009.000000  0.009765
 1010.000000  0.007324
 1011.000000  0.009765
 1012.000000  0.007324
 1013.000000  0.009765
 1014.000000  0.007324
 1015.000000  0.009765
 1016.000000  0.007373
 1017.000000  0.009765
 1018.000000  0.007373
 1019.000000  0.009765
 1020.000000  0.007349
 1021.000000  0.009765
 1022.000000  0.007373
 1023.000000  0.009765
