 0.000000  0.009058
 1.000000  0.007617
 2.000000  0.009009
 3.000000  0.007519
 4.000000  0.009228
 5.000000  0.007715
 6.000000  0.009302
 7.000000  0.007764
 8.000000  0.009326
 9.000000  0.007764
 10.000000  0.009351
 11.000000  0.007593
 12.000000  0.009521
 13.000000  0.007886
 14.000000  0.009424
 15.000000  0.007666
 16.000000  0.009399
 17.000000  0.007642
 18.000000  0.009326
 19.000000  0.007764
 20.000000  0.009082
 21.000000  0.007886
 22.000000  0.009228
 23.000000  0.007886
 24.000000  0.009473
 25.000000  0.007642
 26.000000  0.009644
 27.000000  0.010253
 28.000000  0.009277
 29.000000  0.007690
 30.000000  0.009399
 31.000000  0.007837
 32.000000  0.009277
 33.000000  0.007788
 34.000000  0.009228
 35.000000  0.007812
 36.000000  0.009351
 37.000000  0.007764
 38.000000  0.009277
 39.000000  0.010253
 40.000000  0.009424
 41.000000  0.007715
 42.000000  0.009277
 43.000000  0.007739
 44.000000  0.009448
 45.000000  0.007666
 46.000000  0.009497
 47.000000  0.007642
 48.000000  0.009253
 49.000000  0.007812
 50.000000  0.009155
 51.000000  0.007690
 52.000000  0.009399
 53.000000  0.007690
 54.000000  0.009302
 55.000000  0.007666
 56.000000  0.009424
 57.000000  0.007715
 58.000000  0.009473
 59.000000  0.010034
 60.000000  0.009424
 61.000000  0.010009
 62.000000  0.009082
 63.000000  0.007690
 64.000000  0.009180
 65.000000  0.007690
 66.000000  0.009228
 67.000000  0.010009
 68.000000  0.009351
 69.000000  0.007544
 70.000000  0.009180
 71.000000  0.007593
 72.000000  0.009204
 73.000000  0.007642
 74.000000  0.009326
 75.000000  0.007519
 76.000000  0.009448
 77.000000  0.007495
 78.000000  0.009497
 79.000000  0.007544
 80.000000  0.009302
 81.000000  0.007617
 82.000000  0.009180
 83.000000  0.007617
 84.000000  0.009277
 85.000000  0.007666
 86.000000  0.009497
 87.000000  0.007617
 88.000000  0.009424
 89.000000  0.007495
 90.000000  0.009546
 91.000000  0.007544
 92.000000  0.009351
 93.000000  0.007471
 94.000000  0.009302
 95.000000  0.007519
 96.000000  0.009448
 97.000000  0.007446
 98.000000  0.009521
 99.000000  0.007666
 100.000000  0.009326
 101.000000  0.009936
 102.000000  0.009058
 103.000000  0.010034
 104.000000  0.009228
 105.000000  0.007495
 106.000000  0.009644
 107.000000  0.007666
 108.000000  0.009595
 109.000000  0.009912
 110.000000  0.009204
 111.000000  0.007617
 112.000000  0.009131
 113.000000  0.007544
 114.000000  0.009326
 115.000000  0.007544
 116.000000  0.009180
 117.000000  0.007519
 118.000000  0.009570
 119.000000  0.007568
 120.000000  0.009448
 121.000000  0.007568
 122.000000  0.009375
 123.000000  0.007519
 124.000000  0.009277
 125.000000  0.007617
 126.000000  0.009399
 127.000000  0.009912
 128.000000  0.009424
 129.000000  0.007446
 130.000000  0.009228
 131.000000  0.010034
 132.000000  0.009351
 133.000000  0.007617
 134.000000  0.009375
 135.000000  0.010156
 136.000000  0.009253
 137.000000  0.007446
 138.000000  0.009521
 139.000000  0.007471
 140.000000  0.009399
 141.000000  0.007666
 142.000000  0.009302
 143.000000  0.007666
 144.000000  0.008960
 145.000000  0.010180
 146.000000  0.009228
 147.000000  0.007690
 148.000000  0.009277
 149.000000  0.010034
 150.000000  0.009253
 151.000000  0.007544
 152.000000  0.009155
 153.000000  0.007837
 154.000000  0.009082
 155.000000  0.007642
 156.000000  0.009277
 157.000000  0.010180
 158.000000  0.009326
 159.000000  0.007617
 160.000000  0.009375
 161.000000  0.007861
 162.000000  0.009180
 163.000000  0.007544
 164.000000  0.008960
 165.000000  0.007568
 166.000000  0.009033
 167.000000  0.007642
 168.000000  0.009326
 169.000000  0.010009
 170.000000  0.009131
 171.000000  0.007593
 172.000000  0.009009
 173.000000  0.007617
 174.000000  0.008936
 175.000000  0.007593
 176.000000  0.009082
 177.000000  0.007666
 178.000000  0.009253
 179.000000  0.010083
 180.000000  0.009106
 181.000000  0.007544
 182.000000  0.009399
 183.000000  0.007739
 184.000000  0.009106
 185.000000  0.007886
 186.000000  0.009473
 187.000000  0.007690
 188.000000  0.009180
 189.000000  0.007593
 190.000000  0.009155
 191.000000  0.007617
 192.000000  0.008887
 193.000000  0.007739
 194.000000  0.009058
 195.000000  0.007593
 196.000000  0.011596
 197.000000  0.007544
 198.000000  0.009228
 199.000000  0.010034
 200.000000  0.009204
 201.000000  0.010058
 202.000000  0.009351
 203.000000  0.007666
 204.000000  0.009277
 205.000000  0.007715
 206.000000  0.009131
 207.000000  0.007593
 208.000000  0.009228
 209.000000  0.009838
 210.000000  0.009228
 211.000000  0.007568
 212.000000  0.009277
 213.000000  0.010083
 214.000000  0.009180
 215.000000  0.007568
 216.000000  0.009351
 217.000000  0.007422
 218.000000  0.009155
 219.000000  0.010107
 220.000000  0.009228
 221.000000  0.007519
 222.000000  0.009155
 223.000000  0.007519
 224.000000  0.009375
 225.000000  0.007593
 226.000000  0.009131
 227.000000  0.009887
 228.000000  0.009399
 229.000000  0.009936
 230.000000  0.009497
 231.000000  0.007617
 232.000000  0.009448
 233.000000  0.009936
 234.000000  0.009228
 235.000000  0.007519
 236.000000  0.009351
 237.000000  0.007715
 238.000000  0.009448
 239.000000  0.009887
 240.000000  0.009644
 241.000000  0.007544
 242.000000  0.009131
 243.000000  0.010083
 244.000000  0.009131
 245.000000  0.007739
 246.000000  0.009521
 247.000000  0.007471
 248.000000  0.009521
 249.000000  0.007666
 250.000000  0.009375
 251.000000  0.007617
 252.000000  0.009473
 253.000000  0.007519
 254.000000  0.009302
 255.000000  0.010058
 256.000000  0.009546
 257.000000  0.007617
 258.000000  0.009448
 259.000000  0.007519
 260.000000  0.009546
 261.000000  0.007373
 262.000000  0.009228
 263.000000  0.009912
 264.000000  0.009082
 265.000000  0.010009
 266.000000  0.009253
 267.000000  0.009985
 268.000000  0.009277
 269.000000  0.009985
 270.000000  0.009424
 271.000000  0.007471
 272.000000  0.009375
 273.000000  0.007446
 274.000000  0.009473
 275.000000  0.009936
 276.000000  0.009595
 277.000000  0.010034
 278.000000  0.009497
 279.000000  0.007495
 280.000000  0.009619
 281.000000  0.010034
 282.000000  0.009619
 283.000000  0.009912
 284.000000  0.009473
 285.000000  0.007642
 286.000000  0.009351
 287.000000  0.007593
 288.000000  0.009253
 289.000000  0.010205
 290.000000  0.009497
 291.000000  0.007617
 292.000000  0.009644
 293.000000  0.007617
 294.000000  0.009424
 295.000000  0.010205
 296.000000  0.009351
 297.000000  0.010229
 298.000000  0.009424
 299.000000  0.010058
 300.000000  0.009424
 301.000000  0.007666
 302.000000  0.009570
 303.000000  0.010253
 304.000000  0.009351
 305.000000  0.007666
 306.000000  0.009473
 307.000000  0.010131
 308.000000  0.009619
 309.000000  0.010131
 310.000000  0.009521
 311.000000  0.007837
 312.000000  0.009448
 313.000000  0.007788
 314.000000  0.009595
 315.000000  0.010424
 316.000000  0.009375
 317.000000  0.007959
 318.000000  0.009351
 319.000000  0.007886
 320.000000  0.009473
 321.000000  0.010571
 322.000000  0.009448
 323.000000  0.010278
 324.000000  0.009521
 325.000000  0.007642
 326.000000  0.009326
 327.000000  0.007959
 328.000000  0.009473
 329.000000  0.010327
 330.000000  0.009570
 331.000000  0.010693
 332.000000  0.009521
 333.000000  0.010620
 334.000000  0.009424
 335.000000  0.010424
 336.000000  0.009473
 337.000000  0.007715
 338.000000  0.009424
 339.000000  0.007959
 340.000000  0.009668
 341.000000  0.010791
 342.000000  0.011914
 343.000000  0.010400
 344.000000  0.009570
 345.000000  0.010400
 346.000000  0.009595
 347.000000  0.008154
 348.000000  0.009521
 349.000000  0.010253
 350.000000  0.009448
 351.000000  0.010424
 352.000000  0.009546
 353.000000  0.010717
 354.000000  0.009424
 355.000000  0.008008
 356.000000  0.009521
 357.000000  0.008008
 358.000000  0.009521
 359.000000  0.010473
 360.000000  0.009570
 361.000000  0.007861
 362.000000  0.009717
 363.000000  0.010669
 364.000000  0.009546
 365.000000  0.008569
 366.000000  0.009570
 367.000000  0.008008
 368.000000  0.009570
 369.000000  0.008423
 370.000000  0.009570
 371.000000  0.010717
 372.000000  0.009619
 373.000000  0.010864
 374.000000  0.009595
 375.000000  0.010473
 376.000000  0.009521
 377.000000  0.007837
 378.000000  0.009595
 379.000000  0.008179
 380.000000  0.009595
 381.000000  0.010351
 382.000000  0.009644
 383.000000  0.008032
 384.000000  0.009521
 385.000000  0.007886
 386.000000  0.009717
 387.000000  0.010546
 388.000000  0.009668
 389.000000  0.010669
 390.000000  0.009692
 391.000000  0.010693
 392.000000  0.009570
 393.000000  0.008203
 394.000000  0.009546
 395.000000  0.008325
 396.000000  0.009644
 397.000000  0.008081
 398.000000  0.009668
 399.000000  0.008032
 400.000000  0.009741
 401.000000  0.010400
 402.000000  0.009644
 403.000000  0.008301
 404.000000  0.009570
 405.000000  0.008105
 406.000000  0.009717
 407.000000  0.008423
 408.000000  0.009668
 409.000000  0.010620
 410.000000  0.009741
 411.000000  0.010571
 412.000000  0.009741
 413.000000  0.008496
 414.000000  0.009766
 415.000000  0.010693
 416.000000  0.009692
 417.000000  0.008325
 418.000000  0.009644
 419.000000  0.008594
 420.000000  0.009741
 421.000000  0.007935
 422.000000  0.009619
 423.000000  0.008179
 424.000000  0.009668
 425.000000  0.010620
 426.000000  0.009692
 427.000000  0.010620
 428.000000  0.009717
 429.000000  0.010742
 430.000000  0.009717
 431.000000  0.010424
 432.000000  0.009570
 433.000000  0.007886
 434.000000  0.009692
 435.000000  0.010473
 436.000000  0.009668
 437.000000  0.010693
 438.000000  0.009619
 439.000000  0.010278
 440.000000  0.009717
 441.000000  0.011059
 442.000000  0.009692
 443.000000  0.010595
 444.000000  0.009717
 445.000000  0.010742
 446.000000  0.009766
 447.000000  0.008740
 448.000000  0.009497
 449.000000  0.010742
 450.000000  0.009644
 451.000000  0.010644
 452.000000  0.009668
 453.000000  0.011035
 454.000000  0.009692
 455.000000  0.011010
 456.000000  0.009692
 457.000000  0.011010
 458.000000  0.009741
 459.000000  0.010937
 460.000000  0.009692
 461.000000  0.011084
 462.000000  0.009717
 463.000000  0.010913
 464.000000  0.009717
 465.000000  0.011303
 466.000000  0.009668
 467.000000  0.008838
 468.000000  0.009692
 469.000000  0.008813
 470.000000  0.009717
 471.000000  0.010864
 472.000000  0.009692
 473.000000  0.009082
 474.000000  0.009717
 475.000000  0.010839
 476.000000  0.009692
 477.000000  0.008667
 478.000000  0.009717
 479.000000  0.011010
 480.000000  0.009741
 481.000000  0.011352
 482.000000  0.009644
 483.000000  0.009302
 484.000000  0.009692
 485.000000  0.011328
 486.000000  0.009619
 487.000000  0.008643
 488.000000  0.009717
 489.000000  0.008618
 490.000000  0.009692
 491.000000  0.010986
 492.000000  0.009644
 493.000000  0.010913
 494.000000  0.009692
 495.000000  0.011035
 496.000000  0.009741
 497.000000  0.008545
 498.000000  0.009668
 499.000000  0.011084
 500.000000  0.009692
 501.000000  0.011547
 502.000000  0.009692
 503.000000  0.011474
 504.000000  0.009766
 505.000000  0.011425
 506.000000  0.009717
 507.000000  0.008643
 508.000000  0.009766
 509.000000  0.008716
 510.000000  0.009692
 511.000000  0.011206
 512.000000  0.009619
 513.000000  0.008740
 514.000000  0.009668
 515.000000  0.008789
 516.000000  0.009717
 517.000000  0.008936
 518.000000  0.009741
 519.000000  0.008716
 520.000000  0.009741
 521.000000  0.008838
 522.000000  0.009668
 523.000000  0.010888
 524.000000  0.009717
 525.000000  0.010888
 526.000000  0.009644
 527.000000  0.011010
 528.000000  0.009717
 529.000000  0.011694
 530.000000  0.009717
 531.000000  0.011792
 532.000000  0.009741
 533.000000  0.009351
 534.000000  0.009741
 535.000000  0.009277
 536.000000  0.009741
 537.000000  0.011621
 538.000000  0.009717
 539.000000  0.011645
 540.000000  0.009766
 541.000000  0.009326
 542.000000  0.009766
 543.000000  0.009326
 544.000000  0.009766
 545.000000  0.009302
 546.000000  0.009741
 547.000000  0.011889
 548.000000  0.009766
 549.000000  0.012085
 550.000000  0.009766
 551.000000  0.011865
 552.000000  0.009766
 553.000000  0.009351
 554.000000  0.009766
 555.000000  0.009497
 556.000000  0.009766
 557.000000  0.011962
 558.000000  0.009766
 559.000000  0.012109
 560.000000  0.009766
 561.000000  0.009521
 562.000000  0.009766
 563.000000  0.012133
 564.000000  0.009766
 565.000000  0.011840
 566.000000  0.009766
 567.000000  0.011938
 568.000000  0.009766
 569.000000  0.012109
 570.000000  0.009741
 571.000000  0.011962
 572.000000  0.009766
 573.000000  0.012085
 574.000000  0.009766
 575.000000  0.011962
 576.000000  0.009766
 577.000000  0.012036
 578.000000  0.009766
 579.000000  0.012036
 580.000000  0.009766
 581.000000  0.009741
 582.000000  0.009766
 583.000000  0.012060
 584.000000  0.009766
 585.000000  0.012182
 586.000000  0.009766
 587.000000  0.012207
 588.000000  0.009766
 589.000000  0.009766
 590.000000  0.009766
 591.000000  0.012036
 592.000000  0.009790
 593.000000  0.009741
 594.000000  0.009790
 595.000000  0.012207
 596.000000  0.009790
 597.000000  0.012207
 598.000000  0.009790
 599.000000  0.012158
 600.000000  0.009741
 601.000000  0.012182
 602.000000  0.009790
 603.000000  0.012182
 604.000000  0.010254
 605.000000  0.012255
 606.000000  0.010132
 607.000000  0.012353
 608.000000  0.010815
 609.000000  0.012280
 610.000000  0.010815
 611.000000  0.012426
 612.000000  0.014209
 613.000000  0.014038
 614.000000  0.014721
 615.000000  0.014550
 616.000000  0.012256
 617.000000  0.012183
 618.000000  0.012353
 619.000000  0.014624
 620.000000  0.012744
 621.000000  0.014624
 622.000000  0.012329
 623.000000  0.014648
 624.000000  0.015161
 625.000000  0.014648
 626.000000  0.013599
 627.000000  0.014843
 628.000000  0.014136
 629.000000  0.016162
 630.000000  0.014795
 631.000000  0.018115
 632.000000  0.017505
 633.000000  0.024340
 634.000000  0.045361
 635.000000  0.142187
 636.000000  0.296704
 637.000000  0.386206
 638.000000  0.333813
 639.000000  0.217334
 640.000000  0.059180
 641.000000  0.022705
 642.000000  0.018188
 643.000000  0.014941
 644.000000  0.017675
 645.000000  0.016503
 646.000000  0.016186
 647.000000  0.014770
 648.000000  0.012280
 649.000000  0.011963
 650.000000  0.012231
 651.000000  0.011426
 652.000000  0.011865
 653.000000  0.010205
 654.000000  0.011084
 655.000000  0.012255
 656.000000  0.010425
 657.000000  0.012255
 658.000000  0.010181
 659.000000  0.009839
 660.000000  0.010669
 661.000000  0.012353
 662.000000  0.010034
 663.000000  0.012207
 664.000000  0.012475
 665.000000  0.012231
 666.000000  0.012524
 667.000000  0.012231
 668.000000  0.009936
 669.000000  0.009741
 670.000000  0.010254
 671.000000  0.009790
 672.000000  0.009961
 673.000000  0.012207
 674.000000  0.012353
 675.000000  0.012182
 676.000000  0.010059
 677.000000  0.012255
 678.000000  0.009912
 679.000000  0.012231
 680.000000  0.009766
 681.000000  0.009692
 682.000000  0.009839
 683.000000  0.012182
 684.000000  0.009985
 685.000000  0.012231
 686.000000  0.009912
 687.000000  0.009790
 688.000000  0.012524
 689.000000  0.009766
 690.000000  0.012304
 691.000000  0.012158
 692.000000  0.009766
 693.000000  0.012158
 694.000000  0.009766
 695.000000  0.012133
 696.000000  0.012231
 697.000000  0.012182
 698.000000  0.009863
 699.000000  0.012182
 700.000000  0.009790
 701.000000  0.009741
 702.000000  0.009766
 703.000000  0.009741
 704.000000  0.012207
 705.000000  0.012109
 706.000000  0.009814
 707.000000  0.009766
 708.000000  0.009766
 709.000000  0.012207
 710.000000  0.009790
 711.000000  0.012207
 712.000000  0.009790
 713.000000  0.012207
 714.000000  0.009888
 715.000000  0.012231
 716.000000  0.009766
 717.000000  0.012158
 718.000000  0.009766
 719.000000  0.012207
 720.000000  0.009814
 721.000000  0.012207
 722.000000  0.009888
 723.000000  0.012207
 724.000000  0.009766
 725.000000  0.012207
 726.000000  0.009766
 727.000000  0.012182
 728.000000  0.009766
 729.000000  0.009741
 730.000000  0.009766
 731.000000  0.012207
 732.000000  0.009790
 733.000000  0.012182
 734.000000  0.012207
 735.000000  0.012207
 736.000000  0.009766
 737.000000  0.012085
 738.000000  0.009766
 739.000000  0.012182
 740.000000  0.009766
 741.000000  0.012207
 742.000000  0.009766
 743.000000  0.009766
 744.000000  0.009766
 745.000000  0.012207
 746.000000  0.009766
 747.000000  0.009546
 748.000000  0.009766
 749.000000  0.012158
 750.000000  0.009790
 751.000000  0.012207
 752.000000  0.012207
 753.000000  0.012182
 754.000000  0.009766
 755.000000  0.012060
 756.000000  0.009814
 757.000000  0.012133
 758.000000  0.009766
 759.000000  0.009741
 760.000000  0.009790
 761.000000  0.012133
 762.000000  0.009790
 763.000000  0.012182
 764.000000  0.009766
 765.000000  0.011889
 766.000000  0.009766
 767.000000  0.009424
 768.000000  0.009766
 769.000000  0.011962
 770.000000  0.009814
 771.000000  0.011987
 772.000000  0.009766
 773.000000  0.011816
 774.000000  0.012231
 775.000000  0.012133
 776.000000  0.012207
 777.000000  0.012109
 778.000000  0.009741
 779.000000  0.009546
 780.000000  0.009814
 781.000000  0.009692
 782.000000  0.012280
 783.000000  0.012011
 784.000000  0.009766
 785.000000  0.011938
 786.000000  0.009863
 787.000000  0.012133
 788.000000  0.012207
 789.000000  0.012060
 790.000000  0.009741
 791.000000  0.012060
 792.000000  0.009766
 793.000000  0.012085
 794.000000  0.009839
 795.000000  0.012109
 796.000000  0.009790
 797.000000  0.011987
 798.000000  0.009790
 799.000000  0.012133
 800.000000  0.009766
 801.000000  0.012011
 802.000000  0.012207
 803.000000  0.011840
 804.000000  0.009692
 805.000000  0.012060
 806.000000  0.009692
 807.000000  0.011792
 808.000000  0.012231
 809.000000  0.009717
 810.000000  0.009814
 811.000000  0.009644
 812.000000  0.009766
 813.000000  0.009228
 814.000000  0.009741
 815.000000  0.012011
 816.000000  0.009839
 817.000000  0.012060
 818.000000  0.009814
 819.000000  0.011987
 820.000000  0.009741
 821.000000  0.012011
 822.000000  0.009717
 823.000000  0.012109
 824.000000  0.012231
 825.000000  0.012085
 826.000000  0.009741
 827.000000  0.012036
 828.000000  0.009766
 829.000000  0.011962
 830.000000  0.009766
 831.000000  0.011889
 832.000000  0.009741
 833.000000  0.011914
 834.000000  0.009717
 835.000000  0.011889
 836.000000  0.012280
 837.000000  0.012133
 838.000000  0.009766
 839.000000  0.012109
 840.000000  0.009839
 841.000000  0.012036
 842.000000  0.012207
 843.000000  0.012060
 844.000000  0.009814
 845.000000  0.009473
 846.000000  0.012207
 847.000000  0.012158
 848.000000  0.009741
 849.000000  0.012207
 850.000000  0.009790
 851.000000  0.012036
 852.000000  0.009766
 853.000000  0.009521
 854.000000  0.012207
 855.000000  0.012182
 856.000000  0.009766
 857.000000  0.009473
 858.000000  0.009766
 859.000000  0.009668
 860.000000  0.012207
 861.000000  0.012133
 862.000000  0.009741
 863.000000  0.009375
 864.000000  0.009766
 865.000000  0.012060
 866.000000  0.012207
 867.000000  0.009741
 868.000000  0.009790
 869.000000  0.011865
 870.000000  0.009766
 871.000000  0.012133
 872.000000  0.009766
 873.000000  0.012133
 874.000000  0.009766
 875.000000  0.011987
 876.000000  0.009766
 877.000000  0.009692
 878.000000  0.009766
 879.000000  0.009595
 880.000000  0.009766
 881.000000  0.012158
 882.000000  0.009766
 883.000000  0.012133
 884.000000  0.009766
 885.000000  0.012133
 886.000000  0.009766
 887.000000  0.009741
 888.000000  0.009766
 889.000000  0.011938
 890.000000  0.009766
 891.000000  0.012060
 892.000000  0.009766
 893.000000  0.012182
 894.000000  0.009766
 895.000000  0.012182
 896.000000  0.009766
 897.000000  0.012158
 898.000000  0.009766
 899.000000  0.012207
 900.000000  0.009766
 901.000000  0.012085
 902.000000  0.012207
 903.000000  0.012085
 904.000000  0.009766
 905.000000  0.012109
 906.000000  0.012207
 907.000000  0.012060
 908.000000  0.012207
 909.000000  0.012109
 910.000000  0.009766
 911.000000  0.012182
 912.000000  0.009766
 913.000000  0.012158
 914.000000  0.009790
 915.000000  0.012085
 916.000000  0.009790
 917.000000  0.012133
 918.000000  0.012231
 919.000000  0.012085
 920.000000  0.012207
 921.000000  0.012060
 922.000000  0.009741
 923.000000  0.012085
 924.000000  0.009790
 925.000000  0.012085
 926.000000  0.009741
 927.000000  0.012060
 928.000000  0.009790
 929.000000  0.012133
 930.000000  0.009766
 931.000000  0.012158
 932.000000  0.009839
 933.000000  0.012158
 934.000000  0.009790
 935.000000  0.012109
 936.000000  0.009741
 937.000000  0.011938
 938.000000  0.009814
 939.000000  0.011792
 940.000000  0.009814
 941.000000  0.011938
 942.000000  0.009766
 943.000000  0.012011
 944.000000  0.009790
 945.000000  0.009644
 946.000000  0.012231
 947.000000  0.012085
 948.000000  0.009766
 949.000000  0.012060
 950.000000  0.012158
 951.000000  0.012085
 952.000000  0.009790
 953.000000  0.011987
 954.000000  0.009741
 955.000000  0.011840
 956.000000  0.009790
 957.000000  0.011962
 958.000000  0.009766
 959.000000  0.009302
 960.000000  0.009766
 961.000000  0.009570
 962.000000  0.012207
 963.000000  0.009692
 964.000000  0.009790
 965.000000  0.012060
 966.000000  0.009766
 967.000000  0.012060
 968.000000  0.009766
 969.000000  0.012133
 970.000000  0.012255
 971.000000  0.012158
 972.000000  0.009839
 973.000000  0.012085
 974.000000  0.009790
 975.000000  0.012060
 976.000000  0.009717
 977.000000  0.011962
 978.000000  0.009766
 979.000000  0.011840
 980.000000  0.009790
 981.000000  0.012011
 982.000000  0.009814
 983.000000  0.009595
 984.000000  0.009790
 985.000000  0.012085
 986.000000  0.009766
 987.000000  0.012011
 988.000000  0.012207
 989.000000  0.011889
 990.000000  0.009741
 991.000000  0.011914
 992.000000  0.009741
 993.000000  0.012036
 994.000000  0.009741
 995.000000  0.012133
 996.000000  0.009741
 997.000000  0.012182
 998.000000  0.012231
 999.000000  0.012085
 1000.000000  0.012231
 1001.000000  0.012158
 1002.000000  0.009741
 1003.000000  0.012060
 1004.000000  0.009766
 1005.000000  0.012011
 1006.000000  0.009741
 1007.000000  0.011474
 1008.000000  0.009766
 1009.000000  0.011889
 1010.000000  0.009766
 1011.000000  0.011938
 1012.000000  0.009766
 1013.000000  0.011816
 1014.000000  0.009766
 1015.000000  0.011792
 1016.000000  0.009766
 1017.000000  0.012158
 1018.000000  0.009766
 1019.000000  0.012109
 1020.000000  0.009766
 1021.000000  0.011938
 1022.000000  0.009741
 1023.000000  0.011840
