 0.000000  0.008960
 1.000000  0.007422
 2.000000  0.008667
 3.000000  0.007397
 4.000000  0.008911
 5.000000  0.007568
 6.000000  0.009204
 7.000000  0.007593
 8.000000  0.008936
 9.000000  0.007446
 10.000000  0.009106
 11.000000  0.007446
 12.000000  0.009204
 13.000000  0.007519
 14.000000  0.008960
 15.000000  0.007422
 16.000000  0.009131
 17.000000  0.007544
 18.000000  0.009131
 19.000000  0.007690
 20.000000  0.008691
 21.000000  0.007519
 22.000000  0.008789
 23.000000  0.007568
 24.000000  0.009106
 25.000000  0.007495
 26.000000  0.009448
 27.000000  0.009814
 28.000000  0.008887
 29.000000  0.007471
 30.000000  0.009082
 31.000000  0.007471
 32.000000  0.008960
 33.000000  0.007446
 34.000000  0.009009
 35.000000  0.007471
 36.000000  0.009106
 37.000000  0.007495
 38.000000  0.009082
 39.000000  0.009863
 40.000000  0.009106
 41.000000  0.007471
 42.000000  0.009180
 43.000000  0.007446
 44.000000  0.009228
 45.000000  0.007446
 46.000000  0.009155
 47.000000  0.007446
 48.000000  0.009228
 49.000000  0.007593
 50.000000  0.008838
 51.000000  0.007593
 52.000000  0.008813
 53.000000  0.007397
 54.000000  0.008936
 55.000000  0.007593
 56.000000  0.009155
 57.000000  0.007422
 58.000000  0.009131
 59.000000  0.009863
 60.000000  0.008838
 61.000000  0.009936
 62.000000  0.008838
 63.000000  0.007422
 64.000000  0.009009
 65.000000  0.007349
 66.000000  0.008984
 67.000000  0.009912
 68.000000  0.008716
 69.000000  0.007471
 70.000000  0.008618
 71.000000  0.007495
 72.000000  0.008813
 73.000000  0.007471
 74.000000  0.008887
 75.000000  0.007519
 76.000000  0.009131
 77.000000  0.007617
 78.000000  0.008984
 79.000000  0.007446
 80.000000  0.008984
 81.000000  0.007397
 82.000000  0.008643
 83.000000  0.007446
 84.000000  0.008984
 85.000000  0.007446
 86.000000  0.008911
 87.000000  0.007568
 88.000000  0.009106
 89.000000  0.007519
 90.000000  0.008862
 91.000000  0.007446
 92.000000  0.008838
 93.000000  0.007373
 94.000000  0.008667
 95.000000  0.007397
 96.000000  0.008911
 97.000000  0.007422
 98.000000  0.008984
 99.000000  0.007544
 100.000000  0.008862
 101.000000  0.009838
 102.000000  0.008740
 103.000000  0.010009
 104.000000  0.008716
 105.000000  0.007373
 106.000000  0.009180
 107.000000  0.007544
 108.000000  0.009131
 109.000000  0.009838
 110.000000  0.008813
 111.000000  0.007495
 112.000000  0.008789
 113.000000  0.007495
 114.000000  0.009009
 115.000000  0.007446
 116.000000  0.008789
 117.000000  0.007422
 118.000000  0.008984
 119.000000  0.007422
 120.000000  0.009082
 121.000000  0.007422
 122.000000  0.008862
 123.000000  0.007422
 124.000000  0.008887
 125.000000  0.007422
 126.000000  0.009033
 127.000000  0.009863
 128.000000  0.008765
 129.000000  0.007471
 130.000000  0.009009
 131.000000  0.009838
 132.000000  0.008618
 133.000000  0.007568
 134.000000  0.009131
 135.000000  0.009912
 136.000000  0.008887
 137.000000  0.007519
 138.000000  0.008887
 139.000000  0.007373
 140.000000  0.009106
 141.000000  0.007544
 142.000000  0.008887
 143.000000  0.007397
 144.000000  0.008789
 145.000000  0.009912
 146.000000  0.008984
 147.000000  0.007568
 148.000000  0.009009
 149.000000  0.009936
 150.000000  0.008887
 151.000000  0.007373
 152.000000  0.009058
 153.000000  0.007495
 154.000000  0.009253
 155.000000  0.007446
 156.000000  0.008569
 157.000000  0.009863
 158.000000  0.008936
 159.000000  0.007495
 160.000000  0.009058
 161.000000  0.007397
 162.000000  0.008813
 163.000000  0.007446
 164.000000  0.008594
 165.000000  0.007446
 166.000000  0.008838
 167.000000  0.007397
 168.000000  0.009106
 169.000000  0.009863
 170.000000  0.008643
 171.000000  0.007397
 172.000000  0.008643
 173.000000  0.007422
 174.000000  0.008643
 175.000000  0.007349
 176.000000  0.008936
 177.000000  0.007471
 178.000000  0.008740
 179.000000  0.009863
 180.000000  0.008643
 181.000000  0.007324
 182.000000  0.008838
 183.000000  0.007544
 184.000000  0.008716
 185.000000  0.007471
 186.000000  0.009082
 187.000000  0.007446
 188.000000  0.008643
 189.000000  0.007422
 190.000000  0.008765
 191.000000  0.007397
 192.000000  0.008813
 193.000000  0.007471
 194.000000  0.008740
 195.000000  0.007397
 196.000000  0.010937
 197.000000  0.007471
 198.000000  0.008887
 199.000000  0.009838
 200.000000  0.008813
 201.000000  0.009936
 202.000000  0.008789
 203.000000  0.007471
 204.000000  0.008911
 205.000000  0.007373
 206.000000  0.008520
 207.000000  0.007422
 208.000000  0.008545
 209.000000  0.009887
 210.000000  0.008960
 211.000000  0.007373
 212.000000  0.008667
 213.000000  0.009814
 214.000000  0.008472
 215.000000  0.007495
 216.000000  0.008862
 217.000000  0.007544
 218.000000  0.008789
 219.000000  0.009863
 220.000000  0.008740
 221.000000  0.007446
 222.000000  0.008691
 223.000000  0.007349
 224.000000  0.008423
 225.000000  0.007446
 226.000000  0.008887
 227.000000  0.009790
 228.000000  0.008960
 229.000000  0.009936
 230.000000  0.009155
 231.000000  0.007446
 232.000000  0.009009
 233.000000  0.009814
 234.000000  0.008716
 235.000000  0.007446
 236.000000  0.008862
 237.000000  0.007471
 238.000000  0.008789
 239.000000  0.009887
 240.000000  0.008887
 241.000000  0.007495
 242.000000  0.009009
 243.000000  0.009838
 244.000000  0.008813
 245.000000  0.007397
 246.000000  0.008765
 247.000000  0.007397
 248.000000  0.008862
 249.000000  0.007446
 250.000000  0.008740
 251.000000  0.007446
 252.000000  0.008838
 253.000000  0.007471
 254.000000  0.008520
 255.000000  0.009936
 256.000000  0.008911
 257.000000  0.007373
 258.000000  0.009009
 259.000000  0.007544
 260.000000  0.009009
 261.000000  0.007446
 262.000000  0.008374
 263.000000  0.009863
 264.000000  0.008398
 265.000000  0.009814
 266.000000  0.008643
 267.000000  0.009863
 268.000000  0.008643
 269.000000  0.009790
 270.000000  0.008911
 271.000000  0.007495
 272.000000  0.008594
 273.000000  0.007397
 274.000000  0.008838
 275.000000  0.009912
 276.000000  0.008643
 277.000000  0.009863
 278.000000  0.009082
 279.000000  0.007495
 280.000000  0.009106
 281.000000  0.009838
 282.000000  0.008813
 283.000000  0.009838
 284.000000  0.008716
 285.000000  0.007544
 286.000000  0.008838
 287.000000  0.007471
 288.000000  0.008838
 289.000000  0.009912
 290.000000  0.008691
 291.000000  0.007495
 292.000000  0.009082
 293.000000  0.007349
 294.000000  0.008691
 295.000000  0.009887
 296.000000  0.009082
 297.000000  0.009985
 298.000000  0.008936
 299.000000  0.009863
 300.000000  0.008862
 301.000000  0.007568
 302.000000  0.008862
 303.000000  0.009985
 304.000000  0.009033
 305.000000  0.007495
 306.000000  0.009155
 307.000000  0.009887
 308.000000  0.009009
 309.000000  0.009961
 310.000000  0.008960
 311.000000  0.007422
 312.000000  0.009106
 313.000000  0.007446
 314.000000  0.009204
 315.000000  0.010009
 316.000000  0.009082
 317.000000  0.007495
 318.000000  0.008911
 319.000000  0.007519
 320.000000  0.009131
 321.000000  0.009863
 322.000000  0.009033
 323.000000  0.010009
 324.000000  0.009204
 325.000000  0.007471
 326.000000  0.008716
 327.000000  0.007397
 328.000000  0.008911
 329.000000  0.010034
 330.000000  0.009131
 331.000000  0.009961
 332.000000  0.009180
 333.000000  0.010034
 334.000000  0.008838
 335.000000  0.010034
 336.000000  0.009009
 337.000000  0.007495
 338.000000  0.008862
 339.000000  0.007519
 340.000000  0.008960
 341.000000  0.010009
 342.000000  0.011328
 343.000000  0.009887
 344.000000  0.008789
 345.000000  0.009961
 346.000000  0.009204
 347.000000  0.007495
 348.000000  0.009131
 349.000000  0.009985
 350.000000  0.009302
 351.000000  0.009887
 352.000000  0.009155
 353.000000  0.010083
 354.000000  0.009058
 355.000000  0.007471
 356.000000  0.009033
 357.000000  0.007593
 358.000000  0.009302
 359.000000  0.009961
 360.000000  0.009375
 361.000000  0.007519
 362.000000  0.009180
 363.000000  0.009985
 364.000000  0.009082
 365.000000  0.007642
 366.000000  0.009448
 367.000000  0.007690
 368.000000  0.009326
 369.000000  0.007593
 370.000000  0.009131
 371.000000  0.009838
 372.000000  0.009082
 373.000000  0.010180
 374.000000  0.009277
 375.000000  0.010009
 376.000000  0.009155
 377.000000  0.007471
 378.000000  0.009155
 379.000000  0.007519
 380.000000  0.009351
 381.000000  0.010131
 382.000000  0.009131
 383.000000  0.007519
 384.000000  0.009302
 385.000000  0.007739
 386.000000  0.009326
 387.000000  0.010083
 388.000000  0.009351
 389.000000  0.010156
 390.000000  0.009277
 391.000000  0.010083
 392.000000  0.009155
 393.000000  0.007471
 394.000000  0.009155
 395.000000  0.007593
 396.000000  0.009253
 397.000000  0.007568
 398.000000  0.009155
 399.000000  0.007519
 400.000000  0.009473
 401.000000  0.010009
 402.000000  0.009277
 403.000000  0.007935
 404.000000  0.009277
 405.000000  0.007593
 406.000000  0.009448
 407.000000  0.007764
 408.000000  0.009033
 409.000000  0.010131
 410.000000  0.009399
 411.000000  0.009936
 412.000000  0.009277
 413.000000  0.007812
 414.000000  0.009546
 415.000000  0.010131
 416.000000  0.009326
 417.000000  0.007617
 418.000000  0.009424
 419.000000  0.007812
 420.000000  0.009399
 421.000000  0.007544
 422.000000  0.009082
 423.000000  0.007568
 424.000000  0.009180
 425.000000  0.010083
 426.000000  0.009155
 427.000000  0.010107
 428.000000  0.009375
 429.000000  0.010009
 430.000000  0.009228
 431.000000  0.010058
 432.000000  0.009277
 433.000000  0.007642
 434.000000  0.009424
 435.000000  0.010205
 436.000000  0.009155
 437.000000  0.010058
 438.000000  0.009180
 439.000000  0.009961
 440.000000  0.009228
 441.000000  0.010302
 442.000000  0.009521
 443.000000  0.010034
 444.000000  0.009595
 445.000000  0.010034
 446.000000  0.009595
 447.000000  0.007910
 448.000000  0.009204
 449.000000  0.010327
 450.000000  0.009228
 451.000000  0.010205
 452.000000  0.009448
 453.000000  0.010107
 454.000000  0.009399
 455.000000  0.010131
 456.000000  0.009351
 457.000000  0.010205
 458.000000  0.009424
 459.000000  0.010083
 460.000000  0.009448
 461.000000  0.010253
 462.000000  0.009399
 463.000000  0.010107
 464.000000  0.009473
 465.000000  0.010424
 466.000000  0.009570
 467.000000  0.007910
 468.000000  0.009424
 469.000000  0.007812
 470.000000  0.009448
 471.000000  0.010205
 472.000000  0.009546
 473.000000  0.007983
 474.000000  0.009619
 475.000000  0.010156
 476.000000  0.009521
 477.000000  0.007910
 478.000000  0.009546
 479.000000  0.010449
 480.000000  0.009595
 481.000000  0.010546
 482.000000  0.009619
 483.000000  0.008398
 484.000000  0.009497
 485.000000  0.010669
 486.000000  0.009570
 487.000000  0.007861
 488.000000  0.009546
 489.000000  0.007910
 490.000000  0.009424
 491.000000  0.010449
 492.000000  0.009546
 493.000000  0.010424
 494.000000  0.009595
 495.000000  0.010351
 496.000000  0.009619
 497.000000  0.008032
 498.000000  0.009497
 499.000000  0.010473
 500.000000  0.009326
 501.000000  0.010351
 502.000000  0.009351
 503.000000  0.010278
 504.000000  0.009595
 505.000000  0.010473
 506.000000  0.009546
 507.000000  0.007861
 508.000000  0.009546
 509.000000  0.007983
 510.000000  0.009668
 511.000000  0.010278
 512.000000  0.009448
 513.000000  0.007764
 514.000000  0.009521
 515.000000  0.007935
 516.000000  0.009473
 517.000000  0.007983
 518.000000  0.009399
 519.000000  0.007886
 520.000000  0.009644
 521.000000  0.008301
 522.000000  0.009619
 523.000000  0.010229
 524.000000  0.009424
 525.000000  0.010595
 526.000000  0.009717
 527.000000  0.010253
 528.000000  0.009619
 529.000000  0.010595
 530.000000  0.009570
 531.000000  0.011010
 532.000000  0.009692
 533.000000  0.008398
 534.000000  0.009619
 535.000000  0.008276
 536.000000  0.009546
 537.000000  0.010302
 538.000000  0.009644
 539.000000  0.010571
 540.000000  0.009692
 541.000000  0.008203
 542.000000  0.009644
 543.000000  0.008374
 544.000000  0.009570
 545.000000  0.008545
 546.000000  0.009668
 547.000000  0.010791
 548.000000  0.009692
 549.000000  0.011035
 550.000000  0.009692
 551.000000  0.010937
 552.000000  0.009644
 553.000000  0.008765
 554.000000  0.009717
 555.000000  0.008398
 556.000000  0.009668
 557.000000  0.010864
 558.000000  0.009692
 559.000000  0.011108
 560.000000  0.009741
 561.000000  0.008740
 562.000000  0.009741
 563.000000  0.011669
 564.000000  0.009766
 565.000000  0.011547
 566.000000  0.009668
 567.000000  0.011694
 568.000000  0.009766
 569.000000  0.011816
 570.000000  0.009790
 571.000000  0.011914
 572.000000  0.009741
 573.000000  0.011962
 574.000000  0.009717
 575.000000  0.011816
 576.000000  0.009766
 577.000000  0.011840
 578.000000  0.009741
 579.000000  0.012011
 580.000000  0.009814
 581.000000  0.009644
 582.000000  0.009766
 583.000000  0.012133
 584.000000  0.009790
 585.000000  0.012207
 586.000000  0.009766
 587.000000  0.012207
 588.000000  0.009863
 589.000000  0.009814
 590.000000  0.011084
 591.000000  0.012915
 592.000000  0.012085
 593.000000  0.011597
 594.000000  0.012207
 595.000000  0.014575
 596.000000  0.012305
 597.000000  0.014648
 598.000000  0.012329
 599.000000  0.014697
 600.000000  0.012915
 601.000000  0.015673
 602.000000  0.015234
 603.000000  0.019946
 604.000000  0.026562
 605.000000  0.049414
 606.000000  0.093530
 607.000000  0.156640
 608.000000  0.171460
 609.000000  0.178686
 610.000000  0.154541
 611.000000  0.122534
 612.000000  0.111596
 613.000000  0.077539
 614.000000  0.052661
 615.000000  0.029199
 616.000000  0.018774
 617.000000  0.014624
 618.000000  0.013892
 619.000000  0.014624
 620.000000  0.012256
 621.000000  0.013501
 622.000000  0.011304
 623.000000  0.012280
 624.000000  0.012622
 625.000000  0.012231
 626.000000  0.009961
 627.000000  0.012182
 628.000000  0.009766
 629.000000  0.012158
 630.000000  0.009790
 631.000000  0.012207
 632.000000  0.009863
 633.000000  0.012133
 634.000000  0.009790
 635.000000  0.012133
 636.000000  0.009717
 637.000000  0.009570
 638.000000  0.009741
 639.000000  0.011816
 640.000000  0.009766
 641.000000  0.011865
 642.000000  0.009766
 643.000000  0.009692
 644.000000  0.012231
 645.000000  0.012158
 646.000000  0.012207
 647.000000  0.012060
 648.000000  0.009766
 649.000000  0.009595
 650.000000  0.009741
 651.000000  0.009473
 652.000000  0.009790
 653.000000  0.009546
 654.000000  0.009766
 655.000000  0.012085
 656.000000  0.009790
 657.000000  0.012011
 658.000000  0.009766
 659.000000  0.009521
 660.000000  0.009766
 661.000000  0.011840
 662.000000  0.009766
 663.000000  0.011743
 664.000000  0.012207
 665.000000  0.011669
 666.000000  0.012207
 667.000000  0.011669
 668.000000  0.009717
 669.000000  0.009277
 670.000000  0.009741
 671.000000  0.009326
 672.000000  0.009766
 673.000000  0.011694
 674.000000  0.012158
 675.000000  0.011401
 676.000000  0.009741
 677.000000  0.011230
 678.000000  0.009692
 679.000000  0.011328
 680.000000  0.009741
 681.000000  0.008911
 682.000000  0.009741
 683.000000  0.011743
 684.000000  0.009766
 685.000000  0.011523
 686.000000  0.009717
 687.000000  0.009155
 688.000000  0.012207
 689.000000  0.009180
 690.000000  0.012158
 691.000000  0.011010
 692.000000  0.009717
 693.000000  0.011035
 694.000000  0.009766
 695.000000  0.011401
 696.000000  0.012133
 697.000000  0.011084
 698.000000  0.009766
 699.000000  0.011108
 700.000000  0.009741
 701.000000  0.008911
 702.000000  0.009766
 703.000000  0.008838
 704.000000  0.012182
 705.000000  0.010644
 706.000000  0.009717
 707.000000  0.009253
 708.000000  0.009741
 709.000000  0.011303
 710.000000  0.009741
 711.000000  0.011792
 712.000000  0.009692
 713.000000  0.011523
 714.000000  0.009766
 715.000000  0.011694
 716.000000  0.009692
 717.000000  0.011767
 718.000000  0.009741
 719.000000  0.011084
 720.000000  0.009741
 721.000000  0.011328
 722.000000  0.009741
 723.000000  0.011206
 724.000000  0.009790
 725.000000  0.011401
 726.000000  0.009741
 727.000000  0.011474
 728.000000  0.009741
 729.000000  0.008520
 730.000000  0.009741
 731.000000  0.011474
 732.000000  0.009668
 733.000000  0.010791
 734.000000  0.012207
 735.000000  0.011377
 736.000000  0.009644
 737.000000  0.011230
 738.000000  0.009644
 739.000000  0.010766
 740.000000  0.009741
 741.000000  0.011206
 742.000000  0.009668
 743.000000  0.008862
 744.000000  0.009644
 745.000000  0.011352
 746.000000  0.009668
 747.000000  0.008691
 748.000000  0.009717
 749.000000  0.011010
 750.000000  0.009668
 751.000000  0.011694
 752.000000  0.012182
 753.000000  0.011767
 754.000000  0.009741
 755.000000  0.011474
 756.000000  0.009766
 757.000000  0.011743
 758.000000  0.009741
 759.000000  0.008691
 760.000000  0.009766
 761.000000  0.011523
 762.000000  0.009741
 763.000000  0.011084
 764.000000  0.009741
 765.000000  0.010888
 766.000000  0.009692
 767.000000  0.008691
 768.000000  0.009668
 769.000000  0.011084
 770.000000  0.009741
 771.000000  0.010766
 772.000000  0.009717
 773.000000  0.010888
 774.000000  0.012182
 775.000000  0.011303
 776.000000  0.012158
 777.000000  0.011206
 778.000000  0.009741
 779.000000  0.008423
 780.000000  0.009766
 781.000000  0.008691
 782.000000  0.012182
 783.000000  0.010961
 784.000000  0.009619
 785.000000  0.010961
 786.000000  0.009741
 787.000000  0.010669
 788.000000  0.012060
 789.000000  0.010937
 790.000000  0.009717
 791.000000  0.011010
 792.000000  0.009595
 793.000000  0.010473
 794.000000  0.009717
 795.000000  0.011523
 796.000000  0.009766
 797.000000  0.011523
 798.000000  0.009717
 799.000000  0.010913
 800.000000  0.009692
 801.000000  0.011059
 802.000000  0.012133
 803.000000  0.011132
 804.000000  0.009644
 805.000000  0.010815
 806.000000  0.009717
 807.000000  0.010644
 808.000000  0.012182
 809.000000  0.009009
 810.000000  0.009766
 811.000000  0.008911
 812.000000  0.009644
 813.000000  0.008276
 814.000000  0.009692
 815.000000  0.010888
 816.000000  0.009717
 817.000000  0.011377
 818.000000  0.009741
 819.000000  0.011084
 820.000000  0.009668
 821.000000  0.011059
 822.000000  0.009717
 823.000000  0.011621
 824.000000  0.012182
 825.000000  0.011181
 826.000000  0.009668
 827.000000  0.010937
 828.000000  0.009741
 829.000000  0.011352
 830.000000  0.009595
 831.000000  0.011010
 832.000000  0.009692
 833.000000  0.010473
 834.000000  0.009644
 835.000000  0.010742
 836.000000  0.012207
 837.000000  0.010913
 838.000000  0.009644
 839.000000  0.010888
 840.000000  0.009766
 841.000000  0.011181
 842.000000  0.012036
 843.000000  0.010888
 844.000000  0.009692
 845.000000  0.008862
 846.000000  0.012060
 847.000000  0.011035
 848.000000  0.009644
 849.000000  0.011010
 850.000000  0.009692
 851.000000  0.010961
 852.000000  0.009717
 853.000000  0.008789
 854.000000  0.012182
 855.000000  0.010913
 856.000000  0.009619
 857.000000  0.008765
 858.000000  0.009692
 859.000000  0.008252
 860.000000  0.011938
 861.000000  0.011279
 862.000000  0.009741
 863.000000  0.008179
 864.000000  0.009692
 865.000000  0.010791
 866.000000  0.012158
 867.000000  0.008520
 868.000000  0.009741
 869.000000  0.010473
 870.000000  0.009766
 871.000000  0.011108
 872.000000  0.009741
 873.000000  0.011645
 874.000000  0.009741
 875.000000  0.011059
 876.000000  0.009668
 877.000000  0.008301
 878.000000  0.009741
 879.000000  0.008643
 880.000000  0.009644
 881.000000  0.011059
 882.000000  0.009644
 883.000000  0.011206
 884.000000  0.009668
 885.000000  0.011035
 886.000000  0.009741
 887.000000  0.008252
 888.000000  0.009717
 889.000000  0.010400
 890.000000  0.009692
 891.000000  0.010937
 892.000000  0.009692
 893.000000  0.011254
 894.000000  0.009644
 895.000000  0.010913
 896.000000  0.009741
 897.000000  0.010986
 898.000000  0.009644
 899.000000  0.010864
 900.000000  0.009644
 901.000000  0.010937
 902.000000  0.011938
 903.000000  0.010278
 904.000000  0.009717
 905.000000  0.010961
 906.000000  0.012109
 907.000000  0.010961
 908.000000  0.012133
 909.000000  0.010620
 910.000000  0.009741
 911.000000  0.010986
 912.000000  0.009668
 913.000000  0.010498
 914.000000  0.009717
 915.000000  0.011206
 916.000000  0.009619
 917.000000  0.011035
 918.000000  0.012231
 919.000000  0.011132
 920.000000  0.012207
 921.000000  0.010693
 922.000000  0.009692
 923.000000  0.010766
 924.000000  0.009717
 925.000000  0.010424
 926.000000  0.009668
 927.000000  0.010791
 928.000000  0.009717
 929.000000  0.011132
 930.000000  0.009766
 931.000000  0.011157
 932.000000  0.009668
 933.000000  0.011108
 934.000000  0.009644
 935.000000  0.011352
 936.000000  0.009717
 937.000000  0.011254
 938.000000  0.009741
 939.000000  0.011352
 940.000000  0.009717
 941.000000  0.011084
 942.000000  0.009766
 943.000000  0.011157
 944.000000  0.009668
 945.000000  0.008765
 946.000000  0.012207
 947.000000  0.011450
 948.000000  0.009692
 949.000000  0.011181
 950.000000  0.012085
 951.000000  0.011206
 952.000000  0.009741
 953.000000  0.010986
 954.000000  0.009692
 955.000000  0.010351
 956.000000  0.009644
 957.000000  0.010815
 958.000000  0.009668
 959.000000  0.008447
 960.000000  0.009668
 961.000000  0.008252
 962.000000  0.012085
 963.000000  0.008301
 964.000000  0.009668
 965.000000  0.011132
 966.000000  0.009717
 967.000000  0.010815
 968.000000  0.009692
 969.000000  0.011352
 970.000000  0.012060
 971.000000  0.011230
 972.000000  0.009741
 973.000000  0.011108
 974.000000  0.009668
 975.000000  0.011132
 976.000000  0.009595
 977.000000  0.010937
 978.000000  0.009546
 979.000000  0.010376
 980.000000  0.009644
 981.000000  0.010961
 982.000000  0.009595
 983.000000  0.008398
 984.000000  0.009692
 985.000000  0.011035
 986.000000  0.009497
 987.000000  0.010449
 988.000000  0.012109
 989.000000  0.010669
 990.000000  0.009692
 991.000000  0.010669
 992.000000  0.009644
 993.000000  0.011059
 994.000000  0.009717
 995.000000  0.011816
 996.000000  0.009692
 997.000000  0.011132
 998.000000  0.012036
 999.000000  0.010595
 1000.000000  0.012085
 1001.000000  0.010986
 1002.000000  0.009497
 1003.000000  0.010351
 1004.000000  0.009668
 1005.000000  0.010791
 1006.000000  0.009424
 1007.000000  0.010376
 1008.000000  0.009644
 1009.000000  0.010351
 1010.000000  0.009424
 1011.000000  0.010376
 1012.000000  0.009668
 1013.000000  0.010546
 1014.000000  0.009546
 1015.000000  0.010742
 1016.000000  0.009570
 1017.000000  0.010669
 1018.000000  0.009595
 1019.000000  0.010278
 1020.000000  0.009424
 1021.000000  0.010083
 1022.000000  0.009497
 1023.000000  0.010669
