 0.000000  0.009009
 1.000000  0.007764
 2.000000  0.008813
 3.000000  0.007690
 4.000000  0.008936
 5.000000  0.007617
 6.000000  0.009302
 7.000000  0.007544
 8.000000  0.009155
 9.000000  0.007519
 10.000000  0.009131
 11.000000  0.008911
 12.000000  0.008911
 13.000000  0.007642
 14.000000  0.008203
 15.000000  0.007275
 16.000000  0.007959
 17.000000  0.008105
 18.000000  0.009473
 19.000000  0.008032
 20.000000  0.008765
 21.000000  0.007788
 22.000000  0.009228
 23.000000  0.008227
 24.000000  0.009351
 25.000000  0.007544
 26.000000  0.009082
 27.000000  0.010131
 28.000000  0.009131
 29.000000  0.007739
 30.000000  0.008960
 31.000000  0.007642
 32.000000  0.009180
 33.000000  0.007471
 34.000000  0.009204
 35.000000  0.007886
 36.000000  0.009204
 37.000000  0.007642
 38.000000  0.009058
 39.000000  0.010083
 40.000000  0.009448
 41.000000  0.007617
 42.000000  0.009497
 43.000000  0.007715
 44.000000  0.009473
 45.000000  0.007544
 46.000000  0.009399
 47.000000  0.007471
 48.000000  0.009082
 49.000000  0.007593
 50.000000  0.008911
 51.000000  0.007495
 52.000000  0.008838
 53.000000  0.007495
 54.000000  0.009106
 55.000000  0.007519
 56.000000  0.009228
 57.000000  0.007422
 58.000000  0.009326
 59.000000  0.009936
 60.000000  0.009009
 61.000000  0.009912
 62.000000  0.008936
 63.000000  0.007495
 64.000000  0.009228
 65.000000  0.007373
 66.000000  0.009180
 67.000000  0.009912
 68.000000  0.009180
 69.000000  0.007495
 70.000000  0.009131
 71.000000  0.007495
 72.000000  0.009155
 73.000000  0.007373
 74.000000  0.009106
 75.000000  0.007568
 76.000000  0.009204
 77.000000  0.007446
 78.000000  0.009082
 79.000000  0.007495
 80.000000  0.009375
 81.000000  0.007519
 82.000000  0.009033
 83.000000  0.007471
 84.000000  0.009033
 85.000000  0.007422
 86.000000  0.009204
 87.000000  0.007495
 88.000000  0.009375
 89.000000  0.007519
 90.000000  0.009204
 91.000000  0.007349
 92.000000  0.009155
 93.000000  0.007471
 94.000000  0.009253
 95.000000  0.007422
 96.000000  0.009253
 97.000000  0.007446
 98.000000  0.009692
 99.000000  0.007519
 100.000000  0.009448
 101.000000  0.010009
 102.000000  0.009106
 103.000000  0.009887
 104.000000  0.009082
 105.000000  0.007471
 106.000000  0.009351
 107.000000  0.007422
 108.000000  0.009424
 109.000000  0.009863
 110.000000  0.009351
 111.000000  0.007495
 112.000000  0.008984
 113.000000  0.007397
 114.000000  0.009155
 115.000000  0.007544
 116.000000  0.009204
 117.000000  0.007397
 118.000000  0.009521
 119.000000  0.007422
 120.000000  0.009424
 121.000000  0.007397
 122.000000  0.009253
 123.000000  0.007373
 124.000000  0.009399
 125.000000  0.007446
 126.000000  0.009448
 127.000000  0.009814
 128.000000  0.009302
 129.000000  0.007397
 130.000000  0.009180
 131.000000  0.009912
 132.000000  0.009351
 133.000000  0.007422
 134.000000  0.009424
 135.000000  0.009863
 136.000000  0.009253
 137.000000  0.007495
 138.000000  0.009326
 139.000000  0.007373
 140.000000  0.009351
 141.000000  0.007593
 142.000000  0.009448
 143.000000  0.007642
 144.000000  0.009058
 145.000000  0.010034
 146.000000  0.009180
 147.000000  0.007397
 148.000000  0.009424
 149.000000  0.009912
 150.000000  0.009521
 151.000000  0.007471
 152.000000  0.009326
 153.000000  0.007544
 154.000000  0.009204
 155.000000  0.007422
 156.000000  0.009326
 157.000000  0.010009
 158.000000  0.009106
 159.000000  0.007446
 160.000000  0.009375
 161.000000  0.007593
 162.000000  0.009155
 163.000000  0.007568
 164.000000  0.008813
 165.000000  0.007642
 166.000000  0.008984
 167.000000  0.007300
 168.000000  0.009058
 169.000000  0.010253
 170.000000  0.009497
 171.000000  0.009058
 172.000000  0.009619
 173.000000  0.007812
 174.000000  0.008032
 175.000000  0.007544
 176.000000  0.009180
 177.000000  0.007568
 178.000000  0.008936
 179.000000  0.009814
 180.000000  0.008398
 181.000000  0.007471
 182.000000  0.009424
 183.000000  0.007715
 184.000000  0.009277
 185.000000  0.007788
 186.000000  0.009326
 187.000000  0.007617
 188.000000  0.009106
 189.000000  0.007593
 190.000000  0.009058
 191.000000  0.007495
 192.000000  0.009228
 193.000000  0.007642
 194.000000  0.009204
 195.000000  0.007544
 196.000000  0.011694
 197.000000  0.007471
 198.000000  0.008887
 199.000000  0.009985
 200.000000  0.008765
 201.000000  0.009985
 202.000000  0.009375
 203.000000  0.007568
 204.000000  0.009302
 205.000000  0.007495
 206.000000  0.009180
 207.000000  0.007495
 208.000000  0.008960
 209.000000  0.009912
 210.000000  0.008936
 211.000000  0.007446
 212.000000  0.009106
 213.000000  0.009863
 214.000000  0.009106
 215.000000  0.007617
 216.000000  0.009326
 217.000000  0.007373
 218.000000  0.008936
 219.000000  0.009887
 220.000000  0.009155
 221.000000  0.007495
 222.000000  0.009033
 223.000000  0.007666
 224.000000  0.008936
 225.000000  0.007495
 226.000000  0.009082
 227.000000  0.009790
 228.000000  0.009253
 229.000000  0.009936
 230.000000  0.009302
 231.000000  0.007446
 232.000000  0.009351
 233.000000  0.009790
 234.000000  0.009253
 235.000000  0.007373
 236.000000  0.009155
 237.000000  0.007373
 238.000000  0.009131
 239.000000  0.009838
 240.000000  0.009204
 241.000000  0.007446
 242.000000  0.009277
 243.000000  0.009814
 244.000000  0.009131
 245.000000  0.007446
 246.000000  0.009326
 247.000000  0.007471
 248.000000  0.009253
 249.000000  0.007471
 250.000000  0.008813
 251.000000  0.007495
 252.000000  0.009082
 253.000000  0.007422
 254.000000  0.008765
 255.000000  0.009838
 256.000000  0.009180
 257.000000  0.007446
 258.000000  0.008984
 259.000000  0.007373
 260.000000  0.009228
 261.000000  0.007422
 262.000000  0.009033
 263.000000  0.009814
 264.000000  0.008765
 265.000000  0.009765
 266.000000  0.009033
 267.000000  0.009863
 268.000000  0.008911
 269.000000  0.009912
 270.000000  0.009058
 271.000000  0.007349
 272.000000  0.009155
 273.000000  0.007373
 274.000000  0.009326
 275.000000  0.010034
 276.000000  0.009131
 277.000000  0.009863
 278.000000  0.009155
 279.000000  0.007568
 280.000000  0.009448
 281.000000  0.009912
 282.000000  0.009253
 283.000000  0.009838
 284.000000  0.009399
 285.000000  0.007471
 286.000000  0.008911
 287.000000  0.007495
 288.000000  0.009033
 289.000000  0.010131
 290.000000  0.009204
 291.000000  0.007446
 292.000000  0.009424
 293.000000  0.007349
 294.000000  0.009228
 295.000000  0.009936
 296.000000  0.009228
 297.000000  0.009936
 298.000000  0.009399
 299.000000  0.009887
 300.000000  0.009131
 301.000000  0.007642
 302.000000  0.009155
 303.000000  0.009936
 304.000000  0.009277
 305.000000  0.007739
 306.000000  0.009204
 307.000000  0.010131
 308.000000  0.009253
 309.000000  0.009863
 310.000000  0.009058
 311.000000  0.007471
 312.000000  0.009106
 313.000000  0.007764
 314.000000  0.009155
 315.000000  0.010009
 316.000000  0.009399
 317.000000  0.007593
 318.000000  0.009204
 319.000000  0.007519
 320.000000  0.009058
 321.000000  0.010083
 322.000000  0.009228
 323.000000  0.011132
 324.000000  0.009033
 325.000000  0.007544
 326.000000  0.008472
 327.000000  0.007397
 328.000000  0.007642
 329.000000  0.010180
 330.000000  0.009497
 331.000000  0.010913
 332.000000  0.009302
 333.000000  0.010278
 334.000000  0.009326
 335.000000  0.010815
 336.000000  0.009424
 337.000000  0.007715
 338.000000  0.008960
 339.000000  0.007642
 340.000000  0.009204
 341.000000  0.010180
 342.000000  0.011499
 343.000000  0.010083
 344.000000  0.009106
 345.000000  0.009912
 346.000000  0.009424
 347.000000  0.007812
 348.000000  0.009155
 349.000000  0.010205
 350.000000  0.009375
 351.000000  0.009985
 352.000000  0.009326
 353.000000  0.010595
 354.000000  0.009399
 355.000000  0.007910
 356.000000  0.009302
 357.000000  0.007935
 358.000000  0.009375
 359.000000  0.010253
 360.000000  0.009473
 361.000000  0.007666
 362.000000  0.009546
 363.000000  0.010083
 364.000000  0.009277
 365.000000  0.007495
 366.000000  0.009424
 367.000000  0.007861
 368.000000  0.009351
 369.000000  0.007690
 370.000000  0.009302
 371.000000  0.010351
 372.000000  0.009497
 373.000000  0.010302
 374.000000  0.009277
 375.000000  0.010058
 376.000000  0.009302
 377.000000  0.007544
 378.000000  0.009546
 379.000000  0.007861
 380.000000  0.009326
 381.000000  0.010302
 382.000000  0.009521
 383.000000  0.007910
 384.000000  0.009546
 385.000000  0.007764
 386.000000  0.009619
 387.000000  0.010156
 388.000000  0.009351
 389.000000  0.010034
 390.000000  0.009619
 391.000000  0.010058
 392.000000  0.009619
 393.000000  0.007690
 394.000000  0.009595
 395.000000  0.007788
 396.000000  0.009644
 397.000000  0.007886
 398.000000  0.009521
 399.000000  0.007666
 400.000000  0.009595
 401.000000  0.010302
 402.000000  0.009570
 403.000000  0.008032
 404.000000  0.009375
 405.000000  0.007983
 406.000000  0.009644
 407.000000  0.007788
 408.000000  0.009619
 409.000000  0.010302
 410.000000  0.009692
 411.000000  0.010327
 412.000000  0.009766
 413.000000  0.008227
 414.000000  0.009668
 415.000000  0.010180
 416.000000  0.009595
 417.000000  0.007764
 418.000000  0.009692
 419.000000  0.007910
 420.000000  0.009668
 421.000000  0.007666
 422.000000  0.009619
 423.000000  0.007544
 424.000000  0.009595
 425.000000  0.010156
 426.000000  0.009473
 427.000000  0.010400
 428.000000  0.009668
 429.000000  0.010180
 430.000000  0.009668
 431.000000  0.010302
 432.000000  0.009570
 433.000000  0.007715
 434.000000  0.009619
 435.000000  0.010205
 436.000000  0.009570
 437.000000  0.010278
 438.000000  0.009570
 439.000000  0.010156
 440.000000  0.009668
 441.000000  0.010424
 442.000000  0.009717
 443.000000  0.010180
 444.000000  0.009692
 445.000000  0.010278
 446.000000  0.009741
 447.000000  0.007983
 448.000000  0.009619
 449.000000  0.010351
 450.000000  0.009668
 451.000000  0.010522
 452.000000  0.009692
 453.000000  0.010669
 454.000000  0.009692
 455.000000  0.010595
 456.000000  0.009668
 457.000000  0.010620
 458.000000  0.009692
 459.000000  0.010351
 460.000000  0.009741
 461.000000  0.010693
 462.000000  0.009619
 463.000000  0.010522
 464.000000  0.009741
 465.000000  0.010986
 466.000000  0.009692
 467.000000  0.008447
 468.000000  0.009619
 469.000000  0.008301
 470.000000  0.009668
 471.000000  0.010717
 472.000000  0.009668
 473.000000  0.008301
 474.000000  0.009668
 475.000000  0.010644
 476.000000  0.009717
 477.000000  0.008350
 478.000000  0.009668
 479.000000  0.010327
 480.000000  0.008936
 481.000000  0.011401
 482.000000  0.009399
 483.000000  0.009180
 484.000000  0.009888
 485.000000  0.011743
 486.000000  0.008887
 487.000000  0.007837
 488.000000  0.009521
 489.000000  0.008472
 490.000000  0.009595
 491.000000  0.010131
 492.000000  0.009326
 493.000000  0.010620
 494.000000  0.009741
 495.000000  0.011035
 496.000000  0.009692
 497.000000  0.008057
 498.000000  0.009619
 499.000000  0.010888
 500.000000  0.009668
 501.000000  0.011230
 502.000000  0.009570
 503.000000  0.010766
 504.000000  0.009668
 505.000000  0.010986
 506.000000  0.009766
 507.000000  0.008520
 508.000000  0.009619
 509.000000  0.008496
 510.000000  0.009595
 511.000000  0.010546
 512.000000  0.009375
 513.000000  0.008032
 514.000000  0.009619
 515.000000  0.008496
 516.000000  0.009741
 517.000000  0.008447
 518.000000  0.009619
 519.000000  0.008520
 520.000000  0.009717
 521.000000  0.008301
 522.000000  0.009668
 523.000000  0.010766
 524.000000  0.009668
 525.000000  0.010766
 526.000000  0.009692
 527.000000  0.010669
 528.000000  0.009717
 529.000000  0.011010
 530.000000  0.009741
 531.000000  0.011230
 532.000000  0.009766
 533.000000  0.008691
 534.000000  0.009619
 535.000000  0.009082
 536.000000  0.009668
 537.000000  0.010913
 538.000000  0.009717
 539.000000  0.010937
 540.000000  0.009766
 541.000000  0.008472
 542.000000  0.009717
 543.000000  0.008545
 544.000000  0.009717
 545.000000  0.008423
 546.000000  0.009741
 547.000000  0.010986
 548.000000  0.009717
 549.000000  0.010961
 550.000000  0.009766
 551.000000  0.011474
 552.000000  0.009741
 553.000000  0.008545
 554.000000  0.009741
 555.000000  0.008569
 556.000000  0.009766
 557.000000  0.011108
 558.000000  0.009766
 559.000000  0.011792
 560.000000  0.009766
 561.000000  0.008691
 562.000000  0.009766
 563.000000  0.011694
 564.000000  0.009766
 565.000000  0.011621
 566.000000  0.009766
 567.000000  0.011499
 568.000000  0.009741
 569.000000  0.011816
 570.000000  0.009741
 571.000000  0.011010
 572.000000  0.009741
 573.000000  0.011669
 574.000000  0.009741
 575.000000  0.011328
 576.000000  0.009741
 577.000000  0.011425
 578.000000  0.009766
 579.000000  0.011547
 580.000000  0.009766
 581.000000  0.009253
 582.000000  0.009766
 583.000000  0.011523
 584.000000  0.009766
 585.000000  0.011962
 586.000000  0.009766
 587.000000  0.012011
 588.000000  0.009741
 589.000000  0.009228
 590.000000  0.009766
 591.000000  0.011425
 592.000000  0.009766
 593.000000  0.009570
 594.000000  0.009766
 595.000000  0.011889
 596.000000  0.009766
 597.000000  0.011865
 598.000000  0.009766
 599.000000  0.011596
 600.000000  0.009766
 601.000000  0.011474
 602.000000  0.009766
 603.000000  0.012060
 604.000000  0.009766
 605.000000  0.012133
 606.000000  0.009766
 607.000000  0.012085
 608.000000  0.009766
 609.000000  0.011987
 610.000000  0.009766
 611.000000  0.012011
 612.000000  0.012231
 613.000000  0.012182
 614.000000  0.012207
 615.000000  0.012158
 616.000000  0.009790
 617.000000  0.009766
 618.000000  0.009790
 619.000000  0.012158
 620.000000  0.009839
 621.000000  0.012207
 622.000000  0.009863
 623.000000  0.012207
 624.000000  0.012719
 625.000000  0.012207
 626.000000  0.010767
 627.000000  0.012402
 628.000000  0.011304
 629.000000  0.013281
 630.000000  0.012012
 631.000000  0.014135
 632.000000  0.012207
 633.000000  0.014624
 634.000000  0.013721
 635.000000  0.016137
 636.000000  0.015918
 637.000000  0.015332
 638.000000  0.019311
 639.000000  0.025488
 640.000000  0.029980
 641.000000  0.038085
 642.000000  0.049634
 643.000000  0.080420
 644.000000  0.135229
 645.000000  0.184131
 646.000000  0.199853
 647.000000  0.192505
 648.000000  0.150000
 649.000000  0.103491
 650.000000  0.075122
 651.000000  0.057373
 652.000000  0.046289
 653.000000  0.038843
 654.000000  0.031250
 655.000000  0.023095
 656.000000  0.016968
 657.000000  0.016699
 658.000000  0.013379
 659.000000  0.012183
 660.000000  0.012231
 661.000000  0.013305
 662.000000  0.011328
 663.000000  0.012353
 664.000000  0.012622
 665.000000  0.012231
 666.000000  0.012573
 667.000000  0.012207
 668.000000  0.010107
 669.000000  0.009790
 670.000000  0.010254
 671.000000  0.009790
 672.000000  0.010034
 673.000000  0.012207
 674.000000  0.012329
 675.000000  0.012207
 676.000000  0.009863
 677.000000  0.012207
 678.000000  0.009766
 679.000000  0.012182
 680.000000  0.009790
 681.000000  0.009619
 682.000000  0.009766
 683.000000  0.012133
 684.000000  0.009766
 685.000000  0.012207
 686.000000  0.009814
 687.000000  0.009766
 688.000000  0.012231
 689.000000  0.009717
 690.000000  0.012207
 691.000000  0.012182
 692.000000  0.009790
 693.000000  0.012109
 694.000000  0.009766
 695.000000  0.012133
 696.000000  0.012207
 697.000000  0.012207
 698.000000  0.009790
 699.000000  0.012109
 700.000000  0.009766
 701.000000  0.009668
 702.000000  0.009766
 703.000000  0.009619
 704.000000  0.012207
 705.000000  0.012158
 706.000000  0.009766
 707.000000  0.009619
 708.000000  0.009766
 709.000000  0.012011
 710.000000  0.009766
 711.000000  0.012060
 712.000000  0.009766
 713.000000  0.012182
 714.000000  0.009766
 715.000000  0.012207
 716.000000  0.009766
 717.000000  0.012182
 718.000000  0.009766
 719.000000  0.012109
 720.000000  0.009766
 721.000000  0.012158
 722.000000  0.009766
 723.000000  0.012182
 724.000000  0.009766
 725.000000  0.012182
 726.000000  0.009766
 727.000000  0.012182
 728.000000  0.009766
 729.000000  0.009766
 730.000000  0.009766
 731.000000  0.012133
 732.000000  0.009766
 733.000000  0.012085
 734.000000  0.012207
 735.000000  0.012182
 736.000000  0.009766
 737.000000  0.011938
 738.000000  0.009766
 739.000000  0.012060
 740.000000  0.009766
 741.000000  0.012133
 742.000000  0.009766
 743.000000  0.009619
 744.000000  0.009766
 745.000000  0.012158
 746.000000  0.009766
 747.000000  0.009375
 748.000000  0.009766
 749.000000  0.011987
 750.000000  0.009766
 751.000000  0.012109
 752.000000  0.012207
 753.000000  0.012207
 754.000000  0.009766
 755.000000  0.012036
 756.000000  0.009766
 757.000000  0.011792
 758.000000  0.009766
 759.000000  0.009619
 760.000000  0.009766
 761.000000  0.012133
 762.000000  0.009766
 763.000000  0.012109
 764.000000  0.009766
 765.000000  0.011718
 766.000000  0.009766
 767.000000  0.009180
 768.000000  0.009766
 769.000000  0.011816
 770.000000  0.009766
 771.000000  0.011694
 772.000000  0.009766
 773.000000  0.011669
 774.000000  0.012207
 775.000000  0.011962
 776.000000  0.012207
 777.000000  0.011962
 778.000000  0.009766
 779.000000  0.009424
 780.000000  0.009766
 781.000000  0.009619
 782.000000  0.012207
 783.000000  0.011669
 784.000000  0.009741
 785.000000  0.011767
 786.000000  0.009766
 787.000000  0.011792
 788.000000  0.012207
 789.000000  0.011840
 790.000000  0.009766
 791.000000  0.011865
 792.000000  0.008765
 793.000000  0.011767
 794.000000  0.009741
 795.000000  0.012036
 796.000000  0.010327
 797.000000  0.012329
 798.000000  0.009888
 799.000000  0.011230
 800.000000  0.009741
 801.000000  0.011669
 802.000000  0.012182
 803.000000  0.010864
 804.000000  0.009692
 805.000000  0.011352
 806.000000  0.009692
 807.000000  0.011840
 808.000000  0.012207
 809.000000  0.009448
 810.000000  0.009766
 811.000000  0.009668
 812.000000  0.009766
 813.000000  0.009228
 814.000000  0.009692
 815.000000  0.011914
 816.000000  0.009766
 817.000000  0.011718
 818.000000  0.009790
 819.000000  0.011547
 820.000000  0.009741
 821.000000  0.011865
 822.000000  0.009766
 823.000000  0.011938
 824.000000  0.012207
 825.000000  0.011499
 826.000000  0.009741
 827.000000  0.011743
 828.000000  0.009766
 829.000000  0.011694
 830.000000  0.009766
 831.000000  0.011401
 832.000000  0.009766
 833.000000  0.011425
 834.000000  0.009766
 835.000000  0.011718
 836.000000  0.012182
 837.000000  0.011889
 838.000000  0.009766
 839.000000  0.011938
 840.000000  0.009766
 841.000000  0.011840
 842.000000  0.012207
 843.000000  0.011743
 844.000000  0.009766
 845.000000  0.009375
 846.000000  0.012207
 847.000000  0.011865
 848.000000  0.009766
 849.000000  0.011840
 850.000000  0.009766
 851.000000  0.011767
 852.000000  0.009766
 853.000000  0.009424
 854.000000  0.012207
 855.000000  0.011499
 856.000000  0.009766
 857.000000  0.009033
 858.000000  0.009766
 859.000000  0.009302
 860.000000  0.012182
 861.000000  0.011816
 862.000000  0.009766
 863.000000  0.009058
 864.000000  0.009766
 865.000000  0.011279
 866.000000  0.012207
 867.000000  0.009521
 868.000000  0.009766
 869.000000  0.011450
 870.000000  0.009766
 871.000000  0.011938
 872.000000  0.009766
 873.000000  0.012085
 874.000000  0.009741
 875.000000  0.011303
 876.000000  0.009766
 877.000000  0.009082
 878.000000  0.009766
 879.000000  0.008887
 880.000000  0.009741
 881.000000  0.012060
 882.000000  0.009766
 883.000000  0.011816
 884.000000  0.009766
 885.000000  0.011767
 886.000000  0.009766
 887.000000  0.009424
 888.000000  0.009766
 889.000000  0.011572
 890.000000  0.009766
 891.000000  0.011474
 892.000000  0.009766
 893.000000  0.011816
 894.000000  0.009766
 895.000000  0.011816
 896.000000  0.009766
 897.000000  0.011718
 898.000000  0.009741
 899.000000  0.011645
 900.000000  0.009766
 901.000000  0.011572
 902.000000  0.012207
 903.000000  0.011938
 904.000000  0.009766
 905.000000  0.011816
 906.000000  0.012207
 907.000000  0.011474
 908.000000  0.012207
 909.000000  0.011572
 910.000000  0.009766
 911.000000  0.011743
 912.000000  0.009741
 913.000000  0.011572
 914.000000  0.009766
 915.000000  0.011767
 916.000000  0.009766
 917.000000  0.011499
 918.000000  0.012207
 919.000000  0.011523
 920.000000  0.012207
 921.000000  0.011547
 922.000000  0.009741
 923.000000  0.011938
 924.000000  0.009766
 925.000000  0.011474
 926.000000  0.009717
 927.000000  0.011474
 928.000000  0.009766
 929.000000  0.011816
 930.000000  0.009766
 931.000000  0.011889
 932.000000  0.009766
 933.000000  0.011816
 934.000000  0.009766
 935.000000  0.011669
 936.000000  0.009766
 937.000000  0.011303
 938.000000  0.009766
 939.000000  0.011108
 940.000000  0.009766
 941.000000  0.011425
 942.000000  0.009766
 943.000000  0.011596
 944.000000  0.009766
 945.000000  0.009448
 946.000000  0.012182
 947.000000  0.011987
 948.000000  0.010205
 949.000000  0.011816
 950.000000  0.012182
 951.000000  0.011279
 952.000000  0.009253
 953.000000  0.010058
 954.000000  0.009277
 955.000000  0.011865
 956.000000  0.009790
 957.000000  0.011377
 958.000000  0.009668
 959.000000  0.009228
 960.000000  0.009790
 961.000000  0.009448
 962.000000  0.012207
 963.000000  0.008813
 964.000000  0.009473
 965.000000  0.011279
 966.000000  0.009766
 967.000000  0.011694
 968.000000  0.009717
 969.000000  0.011669
 970.000000  0.012207
 971.000000  0.011499
 972.000000  0.009766
 973.000000  0.011840
 974.000000  0.009692
 975.000000  0.011767
 976.000000  0.009766
 977.000000  0.011547
 978.000000  0.009766
 979.000000  0.011450
 980.000000  0.009766
 981.000000  0.011743
 982.000000  0.009741
 983.000000  0.009131
 984.000000  0.009741
 985.000000  0.011621
 986.000000  0.009668
 987.000000  0.011572
 988.000000  0.012182
 989.000000  0.011547
 990.000000  0.009741
 991.000000  0.011767
 992.000000  0.009766
 993.000000  0.011596
 994.000000  0.009766
 995.000000  0.011718
 996.000000  0.009717
 997.000000  0.011718
 998.000000  0.012207
 999.000000  0.011865
 1000.000000  0.012207
 1001.000000  0.011694
 1002.000000  0.009741
 1003.000000  0.011181
 1004.000000  0.009668
 1005.000000  0.011499
 1006.000000  0.009741
 1007.000000  0.011425
 1008.000000  0.009766
 1009.000000  0.011499
 1010.000000  0.009668
 1011.000000  0.011279
 1012.000000  0.009766
 1013.000000  0.011010
 1014.000000  0.009692
 1015.000000  0.010913
 1016.000000  0.009717
 1017.000000  0.011523
 1018.000000  0.009741
 1019.000000  0.011352
 1020.000000  0.009766
 1021.000000  0.011254
 1022.000000  0.009741
 1023.000000  0.011377
