 0.000000  0.008911
 1.000000  0.007593
 2.000000  0.008789
 3.000000  0.007495
 4.000000  0.008960
 5.000000  0.007617
 6.000000  0.008984
 7.000000  0.007666
 8.000000  0.008887
 9.000000  0.007642
 10.000000  0.008862
 11.000000  0.007568
 12.000000  0.008789
 13.000000  0.007519
 14.000000  0.008911
 15.000000  0.007617
 16.000000  0.008960
 17.000000  0.007568
 18.000000  0.009082
 19.000000  0.007666
 20.000000  0.008691
 21.000000  0.007593
 22.000000  0.008716
 23.000000  0.007617
 24.000000  0.009106
 25.000000  0.007495
 26.000000  0.009277
 27.000000  0.010009
 28.000000  0.008911
 29.000000  0.007544
 30.000000  0.009082
 31.000000  0.007593
 32.000000  0.009058
 33.000000  0.007446
 34.000000  0.009033
 35.000000  0.007593
 36.000000  0.009082
 37.000000  0.007422
 38.000000  0.009155
 39.000000  0.009985
 40.000000  0.009204
 41.000000  0.007471
 42.000000  0.008960
 43.000000  0.007397
 44.000000  0.008960
 45.000000  0.007373
 46.000000  0.009228
 47.000000  0.007446
 48.000000  0.009058
 49.000000  0.007397
 50.000000  0.008643
 51.000000  0.007446
 52.000000  0.008862
 53.000000  0.007422
 54.000000  0.008789
 55.000000  0.007519
 56.000000  0.009180
 57.000000  0.007373
 58.000000  0.009424
 59.000000  0.009790
 60.000000  0.008984
 61.000000  0.009814
 62.000000  0.008716
 63.000000  0.007397
 64.000000  0.008911
 65.000000  0.007324
 66.000000  0.009033
 67.000000  0.009790
 68.000000  0.008911
 69.000000  0.007397
 70.000000  0.008520
 71.000000  0.007397
 72.000000  0.008765
 73.000000  0.007349
 74.000000  0.008496
 75.000000  0.007422
 76.000000  0.009082
 77.000000  0.007349
 78.000000  0.008862
 79.000000  0.007324
 80.000000  0.009033
 81.000000  0.007397
 82.000000  0.008618
 83.000000  0.007349
 84.000000  0.008545
 85.000000  0.007324
 86.000000  0.008984
 87.000000  0.007397
 88.000000  0.009009
 89.000000  0.007471
 90.000000  0.008691
 91.000000  0.007422
 92.000000  0.008960
 93.000000  0.007324
 94.000000  0.008838
 95.000000  0.007349
 96.000000  0.008984
 97.000000  0.007324
 98.000000  0.009009
 99.000000  0.007446
 100.000000  0.008887
 101.000000  0.009863
 102.000000  0.008813
 103.000000  0.009765
 104.000000  0.008667
 105.000000  0.007495
 106.000000  0.009375
 107.000000  0.007519
 108.000000  0.009204
 109.000000  0.009814
 110.000000  0.009058
 111.000000  0.007446
 112.000000  0.008569
 113.000000  0.007422
 114.000000  0.008813
 115.000000  0.007422
 116.000000  0.008789
 117.000000  0.007471
 118.000000  0.009180
 119.000000  0.007397
 120.000000  0.009106
 121.000000  0.007495
 122.000000  0.009058
 123.000000  0.007397
 124.000000  0.008984
 125.000000  0.007471
 126.000000  0.008740
 127.000000  0.009863
 128.000000  0.008740
 129.000000  0.007446
 130.000000  0.008862
 131.000000  0.009887
 132.000000  0.008813
 133.000000  0.007397
 134.000000  0.008691
 135.000000  0.009912
 136.000000  0.008740
 137.000000  0.007349
 138.000000  0.008911
 139.000000  0.007446
 140.000000  0.008936
 141.000000  0.007495
 142.000000  0.008740
 143.000000  0.007642
 144.000000  0.008667
 145.000000  0.009961
 146.000000  0.008520
 147.000000  0.007593
 148.000000  0.008936
 149.000000  0.010034
 150.000000  0.008789
 151.000000  0.007519
 152.000000  0.008691
 153.000000  0.007642
 154.000000  0.008643
 155.000000  0.007544
 156.000000  0.008691
 157.000000  0.010009
 158.000000  0.008960
 159.000000  0.007373
 160.000000  0.008813
 161.000000  0.007471
 162.000000  0.008569
 163.000000  0.007471
 164.000000  0.008496
 165.000000  0.007397
 166.000000  0.008643
 167.000000  0.007471
 168.000000  0.008813
 169.000000  0.009985
 170.000000  0.008716
 171.000000  0.007544
 172.000000  0.008667
 173.000000  0.007519
 174.000000  0.008594
 175.000000  0.007373
 176.000000  0.008447
 177.000000  0.007397
 178.000000  0.008643
 179.000000  0.009887
 180.000000  0.008789
 181.000000  0.007446
 182.000000  0.008813
 183.000000  0.007397
 184.000000  0.009009
 185.000000  0.007471
 186.000000  0.008862
 187.000000  0.007471
 188.000000  0.008496
 189.000000  0.007349
 190.000000  0.008667
 191.000000  0.007349
 192.000000  0.008594
 193.000000  0.007446
 194.000000  0.008643
 195.000000  0.007422
 196.000000  0.011035
 197.000000  0.007397
 198.000000  0.008765
 199.000000  0.009790
 200.000000  0.008667
 201.000000  0.009838
 202.000000  0.008887
 203.000000  0.007397
 204.000000  0.008569
 205.000000  0.007397
 206.000000  0.008618
 207.000000  0.007373
 208.000000  0.008447
 209.000000  0.009765
 210.000000  0.008862
 211.000000  0.007397
 212.000000  0.008569
 213.000000  0.009838
 214.000000  0.008472
 215.000000  0.007349
 216.000000  0.008594
 217.000000  0.007349
 218.000000  0.008496
 219.000000  0.009814
 220.000000  0.008911
 221.000000  0.007373
 222.000000  0.008447
 223.000000  0.007349
 224.000000  0.008716
 225.000000  0.007349
 226.000000  0.008447
 227.000000  0.009765
 228.000000  0.008716
 229.000000  0.009790
 230.000000  0.009155
 231.000000  0.007324
 232.000000  0.008936
 233.000000  0.009765
 234.000000  0.008569
 235.000000  0.007349
 236.000000  0.008594
 237.000000  0.007324
 238.000000  0.008838
 239.000000  0.009790
 240.000000  0.008911
 241.000000  0.007324
 242.000000  0.008765
 243.000000  0.009790
 244.000000  0.008472
 245.000000  0.007324
 246.000000  0.008789
 247.000000  0.007349
 248.000000  0.008936
 249.000000  0.007373
 250.000000  0.008594
 251.000000  0.007349
 252.000000  0.008643
 253.000000  0.007324
 254.000000  0.008545
 255.000000  0.009814
 256.000000  0.009009
 257.000000  0.007349
 258.000000  0.008618
 259.000000  0.007324
 260.000000  0.008838
 261.000000  0.007397
 262.000000  0.008350
 263.000000  0.009790
 264.000000  0.008691
 265.000000  0.009765
 266.000000  0.008618
 267.000000  0.009765
 268.000000  0.008643
 269.000000  0.009838
 270.000000  0.008691
 271.000000  0.007349
 272.000000  0.008325
 273.000000  0.007349
 274.000000  0.008716
 275.000000  0.009765
 276.000000  0.008618
 277.000000  0.009838
 278.000000  0.008862
 279.000000  0.007519
 280.000000  0.008911
 281.000000  0.009863
 282.000000  0.008716
 283.000000  0.009838
 284.000000  0.008813
 285.000000  0.007446
 286.000000  0.008301
 287.000000  0.007519
 288.000000  0.008789
 289.000000  0.009936
 290.000000  0.008862
 291.000000  0.007373
 292.000000  0.008691
 293.000000  0.007397
 294.000000  0.008960
 295.000000  0.009887
 296.000000  0.009058
 297.000000  0.009985
 298.000000  0.008740
 299.000000  0.009863
 300.000000  0.008618
 301.000000  0.007471
 302.000000  0.008862
 303.000000  0.009985
 304.000000  0.008911
 305.000000  0.007495
 306.000000  0.008716
 307.000000  0.010156
 308.000000  0.008765
 309.000000  0.009887
 310.000000  0.008789
 311.000000  0.007471
 312.000000  0.009009
 313.000000  0.007544
 314.000000  0.008936
 315.000000  0.010058
 316.000000  0.008838
 317.000000  0.007446
 318.000000  0.008789
 319.000000  0.007495
 320.000000  0.008789
 321.000000  0.009985
 322.000000  0.008765
 323.000000  0.010107
 324.000000  0.008813
 325.000000  0.007471
 326.000000  0.008667
 327.000000  0.007471
 328.000000  0.008887
 329.000000  0.010058
 330.000000  0.009058
 331.000000  0.010083
 332.000000  0.008887
 333.000000  0.010156
 334.000000  0.008887
 335.000000  0.010083
 336.000000  0.008765
 337.000000  0.007446
 338.000000  0.009302
 339.000000  0.007373
 340.000000  0.008911
 341.000000  0.009985
 342.000000  0.011328
 343.000000  0.009887
 344.000000  0.009009
 345.000000  0.009814
 346.000000  0.009253
 347.000000  0.007519
 348.000000  0.008862
 349.000000  0.009814
 350.000000  0.008911
 351.000000  0.009863
 352.000000  0.008936
 353.000000  0.009961
 354.000000  0.008960
 355.000000  0.007422
 356.000000  0.008838
 357.000000  0.007373
 358.000000  0.009058
 359.000000  0.009912
 360.000000  0.009131
 361.000000  0.007422
 362.000000  0.009253
 363.000000  0.009887
 364.000000  0.008813
 365.000000  0.007373
 366.000000  0.009131
 367.000000  0.007495
 368.000000  0.009033
 369.000000  0.007446
 370.000000  0.009082
 371.000000  0.009863
 372.000000  0.009253
 373.000000  0.009961
 374.000000  0.008984
 375.000000  0.009814
 376.000000  0.009106
 377.000000  0.007349
 378.000000  0.009009
 379.000000  0.007446
 380.000000  0.009131
 381.000000  0.009814
 382.000000  0.008765
 383.000000  0.007422
 384.000000  0.009204
 385.000000  0.007495
 386.000000  0.008960
 387.000000  0.009838
 388.000000  0.009009
 389.000000  0.009887
 390.000000  0.009082
 391.000000  0.009814
 392.000000  0.009155
 393.000000  0.007349
 394.000000  0.009131
 395.000000  0.007471
 396.000000  0.009009
 397.000000  0.007422
 398.000000  0.008789
 399.000000  0.007422
 400.000000  0.009302
 401.000000  0.009838
 402.000000  0.009009
 403.000000  0.007397
 404.000000  0.008813
 405.000000  0.007422
 406.000000  0.008960
 407.000000  0.007593
 408.000000  0.009082
 409.000000  0.009912
 410.000000  0.009326
 411.000000  0.009912
 412.000000  0.009277
 413.000000  0.007519
 414.000000  0.009131
 415.000000  0.009838
 416.000000  0.009082
 417.000000  0.007568
 418.000000  0.008960
 419.000000  0.007471
 420.000000  0.009204
 421.000000  0.007471
 422.000000  0.009106
 423.000000  0.007446
 424.000000  0.009204
 425.000000  0.010009
 426.000000  0.008765
 427.000000  0.009961
 428.000000  0.009277
 429.000000  0.010058
 430.000000  0.009351
 431.000000  0.009912
 432.000000  0.008960
 433.000000  0.007471
 434.000000  0.008936
 435.000000  0.009863
 436.000000  0.008862
 437.000000  0.009936
 438.000000  0.008740
 439.000000  0.009936
 440.000000  0.009375
 441.000000  0.009936
 442.000000  0.009253
 443.000000  0.009912
 444.000000  0.009277
 445.000000  0.009961
 446.000000  0.009448
 447.000000  0.007666
 448.000000  0.009058
 449.000000  0.009936
 450.000000  0.008740
 451.000000  0.010083
 452.000000  0.008862
 453.000000  0.010058
 454.000000  0.009228
 455.000000  0.010058
 456.000000  0.008984
 457.000000  0.010034
 458.000000  0.009204
 459.000000  0.010009
 460.000000  0.009302
 461.000000  0.010107
 462.000000  0.009082
 463.000000  0.010034
 464.000000  0.009277
 465.000000  0.010302
 466.000000  0.009424
 467.000000  0.007788
 468.000000  0.008984
 469.000000  0.007837
 470.000000  0.009228
 471.000000  0.010156
 472.000000  0.009228
 473.000000  0.007764
 474.000000  0.009253
 475.000000  0.010107
 476.000000  0.009082
 477.000000  0.007788
 478.000000  0.009204
 479.000000  0.010107
 480.000000  0.009253
 481.000000  0.010107
 482.000000  0.009204
 483.000000  0.007788
 484.000000  0.008862
 485.000000  0.010351
 486.000000  0.008862
 487.000000  0.007690
 488.000000  0.009180
 489.000000  0.007666
 490.000000  0.009204
 491.000000  0.010156
 492.000000  0.009180
 493.000000  0.010229
 494.000000  0.009351
 495.000000  0.010131
 496.000000  0.009351
 497.000000  0.007544
 498.000000  0.008887
 499.000000  0.009863
 500.000000  0.009302
 501.000000  0.010205
 502.000000  0.008984
 503.000000  0.010034
 504.000000  0.009399
 505.000000  0.010083
 506.000000  0.009253
 507.000000  0.007739
 508.000000  0.009399
 509.000000  0.007593
 510.000000  0.009521
 511.000000  0.010009
 512.000000  0.008887
 513.000000  0.007495
 514.000000  0.009253
 515.000000  0.007544
 516.000000  0.009204
 517.000000  0.007593
 518.000000  0.009399
 519.000000  0.007519
 520.000000  0.009326
 521.000000  0.007593
 522.000000  0.009131
 523.000000  0.009863
 524.000000  0.009228
 525.000000  0.009838
 526.000000  0.009399
 527.000000  0.009814
 528.000000  0.009228
 529.000000  0.010083
 530.000000  0.009497
 531.000000  0.010180
 532.000000  0.009131
 533.000000  0.007739
 534.000000  0.009399
 535.000000  0.007690
 536.000000  0.009106
 537.000000  0.009912
 538.000000  0.009497
 539.000000  0.010058
 540.000000  0.009546
 541.000000  0.007690
 542.000000  0.009668
 543.000000  0.007715
 544.000000  0.009302
 545.000000  0.007642
 546.000000  0.009570
 547.000000  0.010009
 548.000000  0.009497
 549.000000  0.010058
 550.000000  0.009375
 551.000000  0.010156
 552.000000  0.009253
 553.000000  0.007959
 554.000000  0.009497
 555.000000  0.007544
 556.000000  0.009595
 557.000000  0.010253
 558.000000  0.009668
 559.000000  0.010302
 560.000000  0.009619
 561.000000  0.007471
 562.000000  0.009619
 563.000000  0.010498
 564.000000  0.009375
 565.000000  0.010083
 566.000000  0.009302
 567.000000  0.010327
 568.000000  0.009644
 569.000000  0.010302
 570.000000  0.009595
 571.000000  0.010034
 572.000000  0.009521
 573.000000  0.010644
 574.000000  0.009546
 575.000000  0.010131
 576.000000  0.009399
 577.000000  0.009936
 578.000000  0.009619
 579.000000  0.010253
 580.000000  0.009692
 581.000000  0.007983
 582.000000  0.009546
 583.000000  0.010302
 584.000000  0.009595
 585.000000  0.010815
 586.000000  0.009546
 587.000000  0.010571
 588.000000  0.009546
 589.000000  0.007886
 590.000000  0.009644
 591.000000  0.010278
 592.000000  0.009717
 593.000000  0.008398
 594.000000  0.009644
 595.000000  0.010791
 596.000000  0.009619
 597.000000  0.010937
 598.000000  0.009644
 599.000000  0.010595
 600.000000  0.009595
 601.000000  0.010693
 602.000000  0.009766
 603.000000  0.010913
 604.000000  0.009741
 605.000000  0.011328
 606.000000  0.009741
 607.000000  0.011181
 608.000000  0.009741
 609.000000  0.011059
 610.000000  0.009741
 611.000000  0.011328
 612.000000  0.012133
 613.000000  0.011572
 614.000000  0.012158
 615.000000  0.012060
 616.000000  0.009766
 617.000000  0.009644
 618.000000  0.009814
 619.000000  0.012060
 620.000000  0.009814
 621.000000  0.011987
 622.000000  0.009814
 623.000000  0.012060
 624.000000  0.012304
 625.000000  0.012231
 626.000000  0.010547
 627.000000  0.012353
 628.000000  0.011670
 629.000000  0.013501
 630.000000  0.012109
 631.000000  0.014428
 632.000000  0.012207
 633.000000  0.014672
 634.000000  0.013916
 635.000000  0.016210
 636.000000  0.014770
 637.000000  0.016626
 638.000000  0.020728
 639.000000  0.028955
 640.000000  0.034961
 641.000000  0.051049
 642.000000  0.074219
 643.000000  0.115723
 644.000000  0.148486
 645.000000  0.167261
 646.000000  0.148657
 647.000000  0.114428
 648.000000  0.068408
 649.000000  0.037427
 650.000000  0.024463
 651.000000  0.017749
 652.000000  0.015576
 653.000000  0.013159
 654.000000  0.012402
 655.000000  0.014209
 656.000000  0.012012
 657.000000  0.012500
 658.000000  0.010352
 659.000000  0.009766
 660.000000  0.009839
 661.000000  0.012207
 662.000000  0.009766
 663.000000  0.012060
 664.000000  0.012207
 665.000000  0.012060
 666.000000  0.012207
 667.000000  0.012085
 668.000000  0.009766
 669.000000  0.009619
 670.000000  0.009766
 671.000000  0.009473
 672.000000  0.009766
 673.000000  0.011523
 674.000000  0.012207
 675.000000  0.011547
 676.000000  0.009766
 677.000000  0.011401
 678.000000  0.009766
 679.000000  0.011621
 680.000000  0.009741
 681.000000  0.008813
 682.000000  0.009741
 683.000000  0.011230
 684.000000  0.009766
 685.000000  0.011303
 686.000000  0.009766
 687.000000  0.009155
 688.000000  0.012207
 689.000000  0.008813
 690.000000  0.012207
 691.000000  0.011035
 692.000000  0.009766
 693.000000  0.011230
 694.000000  0.009766
 695.000000  0.011157
 696.000000  0.012109
 697.000000  0.011279
 698.000000  0.009766
 699.000000  0.010888
 700.000000  0.009717
 701.000000  0.008423
 702.000000  0.009741
 703.000000  0.008545
 704.000000  0.012158
 705.000000  0.010864
 706.000000  0.009741
 707.000000  0.008447
 708.000000  0.009766
 709.000000  0.010669
 710.000000  0.009741
 711.000000  0.011181
 712.000000  0.009766
 713.000000  0.011352
 714.000000  0.009717
 715.000000  0.011206
 716.000000  0.009741
 717.000000  0.010742
 718.000000  0.009766
 719.000000  0.010937
 720.000000  0.009741
 721.000000  0.010888
 722.000000  0.009741
 723.000000  0.011059
 724.000000  0.009766
 725.000000  0.011059
 726.000000  0.009668
 727.000000  0.010839
 728.000000  0.009692
 729.000000  0.008691
 730.000000  0.009717
 731.000000  0.011084
 732.000000  0.009717
 733.000000  0.011084
 734.000000  0.012133
 735.000000  0.010913
 736.000000  0.009521
 737.000000  0.010766
 738.000000  0.009668
 739.000000  0.010815
 740.000000  0.009717
 741.000000  0.011206
 742.000000  0.009790
 743.000000  0.008276
 744.000000  0.009692
 745.000000  0.010791
 746.000000  0.009546
 747.000000  0.007764
 748.000000  0.009521
 749.000000  0.010571
 750.000000  0.009619
 751.000000  0.011108
 752.000000  0.012158
 753.000000  0.011132
 754.000000  0.009595
 755.000000  0.010571
 756.000000  0.009644
 757.000000  0.010498
 758.000000  0.009521
 759.000000  0.008398
 760.000000  0.009668
 761.000000  0.010839
 762.000000  0.009546
 763.000000  0.010791
 764.000000  0.009521
 765.000000  0.010180
 766.000000  0.009399
 767.000000  0.007959
 768.000000  0.009326
 769.000000  0.010546
 770.000000  0.009399
 771.000000  0.010180
 772.000000  0.009473
 773.000000  0.010473
 774.000000  0.011987
 775.000000  0.010400
 776.000000  0.012133
 777.000000  0.010693
 778.000000  0.009399
 779.000000  0.008105
 780.000000  0.009668
 781.000000  0.008203
 782.000000  0.012060
 783.000000  0.010424
 784.000000  0.009399
 785.000000  0.010327
 786.000000  0.009473
 787.000000  0.010498
 788.000000  0.012036
 789.000000  0.010498
 790.000000  0.009570
 791.000000  0.010449
 792.000000  0.009399
 793.000000  0.010717
 794.000000  0.009399
 795.000000  0.010717
 796.000000  0.009521
 797.000000  0.010644
 798.000000  0.009204
 799.000000  0.010717
 800.000000  0.009473
 801.000000  0.010669
 802.000000  0.011938
 803.000000  0.010400
 804.000000  0.009399
 805.000000  0.010620
 806.000000  0.009375
 807.000000  0.010351
 808.000000  0.012109
 809.000000  0.008472
 810.000000  0.009668
 811.000000  0.008813
 812.000000  0.009351
 813.000000  0.007861
 814.000000  0.009619
 815.000000  0.010717
 816.000000  0.009570
 817.000000  0.010473
 818.000000  0.009595
 819.000000  0.010351
 820.000000  0.009497
 821.000000  0.010424
 822.000000  0.009497
 823.000000  0.010302
 824.000000  0.012109
 825.000000  0.010449
 826.000000  0.009473
 827.000000  0.010327
 828.000000  0.009595
 829.000000  0.010278
 830.000000  0.009399
 831.000000  0.010278
 832.000000  0.009595
 833.000000  0.010009
 834.000000  0.009326
 835.000000  0.010205
 836.000000  0.012011
 837.000000  0.010180
 838.000000  0.009546
 839.000000  0.010376
 840.000000  0.009692
 841.000000  0.010302
 842.000000  0.012182
 843.000000  0.010302
 844.000000  0.009570
 845.000000  0.007739
 846.000000  0.011987
 847.000000  0.010400
 848.000000  0.009399
 849.000000  0.010229
 850.000000  0.009473
 851.000000  0.010351
 852.000000  0.009717
 853.000000  0.007617
 854.000000  0.012182
 855.000000  0.010302
 856.000000  0.009644
 857.000000  0.007544
 858.000000  0.009521
 859.000000  0.007739
 860.000000  0.012182
 861.000000  0.010205
 862.000000  0.009497
 863.000000  0.007715
 864.000000  0.009668
 865.000000  0.010131
 866.000000  0.011987
 867.000000  0.007764
 868.000000  0.009692
 869.000000  0.010034
 870.000000  0.009717
 871.000000  0.010546
 872.000000  0.009668
 873.000000  0.010498
 874.000000  0.009595
 875.000000  0.010107
 876.000000  0.009399
 877.000000  0.007764
 878.000000  0.009595
 879.000000  0.007666
 880.000000  0.009521
 881.000000  0.010620
 882.000000  0.009448
 883.000000  0.010083
 884.000000  0.009668
 885.000000  0.010400
 886.000000  0.009619
 887.000000  0.007642
 888.000000  0.009595
 889.000000  0.010083
 890.000000  0.009570
 891.000000  0.010180
 892.000000  0.009619
 893.000000  0.010229
 894.000000  0.009424
 895.000000  0.010473
 896.000000  0.009619
 897.000000  0.010156
 898.000000  0.009521
 899.000000  0.010229
 900.000000  0.009570
 901.000000  0.010205
 902.000000  0.012060
 903.000000  0.010253
 904.000000  0.009766
 905.000000  0.010351
 906.000000  0.012085
 907.000000  0.010327
 908.000000  0.012133
 909.000000  0.010205
 910.000000  0.009595
 911.000000  0.010229
 912.000000  0.009473
 913.000000  0.010498
 914.000000  0.009399
 915.000000  0.010717
 916.000000  0.009375
 917.000000  0.010229
 918.000000  0.012085
 919.000000  0.010302
 920.000000  0.012060
 921.000000  0.010449
 922.000000  0.009595
 923.000000  0.010449
 924.000000  0.009351
 925.000000  0.010522
 926.000000  0.009375
 927.000000  0.010595
 928.000000  0.009644
 929.000000  0.010888
 930.000000  0.009619
 931.000000  0.010742
 932.000000  0.009473
 933.000000  0.010669
 934.000000  0.009595
 935.000000  0.010644
 936.000000  0.009570
 937.000000  0.010302
 938.000000  0.009644
 939.000000  0.010180
 940.000000  0.009521
 941.000000  0.010620
 942.000000  0.009521
 943.000000  0.010351
 944.000000  0.009546
 945.000000  0.008008
 946.000000  0.012060
 947.000000  0.010864
 948.000000  0.009497
 949.000000  0.010693
 950.000000  0.011547
 951.000000  0.010546
 952.000000  0.009424
 953.000000  0.010473
 954.000000  0.009424
 955.000000  0.010400
 956.000000  0.009570
 957.000000  0.010449
 958.000000  0.009351
 959.000000  0.007959
 960.000000  0.009497
 961.000000  0.007935
 962.000000  0.011816
 963.000000  0.007983
 964.000000  0.009204
 965.000000  0.010327
 966.000000  0.009644
 967.000000  0.010498
 968.000000  0.009668
 969.000000  0.010546
 970.000000  0.011865
 971.000000  0.010473
 972.000000  0.009766
 973.000000  0.010424
 974.000000  0.009448
 975.000000  0.010644
 976.000000  0.009228
 977.000000  0.010522
 978.000000  0.009326
 979.000000  0.010180
 980.000000  0.009497
 981.000000  0.010791
 982.000000  0.009448
 983.000000  0.008032
 984.000000  0.009351
 985.000000  0.010449
 986.000000  0.009277
 987.000000  0.010278
 988.000000  0.011962
 989.000000  0.009961
 990.000000  0.009497
 991.000000  0.010034
 992.000000  0.009326
 993.000000  0.010351
 994.000000  0.009448
 995.000000  0.010473
 996.000000  0.009521
 997.000000  0.010522
 998.000000  0.011889
 999.000000  0.010278
 1000.000000  0.012036
 1001.000000  0.010351
 1002.000000  0.009302
 1003.000000  0.010009
 1004.000000  0.009228
 1005.000000  0.010205
 1006.000000  0.009375
 1007.000000  0.009863
 1008.000000  0.009546
 1009.000000  0.009985
 1010.000000  0.009082
 1011.000000  0.009985
 1012.000000  0.009228
 1013.000000  0.009912
 1014.000000  0.008789
 1015.000000  0.009887
 1016.000000  0.009082
 1017.000000  0.010034
 1018.000000  0.009155
 1019.000000  0.010083
 1020.000000  0.008936
 1021.000000  0.009912
 1022.000000  0.008862
 1023.000000  0.009912
