 0.000000  0.008496
 1.000000  0.007324
 2.000000  0.008081
 3.000000  0.007324
 4.000000  0.008423
 5.000000  0.007349
 6.000000  0.008520
 7.000000  0.007300
 8.000000  0.008227
 9.000000  0.007397
 10.000000  0.008252
 11.000000  0.007349
 12.000000  0.008496
 13.000000  0.007349
 14.000000  0.008398
 15.000000  0.007422
 16.000000  0.008472
 17.000000  0.007397
 18.000000  0.008472
 19.000000  0.007446
 20.000000  0.008008
 21.000000  0.007422
 22.000000  0.008374
 23.000000  0.007422
 24.000000  0.008569
 25.000000  0.007422
 26.000000  0.008911
 27.000000  0.009814
 28.000000  0.008447
 29.000000  0.007349
 30.000000  0.008350
 31.000000  0.007422
 32.000000  0.008496
 33.000000  0.007349
 34.000000  0.008374
 35.000000  0.007495
 36.000000  0.008520
 37.000000  0.007349
 38.000000  0.008374
 39.000000  0.009863
 40.000000  0.008520
 41.000000  0.007373
 42.000000  0.008545
 43.000000  0.007422
 44.000000  0.008618
 45.000000  0.007373
 46.000000  0.008545
 47.000000  0.007373
 48.000000  0.008472
 49.000000  0.007397
 50.000000  0.008472
 51.000000  0.007446
 52.000000  0.008081
 53.000000  0.007471
 54.000000  0.008203
 55.000000  0.007397
 56.000000  0.008447
 57.000000  0.007446
 58.000000  0.008594
 59.000000  0.009838
 60.000000  0.008350
 61.000000  0.009838
 62.000000  0.008423
 63.000000  0.007471
 64.000000  0.008447
 65.000000  0.007397
 66.000000  0.008447
 67.000000  0.009838
 68.000000  0.008325
 69.000000  0.007422
 70.000000  0.008179
 71.000000  0.007349
 72.000000  0.007959
 73.000000  0.007373
 74.000000  0.008179
 75.000000  0.007373
 76.000000  0.008276
 77.000000  0.007397
 78.000000  0.008276
 79.000000  0.007397
 80.000000  0.008447
 81.000000  0.007324
 82.000000  0.007886
 83.000000  0.007324
 84.000000  0.007983
 85.000000  0.007324
 86.000000  0.008374
 87.000000  0.007324
 88.000000  0.008081
 89.000000  0.007349
 90.000000  0.008276
 91.000000  0.007349
 92.000000  0.008350
 93.000000  0.007324
 94.000000  0.008276
 95.000000  0.007324
 96.000000  0.008130
 97.000000  0.007349
 98.000000  0.008276
 99.000000  0.007324
 100.000000  0.008105
 101.000000  0.009765
 102.000000  0.007739
 103.000000  0.009790
 104.000000  0.007788
 105.000000  0.007349
 106.000000  0.008350
 107.000000  0.007324
 108.000000  0.008105
 109.000000  0.009765
 110.000000  0.008105
 111.000000  0.007349
 112.000000  0.008154
 113.000000  0.007349
 114.000000  0.008081
 115.000000  0.007324
 116.000000  0.007983
 117.000000  0.007373
 118.000000  0.008252
 119.000000  0.007324
 120.000000  0.008276
 121.000000  0.007324
 122.000000  0.008081
 123.000000  0.007324
 124.000000  0.008203
 125.000000  0.007324
 126.000000  0.008374
 127.000000  0.009765
 128.000000  0.007935
 129.000000  0.007324
 130.000000  0.007837
 131.000000  0.009790
 132.000000  0.007812
 133.000000  0.007349
 134.000000  0.008252
 135.000000  0.009765
 136.000000  0.007812
 137.000000  0.007324
 138.000000  0.008081
 139.000000  0.007324
 140.000000  0.008130
 141.000000  0.007324
 142.000000  0.007910
 143.000000  0.007324
 144.000000  0.007642
 145.000000  0.009765
 146.000000  0.007861
 147.000000  0.007324
 148.000000  0.007959
 149.000000  0.009765
 150.000000  0.007886
 151.000000  0.007349
 152.000000  0.007886
 153.000000  0.007324
 154.000000  0.007959
 155.000000  0.007349
 156.000000  0.007886
 157.000000  0.009765
 158.000000  0.008130
 159.000000  0.007324
 160.000000  0.008057
 161.000000  0.007324
 162.000000  0.007983
 163.000000  0.007349
 164.000000  0.007739
 165.000000  0.007373
 166.000000  0.007642
 167.000000  0.007324
 168.000000  0.007983
 169.000000  0.009790
 170.000000  0.007788
 171.000000  0.007349
 172.000000  0.007690
 173.000000  0.007373
 174.000000  0.007935
 175.000000  0.007300
 176.000000  0.007837
 177.000000  0.007373
 178.000000  0.007935
 179.000000  0.009741
 180.000000  0.007935
 181.000000  0.007300
 182.000000  0.007910
 183.000000  0.007349
 184.000000  0.007764
 185.000000  0.007397
 186.000000  0.007935
 187.000000  0.007349
 188.000000  0.007788
 189.000000  0.007349
 190.000000  0.007910
 191.000000  0.007324
 192.000000  0.007959
 193.000000  0.007373
 194.000000  0.007935
 195.000000  0.007324
 196.000000  0.010351
 197.000000  0.007300
 198.000000  0.007812
 199.000000  0.009838
 200.000000  0.007617
 201.000000  0.009838
 202.000000  0.007837
 203.000000  0.007300
 204.000000  0.007910
 205.000000  0.007349
 206.000000  0.007666
 207.000000  0.007324
 208.000000  0.007861
 209.000000  0.009741
 210.000000  0.008057
 211.000000  0.007324
 212.000000  0.007812
 213.000000  0.009765
 214.000000  0.007788
 215.000000  0.007324
 216.000000  0.008105
 217.000000  0.007324
 218.000000  0.007739
 219.000000  0.009765
 220.000000  0.007715
 221.000000  0.007373
 222.000000  0.007788
 223.000000  0.007373
 224.000000  0.007861
 225.000000  0.007373
 226.000000  0.007837
 227.000000  0.009716
 228.000000  0.007910
 229.000000  0.009765
 230.000000  0.007959
 231.000000  0.007324
 232.000000  0.007666
 233.000000  0.009765
 234.000000  0.007593
 235.000000  0.007349
 236.000000  0.007764
 237.000000  0.007349
 238.000000  0.007788
 239.000000  0.009741
 240.000000  0.007861
 241.000000  0.007324
 242.000000  0.007886
 243.000000  0.009765
 244.000000  0.007642
 245.000000  0.007324
 246.000000  0.007568
 247.000000  0.007324
 248.000000  0.007690
 249.000000  0.007324
 250.000000  0.007690
 251.000000  0.007349
 252.000000  0.007642
 253.000000  0.007349
 254.000000  0.007617
 255.000000  0.009765
 256.000000  0.007715
 257.000000  0.007349
 258.000000  0.007495
 259.000000  0.007324
 260.000000  0.007788
 261.000000  0.007324
 262.000000  0.007544
 263.000000  0.009765
 264.000000  0.007471
 265.000000  0.009765
 266.000000  0.007422
 267.000000  0.009765
 268.000000  0.007519
 269.000000  0.009765
 270.000000  0.007471
 271.000000  0.007324
 272.000000  0.007495
 273.000000  0.007324
 274.000000  0.007617
 275.000000  0.009765
 276.000000  0.007495
 277.000000  0.009790
 278.000000  0.007617
 279.000000  0.007324
 280.000000  0.007861
 281.000000  0.009765
 282.000000  0.007690
 283.000000  0.009765
 284.000000  0.007568
 285.000000  0.007324
 286.000000  0.007544
 287.000000  0.007324
 288.000000  0.007495
 289.000000  0.009765
 290.000000  0.007739
 291.000000  0.007324
 292.000000  0.007642
 293.000000  0.007324
 294.000000  0.007617
 295.000000  0.009765
 296.000000  0.007715
 297.000000  0.009765
 298.000000  0.007788
 299.000000  0.009765
 300.000000  0.007568
 301.000000  0.007324
 302.000000  0.007642
 303.000000  0.009765
 304.000000  0.007739
 305.000000  0.007324
 306.000000  0.007666
 307.000000  0.009765
 308.000000  0.007568
 309.000000  0.009765
 310.000000  0.007568
 311.000000  0.007324
 312.000000  0.007617
 313.000000  0.007324
 314.000000  0.007666
 315.000000  0.009765
 316.000000  0.007519
 317.000000  0.007324
 318.000000  0.007519
 319.000000  0.007349
 320.000000  0.007568
 321.000000  0.009765
 322.000000  0.007690
 323.000000  0.009790
 324.000000  0.007666
 325.000000  0.007373
 326.000000  0.007593
 327.000000  0.007349
 328.000000  0.007642
 329.000000  0.009814
 330.000000  0.007666
 331.000000  0.009790
 332.000000  0.007788
 333.000000  0.009790
 334.000000  0.007715
 335.000000  0.009790
 336.000000  0.007642
 337.000000  0.007373
 338.000000  0.007764
 339.000000  0.007349
 340.000000  0.007812
 341.000000  0.009863
 342.000000  0.010058
 343.000000  0.009765
 344.000000  0.007886
 345.000000  0.009765
 346.000000  0.008032
 347.000000  0.007349
 348.000000  0.007764
 349.000000  0.009765
 350.000000  0.007837
 351.000000  0.009790
 352.000000  0.007861
 353.000000  0.009765
 354.000000  0.007837
 355.000000  0.007300
 356.000000  0.007861
 357.000000  0.007349
 358.000000  0.007935
 359.000000  0.009814
 360.000000  0.007788
 361.000000  0.007349
 362.000000  0.007935
 363.000000  0.009814
 364.000000  0.007666
 365.000000  0.007324
 366.000000  0.007935
 367.000000  0.007397
 368.000000  0.007739
 369.000000  0.007373
 370.000000  0.007642
 371.000000  0.009741
 372.000000  0.007837
 373.000000  0.009765
 374.000000  0.007690
 375.000000  0.009838
 376.000000  0.007715
 377.000000  0.007349
 378.000000  0.007910
 379.000000  0.007373
 380.000000  0.008008
 381.000000  0.009765
 382.000000  0.007690
 383.000000  0.007373
 384.000000  0.007837
 385.000000  0.007373
 386.000000  0.007983
 387.000000  0.009814
 388.000000  0.007739
 389.000000  0.009790
 390.000000  0.007886
 391.000000  0.009765
 392.000000  0.007690
 393.000000  0.007324
 394.000000  0.007812
 395.000000  0.007324
 396.000000  0.007642
 397.000000  0.007324
 398.000000  0.007617
 399.000000  0.007324
 400.000000  0.007715
 401.000000  0.009765
 402.000000  0.007495
 403.000000  0.007324
 404.000000  0.007495
 405.000000  0.007324
 406.000000  0.007642
 407.000000  0.007300
 408.000000  0.007617
 409.000000  0.009765
 410.000000  0.007666
 411.000000  0.009741
 412.000000  0.007593
 413.000000  0.007324
 414.000000  0.007910
 415.000000  0.009765
 416.000000  0.007519
 417.000000  0.007324
 418.000000  0.007666
 419.000000  0.007324
 420.000000  0.007861
 421.000000  0.007324
 422.000000  0.007519
 423.000000  0.007324
 424.000000  0.007519
 425.000000  0.009765
 426.000000  0.007446
 427.000000  0.009765
 428.000000  0.007519
 429.000000  0.009790
 430.000000  0.007617
 431.000000  0.009765
 432.000000  0.007495
 433.000000  0.007324
 434.000000  0.007397
 435.000000  0.009765
 436.000000  0.007373
 437.000000  0.009765
 438.000000  0.007422
 439.000000  0.009765
 440.000000  0.007422
 441.000000  0.009765
 442.000000  0.007495
 443.000000  0.009765
 444.000000  0.007544
 445.000000  0.009765
 446.000000  0.007739
 447.000000  0.007324
 448.000000  0.007349
 449.000000  0.009765
 450.000000  0.007471
 451.000000  0.009765
 452.000000  0.007495
 453.000000  0.009741
 454.000000  0.007666
 455.000000  0.009765
 456.000000  0.007593
 457.000000  0.009765
 458.000000  0.007446
 459.000000  0.009765
 460.000000  0.007617
 461.000000  0.009765
 462.000000  0.007446
 463.000000  0.009765
 464.000000  0.007495
 465.000000  0.009765
 466.000000  0.007617
 467.000000  0.007324
 468.000000  0.007642
 469.000000  0.007324
 470.000000  0.007519
 471.000000  0.009765
 472.000000  0.007617
 473.000000  0.007324
 474.000000  0.007715
 475.000000  0.009765
 476.000000  0.007568
 477.000000  0.007373
 478.000000  0.007544
 479.000000  0.009790
 480.000000  0.007617
 481.000000  0.009741
 482.000000  0.007568
 483.000000  0.007324
 484.000000  0.007544
 485.000000  0.009765
 486.000000  0.007568
 487.000000  0.007373
 488.000000  0.007568
 489.000000  0.007422
 490.000000  0.007666
 491.000000  0.009790
 492.000000  0.007544
 493.000000  0.009692
 494.000000  0.007642
 495.000000  0.009716
 496.000000  0.007666
 497.000000  0.007275
 498.000000  0.007544
 499.000000  0.009765
 500.000000  0.007642
 501.000000  0.009765
 502.000000  0.007471
 503.000000  0.009765
 504.000000  0.007593
 505.000000  0.009741
 506.000000  0.007666
 507.000000  0.007324
 508.000000  0.007690
 509.000000  0.007251
 510.000000  0.007788
 511.000000  0.009765
 512.000000  0.007519
 513.000000  0.007324
 514.000000  0.007642
 515.000000  0.007251
 516.000000  0.007642
 517.000000  0.007373
 518.000000  0.007666
 519.000000  0.007349
 520.000000  0.007715
 521.000000  0.007300
 522.000000  0.007544
 523.000000  0.009765
 524.000000  0.007690
 525.000000  0.009716
 526.000000  0.007593
 527.000000  0.009765
 528.000000  0.007593
 529.000000  0.009716
 530.000000  0.007519
 531.000000  0.009716
 532.000000  0.007471
 533.000000  0.007324
 534.000000  0.007495
 535.000000  0.007373
 536.000000  0.007519
 537.000000  0.009741
 538.000000  0.007715
 539.000000  0.009741
 540.000000  0.007666
 541.000000  0.007349
 542.000000  0.007617
 543.000000  0.007373
 544.000000  0.007568
 545.000000  0.007275
 546.000000  0.007568
 547.000000  0.009790
 548.000000  0.007666
 549.000000  0.009765
 550.000000  0.007446
 551.000000  0.009765
 552.000000  0.007397
 553.000000  0.007324
 554.000000  0.007568
 555.000000  0.007324
 556.000000  0.007422
 557.000000  0.009765
 558.000000  0.007568
 559.000000  0.009765
 560.000000  0.007593
 561.000000  0.007324
 562.000000  0.007568
 563.000000  0.009765
 564.000000  0.007397
 565.000000  0.009765
 566.000000  0.007373
 567.000000  0.009765
 568.000000  0.007446
 569.000000  0.009765
 570.000000  0.007471
 571.000000  0.009765
 572.000000  0.007349
 573.000000  0.009765
 574.000000  0.007471
 575.000000  0.009765
 576.000000  0.007397
 577.000000  0.009765
 578.000000  0.007373
 579.000000  0.009765
 580.000000  0.007373
 581.000000  0.007324
 582.000000  0.007397
 583.000000  0.009765
 584.000000  0.007446
 585.000000  0.009765
 586.000000  0.007373
 587.000000  0.009765
 588.000000  0.007397
 589.000000  0.007324
 590.000000  0.007373
 591.000000  0.009765
 592.000000  0.007422
 593.000000  0.007324
 594.000000  0.007544
 595.000000  0.009765
 596.000000  0.007715
 597.000000  0.009765
 598.000000  0.007446
 599.000000  0.009765
 600.000000  0.007349
 601.000000  0.009765
 602.000000  0.007422
 603.000000  0.009765
 604.000000  0.007422
 605.000000  0.009790
 606.000000  0.007446
 607.000000  0.009765
 608.000000  0.007812
 609.000000  0.009765
 610.000000  0.007617
 611.000000  0.009765
 612.000000  0.009838
 613.000000  0.009765
 614.000000  0.009887
 615.000000  0.009765
 616.000000  0.007397
 617.000000  0.007324
 618.000000  0.007568
 619.000000  0.009765
 620.000000  0.007886
 621.000000  0.009765
 622.000000  0.007593
 623.000000  0.009765
 624.000000  0.010278
 625.000000  0.009765
 626.000000  0.007837
 627.000000  0.009765
 628.000000  0.007983
 629.000000  0.009765
 630.000000  0.008130
 631.000000  0.009790
 632.000000  0.008301
 633.000000  0.009838
 634.000000  0.008667
 635.000000  0.009838
 636.000000  0.008789
 637.000000  0.007471
 638.000000  0.009302
 639.000000  0.010034
 640.000000  0.009717
 641.000000  0.012158
 642.000000  0.011938
 643.000000  0.012305
 644.000000  0.016040
 645.000000  0.014672
 646.000000  0.014502
 647.000000  0.013769
 648.000000  0.012207
 649.000000  0.012036
 650.000000  0.012280
 651.000000  0.012134
 652.000000  0.014502
 653.000000  0.018066
 654.000000  0.024316
 655.000000  0.031518
 656.000000  0.034229
 657.000000  0.036352
 658.000000  0.030933
 659.000000  0.020630
 660.000000  0.013135
 661.000000  0.012695
 662.000000  0.009936
 663.000000  0.012085
 664.000000  0.012109
 665.000000  0.010742
 666.000000  0.011718
 667.000000  0.009961
 668.000000  0.008789
 669.000000  0.007422
 670.000000  0.008594
 671.000000  0.007422
 672.000000  0.008325
 673.000000  0.009838
 674.000000  0.010522
 675.000000  0.009814
 676.000000  0.008276
 677.000000  0.009790
 678.000000  0.007837
 679.000000  0.009765
 680.000000  0.007764
 681.000000  0.007397
 682.000000  0.007837
 683.000000  0.009790
 684.000000  0.007788
 685.000000  0.009765
 686.000000  0.007642
 687.000000  0.007349
 688.000000  0.010229
 689.000000  0.007324
 690.000000  0.010595
 691.000000  0.009741
 692.000000  0.007861
 693.000000  0.009790
 694.000000  0.007617
 695.000000  0.009741
 696.000000  0.009936
 697.000000  0.009765
 698.000000  0.007715
 699.000000  0.009716
 700.000000  0.007519
 701.000000  0.007349
 702.000000  0.007495
 703.000000  0.007373
 704.000000  0.010083
 705.000000  0.009741
 706.000000  0.007715
 707.000000  0.007324
 708.000000  0.007471
 709.000000  0.009741
 710.000000  0.007617
 711.000000  0.009765
 712.000000  0.007593
 713.000000  0.009765
 714.000000  0.007593
 715.000000  0.009765
 716.000000  0.007495
 717.000000  0.009765
 718.000000  0.007519
 719.000000  0.009765
 720.000000  0.007422
 721.000000  0.009765
 722.000000  0.007471
 723.000000  0.009765
 724.000000  0.007544
 725.000000  0.009765
 726.000000  0.007446
 727.000000  0.009765
 728.000000  0.007349
 729.000000  0.007324
 730.000000  0.007397
 731.000000  0.009765
 732.000000  0.007373
 733.000000  0.009765
 734.000000  0.009961
 735.000000  0.009765
 736.000000  0.007349
 737.000000  0.009765
 738.000000  0.007397
 739.000000  0.009765
 740.000000  0.007422
 741.000000  0.009765
 742.000000  0.007397
 743.000000  0.007324
 744.000000  0.007422
 745.000000  0.009790
 746.000000  0.007397
 747.000000  0.007324
 748.000000  0.007495
 749.000000  0.009765
 750.000000  0.007397
 751.000000  0.009765
 752.000000  0.009790
 753.000000  0.009765
 754.000000  0.007349
 755.000000  0.009765
 756.000000  0.007397
 757.000000  0.009765
 758.000000  0.007349
 759.000000  0.007324
 760.000000  0.007349
 761.000000  0.009765
 762.000000  0.007349
 763.000000  0.009741
 764.000000  0.007324
 765.000000  0.009765
 766.000000  0.007373
 767.000000  0.007324
 768.000000  0.007349
 769.000000  0.009741
 770.000000  0.007373
 771.000000  0.009765
 772.000000  0.007349
 773.000000  0.009741
 774.000000  0.009814
 775.000000  0.009765
 776.000000  0.009790
 777.000000  0.009716
 778.000000  0.007373
 779.000000  0.007324
 780.000000  0.007349
 781.000000  0.007324
 782.000000  0.009838
 783.000000  0.009765
 784.000000  0.007349
 785.000000  0.009765
 786.000000  0.007349
 787.000000  0.009741
 788.000000  0.009814
 789.000000  0.009790
 790.000000  0.007446
 791.000000  0.009716
 792.000000  0.007373
 793.000000  0.009716
 794.000000  0.007397
 795.000000  0.009668
 796.000000  0.007446
 797.000000  0.009741
 798.000000  0.007397
 799.000000  0.009619
 800.000000  0.007593
 801.000000  0.009692
 802.000000  0.009912
 803.000000  0.009741
 804.000000  0.007373
 805.000000  0.009765
 806.000000  0.007422
 807.000000  0.009668
 808.000000  0.009863
 809.000000  0.007275
 810.000000  0.007446
 811.000000  0.007300
 812.000000  0.007422
 813.000000  0.007227
 814.000000  0.007422
 815.000000  0.009692
 816.000000  0.007397
 817.000000  0.009765
 818.000000  0.007446
 819.000000  0.009692
 820.000000  0.007349
 821.000000  0.009692
 822.000000  0.007373
 823.000000  0.009692
 824.000000  0.009863
 825.000000  0.009668
 826.000000  0.007422
 827.000000  0.009668
 828.000000  0.007349
 829.000000  0.009741
 830.000000  0.007422
 831.000000  0.009765
 832.000000  0.007422
 833.000000  0.009716
 834.000000  0.007373
 835.000000  0.009741
 836.000000  0.009814
 837.000000  0.009668
 838.000000  0.007422
 839.000000  0.009668
 840.000000  0.007568
 841.000000  0.009741
 842.000000  0.009912
 843.000000  0.009668
 844.000000  0.007324
 845.000000  0.007300
 846.000000  0.009838
 847.000000  0.009790
 848.000000  0.007446
 849.000000  0.009643
 850.000000  0.007373
 851.000000  0.009716
 852.000000  0.007373
 853.000000  0.007178
 854.000000  0.009936
 855.000000  0.009765
 856.000000  0.007349
 857.000000  0.007202
 858.000000  0.007397
 859.000000  0.007227
 860.000000  0.009863
 861.000000  0.009716
 862.000000  0.007422
 863.000000  0.007324
 864.000000  0.007349
 865.000000  0.009716
 866.000000  0.009765
 867.000000  0.007324
 868.000000  0.007349
 869.000000  0.009716
 870.000000  0.007349
 871.000000  0.009765
 872.000000  0.007373
 873.000000  0.009765
 874.000000  0.007373
 875.000000  0.009741
 876.000000  0.007349
 877.000000  0.007300
 878.000000  0.007373
 879.000000  0.007300
 880.000000  0.007373
 881.000000  0.009765
 882.000000  0.007373
 883.000000  0.009765
 884.000000  0.007324
 885.000000  0.009741
 886.000000  0.007349
 887.000000  0.007324
 888.000000  0.007397
 889.000000  0.009716
 890.000000  0.007349
 891.000000  0.009741
 892.000000  0.007373
 893.000000  0.009765
 894.000000  0.007373
 895.000000  0.009765
 896.000000  0.007373
 897.000000  0.009765
 898.000000  0.007349
 899.000000  0.009765
 900.000000  0.007349
 901.000000  0.009765
 902.000000  0.009814
 903.000000  0.009716
 904.000000  0.007324
 905.000000  0.009765
 906.000000  0.009790
 907.000000  0.009765
 908.000000  0.009814
 909.000000  0.009765
 910.000000  0.007324
 911.000000  0.009741
 912.000000  0.007324
 913.000000  0.009741
 914.000000  0.007349
 915.000000  0.009765
 916.000000  0.007349
 917.000000  0.009765
 918.000000  0.009790
 919.000000  0.009741
 920.000000  0.009765
 921.000000  0.009765
 922.000000  0.007324
 923.000000  0.009741
 924.000000  0.007349
 925.000000  0.009765
 926.000000  0.007324
 927.000000  0.009765
 928.000000  0.007397
 929.000000  0.009765
 930.000000  0.007324
 931.000000  0.009765
 932.000000  0.007324
 933.000000  0.009765
 934.000000  0.007373
 935.000000  0.009741
 936.000000  0.007397
 937.000000  0.009741
 938.000000  0.007349
 939.000000  0.009716
 940.000000  0.007324
 941.000000  0.009765
 942.000000  0.007373
 943.000000  0.009765
 944.000000  0.007324
 945.000000  0.007300
 946.000000  0.009863
 947.000000  0.009741
 948.000000  0.007397
 949.000000  0.009765
 950.000000  0.009863
 951.000000  0.009741
 952.000000  0.007373
 953.000000  0.009741
 954.000000  0.007519
 955.000000  0.009741
 956.000000  0.007422
 957.000000  0.009741
 958.000000  0.007397
 959.000000  0.007275
 960.000000  0.007446
 961.000000  0.007251
 962.000000  0.009887
 963.000000  0.007349
 964.000000  0.007471
 965.000000  0.009716
 966.000000  0.007349
 967.000000  0.009668
 968.000000  0.007446
 969.000000  0.009716
 970.000000  0.009961
 971.000000  0.009741
 972.000000  0.007471
 973.000000  0.009716
 974.000000  0.007471
 975.000000  0.009790
 976.000000  0.007397
 977.000000  0.009741
 978.000000  0.007397
 979.000000  0.009643
 980.000000  0.007422
 981.000000  0.009741
 982.000000  0.007397
 983.000000  0.007275
 984.000000  0.007422
 985.000000  0.009692
 986.000000  0.007349
 987.000000  0.009692
 988.000000  0.009936
 989.000000  0.009692
 990.000000  0.007397
 991.000000  0.009692
 992.000000  0.007446
 993.000000  0.009692
 994.000000  0.007324
 995.000000  0.009765
 996.000000  0.007324
 997.000000  0.009594
 998.000000  0.009814
 999.000000  0.009716
 1000.000000  0.009912
 1001.000000  0.009814
 1002.000000  0.007373
 1003.000000  0.009716
 1004.000000  0.007349
 1005.000000  0.009668
 1006.000000  0.007446
 1007.000000  0.009692
 1008.000000  0.007471
 1009.000000  0.009668
 1010.000000  0.007373
 1011.000000  0.009692
 1012.000000  0.007397
 1013.000000  0.009741
 1014.000000  0.007349
 1015.000000  0.009716
 1016.000000  0.007397
 1017.000000  0.009716
 1018.000000  0.007324
 1019.000000  0.009716
 1020.000000  0.007397
 1021.000000  0.009643
 1022.000000  0.007373
 1023.000000  0.009692
