 0.000000  0.008301
 1.000000  0.007349
 2.000000  0.008130
 3.000000  0.007324
 4.000000  0.008276
 5.000000  0.007324
 6.000000  0.008472
 7.000000  0.007324
 8.000000  0.008472
 9.000000  0.007324
 10.000000  0.008276
 11.000000  0.007324
 12.000000  0.008740
 13.000000  0.007324
 14.000000  0.008716
 15.000000  0.007324
 16.000000  0.008740
 17.000000  0.007324
 18.000000  0.008716
 19.000000  0.007422
 20.000000  0.008081
 21.000000  0.007373
 22.000000  0.008447
 23.000000  0.007397
 24.000000  0.008520
 25.000000  0.007324
 26.000000  0.009253
 27.000000  0.009765
 28.000000  0.008569
 29.000000  0.007349
 30.000000  0.008276
 31.000000  0.007373
 32.000000  0.008447
 33.000000  0.007324
 34.000000  0.008374
 35.000000  0.007373
 36.000000  0.008374
 37.000000  0.007324
 38.000000  0.008447
 39.000000  0.009814
 40.000000  0.008423
 41.000000  0.007324
 42.000000  0.008374
 43.000000  0.007324
 44.000000  0.008618
 45.000000  0.007324
 46.000000  0.008398
 47.000000  0.007324
 48.000000  0.008643
 49.000000  0.007349
 50.000000  0.008008
 51.000000  0.007422
 52.000000  0.008179
 53.000000  0.007324
 54.000000  0.008227
 55.000000  0.007324
 56.000000  0.008643
 57.000000  0.007324
 58.000000  0.009009
 59.000000  0.009765
 60.000000  0.008545
 61.000000  0.009765
 62.000000  0.008105
 63.000000  0.007349
 64.000000  0.008301
 65.000000  0.007324
 66.000000  0.008496
 67.000000  0.009765
 68.000000  0.008179
 69.000000  0.007349
 70.000000  0.008179
 71.000000  0.007397
 72.000000  0.008227
 73.000000  0.007324
 74.000000  0.008252
 75.000000  0.007349
 76.000000  0.008765
 77.000000  0.007349
 78.000000  0.008081
 79.000000  0.007349
 80.000000  0.008667
 81.000000  0.007373
 82.000000  0.008105
 83.000000  0.007349
 84.000000  0.008569
 85.000000  0.007349
 86.000000  0.008130
 87.000000  0.007349
 88.000000  0.008667
 89.000000  0.007642
 90.000000  0.009009
 91.000000  0.007910
 92.000000  0.008447
 93.000000  0.007471
 94.000000  0.008398
 95.000000  0.007568
 96.000000  0.008496
 97.000000  0.007422
 98.000000  0.008130
 99.000000  0.007495
 100.000000  0.008472
 101.000000  0.010009
 102.000000  0.008130
 103.000000  0.009887
 104.000000  0.008179
 105.000000  0.007373
 106.000000  0.008838
 107.000000  0.007446
 108.000000  0.008643
 109.000000  0.009838
 110.000000  0.008520
 111.000000  0.007397
 112.000000  0.008081
 113.000000  0.007397
 114.000000  0.008496
 115.000000  0.007471
 116.000000  0.008252
 117.000000  0.007422
 118.000000  0.008520
 119.000000  0.007349
 120.000000  0.008496
 121.000000  0.007349
 122.000000  0.008618
 123.000000  0.007397
 124.000000  0.008618
 125.000000  0.007349
 126.000000  0.008618
 127.000000  0.009790
 128.000000  0.008179
 129.000000  0.007324
 130.000000  0.008105
 131.000000  0.009838
 132.000000  0.008301
 133.000000  0.007324
 134.000000  0.008520
 135.000000  0.009765
 136.000000  0.008472
 137.000000  0.007324
 138.000000  0.008350
 139.000000  0.007373
 140.000000  0.008423
 141.000000  0.007324
 142.000000  0.008276
 143.000000  0.007324
 144.000000  0.008350
 145.000000  0.009790
 146.000000  0.007983
 147.000000  0.007324
 148.000000  0.008276
 149.000000  0.009765
 150.000000  0.008252
 151.000000  0.007324
 152.000000  0.008179
 153.000000  0.007349
 154.000000  0.008227
 155.000000  0.007324
 156.000000  0.007983
 157.000000  0.009765
 158.000000  0.007935
 159.000000  0.007324
 160.000000  0.008179
 161.000000  0.007324
 162.000000  0.007837
 163.000000  0.007324
 164.000000  0.007886
 165.000000  0.007324
 166.000000  0.007568
 167.000000  0.007324
 168.000000  0.007788
 169.000000  0.009765
 170.000000  0.007983
 171.000000  0.007324
 172.000000  0.007715
 173.000000  0.007324
 174.000000  0.007739
 175.000000  0.007324
 176.000000  0.007983
 177.000000  0.007324
 178.000000  0.007983
 179.000000  0.009765
 180.000000  0.007983
 181.000000  0.007324
 182.000000  0.007812
 183.000000  0.007349
 184.000000  0.008105
 185.000000  0.007324
 186.000000  0.008203
 187.000000  0.007324
 188.000000  0.007837
 189.000000  0.007324
 190.000000  0.008154
 191.000000  0.007324
 192.000000  0.007837
 193.000000  0.007324
 194.000000  0.008057
 195.000000  0.007324
 196.000000  0.010351
 197.000000  0.007324
 198.000000  0.008032
 199.000000  0.009765
 200.000000  0.007886
 201.000000  0.009765
 202.000000  0.007983
 203.000000  0.007324
 204.000000  0.007812
 205.000000  0.007324
 206.000000  0.007812
 207.000000  0.007324
 208.000000  0.007715
 209.000000  0.009765
 210.000000  0.008179
 211.000000  0.007324
 212.000000  0.007739
 213.000000  0.009765
 214.000000  0.007788
 215.000000  0.007324
 216.000000  0.008057
 217.000000  0.007324
 218.000000  0.007812
 219.000000  0.009765
 220.000000  0.007886
 221.000000  0.007324
 222.000000  0.007886
 223.000000  0.007324
 224.000000  0.008105
 225.000000  0.007324
 226.000000  0.007788
 227.000000  0.009765
 228.000000  0.008203
 229.000000  0.009765
 230.000000  0.008398
 231.000000  0.007324
 232.000000  0.008032
 233.000000  0.009790
 234.000000  0.007837
 235.000000  0.007373
 236.000000  0.007861
 237.000000  0.007349
 238.000000  0.007837
 239.000000  0.009741
 240.000000  0.008130
 241.000000  0.007519
 242.000000  0.008350
 243.000000  0.009985
 244.000000  0.007764
 245.000000  0.007446
 246.000000  0.007739
 247.000000  0.007104
 248.000000  0.008154
 249.000000  0.007544
 250.000000  0.008130
 251.000000  0.007373
 252.000000  0.008081
 253.000000  0.007471
 254.000000  0.008301
 255.000000  0.009814
 256.000000  0.008081
 257.000000  0.007324
 258.000000  0.007935
 259.000000  0.007397
 260.000000  0.008130
 261.000000  0.007324
 262.000000  0.007593
 263.000000  0.009838
 264.000000  0.007666
 265.000000  0.009765
 266.000000  0.007959
 267.000000  0.009765
 268.000000  0.007886
 269.000000  0.009790
 270.000000  0.007812
 271.000000  0.007373
 272.000000  0.007837
 273.000000  0.007324
 274.000000  0.008032
 275.000000  0.009814
 276.000000  0.008081
 277.000000  0.009765
 278.000000  0.007959
 279.000000  0.007349
 280.000000  0.008081
 281.000000  0.009765
 282.000000  0.007837
 283.000000  0.009790
 284.000000  0.007812
 285.000000  0.007324
 286.000000  0.007593
 287.000000  0.007349
 288.000000  0.007739
 289.000000  0.009790
 290.000000  0.007910
 291.000000  0.007324
 292.000000  0.007764
 293.000000  0.007324
 294.000000  0.007690
 295.000000  0.009765
 296.000000  0.007812
 297.000000  0.009765
 298.000000  0.007764
 299.000000  0.009765
 300.000000  0.007812
 301.000000  0.007349
 302.000000  0.007812
 303.000000  0.009765
 304.000000  0.008032
 305.000000  0.007349
 306.000000  0.007788
 307.000000  0.009790
 308.000000  0.007886
 309.000000  0.009765
 310.000000  0.007935
 311.000000  0.007349
 312.000000  0.007788
 313.000000  0.007324
 314.000000  0.007861
 315.000000  0.009814
 316.000000  0.008008
 317.000000  0.007324
 318.000000  0.007788
 319.000000  0.007324
 320.000000  0.007690
 321.000000  0.009765
 322.000000  0.007886
 323.000000  0.009765
 324.000000  0.007690
 325.000000  0.007324
 326.000000  0.007495
 327.000000  0.007324
 328.000000  0.007617
 329.000000  0.009765
 330.000000  0.008057
 331.000000  0.009765
 332.000000  0.008057
 333.000000  0.009765
 334.000000  0.007642
 335.000000  0.009765
 336.000000  0.007593
 337.000000  0.007324
 338.000000  0.007861
 339.000000  0.007324
 340.000000  0.007959
 341.000000  0.009790
 342.000000  0.010107
 343.000000  0.009765
 344.000000  0.007788
 345.000000  0.009765
 346.000000  0.007983
 347.000000  0.007324
 348.000000  0.007690
 349.000000  0.009765
 350.000000  0.007764
 351.000000  0.009765
 352.000000  0.007812
 353.000000  0.009765
 354.000000  0.007788
 355.000000  0.007324
 356.000000  0.007715
 357.000000  0.007324
 358.000000  0.008008
 359.000000  0.009765
 360.000000  0.008154
 361.000000  0.007324
 362.000000  0.007642
 363.000000  0.009765
 364.000000  0.007788
 365.000000  0.007324
 366.000000  0.007812
 367.000000  0.007324
 368.000000  0.007861
 369.000000  0.007324
 370.000000  0.007690
 371.000000  0.009790
 372.000000  0.007959
 373.000000  0.009765
 374.000000  0.007812
 375.000000  0.009765
 376.000000  0.007959
 377.000000  0.007324
 378.000000  0.007935
 379.000000  0.007324
 380.000000  0.008057
 381.000000  0.009765
 382.000000  0.007812
 383.000000  0.007324
 384.000000  0.007959
 385.000000  0.007349
 386.000000  0.008008
 387.000000  0.009765
 388.000000  0.007861
 389.000000  0.009765
 390.000000  0.008081
 391.000000  0.009838
 392.000000  0.007861
 393.000000  0.007397
 394.000000  0.008130
 395.000000  0.007373
 396.000000  0.007812
 397.000000  0.007349
 398.000000  0.007886
 399.000000  0.007153
 400.000000  0.008301
 401.000000  0.009887
 402.000000  0.008740
 403.000000  0.008032
 404.000000  0.008325
 405.000000  0.007446
 406.000000  0.008032
 407.000000  0.007495
 408.000000  0.008350
 409.000000  0.009863
 410.000000  0.008057
 411.000000  0.009887
 412.000000  0.008057
 413.000000  0.007446
 414.000000  0.008374
 415.000000  0.009838
 416.000000  0.007910
 417.000000  0.007349
 418.000000  0.008130
 419.000000  0.007397
 420.000000  0.008081
 421.000000  0.007324
 422.000000  0.007861
 423.000000  0.007324
 424.000000  0.008032
 425.000000  0.009765
 426.000000  0.008057
 427.000000  0.009765
 428.000000  0.008081
 429.000000  0.009765
 430.000000  0.008008
 431.000000  0.009790
 432.000000  0.007983
 433.000000  0.007324
 434.000000  0.007715
 435.000000  0.009790
 436.000000  0.007715
 437.000000  0.009765
 438.000000  0.007886
 439.000000  0.009790
 440.000000  0.007983
 441.000000  0.009765
 442.000000  0.008130
 443.000000  0.009790
 444.000000  0.008081
 445.000000  0.009765
 446.000000  0.008081
 447.000000  0.007324
 448.000000  0.007642
 449.000000  0.009765
 450.000000  0.007886
 451.000000  0.009790
 452.000000  0.007837
 453.000000  0.009765
 454.000000  0.008081
 455.000000  0.009814
 456.000000  0.007959
 457.000000  0.009765
 458.000000  0.007983
 459.000000  0.009765
 460.000000  0.007983
 461.000000  0.009790
 462.000000  0.007690
 463.000000  0.009765
 464.000000  0.007983
 465.000000  0.009765
 466.000000  0.008203
 467.000000  0.007324
 468.000000  0.007764
 469.000000  0.007324
 470.000000  0.007788
 471.000000  0.009765
 472.000000  0.007788
 473.000000  0.007324
 474.000000  0.007935
 475.000000  0.009765
 476.000000  0.008081
 477.000000  0.007324
 478.000000  0.007935
 479.000000  0.009765
 480.000000  0.007764
 481.000000  0.009765
 482.000000  0.007935
 483.000000  0.007349
 484.000000  0.007666
 485.000000  0.009765
 486.000000  0.007812
 487.000000  0.007324
 488.000000  0.007690
 489.000000  0.007324
 490.000000  0.007642
 491.000000  0.009765
 492.000000  0.007568
 493.000000  0.009790
 494.000000  0.007642
 495.000000  0.009765
 496.000000  0.007837
 497.000000  0.007324
 498.000000  0.007568
 499.000000  0.009765
 500.000000  0.007764
 501.000000  0.009790
 502.000000  0.007568
 503.000000  0.009790
 504.000000  0.007861
 505.000000  0.009765
 506.000000  0.007519
 507.000000  0.007324
 508.000000  0.008057
 509.000000  0.007324
 510.000000  0.008032
 511.000000  0.009765
 512.000000  0.007593
 513.000000  0.007324
 514.000000  0.007812
 515.000000  0.007324
 516.000000  0.007642
 517.000000  0.007324
 518.000000  0.007666
 519.000000  0.007324
 520.000000  0.007812
 521.000000  0.007349
 522.000000  0.007764
 523.000000  0.009765
 524.000000  0.007666
 525.000000  0.009765
 526.000000  0.007935
 527.000000  0.009765
 528.000000  0.007764
 529.000000  0.009765
 530.000000  0.007739
 531.000000  0.009790
 532.000000  0.007983
 533.000000  0.007324
 534.000000  0.007715
 535.000000  0.007324
 536.000000  0.007666
 537.000000  0.009765
 538.000000  0.007764
 539.000000  0.009790
 540.000000  0.008032
 541.000000  0.007349
 542.000000  0.007788
 543.000000  0.007373
 544.000000  0.007690
 545.000000  0.007324
 546.000000  0.007837
 547.000000  0.009765
 548.000000  0.007910
 549.000000  0.009765
 550.000000  0.007544
 551.000000  0.009790
 552.000000  0.007593
 553.000000  0.007373
 554.000000  0.008276
 555.000000  0.007666
 556.000000  0.007837
 557.000000  0.009814
 558.000000  0.007739
 559.000000  0.009692
 560.000000  0.007983
 561.000000  0.007544
 562.000000  0.008423
 563.000000  0.009961
 564.000000  0.007910
 565.000000  0.009741
 566.000000  0.008350
 567.000000  0.009936
 568.000000  0.008179
 569.000000  0.009838
 570.000000  0.007886
 571.000000  0.009790
 572.000000  0.008032
 573.000000  0.009912
 574.000000  0.007935
 575.000000  0.009790
 576.000000  0.007812
 577.000000  0.009838
 578.000000  0.008154
 579.000000  0.009765
 580.000000  0.007764
 581.000000  0.007373
 582.000000  0.007812
 583.000000  0.009790
 584.000000  0.008105
 585.000000  0.009765
 586.000000  0.007935
 587.000000  0.009838
 588.000000  0.007959
 589.000000  0.007373
 590.000000  0.007886
 591.000000  0.009790
 592.000000  0.008350
 593.000000  0.007373
 594.000000  0.007861
 595.000000  0.009838
 596.000000  0.008374
 597.000000  0.009765
 598.000000  0.008081
 599.000000  0.009765
 600.000000  0.008057
 601.000000  0.009765
 602.000000  0.008179
 603.000000  0.009814
 604.000000  0.008618
 605.000000  0.009790
 606.000000  0.008691
 607.000000  0.009887
 608.000000  0.009058
 609.000000  0.009838
 610.000000  0.008887
 611.000000  0.009863
 612.000000  0.011230
 613.000000  0.009838
 614.000000  0.011792
 615.000000  0.010205
 616.000000  0.009399
 617.000000  0.008057
 618.000000  0.009619
 619.000000  0.010473
 620.000000  0.009717
 621.000000  0.010351
 622.000000  0.009668
 623.000000  0.010888
 624.000000  0.012207
 625.000000  0.012109
 626.000000  0.009766
 627.000000  0.012207
 628.000000  0.009814
 629.000000  0.012207
 630.000000  0.009839
 631.000000  0.012207
 632.000000  0.010352
 633.000000  0.012451
 634.000000  0.012158
 635.000000  0.016992
 636.000000  0.031738
 637.000000  0.073608
 638.000000  0.112305
 639.000000  0.117016
 640.000000  0.081909
 641.000000  0.043994
 642.000000  0.014697
 643.000000  0.012085
 644.000000  0.014013
 645.000000  0.012207
 646.000000  0.012207
 647.000000  0.012036
 648.000000  0.009766
 649.000000  0.008813
 650.000000  0.009766
 651.000000  0.008032
 652.000000  0.009546
 653.000000  0.007812
 654.000000  0.009399
 655.000000  0.009814
 656.000000  0.008984
 657.000000  0.009814
 658.000000  0.009180
 659.000000  0.007349
 660.000000  0.008643
 661.000000  0.009765
 662.000000  0.008447
 663.000000  0.009790
 664.000000  0.010522
 665.000000  0.009765
 666.000000  0.010620
 667.000000  0.009765
 668.000000  0.008301
 669.000000  0.007324
 670.000000  0.008545
 671.000000  0.007349
 672.000000  0.008203
 673.000000  0.009765
 674.000000  0.010742
 675.000000  0.009765
 676.000000  0.008618
 677.000000  0.009765
 678.000000  0.008081
 679.000000  0.009765
 680.000000  0.008081
 681.000000  0.007324
 682.000000  0.008179
 683.000000  0.009765
 684.000000  0.008496
 685.000000  0.009790
 686.000000  0.008520
 687.000000  0.007324
 688.000000  0.010791
 689.000000  0.007324
 690.000000  0.010864
 691.000000  0.009765
 692.000000  0.008594
 693.000000  0.009765
 694.000000  0.008105
 695.000000  0.009765
 696.000000  0.010327
 697.000000  0.009814
 698.000000  0.008130
 699.000000  0.009790
 700.000000  0.007739
 701.000000  0.007349
 702.000000  0.007910
 703.000000  0.007349
 704.000000  0.010229
 705.000000  0.009765
 706.000000  0.007788
 707.000000  0.007349
 708.000000  0.007837
 709.000000  0.009765
 710.000000  0.007983
 711.000000  0.009545
 712.000000  0.008203
 713.000000  0.009838
 714.000000  0.008374
 715.000000  0.010400
 716.000000  0.008569
 717.000000  0.009936
 718.000000  0.008008
 719.000000  0.009887
 720.000000  0.008472
 721.000000  0.009912
 722.000000  0.007983
 723.000000  0.009912
 724.000000  0.008252
 725.000000  0.009838
 726.000000  0.008276
 727.000000  0.009887
 728.000000  0.007886
 729.000000  0.007397
 730.000000  0.008032
 731.000000  0.009838
 732.000000  0.007910
 733.000000  0.009765
 734.000000  0.010742
 735.000000  0.009838
 736.000000  0.008008
 737.000000  0.009790
 738.000000  0.007837
 739.000000  0.009790
 740.000000  0.007935
 741.000000  0.009790
 742.000000  0.007959
 743.000000  0.007324
 744.000000  0.007837
 745.000000  0.009765
 746.000000  0.007764
 747.000000  0.007324
 748.000000  0.007764
 749.000000  0.009765
 750.000000  0.007715
 751.000000  0.009765
 752.000000  0.010424
 753.000000  0.009765
 754.000000  0.007837
 755.000000  0.009741
 756.000000  0.007715
 757.000000  0.009765
 758.000000  0.007715
 759.000000  0.007324
 760.000000  0.007935
 761.000000  0.009765
 762.000000  0.007568
 763.000000  0.009765
 764.000000  0.007495
 765.000000  0.009765
 766.000000  0.007568
 767.000000  0.007349
 768.000000  0.007422
 769.000000  0.009765
 770.000000  0.007666
 771.000000  0.009765
 772.000000  0.007642
 773.000000  0.009741
 774.000000  0.010009
 775.000000  0.009765
 776.000000  0.010083
 777.000000  0.009765
 778.000000  0.007617
 779.000000  0.007324
 780.000000  0.007788
 781.000000  0.007324
 782.000000  0.010009
 783.000000  0.009765
 784.000000  0.007519
 785.000000  0.009765
 786.000000  0.007617
 787.000000  0.009765
 788.000000  0.010058
 789.000000  0.009765
 790.000000  0.007495
 791.000000  0.009765
 792.000000  0.007422
 793.000000  0.009765
 794.000000  0.007544
 795.000000  0.009765
 796.000000  0.007544
 797.000000  0.009765
 798.000000  0.007373
 799.000000  0.009765
 800.000000  0.007544
 801.000000  0.009765
 802.000000  0.010083
 803.000000  0.009765
 804.000000  0.007422
 805.000000  0.009765
 806.000000  0.007422
 807.000000  0.009765
 808.000000  0.009887
 809.000000  0.007324
 810.000000  0.007568
 811.000000  0.007324
 812.000000  0.007495
 813.000000  0.007324
 814.000000  0.007519
 815.000000  0.009765
 816.000000  0.007519
 817.000000  0.009765
 818.000000  0.007666
 819.000000  0.009765
 820.000000  0.007495
 821.000000  0.009765
 822.000000  0.007495
 823.000000  0.009765
 824.000000  0.009936
 825.000000  0.009765
 826.000000  0.007495
 827.000000  0.009765
 828.000000  0.007519
 829.000000  0.009765
 830.000000  0.007397
 831.000000  0.009765
 832.000000  0.007471
 833.000000  0.009765
 834.000000  0.007519
 835.000000  0.009765
 836.000000  0.009912
 837.000000  0.009765
 838.000000  0.007544
 839.000000  0.009765
 840.000000  0.007715
 841.000000  0.009716
 842.000000  0.009961
 843.000000  0.009790
 844.000000  0.007446
 845.000000  0.007324
 846.000000  0.010034
 847.000000  0.009765
 848.000000  0.007471
 849.000000  0.009765
 850.000000  0.007666
 851.000000  0.009790
 852.000000  0.007593
 853.000000  0.007324
 854.000000  0.010156
 855.000000  0.009765
 856.000000  0.007715
 857.000000  0.007349
 858.000000  0.007861
 859.000000  0.007324
 860.000000  0.009961
 861.000000  0.009765
 862.000000  0.007495
 863.000000  0.007324
 864.000000  0.007471
 865.000000  0.009790
 866.000000  0.010229
 867.000000  0.007617
 868.000000  0.007910
 869.000000  0.009790
 870.000000  0.007568
 871.000000  0.009545
 872.000000  0.007617
 873.000000  0.009765
 874.000000  0.007983
 875.000000  0.009790
 876.000000  0.007666
 877.000000  0.007202
 878.000000  0.007983
 879.000000  0.007349
 880.000000  0.007788
 881.000000  0.009692
 882.000000  0.007788
 883.000000  0.009741
 884.000000  0.007910
 885.000000  0.009838
 886.000000  0.007764
 887.000000  0.007349
 888.000000  0.007666
 889.000000  0.009765
 890.000000  0.007739
 891.000000  0.009765
 892.000000  0.007666
 893.000000  0.009790
 894.000000  0.007690
 895.000000  0.009790
 896.000000  0.007617
 897.000000  0.009765
 898.000000  0.007568
 899.000000  0.009765
 900.000000  0.007764
 901.000000  0.009838
 902.000000  0.010083
 903.000000  0.009765
 904.000000  0.007617
 905.000000  0.009765
 906.000000  0.009912
 907.000000  0.009765
 908.000000  0.010009
 909.000000  0.009790
 910.000000  0.007593
 911.000000  0.009765
 912.000000  0.007568
 913.000000  0.009765
 914.000000  0.007495
 915.000000  0.009790
 916.000000  0.007397
 917.000000  0.009765
 918.000000  0.010107
 919.000000  0.009765
 920.000000  0.010180
 921.000000  0.009741
 922.000000  0.007446
 923.000000  0.009765
 924.000000  0.007397
 925.000000  0.009765
 926.000000  0.007642
 927.000000  0.009765
 928.000000  0.007568
 929.000000  0.009765
 930.000000  0.007690
 931.000000  0.009765
 932.000000  0.007422
 933.000000  0.009765
 934.000000  0.007519
 935.000000  0.009765
 936.000000  0.007764
 937.000000  0.009765
 938.000000  0.007739
 939.000000  0.009765
 940.000000  0.007666
 941.000000  0.009765
 942.000000  0.007544
 943.000000  0.009765
 944.000000  0.007519
 945.000000  0.007324
 946.000000  0.010131
 947.000000  0.009765
 948.000000  0.007764
 949.000000  0.009765
 950.000000  0.009765
 951.000000  0.009765
 952.000000  0.007397
 953.000000  0.009765
 954.000000  0.007544
 955.000000  0.009765
 956.000000  0.007568
 957.000000  0.009765
 958.000000  0.007397
 959.000000  0.007324
 960.000000  0.007568
 961.000000  0.007324
 962.000000  0.009765
 963.000000  0.007324
 964.000000  0.007397
 965.000000  0.009765
 966.000000  0.007593
 967.000000  0.009765
 968.000000  0.007471
 969.000000  0.009765
 970.000000  0.009985
 971.000000  0.009765
 972.000000  0.007593
 973.000000  0.009765
 974.000000  0.007422
 975.000000  0.009765
 976.000000  0.007422
 977.000000  0.009765
 978.000000  0.007397
 979.000000  0.009765
 980.000000  0.007495
 981.000000  0.009765
 982.000000  0.007495
 983.000000  0.007324
 984.000000  0.007349
 985.000000  0.009765
 986.000000  0.007373
 987.000000  0.009765
 988.000000  0.009838
 989.000000  0.009765
 990.000000  0.007593
 991.000000  0.009765
 992.000000  0.007471
 993.000000  0.009765
 994.000000  0.007495
 995.000000  0.009765
 996.000000  0.007373
 997.000000  0.009765
 998.000000  0.009912
 999.000000  0.009765
 1000.000000  0.010034
 1001.000000  0.009765
 1002.000000  0.007373
 1003.000000  0.009765
 1004.000000  0.007471
 1005.000000  0.009765
 1006.000000  0.007471
 1007.000000  0.009765
 1008.000000  0.007519
 1009.000000  0.009765
 1010.000000  0.007422
 1011.000000  0.009765
 1012.000000  0.007471
 1013.000000  0.009765
 1014.000000  0.007422
 1015.000000  0.009765
 1016.000000  0.007446
 1017.000000  0.009765
 1018.000000  0.007446
 1019.000000  0.009741
 1020.000000  0.007422
 1021.000000  0.009765
 1022.000000  0.007397
 1023.000000  0.009497
