 0.000000  0.008716
 1.000000  0.007349
 2.000000  0.008350
 3.000000  0.007324
 4.000000  0.008887
 5.000000  0.007373
 6.000000  0.009009
 7.000000  0.007349
 8.000000  0.008716
 9.000000  0.007422
 10.000000  0.008887
 11.000000  0.007324
 12.000000  0.008838
 13.000000  0.007373
 14.000000  0.008618
 15.000000  0.007373
 16.000000  0.008813
 17.000000  0.007373
 18.000000  0.008960
 19.000000  0.007422
 20.000000  0.008594
 21.000000  0.007373
 22.000000  0.008179
 23.000000  0.007471
 24.000000  0.008569
 25.000000  0.007373
 26.000000  0.009204
 27.000000  0.009790
 28.000000  0.008667
 29.000000  0.007373
 30.000000  0.008276
 31.000000  0.007397
 32.000000  0.008838
 33.000000  0.007422
 34.000000  0.008740
 35.000000  0.007593
 36.000000  0.008813
 37.000000  0.007422
 38.000000  0.008691
 39.000000  0.009912
 40.000000  0.008691
 41.000000  0.007373
 42.000000  0.008789
 43.000000  0.007397
 44.000000  0.008716
 45.000000  0.007373
 46.000000  0.008936
 47.000000  0.007471
 48.000000  0.008813
 49.000000  0.007593
 50.000000  0.008911
 51.000000  0.008081
 52.000000  0.008301
 53.000000  0.007397
 54.000000  0.007568
 55.000000  0.007153
 56.000000  0.008374
 57.000000  0.008276
 58.000000  0.009473
 59.000000  0.010034
 60.000000  0.008423
 61.000000  0.009887
 62.000000  0.009180
 63.000000  0.007690
 64.000000  0.008691
 65.000000  0.007397
 66.000000  0.008301
 67.000000  0.009936
 68.000000  0.008862
 69.000000  0.007397
 70.000000  0.008545
 71.000000  0.007397
 72.000000  0.008423
 73.000000  0.007471
 74.000000  0.008667
 75.000000  0.007422
 76.000000  0.008813
 77.000000  0.007397
 78.000000  0.008618
 79.000000  0.007349
 80.000000  0.008545
 81.000000  0.007397
 82.000000  0.008789
 83.000000  0.007446
 84.000000  0.008594
 85.000000  0.007373
 86.000000  0.008423
 87.000000  0.007471
 88.000000  0.008569
 89.000000  0.007422
 90.000000  0.008862
 91.000000  0.007422
 92.000000  0.008496
 93.000000  0.007324
 94.000000  0.008276
 95.000000  0.007373
 96.000000  0.008813
 97.000000  0.007422
 98.000000  0.008765
 99.000000  0.007422
 100.000000  0.008545
 101.000000  0.009863
 102.000000  0.008252
 103.000000  0.009814
 104.000000  0.008179
 105.000000  0.007373
 106.000000  0.008936
 107.000000  0.007373
 108.000000  0.008911
 109.000000  0.009790
 110.000000  0.008569
 111.000000  0.007446
 112.000000  0.008276
 113.000000  0.007422
 114.000000  0.008667
 115.000000  0.007373
 116.000000  0.008423
 117.000000  0.007349
 118.000000  0.009009
 119.000000  0.007349
 120.000000  0.008911
 121.000000  0.007349
 122.000000  0.008740
 123.000000  0.007373
 124.000000  0.008569
 125.000000  0.007349
 126.000000  0.008960
 127.000000  0.009790
 128.000000  0.008447
 129.000000  0.007324
 130.000000  0.008423
 131.000000  0.009765
 132.000000  0.008496
 133.000000  0.007324
 134.000000  0.008765
 135.000000  0.009814
 136.000000  0.008447
 137.000000  0.007324
 138.000000  0.009155
 139.000000  0.007324
 140.000000  0.008862
 141.000000  0.007373
 142.000000  0.008643
 143.000000  0.007349
 144.000000  0.008008
 145.000000  0.009765
 146.000000  0.008227
 147.000000  0.007324
 148.000000  0.008716
 149.000000  0.009790
 150.000000  0.008691
 151.000000  0.007349
 152.000000  0.008594
 153.000000  0.007324
 154.000000  0.008398
 155.000000  0.007349
 156.000000  0.008496
 157.000000  0.009765
 158.000000  0.008545
 159.000000  0.007349
 160.000000  0.008862
 161.000000  0.007349
 162.000000  0.008301
 163.000000  0.007324
 164.000000  0.008179
 165.000000  0.007324
 166.000000  0.008301
 167.000000  0.007349
 168.000000  0.008252
 169.000000  0.009765
 170.000000  0.008105
 171.000000  0.007349
 172.000000  0.008008
 173.000000  0.007324
 174.000000  0.008008
 175.000000  0.007324
 176.000000  0.008423
 177.000000  0.007324
 178.000000  0.008374
 179.000000  0.009765
 180.000000  0.008252
 181.000000  0.007349
 182.000000  0.008545
 183.000000  0.007349
 184.000000  0.008447
 185.000000  0.007349
 186.000000  0.008545
 187.000000  0.007324
 188.000000  0.008374
 189.000000  0.007324
 190.000000  0.008276
 191.000000  0.007324
 192.000000  0.008447
 193.000000  0.007324
 194.000000  0.008227
 195.000000  0.007324
 196.000000  0.010766
 197.000000  0.007324
 198.000000  0.008423
 199.000000  0.009814
 200.000000  0.008447
 201.000000  0.009790
 202.000000  0.008374
 203.000000  0.007349
 204.000000  0.008374
 205.000000  0.007397
 206.000000  0.008350
 207.000000  0.006982
 208.000000  0.008569
 209.000000  0.009985
 210.000000  0.009424
 211.000000  0.008862
 212.000000  0.009277
 213.000000  0.009863
 214.000000  0.007593
 215.000000  0.007446
 216.000000  0.008643
 217.000000  0.007349
 218.000000  0.007715
 219.000000  0.009814
 220.000000  0.008301
 221.000000  0.007397
 222.000000  0.008691
 223.000000  0.007422
 224.000000  0.008252
 225.000000  0.007519
 226.000000  0.008594
 227.000000  0.009765
 228.000000  0.008691
 229.000000  0.009765
 230.000000  0.008789
 231.000000  0.007373
 232.000000  0.008447
 233.000000  0.009765
 234.000000  0.008179
 235.000000  0.007349
 236.000000  0.008374
 237.000000  0.007324
 238.000000  0.008325
 239.000000  0.009814
 240.000000  0.008398
 241.000000  0.007324
 242.000000  0.008374
 243.000000  0.009790
 244.000000  0.008301
 245.000000  0.007349
 246.000000  0.008618
 247.000000  0.007373
 248.000000  0.008569
 249.000000  0.007373
 250.000000  0.008081
 251.000000  0.007373
 252.000000  0.008423
 253.000000  0.007324
 254.000000  0.008350
 255.000000  0.009838
 256.000000  0.008594
 257.000000  0.007373
 258.000000  0.008130
 259.000000  0.007349
 260.000000  0.008374
 261.000000  0.007324
 262.000000  0.007861
 263.000000  0.009765
 264.000000  0.008057
 265.000000  0.009765
 266.000000  0.007886
 267.000000  0.009765
 268.000000  0.008032
 269.000000  0.009790
 270.000000  0.008179
 271.000000  0.007349
 272.000000  0.007959
 273.000000  0.007324
 274.000000  0.008252
 275.000000  0.009765
 276.000000  0.007788
 277.000000  0.009765
 278.000000  0.008374
 279.000000  0.007349
 280.000000  0.008374
 281.000000  0.009765
 282.000000  0.007886
 283.000000  0.009765
 284.000000  0.008252
 285.000000  0.007324
 286.000000  0.007861
 287.000000  0.007324
 288.000000  0.008081
 289.000000  0.009790
 290.000000  0.008325
 291.000000  0.007324
 292.000000  0.008032
 293.000000  0.007324
 294.000000  0.008154
 295.000000  0.009765
 296.000000  0.008203
 297.000000  0.009765
 298.000000  0.008301
 299.000000  0.009765
 300.000000  0.008398
 301.000000  0.007349
 302.000000  0.008594
 303.000000  0.009765
 304.000000  0.008350
 305.000000  0.007324
 306.000000  0.008252
 307.000000  0.009790
 308.000000  0.008301
 309.000000  0.009765
 310.000000  0.008008
 311.000000  0.007373
 312.000000  0.008203
 313.000000  0.007373
 314.000000  0.008716
 315.000000  0.009765
 316.000000  0.008105
 317.000000  0.007324
 318.000000  0.008398
 319.000000  0.007349
 320.000000  0.008374
 321.000000  0.009765
 322.000000  0.008301
 323.000000  0.009765
 324.000000  0.008227
 325.000000  0.007324
 326.000000  0.007715
 327.000000  0.007324
 328.000000  0.008105
 329.000000  0.009765
 330.000000  0.008374
 331.000000  0.009790
 332.000000  0.008350
 333.000000  0.009765
 334.000000  0.008130
 335.000000  0.009814
 336.000000  0.008350
 337.000000  0.007349
 338.000000  0.008496
 339.000000  0.007324
 340.000000  0.008252
 341.000000  0.009814
 342.000000  0.010449
 343.000000  0.009765
 344.000000  0.008301
 345.000000  0.009790
 346.000000  0.008447
 347.000000  0.007324
 348.000000  0.008105
 349.000000  0.009790
 350.000000  0.008276
 351.000000  0.009814
 352.000000  0.008203
 353.000000  0.009814
 354.000000  0.008374
 355.000000  0.007373
 356.000000  0.008179
 357.000000  0.007373
 358.000000  0.008545
 359.000000  0.009838
 360.000000  0.008447
 361.000000  0.007349
 362.000000  0.008618
 363.000000  0.010791
 364.000000  0.008472
 365.000000  0.007397
 366.000000  0.007690
 367.000000  0.007056
 368.000000  0.007422
 369.000000  0.007935
 370.000000  0.009399
 371.000000  0.010058
 372.000000  0.008276
 373.000000  0.009887
 374.000000  0.008716
 375.000000  0.009863
 376.000000  0.008618
 377.000000  0.007349
 378.000000  0.008203
 379.000000  0.007373
 380.000000  0.008691
 381.000000  0.009912
 382.000000  0.008154
 383.000000  0.007422
 384.000000  0.008496
 385.000000  0.007349
 386.000000  0.008569
 387.000000  0.009912
 388.000000  0.008398
 389.000000  0.009838
 390.000000  0.008936
 391.000000  0.009887
 392.000000  0.008252
 393.000000  0.007446
 394.000000  0.008569
 395.000000  0.007544
 396.000000  0.008887
 397.000000  0.007373
 398.000000  0.008447
 399.000000  0.007349
 400.000000  0.008618
 401.000000  0.009838
 402.000000  0.008374
 403.000000  0.007446
 404.000000  0.008276
 405.000000  0.007349
 406.000000  0.008350
 407.000000  0.007349
 408.000000  0.008447
 409.000000  0.009790
 410.000000  0.008667
 411.000000  0.009814
 412.000000  0.008594
 413.000000  0.007373
 414.000000  0.008618
 415.000000  0.009790
 416.000000  0.008520
 417.000000  0.007373
 418.000000  0.008472
 419.000000  0.007397
 420.000000  0.008618
 421.000000  0.007349
 422.000000  0.008203
 423.000000  0.007349
 424.000000  0.008374
 425.000000  0.009838
 426.000000  0.008130
 427.000000  0.009814
 428.000000  0.008838
 429.000000  0.009790
 430.000000  0.008667
 431.000000  0.009765
 432.000000  0.008423
 433.000000  0.007324
 434.000000  0.008472
 435.000000  0.009765
 436.000000  0.008252
 437.000000  0.009765
 438.000000  0.008447
 439.000000  0.009790
 440.000000  0.008569
 441.000000  0.009790
 442.000000  0.008862
 443.000000  0.009765
 444.000000  0.008716
 445.000000  0.009765
 446.000000  0.008887
 447.000000  0.007373
 448.000000  0.008350
 449.000000  0.009814
 450.000000  0.008350
 451.000000  0.009814
 452.000000  0.008276
 453.000000  0.009838
 454.000000  0.008765
 455.000000  0.009838
 456.000000  0.008447
 457.000000  0.009765
 458.000000  0.008496
 459.000000  0.009765
 460.000000  0.008862
 461.000000  0.009765
 462.000000  0.008594
 463.000000  0.009765
 464.000000  0.008960
 465.000000  0.009814
 466.000000  0.008740
 467.000000  0.007324
 468.000000  0.008594
 469.000000  0.007349
 470.000000  0.008594
 471.000000  0.009790
 472.000000  0.008545
 473.000000  0.007349
 474.000000  0.008765
 475.000000  0.009790
 476.000000  0.008862
 477.000000  0.007373
 478.000000  0.008618
 479.000000  0.009765
 480.000000  0.008862
 481.000000  0.009765
 482.000000  0.008618
 483.000000  0.007397
 484.000000  0.008691
 485.000000  0.009814
 486.000000  0.008569
 487.000000  0.007349
 488.000000  0.008667
 489.000000  0.007324
 490.000000  0.008838
 491.000000  0.009765
 492.000000  0.008374
 493.000000  0.009814
 494.000000  0.008862
 495.000000  0.009790
 496.000000  0.008765
 497.000000  0.007373
 498.000000  0.008203
 499.000000  0.009765
 500.000000  0.008643
 501.000000  0.009814
 502.000000  0.008618
 503.000000  0.009814
 504.000000  0.008887
 505.000000  0.009790
 506.000000  0.008520
 507.000000  0.007397
 508.000000  0.008716
 509.000000  0.007422
 510.000000  0.008936
 511.000000  0.009790
 512.000000  0.008398
 513.000000  0.007519
 514.000000  0.008789
 515.000000  0.007397
 516.000000  0.008472
 517.000000  0.007397
 518.000000  0.008618
 519.000000  0.006958
 520.000000  0.008472
 521.000000  0.007617
 522.000000  0.009082
 523.000000  0.011181
 524.000000  0.009741
 525.000000  0.010351
 526.000000  0.007642
 527.000000  0.009790
 528.000000  0.008911
 529.000000  0.009985
 530.000000  0.008520
 531.000000  0.009814
 532.000000  0.008179
 533.000000  0.007544
 534.000000  0.008618
 535.000000  0.007495
 536.000000  0.008765
 537.000000  0.009814
 538.000000  0.008789
 539.000000  0.009912
 540.000000  0.008936
 541.000000  0.007446
 542.000000  0.008936
 543.000000  0.007568
 544.000000  0.008252
 545.000000  0.007495
 546.000000  0.009082
 547.000000  0.009863
 548.000000  0.008887
 549.000000  0.009838
 550.000000  0.008227
 551.000000  0.009838
 552.000000  0.008203
 553.000000  0.007495
 554.000000  0.008813
 555.000000  0.007373
 556.000000  0.008911
 557.000000  0.009961
 558.000000  0.009082
 559.000000  0.009863
 560.000000  0.009058
 561.000000  0.007349
 562.000000  0.009082
 563.000000  0.010107
 564.000000  0.008374
 565.000000  0.009814
 566.000000  0.008472
 567.000000  0.009863
 568.000000  0.009009
 569.000000  0.009790
 570.000000  0.009009
 571.000000  0.009790
 572.000000  0.008643
 573.000000  0.009814
 574.000000  0.008862
 575.000000  0.009765
 576.000000  0.008618
 577.000000  0.009814
 578.000000  0.009009
 579.000000  0.009814
 580.000000  0.008911
 581.000000  0.007446
 582.000000  0.008813
 583.000000  0.009790
 584.000000  0.008789
 585.000000  0.009936
 586.000000  0.008813
 587.000000  0.009961
 588.000000  0.008813
 589.000000  0.007397
 590.000000  0.008911
 591.000000  0.009790
 592.000000  0.009155
 593.000000  0.007495
 594.000000  0.009033
 595.000000  0.009936
 596.000000  0.009570
 597.000000  0.009887
 598.000000  0.009033
 599.000000  0.009936
 600.000000  0.009351
 601.000000  0.009814
 602.000000  0.009424
 603.000000  0.010009
 604.000000  0.009619
 605.000000  0.010034
 606.000000  0.009546
 607.000000  0.010156
 608.000000  0.009741
 609.000000  0.009961
 610.000000  0.009692
 611.000000  0.010205
 612.000000  0.012060
 613.000000  0.010791
 614.000000  0.012207
 615.000000  0.011254
 616.000000  0.009717
 617.000000  0.009009
 618.000000  0.009766
 619.000000  0.011377
 620.000000  0.009766
 621.000000  0.011450
 622.000000  0.009741
 623.000000  0.011669
 624.000000  0.012207
 625.000000  0.012085
 626.000000  0.009766
 627.000000  0.012158
 628.000000  0.009766
 629.000000  0.012207
 630.000000  0.010034
 631.000000  0.012207
 632.000000  0.011401
 633.000000  0.014086
 634.000000  0.012427
 635.000000  0.016748
 636.000000  0.021875
 637.000000  0.058496
 638.000000  0.129028
 639.000000  0.156836
 640.000000  0.159302
 641.000000  0.133081
 642.000000  0.046143
 643.000000  0.018188
 644.000000  0.019360
 645.000000  0.016748
 646.000000  0.015600
 647.000000  0.014160
 648.000000  0.010547
 649.000000  0.009766
 650.000000  0.009766
 651.000000  0.009741
 652.000000  0.009766
 653.000000  0.009546
 654.000000  0.009766
 655.000000  0.011377
 656.000000  0.009766
 657.000000  0.011010
 658.000000  0.009717
 659.000000  0.008398
 660.000000  0.009692
 661.000000  0.010644
 662.000000  0.009692
 663.000000  0.010449
 664.000000  0.011718
 665.000000  0.010327
 666.000000  0.011938
 667.000000  0.010424
 668.000000  0.009399
 669.000000  0.007886
 670.000000  0.009595
 671.000000  0.007837
 672.000000  0.009570
 673.000000  0.010473
 674.000000  0.012085
 675.000000  0.011084
 676.000000  0.009595
 677.000000  0.010156
 678.000000  0.008496
 679.000000  0.009814
 680.000000  0.007446
 681.000000  0.007788
 682.000000  0.009546
 683.000000  0.010839
 684.000000  0.009228
 685.000000  0.010156
 686.000000  0.009448
 687.000000  0.008643
 688.000000  0.012133
 689.000000  0.007983
 690.000000  0.011865
 691.000000  0.010009
 692.000000  0.009570
 693.000000  0.010034
 694.000000  0.009326
 695.000000  0.009912
 696.000000  0.011303
 697.000000  0.010058
 698.000000  0.009351
 699.000000  0.010034
 700.000000  0.009155
 701.000000  0.007739
 702.000000  0.009033
 703.000000  0.007471
 704.000000  0.011499
 705.000000  0.009985
 706.000000  0.009277
 707.000000  0.007690
 708.000000  0.009302
 709.000000  0.009887
 710.000000  0.009204
 711.000000  0.009961
 712.000000  0.009253
 713.000000  0.010107
 714.000000  0.009326
 715.000000  0.010009
 716.000000  0.009082
 717.000000  0.009912
 718.000000  0.009009
 719.000000  0.009887
 720.000000  0.008984
 721.000000  0.009936
 722.000000  0.009228
 723.000000  0.010009
 724.000000  0.009204
 725.000000  0.009936
 726.000000  0.008862
 727.000000  0.009838
 728.000000  0.008911
 729.000000  0.007642
 730.000000  0.009155
 731.000000  0.009887
 732.000000  0.008740
 733.000000  0.010034
 734.000000  0.011669
 735.000000  0.009936
 736.000000  0.008911
 737.000000  0.009814
 738.000000  0.008789
 739.000000  0.009790
 740.000000  0.008789
 741.000000  0.009863
 742.000000  0.008960
 743.000000  0.007349
 744.000000  0.008862
 745.000000  0.009887
 746.000000  0.008594
 747.000000  0.007349
 748.000000  0.009180
 749.000000  0.009863
 750.000000  0.008936
 751.000000  0.009887
 752.000000  0.011523
 753.000000  0.010107
 754.000000  0.008984
 755.000000  0.009790
 756.000000  0.008984
 757.000000  0.009863
 758.000000  0.008813
 759.000000  0.007544
 760.000000  0.008838
 761.000000  0.009838
 762.000000  0.008984
 763.000000  0.009863
 764.000000  0.009033
 765.000000  0.009814
 766.000000  0.008936
 767.000000  0.007397
 768.000000  0.008643
 769.000000  0.009790
 770.000000  0.008520
 771.000000  0.009765
 772.000000  0.008594
 773.000000  0.009838
 774.000000  0.011084
 775.000000  0.009765
 776.000000  0.011377
 777.000000  0.009814
 778.000000  0.008740
 779.000000  0.007349
 780.000000  0.009131
 781.000000  0.007324
 782.000000  0.011230
 783.000000  0.009790
 784.000000  0.008423
 785.000000  0.009790
 786.000000  0.008838
 787.000000  0.009790
 788.000000  0.011108
 789.000000  0.009765
 790.000000  0.008862
 791.000000  0.009838
 792.000000  0.008667
 793.000000  0.009838
 794.000000  0.008911
 795.000000  0.009838
 796.000000  0.009009
 797.000000  0.009863
 798.000000  0.008301
 799.000000  0.009838
 800.000000  0.009058
 801.000000  0.009765
 802.000000  0.011328
 803.000000  0.009765
 804.000000  0.008447
 805.000000  0.009814
 806.000000  0.008569
 807.000000  0.009814
 808.000000  0.011108
 809.000000  0.007495
 810.000000  0.009082
 811.000000  0.007471
 812.000000  0.008301
 813.000000  0.007324
 814.000000  0.008569
 815.000000  0.009887
 816.000000  0.008813
 817.000000  0.009838
 818.000000  0.008813
 819.000000  0.009814
 820.000000  0.008643
 821.000000  0.009838
 822.000000  0.008691
 823.000000  0.009838
 824.000000  0.011450
 825.000000  0.009838
 826.000000  0.008716
 827.000000  0.009814
 828.000000  0.008643
 829.000000  0.009863
 830.000000  0.008276
 831.000000  0.009765
 832.000000  0.008057
 833.000000  0.009961
 834.000000  0.009058
 835.000000  0.010351
 836.000000  0.012109
 837.000000  0.010913
 838.000000  0.007983
 839.000000  0.009790
 840.000000  0.008984
 841.000000  0.010009
 842.000000  0.010693
 843.000000  0.009838
 844.000000  0.008203
 845.000000  0.007397
 846.000000  0.011254
 847.000000  0.009912
 848.000000  0.008643
 849.000000  0.009936
 850.000000  0.008618
 851.000000  0.009912
 852.000000  0.008984
 853.000000  0.007446
 854.000000  0.011547
 855.000000  0.009961
 856.000000  0.008569
 857.000000  0.007397
 858.000000  0.008618
 859.000000  0.007617
 860.000000  0.011010
 861.000000  0.009912
 862.000000  0.008374
 863.000000  0.007324
 864.000000  0.008105
 865.000000  0.009814
 866.000000  0.011181
 867.000000  0.007422
 868.000000  0.008765
 869.000000  0.009790
 870.000000  0.009009
 871.000000  0.009790
 872.000000  0.008862
 873.000000  0.009936
 874.000000  0.008496
 875.000000  0.009936
 876.000000  0.008447
 877.000000  0.007471
 878.000000  0.008813
 879.000000  0.007349
 880.000000  0.008545
 881.000000  0.009790
 882.000000  0.008545
 883.000000  0.009814
 884.000000  0.009082
 885.000000  0.009838
 886.000000  0.008569
 887.000000  0.007324
 888.000000  0.008813
 889.000000  0.009814
 890.000000  0.008569
 891.000000  0.009814
 892.000000  0.008325
 893.000000  0.009863
 894.000000  0.008569
 895.000000  0.009790
 896.000000  0.008618
 897.000000  0.009814
 898.000000  0.008423
 899.000000  0.009838
 900.000000  0.008520
 901.000000  0.009790
 902.000000  0.010693
 903.000000  0.009765
 904.000000  0.008472
 905.000000  0.009765
 906.000000  0.010839
 907.000000  0.009790
 908.000000  0.010913
 909.000000  0.009790
 910.000000  0.008594
 911.000000  0.009790
 912.000000  0.008374
 913.000000  0.009790
 914.000000  0.008374
 915.000000  0.009765
 916.000000  0.008252
 917.000000  0.009765
 918.000000  0.011328
 919.000000  0.009765
 920.000000  0.011523
 921.000000  0.009765
 922.000000  0.008398
 923.000000  0.009765
 924.000000  0.008423
 925.000000  0.009790
 926.000000  0.008472
 927.000000  0.009790
 928.000000  0.008740
 929.000000  0.009838
 930.000000  0.009033
 931.000000  0.009912
 932.000000  0.008618
 933.000000  0.009838
 934.000000  0.008594
 935.000000  0.009863
 936.000000  0.008765
 937.000000  0.009838
 938.000000  0.008667
 939.000000  0.009838
 940.000000  0.008984
 941.000000  0.009765
 942.000000  0.008691
 943.000000  0.009790
 944.000000  0.008594
 945.000000  0.007324
 946.000000  0.011425
 947.000000  0.009790
 948.000000  0.008716
 949.000000  0.009765
 950.000000  0.010839
 951.000000  0.009814
 952.000000  0.008227
 953.000000  0.009790
 954.000000  0.008447
 955.000000  0.009765
 956.000000  0.008765
 957.000000  0.009814
 958.000000  0.008252
 959.000000  0.007349
 960.000000  0.008301
 961.000000  0.007422
 962.000000  0.011059
 963.000000  0.007422
 964.000000  0.008179
 965.000000  0.009912
 966.000000  0.008594
 967.000000  0.009936
 968.000000  0.008545
 969.000000  0.009838
 970.000000  0.010595
 971.000000  0.009838
 972.000000  0.009106
 973.000000  0.009790
 974.000000  0.008374
 975.000000  0.009912
 976.000000  0.008032
 977.000000  0.009838
 978.000000  0.008374
 979.000000  0.009814
 980.000000  0.008447
 981.000000  0.009961
 982.000000  0.008154
 983.000000  0.007446
 984.000000  0.008081
 985.000000  0.009912
 986.000000  0.008203
 987.000000  0.009912
 988.000000  0.011645
 989.000000  0.010205
 990.000000  0.008252
 991.000000  0.009765
 992.000000  0.007422
 993.000000  0.009668
 994.000000  0.009106
 995.000000  0.011035
 996.000000  0.008691
 997.000000  0.009936
 998.000000  0.010791
 999.000000  0.010083
 1000.000000  0.011743
 1001.000000  0.009961
 1002.000000  0.008325
 1003.000000  0.009790
 1004.000000  0.008227
 1005.000000  0.009887
 1006.000000  0.008472
 1007.000000  0.009765
 1008.000000  0.008179
 1009.000000  0.009814
 1010.000000  0.008032
 1011.000000  0.009838
 1012.000000  0.008301
 1013.000000  0.009863
 1014.000000  0.007886
 1015.000000  0.009838
 1016.000000  0.008130
 1017.000000  0.009838
 1018.000000  0.008398
 1019.000000  0.009912
 1020.000000  0.008203
 1021.000000  0.009838
 1022.000000  0.008154
 1023.000000  0.009863
