 0.000000  0.008569
 1.000000  0.007397
 2.000000  0.008472
 3.000000  0.007349
 4.000000  0.008691
 5.000000  0.007422
 6.000000  0.009058
 7.000000  0.007349
 8.000000  0.008691
 9.000000  0.007373
 10.000000  0.009033
 11.000000  0.007349
 12.000000  0.008765
 13.000000  0.007397
 14.000000  0.008789
 15.000000  0.007373
 16.000000  0.009058
 17.000000  0.007373
 18.000000  0.009204
 19.000000  0.007446
 20.000000  0.008569
 21.000000  0.007397
 22.000000  0.008765
 23.000000  0.007446
 24.000000  0.009058
 25.000000  0.007373
 26.000000  0.009351
 27.000000  0.009863
 28.000000  0.009033
 29.000000  0.007446
 30.000000  0.008765
 31.000000  0.007422
 32.000000  0.008887
 33.000000  0.007349
 34.000000  0.008838
 35.000000  0.007397
 36.000000  0.009253
 37.000000  0.007373
 38.000000  0.009033
 39.000000  0.009887
 40.000000  0.008984
 41.000000  0.007349
 42.000000  0.008716
 43.000000  0.007373
 44.000000  0.008984
 45.000000  0.007349
 46.000000  0.009058
 47.000000  0.007422
 48.000000  0.008691
 49.000000  0.007349
 50.000000  0.008398
 51.000000  0.007495
 52.000000  0.008569
 53.000000  0.007397
 54.000000  0.008618
 55.000000  0.007373
 56.000000  0.009082
 57.000000  0.007422
 58.000000  0.009155
 59.000000  0.009985
 60.000000  0.008789
 61.000000  0.009936
 62.000000  0.008374
 63.000000  0.007446
 64.000000  0.008789
 65.000000  0.007471
 66.000000  0.008960
 67.000000  0.010083
 68.000000  0.008691
 69.000000  0.007519
 70.000000  0.008569
 71.000000  0.007544
 72.000000  0.008618
 73.000000  0.007666
 74.000000  0.008472
 75.000000  0.007471
 76.000000  0.008765
 77.000000  0.007544
 78.000000  0.008618
 79.000000  0.007690
 80.000000  0.008740
 81.000000  0.007544
 82.000000  0.008789
 83.000000  0.007568
 84.000000  0.008618
 85.000000  0.007446
 86.000000  0.008618
 87.000000  0.007519
 88.000000  0.008740
 89.000000  0.007471
 90.000000  0.008740
 91.000000  0.007422
 92.000000  0.008813
 93.000000  0.007397
 94.000000  0.008472
 95.000000  0.007422
 96.000000  0.008691
 97.000000  0.007544
 98.000000  0.008643
 99.000000  0.007471
 100.000000  0.008887
 101.000000  0.009985
 102.000000  0.008594
 103.000000  0.009863
 104.000000  0.008716
 105.000000  0.007446
 106.000000  0.009058
 107.000000  0.007446
 108.000000  0.008838
 109.000000  0.009863
 110.000000  0.008911
 111.000000  0.007422
 112.000000  0.008594
 113.000000  0.007422
 114.000000  0.008496
 115.000000  0.007446
 116.000000  0.008594
 117.000000  0.007495
 118.000000  0.008740
 119.000000  0.007324
 120.000000  0.008887
 121.000000  0.007349
 122.000000  0.008838
 123.000000  0.007422
 124.000000  0.008813
 125.000000  0.007349
 126.000000  0.008765
 127.000000  0.009814
 128.000000  0.008813
 129.000000  0.007373
 130.000000  0.008911
 131.000000  0.009765
 132.000000  0.008911
 133.000000  0.007373
 134.000000  0.008838
 135.000000  0.009790
 136.000000  0.008838
 137.000000  0.007471
 138.000000  0.009033
 139.000000  0.007324
 140.000000  0.008984
 141.000000  0.007373
 142.000000  0.008887
 143.000000  0.007324
 144.000000  0.008496
 145.000000  0.009765
 146.000000  0.008813
 147.000000  0.007324
 148.000000  0.008984
 149.000000  0.009838
 150.000000  0.008789
 151.000000  0.007324
 152.000000  0.008789
 153.000000  0.007373
 154.000000  0.008862
 155.000000  0.007324
 156.000000  0.008520
 157.000000  0.009863
 158.000000  0.008618
 159.000000  0.007324
 160.000000  0.009082
 161.000000  0.007373
 162.000000  0.008618
 163.000000  0.007324
 164.000000  0.008398
 165.000000  0.007349
 166.000000  0.008472
 167.000000  0.007397
 168.000000  0.008667
 169.000000  0.009765
 170.000000  0.008520
 171.000000  0.007324
 172.000000  0.008325
 173.000000  0.007324
 174.000000  0.008545
 175.000000  0.007373
 176.000000  0.008667
 177.000000  0.007324
 178.000000  0.008740
 179.000000  0.009765
 180.000000  0.008276
 181.000000  0.007349
 182.000000  0.008447
 183.000000  0.007324
 184.000000  0.008447
 185.000000  0.007373
 186.000000  0.008716
 187.000000  0.007349
 188.000000  0.008350
 189.000000  0.007324
 190.000000  0.008594
 191.000000  0.007324
 192.000000  0.008691
 193.000000  0.007324
 194.000000  0.008447
 195.000000  0.007349
 196.000000  0.010864
 197.000000  0.007349
 198.000000  0.008765
 199.000000  0.009765
 200.000000  0.008716
 201.000000  0.009765
 202.000000  0.008423
 203.000000  0.007324
 204.000000  0.008667
 205.000000  0.007397
 206.000000  0.008276
 207.000000  0.007324
 208.000000  0.008496
 209.000000  0.009790
 210.000000  0.008667
 211.000000  0.007349
 212.000000  0.008496
 213.000000  0.009765
 214.000000  0.008350
 215.000000  0.007324
 216.000000  0.008350
 217.000000  0.007349
 218.000000  0.008545
 219.000000  0.010009
 220.000000  0.008643
 221.000000  0.007495
 222.000000  0.008203
 223.000000  0.007495
 224.000000  0.008496
 225.000000  0.007471
 226.000000  0.008520
 227.000000  0.009936
 228.000000  0.008716
 229.000000  0.010083
 230.000000  0.008594
 231.000000  0.007519
 232.000000  0.008789
 233.000000  0.010058
 234.000000  0.008374
 235.000000  0.007519
 236.000000  0.008569
 237.000000  0.007495
 238.000000  0.008423
 239.000000  0.009814
 240.000000  0.008716
 241.000000  0.007422
 242.000000  0.008472
 243.000000  0.009814
 244.000000  0.008374
 245.000000  0.007422
 246.000000  0.008643
 247.000000  0.007349
 248.000000  0.008765
 249.000000  0.007446
 250.000000  0.008496
 251.000000  0.007397
 252.000000  0.008325
 253.000000  0.007373
 254.000000  0.008325
 255.000000  0.009838
 256.000000  0.008838
 257.000000  0.007373
 258.000000  0.008472
 259.000000  0.007422
 260.000000  0.008789
 261.000000  0.007349
 262.000000  0.008350
 263.000000  0.009814
 264.000000  0.008350
 265.000000  0.009790
 266.000000  0.008398
 267.000000  0.009790
 268.000000  0.008472
 269.000000  0.009814
 270.000000  0.008618
 271.000000  0.007324
 272.000000  0.008130
 273.000000  0.007373
 274.000000  0.008325
 275.000000  0.009790
 276.000000  0.008496
 277.000000  0.009790
 278.000000  0.008618
 279.000000  0.007349
 280.000000  0.008569
 281.000000  0.009765
 282.000000  0.008569
 283.000000  0.009790
 284.000000  0.008447
 285.000000  0.007324
 286.000000  0.008227
 287.000000  0.007324
 288.000000  0.008203
 289.000000  0.009814
 290.000000  0.008594
 291.000000  0.007349
 292.000000  0.008447
 293.000000  0.007324
 294.000000  0.008569
 295.000000  0.009765
 296.000000  0.008838
 297.000000  0.009765
 298.000000  0.008545
 299.000000  0.009814
 300.000000  0.008447
 301.000000  0.007324
 302.000000  0.008252
 303.000000  0.009765
 304.000000  0.008716
 305.000000  0.007349
 306.000000  0.008301
 307.000000  0.009814
 308.000000  0.008716
 309.000000  0.009814
 310.000000  0.008350
 311.000000  0.007324
 312.000000  0.008716
 313.000000  0.007373
 314.000000  0.008838
 315.000000  0.009765
 316.000000  0.008838
 317.000000  0.007349
 318.000000  0.008520
 319.000000  0.007324
 320.000000  0.008569
 321.000000  0.009765
 322.000000  0.008765
 323.000000  0.009790
 324.000000  0.008594
 325.000000  0.007324
 326.000000  0.008398
 327.000000  0.007373
 328.000000  0.008618
 329.000000  0.009838
 330.000000  0.008862
 331.000000  0.009814
 332.000000  0.008740
 333.000000  0.009790
 334.000000  0.008569
 335.000000  0.009790
 336.000000  0.008545
 337.000000  0.007349
 338.000000  0.008960
 339.000000  0.007397
 340.000000  0.008911
 341.000000  0.009838
 342.000000  0.010888
 343.000000  0.009790
 344.000000  0.008716
 345.000000  0.009790
 346.000000  0.008643
 347.000000  0.007349
 348.000000  0.008496
 349.000000  0.009790
 350.000000  0.008423
 351.000000  0.009765
 352.000000  0.008716
 353.000000  0.009814
 354.000000  0.008447
 355.000000  0.007349
 356.000000  0.008203
 357.000000  0.007373
 358.000000  0.008643
 359.000000  0.009814
 360.000000  0.008838
 361.000000  0.007349
 362.000000  0.008691
 363.000000  0.009863
 364.000000  0.008618
 365.000000  0.007617
 366.000000  0.008838
 367.000000  0.007373
 368.000000  0.008398
 369.000000  0.007422
 370.000000  0.008618
 371.000000  0.009936
 372.000000  0.008618
 373.000000  0.009887
 374.000000  0.008765
 375.000000  0.009936
 376.000000  0.008496
 377.000000  0.007397
 378.000000  0.008643
 379.000000  0.007666
 380.000000  0.008569
 381.000000  0.009985
 382.000000  0.008472
 383.000000  0.007642
 384.000000  0.008691
 385.000000  0.007715
 386.000000  0.008545
 387.000000  0.010034
 388.000000  0.008691
 389.000000  0.010156
 390.000000  0.008936
 391.000000  0.010107
 392.000000  0.008716
 393.000000  0.007617
 394.000000  0.008545
 395.000000  0.007593
 396.000000  0.008789
 397.000000  0.007495
 398.000000  0.008667
 399.000000  0.007519
 400.000000  0.008862
 401.000000  0.009936
 402.000000  0.008691
 403.000000  0.007519
 404.000000  0.008569
 405.000000  0.007471
 406.000000  0.008716
 407.000000  0.007471
 408.000000  0.008765
 409.000000  0.009961
 410.000000  0.008789
 411.000000  0.009985
 412.000000  0.009033
 413.000000  0.007544
 414.000000  0.009058
 415.000000  0.009838
 416.000000  0.008838
 417.000000  0.007544
 418.000000  0.008789
 419.000000  0.007495
 420.000000  0.008691
 421.000000  0.007422
 422.000000  0.008472
 423.000000  0.007324
 424.000000  0.008594
 425.000000  0.009838
 426.000000  0.008398
 427.000000  0.009863
 428.000000  0.008862
 429.000000  0.009912
 430.000000  0.008838
 431.000000  0.009863
 432.000000  0.008643
 433.000000  0.007397
 434.000000  0.008740
 435.000000  0.009790
 436.000000  0.008520
 437.000000  0.009814
 438.000000  0.008398
 439.000000  0.009765
 440.000000  0.008911
 441.000000  0.009863
 442.000000  0.008887
 443.000000  0.009765
 444.000000  0.009058
 445.000000  0.009790
 446.000000  0.009058
 447.000000  0.007373
 448.000000  0.008496
 449.000000  0.009838
 450.000000  0.008520
 451.000000  0.009790
 452.000000  0.008740
 453.000000  0.009814
 454.000000  0.008960
 455.000000  0.009838
 456.000000  0.009009
 457.000000  0.009790
 458.000000  0.008911
 459.000000  0.009790
 460.000000  0.009326
 461.000000  0.009838
 462.000000  0.009033
 463.000000  0.009912
 464.000000  0.009228
 465.000000  0.009912
 466.000000  0.009204
 467.000000  0.007373
 468.000000  0.009155
 469.000000  0.007349
 470.000000  0.008862
 471.000000  0.009814
 472.000000  0.009106
 473.000000  0.007446
 474.000000  0.008887
 475.000000  0.009790
 476.000000  0.009204
 477.000000  0.007373
 478.000000  0.009180
 479.000000  0.009765
 480.000000  0.009204
 481.000000  0.009961
 482.000000  0.008887
 483.000000  0.007373
 484.000000  0.008740
 485.000000  0.009912
 486.000000  0.008643
 487.000000  0.007349
 488.000000  0.009009
 489.000000  0.007397
 490.000000  0.008960
 491.000000  0.009765
 492.000000  0.008862
 493.000000  0.009814
 494.000000  0.009204
 495.000000  0.009790
 496.000000  0.009131
 497.000000  0.007349
 498.000000  0.008887
 499.000000  0.009790
 500.000000  0.008862
 501.000000  0.009814
 502.000000  0.008838
 503.000000  0.009838
 504.000000  0.009106
 505.000000  0.009838
 506.000000  0.009009
 507.000000  0.007373
 508.000000  0.008936
 509.000000  0.007373
 510.000000  0.009351
 511.000000  0.009838
 512.000000  0.008740
 513.000000  0.007397
 514.000000  0.009009
 515.000000  0.007471
 516.000000  0.008862
 517.000000  0.007397
 518.000000  0.009228
 519.000000  0.007446
 520.000000  0.009180
 521.000000  0.007544
 522.000000  0.009033
 523.000000  0.009912
 524.000000  0.008911
 525.000000  0.009814
 526.000000  0.009155
 527.000000  0.009814
 528.000000  0.008911
 529.000000  0.010058
 530.000000  0.009155
 531.000000  0.010253
 532.000000  0.009204
 533.000000  0.007837
 534.000000  0.008520
 535.000000  0.007812
 536.000000  0.008765
 537.000000  0.010107
 538.000000  0.008838
 539.000000  0.010253
 540.000000  0.009058
 541.000000  0.007788
 542.000000  0.009106
 543.000000  0.007886
 544.000000  0.008887
 545.000000  0.007935
 546.000000  0.008887
 547.000000  0.010131
 548.000000  0.008691
 549.000000  0.010180
 550.000000  0.008789
 551.000000  0.010107
 552.000000  0.008716
 553.000000  0.007593
 554.000000  0.009228
 555.000000  0.007593
 556.000000  0.008716
 557.000000  0.010156
 558.000000  0.009082
 559.000000  0.010058
 560.000000  0.009302
 561.000000  0.007715
 562.000000  0.009375
 563.000000  0.010131
 564.000000  0.008813
 565.000000  0.010131
 566.000000  0.008936
 567.000000  0.010253
 568.000000  0.009228
 569.000000  0.010034
 570.000000  0.009253
 571.000000  0.010034
 572.000000  0.009277
 573.000000  0.010253
 574.000000  0.009228
 575.000000  0.009961
 576.000000  0.008789
 577.000000  0.009985
 578.000000  0.009131
 579.000000  0.009985
 580.000000  0.009180
 581.000000  0.007642
 582.000000  0.009228
 583.000000  0.010180
 584.000000  0.009351
 585.000000  0.010034
 586.000000  0.009375
 587.000000  0.010278
 588.000000  0.009253
 589.000000  0.007519
 590.000000  0.009326
 591.000000  0.009912
 592.000000  0.009521
 593.000000  0.007837
 594.000000  0.009448
 595.000000  0.010253
 596.000000  0.009619
 597.000000  0.010278
 598.000000  0.009570
 599.000000  0.010107
 600.000000  0.009277
 601.000000  0.010058
 602.000000  0.009644
 603.000000  0.010302
 604.000000  0.009766
 605.000000  0.010498
 606.000000  0.009766
 607.000000  0.010839
 608.000000  0.009717
 609.000000  0.010546
 610.000000  0.009741
 611.000000  0.010937
 612.000000  0.012158
 613.000000  0.011084
 614.000000  0.012207
 615.000000  0.011816
 616.000000  0.009766
 617.000000  0.009595
 618.000000  0.009766
 619.000000  0.012133
 620.000000  0.009766
 621.000000  0.011987
 622.000000  0.009766
 623.000000  0.012182
 624.000000  0.012329
 625.000000  0.012207
 626.000000  0.011670
 627.000000  0.013794
 628.000000  0.012207
 629.000000  0.014648
 630.000000  0.012524
 631.000000  0.015258
 632.000000  0.015283
 633.000000  0.019091
 634.000000  0.017334
 635.000000  0.019531
 636.000000  0.018311
 637.000000  0.023511
 638.000000  0.038818
 639.000000  0.052441
 640.000000  0.060132
 641.000000  0.068701
 642.000000  0.075342
 643.000000  0.098901
 644.000000  0.129492
 645.000000  0.133667
 646.000000  0.106103
 647.000000  0.071411
 648.000000  0.035767
 649.000000  0.020996
 650.000000  0.016577
 651.000000  0.012817
 652.000000  0.012378
 653.000000  0.011450
 654.000000  0.011279
 655.000000  0.012207
 656.000000  0.009839
 657.000000  0.012182
 658.000000  0.009766
 659.000000  0.009619
 660.000000  0.009741
 661.000000  0.011840
 662.000000  0.009766
 663.000000  0.011401
 664.000000  0.012158
 665.000000  0.011499
 666.000000  0.012182
 667.000000  0.011157
 668.000000  0.009717
 669.000000  0.008813
 670.000000  0.009692
 671.000000  0.008496
 672.000000  0.009644
 673.000000  0.010766
 674.000000  0.012133
 675.000000  0.010669
 676.000000  0.009766
 677.000000  0.010766
 678.000000  0.009692
 679.000000  0.010766
 680.000000  0.009595
 681.000000  0.007983
 682.000000  0.009619
 683.000000  0.010229
 684.000000  0.009619
 685.000000  0.010717
 686.000000  0.009692
 687.000000  0.008179
 688.000000  0.011743
 689.000000  0.008252
 690.000000  0.012036
 691.000000  0.010571
 692.000000  0.009595
 693.000000  0.010815
 694.000000  0.009546
 695.000000  0.010669
 696.000000  0.011499
 697.000000  0.010595
 698.000000  0.009277
 699.000000  0.010327
 700.000000  0.009228
 701.000000  0.008032
 702.000000  0.009253
 703.000000  0.008130
 704.000000  0.011743
 705.000000  0.010546
 706.000000  0.009424
 707.000000  0.008301
 708.000000  0.009424
 709.000000  0.010522
 710.000000  0.009448
 711.000000  0.010351
 712.000000  0.009473
 713.000000  0.010839
 714.000000  0.009570
 715.000000  0.010571
 716.000000  0.009424
 717.000000  0.010302
 718.000000  0.009521
 719.000000  0.010253
 720.000000  0.009595
 721.000000  0.010351
 722.000000  0.009424
 723.000000  0.010546
 724.000000  0.009619
 725.000000  0.010644
 726.000000  0.009448
 727.000000  0.010522
 728.000000  0.009546
 729.000000  0.008154
 730.000000  0.009644
 731.000000  0.010522
 732.000000  0.009351
 733.000000  0.010449
 734.000000  0.011987
 735.000000  0.010278
 736.000000  0.009204
 737.000000  0.010229
 738.000000  0.009277
 739.000000  0.010229
 740.000000  0.009521
 741.000000  0.010205
 742.000000  0.009399
 743.000000  0.007690
 744.000000  0.009326
 745.000000  0.010180
 746.000000  0.009106
 747.000000  0.007593
 748.000000  0.009351
 749.000000  0.010058
 750.000000  0.009546
 751.000000  0.010302
 752.000000  0.011962
 753.000000  0.010546
 754.000000  0.009424
 755.000000  0.009985
 756.000000  0.009497
 757.000000  0.010034
 758.000000  0.009277
 759.000000  0.007886
 760.000000  0.009570
 761.000000  0.010156
 762.000000  0.009326
 763.000000  0.010156
 764.000000  0.009204
 765.000000  0.009863
 766.000000  0.009253
 767.000000  0.007397
 768.000000  0.008984
 769.000000  0.009887
 770.000000  0.009521
 771.000000  0.009838
 772.000000  0.009058
 773.000000  0.009790
 774.000000  0.011865
 775.000000  0.009936
 776.000000  0.011962
 777.000000  0.009961
 778.000000  0.009326
 779.000000  0.007593
 780.000000  0.009497
 781.000000  0.007568
 782.000000  0.011743
 783.000000  0.009936
 784.000000  0.008960
 785.000000  0.009912
 786.000000  0.009424
 787.000000  0.009863
 788.000000  0.011840
 789.000000  0.009985
 790.000000  0.009497
 791.000000  0.009887
 792.000000  0.009326
 793.000000  0.010034
 794.000000  0.009228
 795.000000  0.010009
 796.000000  0.009326
 797.000000  0.010034
 798.000000  0.009106
 799.000000  0.009912
 800.000000  0.009399
 801.000000  0.009936
 802.000000  0.011914
 803.000000  0.009814
 804.000000  0.009082
 805.000000  0.010009
 806.000000  0.009009
 807.000000  0.009961
 808.000000  0.011962
 809.000000  0.007666
 810.000000  0.009448
 811.000000  0.007910
 812.000000  0.009082
 813.000000  0.007373
 814.000000  0.009180
 815.000000  0.010156
 816.000000  0.009375
 817.000000  0.009887
 818.000000  0.009546
 819.000000  0.009912
 820.000000  0.009082
 821.000000  0.009961
 822.000000  0.009302
 823.000000  0.010131
 824.000000  0.011840
 825.000000  0.010180
 826.000000  0.009399
 827.000000  0.009936
 828.000000  0.009155
 829.000000  0.009936
 830.000000  0.008691
 831.000000  0.009912
 832.000000  0.009180
 833.000000  0.009887
 834.000000  0.009155
 835.000000  0.009838
 836.000000  0.011621
 837.000000  0.010009
 838.000000  0.009351
 839.000000  0.010229
 840.000000  0.009521
 841.000000  0.009936
 842.000000  0.011718
 843.000000  0.010278
 844.000000  0.009351
 845.000000  0.007715
 846.000000  0.011596
 847.000000  0.010400
 848.000000  0.008740
 849.000000  0.010229
 850.000000  0.008887
 851.000000  0.010302
 852.000000  0.008960
 853.000000  0.007715
 854.000000  0.011840
 855.000000  0.010400
 856.000000  0.009106
 857.000000  0.007910
 858.000000  0.008936
 859.000000  0.007812
 860.000000  0.011499
 861.000000  0.010180
 862.000000  0.009131
 863.000000  0.007593
 864.000000  0.008862
 865.000000  0.009961
 866.000000  0.011523
 867.000000  0.007837
 868.000000  0.009180
 869.000000  0.009961
 870.000000  0.009228
 871.000000  0.010156
 872.000000  0.009155
 873.000000  0.010205
 874.000000  0.009131
 875.000000  0.010058
 876.000000  0.008887
 877.000000  0.007739
 878.000000  0.009180
 879.000000  0.007544
 880.000000  0.008984
 881.000000  0.010180
 882.000000  0.009058
 883.000000  0.009961
 884.000000  0.009448
 885.000000  0.009936
 886.000000  0.008960
 887.000000  0.007544
 888.000000  0.009375
 889.000000  0.009961
 890.000000  0.009326
 891.000000  0.009912
 892.000000  0.009204
 893.000000  0.010107
 894.000000  0.009180
 895.000000  0.009936
 896.000000  0.009082
 897.000000  0.010058
 898.000000  0.008936
 899.000000  0.010058
 900.000000  0.009253
 901.000000  0.009936
 902.000000  0.011450
 903.000000  0.009961
 904.000000  0.009155
 905.000000  0.009936
 906.000000  0.011596
 907.000000  0.009838
 908.000000  0.011401
 909.000000  0.009863
 910.000000  0.009155
 911.000000  0.009912
 912.000000  0.009058
 913.000000  0.009887
 914.000000  0.009155
 915.000000  0.010009
 916.000000  0.009009
 917.000000  0.009838
 918.000000  0.011816
 919.000000  0.009790
 920.000000  0.012011
 921.000000  0.009961
 922.000000  0.009082
 923.000000  0.009838
 924.000000  0.008936
 925.000000  0.009838
 926.000000  0.009155
 927.000000  0.009912
 928.000000  0.009277
 929.000000  0.009961
 930.000000  0.009399
 931.000000  0.009912
 932.000000  0.008838
 933.000000  0.010058
 934.000000  0.009058
 935.000000  0.009936
 936.000000  0.009253
 937.000000  0.009887
 938.000000  0.009082
 939.000000  0.009814
 940.000000  0.009253
 941.000000  0.009863
 942.000000  0.009033
 943.000000  0.009838
 944.000000  0.009351
 945.000000  0.007446
 946.000000  0.011889
 947.000000  0.009912
 948.000000  0.009155
 949.000000  0.009912
 950.000000  0.011230
 951.000000  0.009814
 952.000000  0.009082
 953.000000  0.009961
 954.000000  0.009228
 955.000000  0.009863
 956.000000  0.009424
 957.000000  0.009790
 958.000000  0.008887
 959.000000  0.007397
 960.000000  0.009253
 961.000000  0.007471
 962.000000  0.011596
 963.000000  0.007617
 964.000000  0.008838
 965.000000  0.009887
 966.000000  0.009253
 967.000000  0.009912
 968.000000  0.009277
 969.000000  0.009936
 970.000000  0.011425
 971.000000  0.009887
 972.000000  0.009424
 973.000000  0.009936
 974.000000  0.009009
 975.000000  0.010058
 976.000000  0.008496
 977.000000  0.009863
 978.000000  0.008813
 979.000000  0.009838
 980.000000  0.008936
 981.000000  0.009985
 982.000000  0.008887
 983.000000  0.007544
 984.000000  0.008838
 985.000000  0.010009
 986.000000  0.008520
 987.000000  0.009985
 988.000000  0.011230
 989.000000  0.009912
 990.000000  0.009131
 991.000000  0.009912
 992.000000  0.008765
 993.000000  0.009961
 994.000000  0.008740
 995.000000  0.010083
 996.000000  0.008887
 997.000000  0.010083
 998.000000  0.011303
 999.000000  0.010083
 1000.000000  0.011303
 1001.000000  0.009936
 1002.000000  0.008350
 1003.000000  0.010009
 1004.000000  0.008545
 1005.000000  0.010131
 1006.000000  0.008667
 1007.000000  0.010083
 1008.000000  0.008765
 1009.000000  0.010058
 1010.000000  0.008643
 1011.000000  0.010131
 1012.000000  0.008350
 1013.000000  0.009961
 1014.000000  0.008398
 1015.000000  0.010009
 1016.000000  0.008838
 1017.000000  0.010083
 1018.000000  0.008838
 1019.000000  0.010034
 1020.000000  0.008569
 1021.000000  0.009936
 1022.000000  0.008301
 1023.000000  0.009912
