 0.000000  0.008032
 1.000000  0.007324
 2.000000  0.007715
 3.000000  0.007324
 4.000000  0.008227
 5.000000  0.007324
 6.000000  0.008252
 7.000000  0.007324
 8.000000  0.008032
 9.000000  0.007324
 10.000000  0.008252
 11.000000  0.007324
 12.000000  0.008325
 13.000000  0.007324
 14.000000  0.008130
 15.000000  0.007324
 16.000000  0.008154
 17.000000  0.007324
 18.000000  0.008154
 19.000000  0.007349
 20.000000  0.007739
 21.000000  0.007349
 22.000000  0.007983
 23.000000  0.007324
 24.000000  0.008203
 25.000000  0.007324
 26.000000  0.009009
 27.000000  0.009790
 28.000000  0.008008
 29.000000  0.007373
 30.000000  0.008252
 31.000000  0.007349
 32.000000  0.008179
 33.000000  0.007324
 34.000000  0.008179
 35.000000  0.007324
 36.000000  0.008105
 37.000000  0.007324
 38.000000  0.008496
 39.000000  0.009790
 40.000000  0.008472
 41.000000  0.007349
 42.000000  0.008301
 43.000000  0.007324
 44.000000  0.008276
 45.000000  0.007324
 46.000000  0.007983
 47.000000  0.007349
 48.000000  0.007935
 49.000000  0.007324
 50.000000  0.007739
 51.000000  0.007324
 52.000000  0.007739
 53.000000  0.007324
 54.000000  0.007959
 55.000000  0.007324
 56.000000  0.008325
 57.000000  0.007324
 58.000000  0.008398
 59.000000  0.009765
 60.000000  0.008203
 61.000000  0.009863
 62.000000  0.007910
 63.000000  0.007349
 64.000000  0.008227
 65.000000  0.007373
 66.000000  0.008057
 67.000000  0.009887
 68.000000  0.008057
 69.000000  0.007324
 70.000000  0.007959
 71.000000  0.007397
 72.000000  0.007959
 73.000000  0.007324
 74.000000  0.007983
 75.000000  0.007324
 76.000000  0.008057
 77.000000  0.007397
 78.000000  0.008081
 79.000000  0.007446
 80.000000  0.008154
 81.000000  0.007397
 82.000000  0.007812
 83.000000  0.007349
 84.000000  0.007910
 85.000000  0.007422
 86.000000  0.008105
 87.000000  0.007373
 88.000000  0.008081
 89.000000  0.007300
 90.000000  0.008276
 91.000000  0.007349
 92.000000  0.007886
 93.000000  0.007324
 94.000000  0.008008
 95.000000  0.007373
 96.000000  0.008179
 97.000000  0.007324
 98.000000  0.008252
 99.000000  0.007397
 100.000000  0.008154
 101.000000  0.009741
 102.000000  0.007837
 103.000000  0.009838
 104.000000  0.007959
 105.000000  0.007373
 106.000000  0.008301
 107.000000  0.007422
 108.000000  0.008057
 109.000000  0.009838
 110.000000  0.008203
 111.000000  0.007397
 112.000000  0.008008
 113.000000  0.007373
 114.000000  0.008057
 115.000000  0.007446
 116.000000  0.007837
 117.000000  0.007349
 118.000000  0.008325
 119.000000  0.007324
 120.000000  0.008179
 121.000000  0.007373
 122.000000  0.008032
 123.000000  0.007349
 124.000000  0.007886
 125.000000  0.007349
 126.000000  0.007983
 127.000000  0.009765
 128.000000  0.007983
 129.000000  0.007324
 130.000000  0.007910
 131.000000  0.009790
 132.000000  0.007690
 133.000000  0.007373
 134.000000  0.008057
 135.000000  0.009765
 136.000000  0.007910
 137.000000  0.007349
 138.000000  0.008179
 139.000000  0.007324
 140.000000  0.007959
 141.000000  0.007324
 142.000000  0.007935
 143.000000  0.007324
 144.000000  0.007690
 145.000000  0.009790
 146.000000  0.007739
 147.000000  0.007324
 148.000000  0.007935
 149.000000  0.009765
 150.000000  0.007959
 151.000000  0.007324
 152.000000  0.007812
 153.000000  0.007324
 154.000000  0.007886
 155.000000  0.007324
 156.000000  0.007593
 157.000000  0.009765
 158.000000  0.007959
 159.000000  0.007324
 160.000000  0.007861
 161.000000  0.007324
 162.000000  0.007617
 163.000000  0.007324
 164.000000  0.007739
 165.000000  0.007324
 166.000000  0.007593
 167.000000  0.007324
 168.000000  0.007764
 169.000000  0.009765
 170.000000  0.007861
 171.000000  0.007324
 172.000000  0.007519
 173.000000  0.007324
 174.000000  0.007471
 175.000000  0.007324
 176.000000  0.007642
 177.000000  0.007324
 178.000000  0.007788
 179.000000  0.009765
 180.000000  0.007666
 181.000000  0.007324
 182.000000  0.007666
 183.000000  0.007324
 184.000000  0.007861
 185.000000  0.007324
 186.000000  0.007812
 187.000000  0.007324
 188.000000  0.007690
 189.000000  0.007324
 190.000000  0.007690
 191.000000  0.007324
 192.000000  0.007568
 193.000000  0.007324
 194.000000  0.007617
 195.000000  0.007324
 196.000000  0.010229
 197.000000  0.007324
 198.000000  0.007666
 199.000000  0.009741
 200.000000  0.007617
 201.000000  0.009765
 202.000000  0.007568
 203.000000  0.007349
 204.000000  0.007690
 205.000000  0.007324
 206.000000  0.007642
 207.000000  0.007324
 208.000000  0.007544
 209.000000  0.009765
 210.000000  0.007690
 211.000000  0.007324
 212.000000  0.007593
 213.000000  0.009765
 214.000000  0.007495
 215.000000  0.007324
 216.000000  0.007690
 217.000000  0.007324
 218.000000  0.007812
 219.000000  0.009741
 220.000000  0.007495
 221.000000  0.007300
 222.000000  0.007642
 223.000000  0.007324
 224.000000  0.007519
 225.000000  0.007275
 226.000000  0.007690
 227.000000  0.009765
 228.000000  0.007861
 229.000000  0.009716
 230.000000  0.007983
 231.000000  0.007300
 232.000000  0.007788
 233.000000  0.009790
 234.000000  0.007617
 235.000000  0.007300
 236.000000  0.007739
 237.000000  0.007275
 238.000000  0.007812
 239.000000  0.009814
 240.000000  0.007886
 241.000000  0.007324
 242.000000  0.007690
 243.000000  0.009716
 244.000000  0.007617
 245.000000  0.007324
 246.000000  0.007690
 247.000000  0.007324
 248.000000  0.007861
 249.000000  0.007349
 250.000000  0.007519
 251.000000  0.007397
 252.000000  0.007910
 253.000000  0.007446
 254.000000  0.007642
 255.000000  0.009814
 256.000000  0.008032
 257.000000  0.007349
 258.000000  0.007764
 259.000000  0.007300
 260.000000  0.007959
 261.000000  0.007300
 262.000000  0.007666
 263.000000  0.009716
 264.000000  0.007764
 265.000000  0.009765
 266.000000  0.007617
 267.000000  0.009814
 268.000000  0.007715
 269.000000  0.009863
 270.000000  0.007788
 271.000000  0.007324
 272.000000  0.007617
 273.000000  0.007324
 274.000000  0.007886
 275.000000  0.009765
 276.000000  0.007715
 277.000000  0.009716
 278.000000  0.007642
 279.000000  0.007324
 280.000000  0.007690
 281.000000  0.009741
 282.000000  0.007715
 283.000000  0.009790
 284.000000  0.007568
 285.000000  0.007324
 286.000000  0.007471
 287.000000  0.007324
 288.000000  0.007495
 289.000000  0.009765
 290.000000  0.007642
 291.000000  0.007324
 292.000000  0.007690
 293.000000  0.007324
 294.000000  0.007617
 295.000000  0.009765
 296.000000  0.007568
 297.000000  0.009765
 298.000000  0.007519
 299.000000  0.009790
 300.000000  0.007544
 301.000000  0.007324
 302.000000  0.007642
 303.000000  0.009765
 304.000000  0.007519
 305.000000  0.007324
 306.000000  0.007397
 307.000000  0.009765
 308.000000  0.007544
 309.000000  0.009765
 310.000000  0.007544
 311.000000  0.007324
 312.000000  0.007568
 313.000000  0.007324
 314.000000  0.007544
 315.000000  0.009765
 316.000000  0.007495
 317.000000  0.007324
 318.000000  0.007446
 319.000000  0.007324
 320.000000  0.007568
 321.000000  0.009765
 322.000000  0.007422
 323.000000  0.009765
 324.000000  0.007422
 325.000000  0.007324
 326.000000  0.007349
 327.000000  0.007324
 328.000000  0.007397
 329.000000  0.009765
 330.000000  0.007495
 331.000000  0.009765
 332.000000  0.007471
 333.000000  0.009765
 334.000000  0.007373
 335.000000  0.009765
 336.000000  0.007471
 337.000000  0.007324
 338.000000  0.007519
 339.000000  0.007324
 340.000000  0.007373
 341.000000  0.009765
 342.000000  0.009936
 343.000000  0.009765
 344.000000  0.007593
 345.000000  0.009765
 346.000000  0.007593
 347.000000  0.007324
 348.000000  0.007446
 349.000000  0.009765
 350.000000  0.007446
 351.000000  0.009765
 352.000000  0.007666
 353.000000  0.009765
 354.000000  0.007422
 355.000000  0.007324
 356.000000  0.007397
 357.000000  0.007324
 358.000000  0.007495
 359.000000  0.009765
 360.000000  0.007495
 361.000000  0.007324
 362.000000  0.007422
 363.000000  0.009765
 364.000000  0.007349
 365.000000  0.007324
 366.000000  0.007568
 367.000000  0.007324
 368.000000  0.007495
 369.000000  0.007324
 370.000000  0.007422
 371.000000  0.009790
 372.000000  0.007446
 373.000000  0.009765
 374.000000  0.007495
 375.000000  0.009790
 376.000000  0.007568
 377.000000  0.007349
 378.000000  0.007666
 379.000000  0.007349
 380.000000  0.007519
 381.000000  0.009716
 382.000000  0.007544
 383.000000  0.007324
 384.000000  0.007788
 385.000000  0.007324
 386.000000  0.007715
 387.000000  0.009716
 388.000000  0.007715
 389.000000  0.009716
 390.000000  0.007666
 391.000000  0.009765
 392.000000  0.007617
 393.000000  0.007300
 394.000000  0.007568
 395.000000  0.007349
 396.000000  0.007642
 397.000000  0.007300
 398.000000  0.007642
 399.000000  0.007373
 400.000000  0.007666
 401.000000  0.009765
 402.000000  0.007495
 403.000000  0.007349
 404.000000  0.007715
 405.000000  0.007324
 406.000000  0.007690
 407.000000  0.007324
 408.000000  0.007666
 409.000000  0.009765
 410.000000  0.007617
 411.000000  0.009741
 412.000000  0.007593
 413.000000  0.007251
 414.000000  0.007666
 415.000000  0.009765
 416.000000  0.007617
 417.000000  0.007324
 418.000000  0.007739
 419.000000  0.007349
 420.000000  0.007642
 421.000000  0.007349
 422.000000  0.007617
 423.000000  0.007300
 424.000000  0.007690
 425.000000  0.009716
 426.000000  0.007617
 427.000000  0.009741
 428.000000  0.007764
 429.000000  0.009765
 430.000000  0.007690
 431.000000  0.009765
 432.000000  0.007568
 433.000000  0.007349
 434.000000  0.007593
 435.000000  0.009765
 436.000000  0.007349
 437.000000  0.009790
 438.000000  0.007446
 439.000000  0.009765
 440.000000  0.007544
 441.000000  0.009741
 442.000000  0.007544
 443.000000  0.009741
 444.000000  0.007568
 445.000000  0.009765
 446.000000  0.007471
 447.000000  0.007324
 448.000000  0.007397
 449.000000  0.009765
 450.000000  0.007446
 451.000000  0.009765
 452.000000  0.007349
 453.000000  0.009765
 454.000000  0.007495
 455.000000  0.009765
 456.000000  0.007422
 457.000000  0.009765
 458.000000  0.007519
 459.000000  0.009741
 460.000000  0.007544
 461.000000  0.009765
 462.000000  0.007593
 463.000000  0.009765
 464.000000  0.007373
 465.000000  0.009765
 466.000000  0.007568
 467.000000  0.007324
 468.000000  0.007446
 469.000000  0.007324
 470.000000  0.007471
 471.000000  0.009765
 472.000000  0.007471
 473.000000  0.007324
 474.000000  0.007495
 475.000000  0.009765
 476.000000  0.007495
 477.000000  0.007324
 478.000000  0.007397
 479.000000  0.009765
 480.000000  0.007397
 481.000000  0.009765
 482.000000  0.007373
 483.000000  0.007324
 484.000000  0.007349
 485.000000  0.009765
 486.000000  0.007349
 487.000000  0.007324
 488.000000  0.007446
 489.000000  0.007324
 490.000000  0.007422
 491.000000  0.009765
 492.000000  0.007349
 493.000000  0.009765
 494.000000  0.007373
 495.000000  0.009765
 496.000000  0.007373
 497.000000  0.007324
 498.000000  0.007373
 499.000000  0.009765
 500.000000  0.007373
 501.000000  0.009765
 502.000000  0.007349
 503.000000  0.009765
 504.000000  0.007397
 505.000000  0.009765
 506.000000  0.007349
 507.000000  0.007324
 508.000000  0.007397
 509.000000  0.007324
 510.000000  0.007446
 511.000000  0.009765
 512.000000  0.007349
 513.000000  0.007324
 514.000000  0.007422
 515.000000  0.007324
 516.000000  0.007373
 517.000000  0.007324
 518.000000  0.007397
 519.000000  0.007324
 520.000000  0.007373
 521.000000  0.007324
 522.000000  0.007422
 523.000000  0.009765
 524.000000  0.007373
 525.000000  0.009765
 526.000000  0.007349
 527.000000  0.009765
 528.000000  0.007349
 529.000000  0.009765
 530.000000  0.007495
 531.000000  0.009741
 532.000000  0.007349
 533.000000  0.007300
 534.000000  0.007397
 535.000000  0.007300
 536.000000  0.007446
 537.000000  0.009790
 538.000000  0.007495
 539.000000  0.009790
 540.000000  0.007495
 541.000000  0.007300
 542.000000  0.007495
 543.000000  0.007324
 544.000000  0.007446
 545.000000  0.007275
 546.000000  0.007690
 547.000000  0.009765
 548.000000  0.007495
 549.000000  0.009741
 550.000000  0.007519
 551.000000  0.009741
 552.000000  0.007446
 553.000000  0.007275
 554.000000  0.007690
 555.000000  0.007324
 556.000000  0.007471
 557.000000  0.009838
 558.000000  0.007495
 559.000000  0.009765
 560.000000  0.007593
 561.000000  0.007227
 562.000000  0.007593
 563.000000  0.009741
 564.000000  0.007495
 565.000000  0.009765
 566.000000  0.007544
 567.000000  0.009692
 568.000000  0.007544
 569.000000  0.009765
 570.000000  0.007519
 571.000000  0.009741
 572.000000  0.007446
 573.000000  0.009741
 574.000000  0.007568
 575.000000  0.009765
 576.000000  0.007568
 577.000000  0.009741
 578.000000  0.007544
 579.000000  0.009716
 580.000000  0.007593
 581.000000  0.007324
 582.000000  0.007568
 583.000000  0.009741
 584.000000  0.007446
 585.000000  0.009765
 586.000000  0.007349
 587.000000  0.009765
 588.000000  0.007397
 589.000000  0.007324
 590.000000  0.007495
 591.000000  0.009765
 592.000000  0.007471
 593.000000  0.007324
 594.000000  0.007471
 595.000000  0.009765
 596.000000  0.007739
 597.000000  0.009765
 598.000000  0.007373
 599.000000  0.009765
 600.000000  0.007471
 601.000000  0.009765
 602.000000  0.007568
 603.000000  0.009765
 604.000000  0.007715
 605.000000  0.009765
 606.000000  0.007812
 607.000000  0.009765
 608.000000  0.008130
 609.000000  0.009765
 610.000000  0.007935
 611.000000  0.009765
 612.000000  0.010571
 613.000000  0.009790
 614.000000  0.010791
 615.000000  0.009863
 616.000000  0.008643
 617.000000  0.007397
 618.000000  0.009106
 619.000000  0.010107
 620.000000  0.009692
 621.000000  0.010522
 622.000000  0.009692
 623.000000  0.011450
 624.000000  0.012207
 625.000000  0.012207
 626.000000  0.011133
 627.000000  0.012939
 628.000000  0.011841
 629.000000  0.013623
 630.000000  0.016479
 631.000000  0.028881
 632.000000  0.034131
 633.000000  0.033715
 634.000000  0.025562
 635.000000  0.016577
 636.000000  0.010425
 637.000000  0.009766
 638.000000  0.009766
 639.000000  0.011938
 640.000000  0.009741
 641.000000  0.010009
 642.000000  0.009351
 643.000000  0.007373
 644.000000  0.011328
 645.000000  0.009765
 646.000000  0.010351
 647.000000  0.009765
 648.000000  0.007935
 649.000000  0.007324
 650.000000  0.007544
 651.000000  0.007324
 652.000000  0.007666
 653.000000  0.007324
 654.000000  0.007495
 655.000000  0.009765
 656.000000  0.007495
 657.000000  0.009765
 658.000000  0.007471
 659.000000  0.007324
 660.000000  0.007397
 661.000000  0.009765
 662.000000  0.007422
 663.000000  0.009765
 664.000000  0.009838
 665.000000  0.009765
 666.000000  0.009814
 667.000000  0.009765
 668.000000  0.007349
 669.000000  0.007324
 670.000000  0.007446
 671.000000  0.007324
 672.000000  0.007422
 673.000000  0.009765
 674.000000  0.009814
 675.000000  0.009765
 676.000000  0.007422
 677.000000  0.009741
 678.000000  0.007324
 679.000000  0.009716
 680.000000  0.007397
 681.000000  0.007324
 682.000000  0.007373
 683.000000  0.009741
 684.000000  0.007349
 685.000000  0.009765
 686.000000  0.007446
 687.000000  0.007349
 688.000000  0.009838
 689.000000  0.007349
 690.000000  0.010034
 691.000000  0.009716
 692.000000  0.007422
 693.000000  0.009668
 694.000000  0.007349
 695.000000  0.009741
 696.000000  0.009814
 697.000000  0.009668
 698.000000  0.007471
 699.000000  0.009741
 700.000000  0.007471
 701.000000  0.007251
 702.000000  0.007495
 703.000000  0.007275
 704.000000  0.010034
 705.000000  0.009668
 706.000000  0.007568
 707.000000  0.007300
 708.000000  0.007544
 709.000000  0.009570
 710.000000  0.007568
 711.000000  0.009716
 712.000000  0.007446
 713.000000  0.009668
 714.000000  0.007544
 715.000000  0.009692
 716.000000  0.007519
 717.000000  0.009692
 718.000000  0.007544
 719.000000  0.009765
 720.000000  0.007446
 721.000000  0.009668
 722.000000  0.007471
 723.000000  0.009692
 724.000000  0.007471
 725.000000  0.009741
 726.000000  0.007471
 727.000000  0.009692
 728.000000  0.007446
 729.000000  0.007227
 730.000000  0.007519
 731.000000  0.009716
 732.000000  0.007397
 733.000000  0.009692
 734.000000  0.010009
 735.000000  0.009643
 736.000000  0.007373
 737.000000  0.009668
 738.000000  0.007422
 739.000000  0.009765
 740.000000  0.007349
 741.000000  0.009741
 742.000000  0.007397
 743.000000  0.007251
 744.000000  0.007373
 745.000000  0.009765
 746.000000  0.007373
 747.000000  0.007275
 748.000000  0.007397
 749.000000  0.009741
 750.000000  0.007422
 751.000000  0.009741
 752.000000  0.009814
 753.000000  0.009741
 754.000000  0.007397
 755.000000  0.009765
 756.000000  0.007324
 757.000000  0.009692
 758.000000  0.007324
 759.000000  0.007324
 760.000000  0.007397
 761.000000  0.009765
 762.000000  0.007373
 763.000000  0.009741
 764.000000  0.007397
 765.000000  0.009765
 766.000000  0.007373
 767.000000  0.007324
 768.000000  0.007349
 769.000000  0.009765
 770.000000  0.007349
 771.000000  0.009692
 772.000000  0.007324
 773.000000  0.009716
 774.000000  0.009790
 775.000000  0.009765
 776.000000  0.009765
 777.000000  0.009716
 778.000000  0.007324
 779.000000  0.007251
 780.000000  0.007324
 781.000000  0.007275
 782.000000  0.009765
 783.000000  0.009716
 784.000000  0.007324
 785.000000  0.009765
 786.000000  0.007324
 787.000000  0.009668
 788.000000  0.009765
 789.000000  0.009765
 790.000000  0.007324
 791.000000  0.009741
 792.000000  0.007324
 793.000000  0.009741
 794.000000  0.007324
 795.000000  0.009765
 796.000000  0.007324
 797.000000  0.009765
 798.000000  0.007324
 799.000000  0.009741
 800.000000  0.007349
 801.000000  0.009741
 802.000000  0.009790
 803.000000  0.009716
 804.000000  0.007324
 805.000000  0.009741
 806.000000  0.007324
 807.000000  0.009716
 808.000000  0.009790
 809.000000  0.007300
 810.000000  0.007324
 811.000000  0.007324
 812.000000  0.007324
 813.000000  0.007300
 814.000000  0.007324
 815.000000  0.009716
 816.000000  0.007349
 817.000000  0.009741
 818.000000  0.007324
 819.000000  0.009765
 820.000000  0.007324
 821.000000  0.009765
 822.000000  0.007349
 823.000000  0.009765
 824.000000  0.009765
 825.000000  0.009741
 826.000000  0.007349
 827.000000  0.009765
 828.000000  0.007324
 829.000000  0.009765
 830.000000  0.007324
 831.000000  0.009692
 832.000000  0.007324
 833.000000  0.009741
 834.000000  0.007324
 835.000000  0.009765
 836.000000  0.009765
 837.000000  0.009716
 838.000000  0.007324
 839.000000  0.009716
 840.000000  0.007324
 841.000000  0.009668
 842.000000  0.009765
 843.000000  0.009741
 844.000000  0.007324
 845.000000  0.007275
 846.000000  0.009741
 847.000000  0.009741
 848.000000  0.007324
 849.000000  0.009716
 850.000000  0.007349
 851.000000  0.009643
 852.000000  0.007349
 853.000000  0.007251
 854.000000  0.009863
 855.000000  0.009765
 856.000000  0.007397
 857.000000  0.007153
 858.000000  0.007544
 859.000000  0.007178
 860.000000  0.009838
 861.000000  0.009545
 862.000000  0.007349
 863.000000  0.007251
 864.000000  0.007422
 865.000000  0.009668
 866.000000  0.009887
 867.000000  0.007227
 868.000000  0.007373
 869.000000  0.009668
 870.000000  0.007495
 871.000000  0.009619
 872.000000  0.007373
 873.000000  0.009668
 874.000000  0.007495
 875.000000  0.009668
 876.000000  0.007373
 877.000000  0.007227
 878.000000  0.007422
 879.000000  0.007153
 880.000000  0.007397
 881.000000  0.009716
 882.000000  0.007471
 883.000000  0.009692
 884.000000  0.007373
 885.000000  0.009668
 886.000000  0.007471
 887.000000  0.007129
 888.000000  0.007373
 889.000000  0.009668
 890.000000  0.007397
 891.000000  0.009692
 892.000000  0.007397
 893.000000  0.009741
 894.000000  0.007397
 895.000000  0.009716
 896.000000  0.007373
 897.000000  0.009741
 898.000000  0.007324
 899.000000  0.009741
 900.000000  0.007397
 901.000000  0.009741
 902.000000  0.009790
 903.000000  0.009765
 904.000000  0.007324
 905.000000  0.009716
 906.000000  0.009863
 907.000000  0.009668
 908.000000  0.009814
 909.000000  0.009741
 910.000000  0.007324
 911.000000  0.009692
 912.000000  0.007324
 913.000000  0.009668
 914.000000  0.007324
 915.000000  0.009716
 916.000000  0.007349
 917.000000  0.009692
 918.000000  0.009814
 919.000000  0.009716
 920.000000  0.009814
 921.000000  0.009692
 922.000000  0.007373
 923.000000  0.009765
 924.000000  0.007324
 925.000000  0.009692
 926.000000  0.007324
 927.000000  0.009741
 928.000000  0.007324
 929.000000  0.009741
 930.000000  0.007324
 931.000000  0.009741
 932.000000  0.007349
 933.000000  0.009765
 934.000000  0.007349
 935.000000  0.009765
 936.000000  0.007324
 937.000000  0.009765
 938.000000  0.007324
 939.000000  0.009741
 940.000000  0.007324
 941.000000  0.009741
 942.000000  0.007349
 943.000000  0.009765
 944.000000  0.007324
 945.000000  0.007324
 946.000000  0.009765
 947.000000  0.009765
 948.000000  0.007324
 949.000000  0.009765
 950.000000  0.009765
 951.000000  0.009765
 952.000000  0.007324
 953.000000  0.009765
 954.000000  0.007324
 955.000000  0.009741
 956.000000  0.007324
 957.000000  0.009741
 958.000000  0.007324
 959.000000  0.007300
 960.000000  0.007324
 961.000000  0.007300
 962.000000  0.009765
 963.000000  0.007324
 964.000000  0.007324
 965.000000  0.009741
 966.000000  0.007324
 967.000000  0.009765
 968.000000  0.007349
 969.000000  0.009765
 970.000000  0.009765
 971.000000  0.009765
 972.000000  0.007349
 973.000000  0.009765
 974.000000  0.007324
 975.000000  0.009692
 976.000000  0.007324
 977.000000  0.009741
 978.000000  0.007324
 979.000000  0.009741
 980.000000  0.007324
 981.000000  0.009765
 982.000000  0.007324
 983.000000  0.007324
 984.000000  0.007324
 985.000000  0.009741
 986.000000  0.007349
 987.000000  0.009668
 988.000000  0.009790
 989.000000  0.009619
 990.000000  0.007324
 991.000000  0.009741
 992.000000  0.007373
 993.000000  0.009741
 994.000000  0.007349
 995.000000  0.009765
 996.000000  0.007324
 997.000000  0.009716
 998.000000  0.009765
 999.000000  0.009692
 1000.000000  0.009790
 1001.000000  0.009668
 1002.000000  0.007373
 1003.000000  0.009619
 1004.000000  0.007324
 1005.000000  0.009716
 1006.000000  0.007300
 1007.000000  0.009594
 1008.000000  0.007324
 1009.000000  0.009570
 1010.000000  0.007300
 1011.000000  0.009619
 1012.000000  0.007397
 1013.000000  0.009545
 1014.000000  0.007324
 1015.000000  0.009594
 1016.000000  0.007422
 1017.000000  0.009668
 1018.000000  0.007373
 1019.000000  0.009643
 1020.000000  0.007373
 1021.000000  0.009375
 1022.000000  0.007251
 1023.000000  0.009643
