 0.000000  0.009228
 1.000000  0.007642
 2.000000  0.008838
 3.000000  0.007690
 4.000000  0.009375
 5.000000  0.007446
 6.000000  0.009424
 7.000000  0.007642
 8.000000  0.009302
 9.000000  0.007568
 10.000000  0.009180
 11.000000  0.007690
 12.000000  0.009351
 13.000000  0.007764
 14.000000  0.009058
 15.000000  0.007715
 16.000000  0.009302
 17.000000  0.007593
 18.000000  0.009351
 19.000000  0.007837
 20.000000  0.009033
 21.000000  0.007812
 22.000000  0.008984
 23.000000  0.007690
 24.000000  0.008936
 25.000000  0.007715
 26.000000  0.009521
 27.000000  0.010400
 28.000000  0.009155
 29.000000  0.007837
 30.000000  0.008960
 31.000000  0.008154
 32.000000  0.008911
 33.000000  0.007593
 34.000000  0.008911
 35.000000  0.007886
 36.000000  0.008838
 37.000000  0.007910
 38.000000  0.009424
 39.000000  0.010473
 40.000000  0.009375
 41.000000  0.007690
 42.000000  0.009473
 43.000000  0.007910
 44.000000  0.009228
 45.000000  0.007642
 46.000000  0.009204
 47.000000  0.007764
 48.000000  0.009473
 49.000000  0.007666
 50.000000  0.008813
 51.000000  0.007861
 52.000000  0.009082
 53.000000  0.007617
 54.000000  0.009131
 55.000000  0.007886
 56.000000  0.009131
 57.000000  0.007666
 58.000000  0.009424
 59.000000  0.009936
 60.000000  0.009302
 61.000000  0.010083
 62.000000  0.009302
 63.000000  0.007544
 64.000000  0.009228
 65.000000  0.007471
 66.000000  0.009546
 67.000000  0.010131
 68.000000  0.009155
 69.000000  0.007471
 70.000000  0.009277
 71.000000  0.007544
 72.000000  0.009228
 73.000000  0.007519
 74.000000  0.009326
 75.000000  0.007690
 76.000000  0.009375
 77.000000  0.007568
 78.000000  0.009399
 79.000000  0.007666
 80.000000  0.009375
 81.000000  0.007544
 82.000000  0.009082
 83.000000  0.007642
 84.000000  0.009277
 85.000000  0.007617
 86.000000  0.009302
 87.000000  0.007666
 88.000000  0.009473
 89.000000  0.007544
 90.000000  0.009351
 91.000000  0.007471
 92.000000  0.009424
 93.000000  0.007544
 94.000000  0.009326
 95.000000  0.007519
 96.000000  0.009644
 97.000000  0.007495
 98.000000  0.009473
 99.000000  0.007495
 100.000000  0.009448
 101.000000  0.010083
 102.000000  0.009277
 103.000000  0.010131
 104.000000  0.009326
 105.000000  0.007739
 106.000000  0.009741
 107.000000  0.007715
 108.000000  0.009619
 109.000000  0.009912
 110.000000  0.009326
 111.000000  0.007568
 112.000000  0.009204
 113.000000  0.007593
 114.000000  0.009351
 115.000000  0.007544
 116.000000  0.009375
 117.000000  0.007568
 118.000000  0.009448
 119.000000  0.007446
 120.000000  0.009546
 121.000000  0.007495
 122.000000  0.009546
 123.000000  0.007519
 124.000000  0.009497
 125.000000  0.007666
 126.000000  0.009375
 127.000000  0.009887
 128.000000  0.009326
 129.000000  0.007422
 130.000000  0.009424
 131.000000  0.009912
 132.000000  0.009253
 133.000000  0.007568
 134.000000  0.009570
 135.000000  0.010058
 136.000000  0.009473
 137.000000  0.007568
 138.000000  0.009644
 139.000000  0.007642
 140.000000  0.009668
 141.000000  0.007471
 142.000000  0.009448
 143.000000  0.007544
 144.000000  0.009131
 145.000000  0.010180
 146.000000  0.009228
 147.000000  0.007471
 148.000000  0.009619
 149.000000  0.010205
 150.000000  0.009424
 151.000000  0.007422
 152.000000  0.009497
 153.000000  0.007642
 154.000000  0.009399
 155.000000  0.007544
 156.000000  0.009473
 157.000000  0.009936
 158.000000  0.009521
 159.000000  0.007593
 160.000000  0.009741
 161.000000  0.007519
 162.000000  0.009351
 163.000000  0.007519
 164.000000  0.009375
 165.000000  0.007568
 166.000000  0.009375
 167.000000  0.007568
 168.000000  0.009521
 169.000000  0.009961
 170.000000  0.009277
 171.000000  0.007519
 172.000000  0.009399
 173.000000  0.007617
 174.000000  0.009228
 175.000000  0.007544
 176.000000  0.009106
 177.000000  0.007544
 178.000000  0.009277
 179.000000  0.010156
 180.000000  0.009253
 181.000000  0.007739
 182.000000  0.009106
 183.000000  0.007739
 184.000000  0.009204
 185.000000  0.007861
 186.000000  0.009009
 187.000000  0.007812
 188.000000  0.008838
 189.000000  0.008179
 190.000000  0.009326
 191.000000  0.008154
 192.000000  0.009180
 193.000000  0.007935
 194.000000  0.008838
 195.000000  0.007568
 196.000000  0.011572
 197.000000  0.007617
 198.000000  0.009131
 199.000000  0.010058
 200.000000  0.009204
 201.000000  0.010376
 202.000000  0.009277
 203.000000  0.007983
 204.000000  0.009326
 205.000000  0.007642
 206.000000  0.009009
 207.000000  0.007642
 208.000000  0.009277
 209.000000  0.010058
 210.000000  0.009302
 211.000000  0.007666
 212.000000  0.009228
 213.000000  0.010205
 214.000000  0.009204
 215.000000  0.007764
 216.000000  0.009155
 217.000000  0.007642
 218.000000  0.009180
 219.000000  0.009936
 220.000000  0.009375
 221.000000  0.007471
 222.000000  0.009375
 223.000000  0.007666
 224.000000  0.009375
 225.000000  0.007617
 226.000000  0.009448
 227.000000  0.009863
 228.000000  0.009448
 229.000000  0.009887
 230.000000  0.009595
 231.000000  0.007593
 232.000000  0.009497
 233.000000  0.009887
 234.000000  0.009204
 235.000000  0.007666
 236.000000  0.009375
 237.000000  0.007642
 238.000000  0.009424
 239.000000  0.009887
 240.000000  0.009521
 241.000000  0.007446
 242.000000  0.009399
 243.000000  0.009961
 244.000000  0.009131
 245.000000  0.007495
 246.000000  0.009448
 247.000000  0.007642
 248.000000  0.009570
 249.000000  0.007495
 250.000000  0.009302
 251.000000  0.007495
 252.000000  0.009399
 253.000000  0.007495
 254.000000  0.009277
 255.000000  0.010009
 256.000000  0.009473
 257.000000  0.007519
 258.000000  0.009302
 259.000000  0.007471
 260.000000  0.009424
 261.000000  0.007495
 262.000000  0.009228
 263.000000  0.009838
 264.000000  0.008936
 265.000000  0.010034
 266.000000  0.009131
 267.000000  0.009814
 268.000000  0.009399
 269.000000  0.009838
 270.000000  0.009448
 271.000000  0.007422
 272.000000  0.009204
 273.000000  0.007397
 274.000000  0.009521
 275.000000  0.009912
 276.000000  0.009277
 277.000000  0.009912
 278.000000  0.009521
 279.000000  0.007593
 280.000000  0.009521
 281.000000  0.009936
 282.000000  0.009570
 283.000000  0.009961
 284.000000  0.009448
 285.000000  0.007471
 286.000000  0.009106
 287.000000  0.007715
 288.000000  0.009302
 289.000000  0.010180
 290.000000  0.009570
 291.000000  0.007642
 292.000000  0.009473
 293.000000  0.007715
 294.000000  0.009521
 295.000000  0.010107
 296.000000  0.009546
 297.000000  0.010034
 298.000000  0.009570
 299.000000  0.010107
 300.000000  0.009326
 301.000000  0.007910
 302.000000  0.009448
 303.000000  0.010278
 304.000000  0.009473
 305.000000  0.007935
 306.000000  0.009399
 307.000000  0.010131
 308.000000  0.009546
 309.000000  0.009961
 310.000000  0.009497
 311.000000  0.007642
 312.000000  0.009644
 313.000000  0.007886
 314.000000  0.009668
 315.000000  0.010107
 316.000000  0.009473
 317.000000  0.007739
 318.000000  0.009473
 319.000000  0.007593
 320.000000  0.009277
 321.000000  0.010180
 322.000000  0.009302
 323.000000  0.010205
 324.000000  0.009033
 325.000000  0.007690
 326.000000  0.009546
 327.000000  0.007666
 328.000000  0.009155
 329.000000  0.010400
 330.000000  0.009448
 331.000000  0.010327
 332.000000  0.009595
 333.000000  0.010278
 334.000000  0.009180
 335.000000  0.010156
 336.000000  0.009155
 337.000000  0.007788
 338.000000  0.009326
 339.000000  0.008008
 340.000000  0.009131
 341.000000  0.010546
 342.000000  0.011621
 343.000000  0.010693
 344.000000  0.009082
 345.000000  0.010546
 346.000000  0.008960
 347.000000  0.007788
 348.000000  0.008740
 349.000000  0.010522
 350.000000  0.009399
 351.000000  0.010766
 352.000000  0.009399
 353.000000  0.010400
 354.000000  0.009277
 355.000000  0.008130
 356.000000  0.009326
 357.000000  0.007959
 358.000000  0.009424
 359.000000  0.010449
 360.000000  0.009546
 361.000000  0.008032
 362.000000  0.009351
 363.000000  0.010424
 364.000000  0.009351
 365.000000  0.008032
 366.000000  0.009546
 367.000000  0.008081
 368.000000  0.009399
 369.000000  0.007959
 370.000000  0.009448
 371.000000  0.010327
 372.000000  0.009570
 373.000000  0.010473
 374.000000  0.009424
 375.000000  0.010253
 376.000000  0.009424
 377.000000  0.007886
 378.000000  0.009521
 379.000000  0.008032
 380.000000  0.009668
 381.000000  0.010302
 382.000000  0.009399
 383.000000  0.008008
 384.000000  0.009570
 385.000000  0.008227
 386.000000  0.009595
 387.000000  0.010351
 388.000000  0.009424
 389.000000  0.010571
 390.000000  0.009595
 391.000000  0.010400
 392.000000  0.009619
 393.000000  0.008203
 394.000000  0.009595
 395.000000  0.008008
 396.000000  0.009717
 397.000000  0.007959
 398.000000  0.009570
 399.000000  0.007690
 400.000000  0.009644
 401.000000  0.010498
 402.000000  0.009546
 403.000000  0.008203
 404.000000  0.009595
 405.000000  0.008203
 406.000000  0.009692
 407.000000  0.008252
 408.000000  0.009619
 409.000000  0.010376
 410.000000  0.009717
 411.000000  0.010839
 412.000000  0.009692
 413.000000  0.007935
 414.000000  0.009717
 415.000000  0.010644
 416.000000  0.009717
 417.000000  0.007983
 418.000000  0.009741
 419.000000  0.008423
 420.000000  0.009717
 421.000000  0.008057
 422.000000  0.009644
 423.000000  0.008057
 424.000000  0.009692
 425.000000  0.010278
 426.000000  0.009741
 427.000000  0.010791
 428.000000  0.009692
 429.000000  0.010449
 430.000000  0.009766
 431.000000  0.010571
 432.000000  0.009741
 433.000000  0.008081
 434.000000  0.009741
 435.000000  0.010449
 436.000000  0.009497
 437.000000  0.010327
 438.000000  0.009644
 439.000000  0.010473
 440.000000  0.009668
 441.000000  0.010498
 442.000000  0.009717
 443.000000  0.010644
 444.000000  0.009717
 445.000000  0.010546
 446.000000  0.009717
 447.000000  0.008252
 448.000000  0.009717
 449.000000  0.010644
 450.000000  0.009741
 451.000000  0.010913
 452.000000  0.009741
 453.000000  0.010742
 454.000000  0.009766
 455.000000  0.010620
 456.000000  0.009741
 457.000000  0.011035
 458.000000  0.009644
 459.000000  0.010839
 460.000000  0.009766
 461.000000  0.011328
 462.000000  0.009766
 463.000000  0.010815
 464.000000  0.009766
 465.000000  0.011035
 466.000000  0.009741
 467.000000  0.008325
 468.000000  0.009717
 469.000000  0.008594
 470.000000  0.009741
 471.000000  0.011084
 472.000000  0.009741
 473.000000  0.008569
 474.000000  0.009741
 475.000000  0.010864
 476.000000  0.009741
 477.000000  0.008813
 478.000000  0.009766
 479.000000  0.010888
 480.000000  0.009766
 481.000000  0.011157
 482.000000  0.009717
 483.000000  0.008667
 484.000000  0.009741
 485.000000  0.011230
 486.000000  0.009741
 487.000000  0.008618
 488.000000  0.009619
 489.000000  0.008691
 490.000000  0.009570
 491.000000  0.011010
 492.000000  0.009668
 493.000000  0.011450
 494.000000  0.009595
 495.000000  0.011035
 496.000000  0.009644
 497.000000  0.008447
 498.000000  0.009399
 499.000000  0.010913
 500.000000  0.009399
 501.000000  0.011352
 502.000000  0.009644
 503.000000  0.011596
 504.000000  0.009692
 505.000000  0.011352
 506.000000  0.009521
 507.000000  0.008350
 508.000000  0.009644
 509.000000  0.008545
 510.000000  0.009668
 511.000000  0.010644
 512.000000  0.009448
 513.000000  0.008374
 514.000000  0.009668
 515.000000  0.008911
 516.000000  0.009692
 517.000000  0.008838
 518.000000  0.009692
 519.000000  0.008569
 520.000000  0.009717
 521.000000  0.008813
 522.000000  0.009644
 523.000000  0.011059
 524.000000  0.009692
 525.000000  0.011108
 526.000000  0.009692
 527.000000  0.010669
 528.000000  0.009717
 529.000000  0.011401
 530.000000  0.009741
 531.000000  0.011132
 532.000000  0.009717
 533.000000  0.009009
 534.000000  0.009766
 535.000000  0.009204
 536.000000  0.009717
 537.000000  0.011401
 538.000000  0.009741
 539.000000  0.011474
 540.000000  0.009766
 541.000000  0.009131
 542.000000  0.009766
 543.000000  0.009180
 544.000000  0.009766
 545.000000  0.008716
 546.000000  0.009766
 547.000000  0.011425
 548.000000  0.009741
 549.000000  0.011474
 550.000000  0.009741
 551.000000  0.011450
 552.000000  0.009741
 553.000000  0.009106
 554.000000  0.009766
 555.000000  0.009448
 556.000000  0.009766
 557.000000  0.011230
 558.000000  0.009766
 559.000000  0.011157
 560.000000  0.009766
 561.000000  0.009082
 562.000000  0.009766
 563.000000  0.011572
 564.000000  0.009766
 565.000000  0.011377
 566.000000  0.009766
 567.000000  0.011865
 568.000000  0.009741
 569.000000  0.011816
 570.000000  0.009766
 571.000000  0.011792
 572.000000  0.009741
 573.000000  0.011645
 574.000000  0.009766
 575.000000  0.011450
 576.000000  0.009741
 577.000000  0.010986
 578.000000  0.009717
 579.000000  0.011523
 580.000000  0.009766
 581.000000  0.009228
 582.000000  0.009741
 583.000000  0.011621
 584.000000  0.009766
 585.000000  0.012036
 586.000000  0.009766
 587.000000  0.011889
 588.000000  0.009766
 589.000000  0.009228
 590.000000  0.009766
 591.000000  0.011816
 592.000000  0.009766
 593.000000  0.009448
 594.000000  0.009766
 595.000000  0.011987
 596.000000  0.009766
 597.000000  0.011914
 598.000000  0.009766
 599.000000  0.011889
 600.000000  0.009766
 601.000000  0.011743
 602.000000  0.009766
 603.000000  0.012060
 604.000000  0.009766
 605.000000  0.012036
 606.000000  0.009766
 607.000000  0.011914
 608.000000  0.009766
 609.000000  0.012011
 610.000000  0.009766
 611.000000  0.011938
 612.000000  0.012207
 613.000000  0.012085
 614.000000  0.012207
 615.000000  0.012182
 616.000000  0.009766
 617.000000  0.009619
 618.000000  0.009766
 619.000000  0.012036
 620.000000  0.009766
 621.000000  0.012060
 622.000000  0.009766
 623.000000  0.012109
 624.000000  0.012207
 625.000000  0.012109
 626.000000  0.009766
 627.000000  0.012085
 628.000000  0.009766
 629.000000  0.012182
 630.000000  0.009766
 631.000000  0.012182
 632.000000  0.009790
 633.000000  0.012207
 634.000000  0.009839
 635.000000  0.012207
 636.000000  0.009888
 637.000000  0.009741
 638.000000  0.009790
 639.000000  0.012207
 640.000000  0.010107
 641.000000  0.012231
 642.000000  0.009839
 643.000000  0.009766
 644.000000  0.012866
 645.000000  0.012255
 646.000000  0.012963
 647.000000  0.012500
 648.000000  0.011304
 649.000000  0.010547
 650.000000  0.011548
 651.000000  0.011011
 652.000000  0.011963
 653.000000  0.011816
 654.000000  0.012402
 655.000000  0.014550
 656.000000  0.012817
 657.000000  0.015136
 658.000000  0.013867
 659.000000  0.013843
 660.000000  0.015454
 661.000000  0.019018
 662.000000  0.021411
 663.000000  0.033374
 664.000000  0.054345
 665.000000  0.081689
 666.000000  0.124023
 667.000000  0.186084
 668.000000  0.222925
 669.000000  0.214722
 670.000000  0.185400
 671.000000  0.122314
 672.000000  0.082495
 673.000000  0.063281
 674.000000  0.041870
 675.000000  0.028930
 676.000000  0.019824
 677.000000  0.018212
 678.000000  0.015308
 679.000000  0.015527
 680.000000  0.012915
 681.000000  0.012061
 682.000000  0.012305
 683.000000  0.013696
 684.000000  0.011963
 685.000000  0.013330
 686.000000  0.011230
 687.000000  0.010181
 688.000000  0.013183
 689.000000  0.009814
 690.000000  0.013061
 691.000000  0.012207
 692.000000  0.010547
 693.000000  0.012231
 694.000000  0.009936
 695.000000  0.012207
 696.000000  0.012280
 697.000000  0.012207
 698.000000  0.009863
 699.000000  0.012207
 700.000000  0.009839
 701.000000  0.009766
 702.000000  0.009814
 703.000000  0.009766
 704.000000  0.012207
 705.000000  0.012207
 706.000000  0.009814
 707.000000  0.009766
 708.000000  0.009863
 709.000000  0.012207
 710.000000  0.009814
 711.000000  0.012207
 712.000000  0.009790
 713.000000  0.012207
 714.000000  0.009766
 715.000000  0.012207
 716.000000  0.009790
 717.000000  0.012207
 718.000000  0.009790
 719.000000  0.012207
 720.000000  0.009790
 721.000000  0.012207
 722.000000  0.009766
 723.000000  0.012207
 724.000000  0.009766
 725.000000  0.012207
 726.000000  0.009766
 727.000000  0.012182
 728.000000  0.009766
 729.000000  0.009766
 730.000000  0.009790
 731.000000  0.012207
 732.000000  0.009766
 733.000000  0.012207
 734.000000  0.012207
 735.000000  0.012182
 736.000000  0.009766
 737.000000  0.012133
 738.000000  0.009766
 739.000000  0.012207
 740.000000  0.009766
 741.000000  0.012207
 742.000000  0.009814
 743.000000  0.009766
 744.000000  0.009766
 745.000000  0.012207
 746.000000  0.009790
 747.000000  0.009766
 748.000000  0.009766
 749.000000  0.012207
 750.000000  0.009766
 751.000000  0.012207
 752.000000  0.012207
 753.000000  0.012207
 754.000000  0.009766
 755.000000  0.012207
 756.000000  0.009766
 757.000000  0.012133
 758.000000  0.009766
 759.000000  0.009741
 760.000000  0.009790
 761.000000  0.012158
 762.000000  0.009766
 763.000000  0.012207
 764.000000  0.009766
 765.000000  0.012011
 766.000000  0.009766
 767.000000  0.009546
 768.000000  0.009766
 769.000000  0.012109
 770.000000  0.009766
 771.000000  0.012085
 772.000000  0.009766
 773.000000  0.012085
 774.000000  0.012207
 775.000000  0.012060
 776.000000  0.012207
 777.000000  0.012158
 778.000000  0.009766
 779.000000  0.009766
 780.000000  0.009766
 781.000000  0.009717
 782.000000  0.012207
 783.000000  0.011938
 784.000000  0.009766
 785.000000  0.012011
 786.000000  0.009766
 787.000000  0.011987
 788.000000  0.012207
 789.000000  0.011987
 790.000000  0.009766
 791.000000  0.012158
 792.000000  0.009766
 793.000000  0.012133
 794.000000  0.009766
 795.000000  0.012109
 796.000000  0.009766
 797.000000  0.012182
 798.000000  0.009766
 799.000000  0.012207
 800.000000  0.009741
 801.000000  0.012036
 802.000000  0.012158
 803.000000  0.011767
 804.000000  0.009790
 805.000000  0.012109
 806.000000  0.009741
 807.000000  0.011840
 808.000000  0.012255
 809.000000  0.009521
 810.000000  0.009839
 811.000000  0.009277
 812.000000  0.009741
 813.000000  0.009277
 814.000000  0.009985
 815.000000  0.012036
 816.000000  0.010083
 817.000000  0.011938
 818.000000  0.009936
 819.000000  0.011450
 820.000000  0.009766
 821.000000  0.012011
 822.000000  0.009766
 823.000000  0.012109
 824.000000  0.012231
 825.000000  0.011694
 826.000000  0.009692
 827.000000  0.012060
 828.000000  0.009766
 829.000000  0.011718
 830.000000  0.009741
 831.000000  0.012182
 832.000000  0.009766
 833.000000  0.011743
 834.000000  0.009741
 835.000000  0.011938
 836.000000  0.012207
 837.000000  0.011987
 838.000000  0.009766
 839.000000  0.012158
 840.000000  0.009790
 841.000000  0.011914
 842.000000  0.012207
 843.000000  0.012036
 844.000000  0.009766
 845.000000  0.009644
 846.000000  0.012207
 847.000000  0.012085
 848.000000  0.009766
 849.000000  0.012158
 850.000000  0.009766
 851.000000  0.012060
 852.000000  0.009766
 853.000000  0.009644
 854.000000  0.012207
 855.000000  0.011962
 856.000000  0.009766
 857.000000  0.009204
 858.000000  0.009766
 859.000000  0.009521
 860.000000  0.012207
 861.000000  0.012085
 862.000000  0.009766
 863.000000  0.009546
 864.000000  0.009766
 865.000000  0.012085
 866.000000  0.012207
 867.000000  0.009717
 868.000000  0.009766
 869.000000  0.011938
 870.000000  0.009790
 871.000000  0.012158
 872.000000  0.009766
 873.000000  0.012060
 874.000000  0.009766
 875.000000  0.011914
 876.000000  0.009766
 877.000000  0.009668
 878.000000  0.009766
 879.000000  0.009570
 880.000000  0.009766
 881.000000  0.012207
 882.000000  0.009766
 883.000000  0.012133
 884.000000  0.009766
 885.000000  0.012085
 886.000000  0.009766
 887.000000  0.009619
 888.000000  0.009766
 889.000000  0.012109
 890.000000  0.009766
 891.000000  0.011889
 892.000000  0.009766
 893.000000  0.012133
 894.000000  0.009766
 895.000000  0.012182
 896.000000  0.009766
 897.000000  0.011816
 898.000000  0.009766
 899.000000  0.012011
 900.000000  0.009766
 901.000000  0.012011
 902.000000  0.012207
 903.000000  0.012060
 904.000000  0.009766
 905.000000  0.012182
 906.000000  0.012207
 907.000000  0.012036
 908.000000  0.012207
 909.000000  0.012158
 910.000000  0.009766
 911.000000  0.012158
 912.000000  0.009766
 913.000000  0.012109
 914.000000  0.009766
 915.000000  0.012085
 916.000000  0.009766
 917.000000  0.012036
 918.000000  0.012207
 919.000000  0.011962
 920.000000  0.012207
 921.000000  0.012109
 922.000000  0.009766
 923.000000  0.012133
 924.000000  0.009766
 925.000000  0.011962
 926.000000  0.009766
 927.000000  0.012060
 928.000000  0.009766
 929.000000  0.012158
 930.000000  0.009766
 931.000000  0.012133
 932.000000  0.009766
 933.000000  0.011962
 934.000000  0.009766
 935.000000  0.012109
 936.000000  0.009790
 937.000000  0.011816
 938.000000  0.009766
 939.000000  0.011914
 940.000000  0.009766
 941.000000  0.011840
 942.000000  0.009766
 943.000000  0.011792
 944.000000  0.009766
 945.000000  0.009619
 946.000000  0.012207
 947.000000  0.012085
 948.000000  0.009766
 949.000000  0.012085
 950.000000  0.012207
 951.000000  0.011914
 952.000000  0.009766
 953.000000  0.011962
 954.000000  0.009766
 955.000000  0.011743
 956.000000  0.009814
 957.000000  0.011718
 958.000000  0.009766
 959.000000  0.009351
 960.000000  0.009668
 961.000000  0.008936
 962.000000  0.012133
 963.000000  0.009326
 964.000000  0.009741
 965.000000  0.011816
 966.000000  0.009766
 967.000000  0.011767
 968.000000  0.009936
 969.000000  0.011767
 970.000000  0.012011
 971.000000  0.011401
 972.000000  0.009717
 973.000000  0.011157
 974.000000  0.009546
 975.000000  0.012036
 976.000000  0.009790
 977.000000  0.011865
 978.000000  0.009692
 979.000000  0.011792
 980.000000  0.009766
 981.000000  0.011792
 982.000000  0.009644
 983.000000  0.009375
 984.000000  0.009717
 985.000000  0.011914
 986.000000  0.009766
 987.000000  0.011816
 988.000000  0.012207
 989.000000  0.011840
 990.000000  0.009790
 991.000000  0.011840
 992.000000  0.009766
 993.000000  0.011962
 994.000000  0.009741
 995.000000  0.011840
 996.000000  0.009766
 997.000000  0.011962
 998.000000  0.012207
 999.000000  0.011962
 1000.000000  0.012207
 1001.000000  0.012036
 1002.000000  0.009766
 1003.000000  0.010986
 1004.000000  0.009766
 1005.000000  0.011816
 1006.000000  0.009766
 1007.000000  0.011938
 1008.000000  0.009766
 1009.000000  0.011572
 1010.000000  0.009766
 1011.000000  0.011547
 1012.000000  0.009766
 1013.000000  0.011694
 1014.000000  0.009741
 1015.000000  0.010961
 1016.000000  0.009741
 1017.000000  0.011767
 1018.000000  0.009766
 1019.000000  0.011279
 1020.000000  0.009741
 1021.000000  0.011865
 1022.000000  0.009766
 1023.000000  0.011987
