 0.000000  0.008301
 1.000000  0.007324
 2.000000  0.007666
 3.000000  0.007324
 4.000000  0.008032
 5.000000  0.007349
 6.000000  0.008423
 7.000000  0.007324
 8.000000  0.008203
 9.000000  0.007422
 10.000000  0.008154
 11.000000  0.007324
 12.000000  0.008398
 13.000000  0.007324
 14.000000  0.008374
 15.000000  0.007300
 16.000000  0.008374
 17.000000  0.007324
 18.000000  0.008496
 19.000000  0.007471
 20.000000  0.008130
 21.000000  0.007495
 22.000000  0.007935
 23.000000  0.007373
 24.000000  0.008276
 25.000000  0.007349
 26.000000  0.009009
 27.000000  0.009863
 28.000000  0.008350
 29.000000  0.007397
 30.000000  0.008496
 31.000000  0.007519
 32.000000  0.008447
 33.000000  0.007446
 34.000000  0.008472
 35.000000  0.007397
 36.000000  0.008179
 37.000000  0.007349
 38.000000  0.008374
 39.000000  0.009790
 40.000000  0.008398
 41.000000  0.007397
 42.000000  0.008472
 43.000000  0.007422
 44.000000  0.008765
 45.000000  0.007422
 46.000000  0.008350
 47.000000  0.007446
 48.000000  0.008227
 49.000000  0.007446
 50.000000  0.007935
 51.000000  0.007422
 52.000000  0.008203
 53.000000  0.007446
 54.000000  0.008203
 55.000000  0.007446
 56.000000  0.008472
 57.000000  0.007422
 58.000000  0.008374
 59.000000  0.009790
 60.000000  0.008081
 61.000000  0.009790
 62.000000  0.008081
 63.000000  0.007373
 64.000000  0.008569
 65.000000  0.007373
 66.000000  0.008252
 67.000000  0.009887
 68.000000  0.008325
 69.000000  0.007349
 70.000000  0.008081
 71.000000  0.007324
 72.000000  0.007861
 73.000000  0.007349
 74.000000  0.007959
 75.000000  0.007349
 76.000000  0.008496
 77.000000  0.007349
 78.000000  0.008252
 79.000000  0.007397
 80.000000  0.008276
 81.000000  0.007349
 82.000000  0.007935
 83.000000  0.007349
 84.000000  0.007812
 85.000000  0.007373
 86.000000  0.008105
 87.000000  0.007349
 88.000000  0.008398
 89.000000  0.007349
 90.000000  0.008203
 91.000000  0.007324
 92.000000  0.007837
 93.000000  0.007324
 94.000000  0.007690
 95.000000  0.007349
 96.000000  0.008057
 97.000000  0.007324
 98.000000  0.008032
 99.000000  0.007349
 100.000000  0.007983
 101.000000  0.009765
 102.000000  0.007886
 103.000000  0.009765
 104.000000  0.007861
 105.000000  0.007324
 106.000000  0.008301
 107.000000  0.007324
 108.000000  0.008203
 109.000000  0.009765
 110.000000  0.008154
 111.000000  0.007324
 112.000000  0.007764
 113.000000  0.007349
 114.000000  0.008057
 115.000000  0.007324
 116.000000  0.007861
 117.000000  0.007324
 118.000000  0.007959
 119.000000  0.007324
 120.000000  0.008008
 121.000000  0.007324
 122.000000  0.007910
 123.000000  0.007324
 124.000000  0.008130
 125.000000  0.007324
 126.000000  0.008081
 127.000000  0.009765
 128.000000  0.007690
 129.000000  0.007324
 130.000000  0.007837
 131.000000  0.009765
 132.000000  0.007690
 133.000000  0.007324
 134.000000  0.008081
 135.000000  0.009765
 136.000000  0.007886
 137.000000  0.007324
 138.000000  0.007935
 139.000000  0.007324
 140.000000  0.008130
 141.000000  0.007324
 142.000000  0.007764
 143.000000  0.007349
 144.000000  0.007690
 145.000000  0.009765
 146.000000  0.007837
 147.000000  0.007324
 148.000000  0.008179
 149.000000  0.009765
 150.000000  0.007690
 151.000000  0.007324
 152.000000  0.007690
 153.000000  0.007349
 154.000000  0.007983
 155.000000  0.007324
 156.000000  0.007812
 157.000000  0.009765
 158.000000  0.008179
 159.000000  0.007349
 160.000000  0.008008
 161.000000  0.007324
 162.000000  0.007666
 163.000000  0.007324
 164.000000  0.007495
 165.000000  0.007324
 166.000000  0.007617
 167.000000  0.007324
 168.000000  0.007983
 169.000000  0.009765
 170.000000  0.007861
 171.000000  0.007373
 172.000000  0.007886
 173.000000  0.007324
 174.000000  0.007593
 175.000000  0.007324
 176.000000  0.007617
 177.000000  0.007251
 178.000000  0.007739
 179.000000  0.009790
 180.000000  0.007642
 181.000000  0.007324
 182.000000  0.007935
 183.000000  0.007300
 184.000000  0.007837
 185.000000  0.007324
 186.000000  0.007861
 187.000000  0.007324
 188.000000  0.007764
 189.000000  0.007275
 190.000000  0.007812
 191.000000  0.007349
 192.000000  0.007739
 193.000000  0.007422
 194.000000  0.008105
 195.000000  0.007324
 196.000000  0.010253
 197.000000  0.007300
 198.000000  0.007764
 199.000000  0.009790
 200.000000  0.007617
 201.000000  0.009716
 202.000000  0.007983
 203.000000  0.007324
 204.000000  0.008032
 205.000000  0.007300
 206.000000  0.007715
 207.000000  0.007324
 208.000000  0.007568
 209.000000  0.009838
 210.000000  0.007690
 211.000000  0.007324
 212.000000  0.007519
 213.000000  0.009765
 214.000000  0.007837
 215.000000  0.007324
 216.000000  0.007910
 217.000000  0.007324
 218.000000  0.007886
 219.000000  0.009765
 220.000000  0.007666
 221.000000  0.007324
 222.000000  0.007495
 223.000000  0.007324
 224.000000  0.007764
 225.000000  0.007349
 226.000000  0.007690
 227.000000  0.009716
 228.000000  0.007812
 229.000000  0.009765
 230.000000  0.007910
 231.000000  0.007324
 232.000000  0.007812
 233.000000  0.009765
 234.000000  0.007568
 235.000000  0.007324
 236.000000  0.007666
 237.000000  0.007324
 238.000000  0.007397
 239.000000  0.009790
 240.000000  0.007642
 241.000000  0.007324
 242.000000  0.007690
 243.000000  0.009765
 244.000000  0.007446
 245.000000  0.007349
 246.000000  0.007519
 247.000000  0.007324
 248.000000  0.007544
 249.000000  0.007324
 250.000000  0.007397
 251.000000  0.007324
 252.000000  0.007593
 253.000000  0.007300
 254.000000  0.007568
 255.000000  0.009765
 256.000000  0.007617
 257.000000  0.007324
 258.000000  0.007519
 259.000000  0.007300
 260.000000  0.007617
 261.000000  0.007324
 262.000000  0.007519
 263.000000  0.009765
 264.000000  0.007349
 265.000000  0.009765
 266.000000  0.007397
 267.000000  0.009765
 268.000000  0.007471
 269.000000  0.009741
 270.000000  0.007446
 271.000000  0.007324
 272.000000  0.007495
 273.000000  0.007324
 274.000000  0.007715
 275.000000  0.009765
 276.000000  0.007568
 277.000000  0.009765
 278.000000  0.007519
 279.000000  0.007324
 280.000000  0.007471
 281.000000  0.009765
 282.000000  0.007422
 283.000000  0.009765
 284.000000  0.007422
 285.000000  0.007324
 286.000000  0.007544
 287.000000  0.007324
 288.000000  0.007397
 289.000000  0.009765
 290.000000  0.007446
 291.000000  0.007324
 292.000000  0.007495
 293.000000  0.007324
 294.000000  0.007544
 295.000000  0.009765
 296.000000  0.007519
 297.000000  0.009765
 298.000000  0.007642
 299.000000  0.009765
 300.000000  0.007471
 301.000000  0.007324
 302.000000  0.007422
 303.000000  0.009765
 304.000000  0.007617
 305.000000  0.007324
 306.000000  0.007422
 307.000000  0.009765
 308.000000  0.007568
 309.000000  0.009765
 310.000000  0.007617
 311.000000  0.007324
 312.000000  0.007471
 313.000000  0.007324
 314.000000  0.007642
 315.000000  0.009790
 316.000000  0.007495
 317.000000  0.007324
 318.000000  0.007495
 319.000000  0.007324
 320.000000  0.007397
 321.000000  0.009765
 322.000000  0.007495
 323.000000  0.009765
 324.000000  0.007446
 325.000000  0.007324
 326.000000  0.007422
 327.000000  0.007275
 328.000000  0.007471
 329.000000  0.009741
 330.000000  0.007568
 331.000000  0.009765
 332.000000  0.007788
 333.000000  0.009790
 334.000000  0.007471
 335.000000  0.009716
 336.000000  0.007617
 337.000000  0.007275
 338.000000  0.007568
 339.000000  0.007349
 340.000000  0.007666
 341.000000  0.009790
 342.000000  0.010131
 343.000000  0.009765
 344.000000  0.007764
 345.000000  0.009790
 346.000000  0.007764
 347.000000  0.007275
 348.000000  0.007666
 349.000000  0.009741
 350.000000  0.007593
 351.000000  0.009790
 352.000000  0.007690
 353.000000  0.009765
 354.000000  0.007617
 355.000000  0.007300
 356.000000  0.007715
 357.000000  0.007349
 358.000000  0.007764
 359.000000  0.009790
 360.000000  0.007812
 361.000000  0.007251
 362.000000  0.007715
 363.000000  0.009765
 364.000000  0.007690
 365.000000  0.007300
 366.000000  0.007642
 367.000000  0.007373
 368.000000  0.007642
 369.000000  0.007324
 370.000000  0.007544
 371.000000  0.009790
 372.000000  0.007593
 373.000000  0.009790
 374.000000  0.007593
 375.000000  0.009790
 376.000000  0.007788
 377.000000  0.007349
 378.000000  0.007837
 379.000000  0.007324
 380.000000  0.007812
 381.000000  0.009741
 382.000000  0.007642
 383.000000  0.007324
 384.000000  0.007666
 385.000000  0.007324
 386.000000  0.007617
 387.000000  0.009765
 388.000000  0.007544
 389.000000  0.009790
 390.000000  0.007861
 391.000000  0.009765
 392.000000  0.007544
 393.000000  0.007324
 394.000000  0.007373
 395.000000  0.007300
 396.000000  0.007690
 397.000000  0.007349
 398.000000  0.007495
 399.000000  0.007300
 400.000000  0.007544
 401.000000  0.009765
 402.000000  0.007544
 403.000000  0.007324
 404.000000  0.007544
 405.000000  0.007300
 406.000000  0.007446
 407.000000  0.007300
 408.000000  0.007495
 409.000000  0.009790
 410.000000  0.007617
 411.000000  0.009765
 412.000000  0.007544
 413.000000  0.007324
 414.000000  0.007642
 415.000000  0.009765
 416.000000  0.007397
 417.000000  0.007324
 418.000000  0.007422
 419.000000  0.007300
 420.000000  0.007446
 421.000000  0.007324
 422.000000  0.007373
 423.000000  0.007324
 424.000000  0.007397
 425.000000  0.009765
 426.000000  0.007495
 427.000000  0.009765
 428.000000  0.007422
 429.000000  0.009765
 430.000000  0.007471
 431.000000  0.009765
 432.000000  0.007422
 433.000000  0.007324
 434.000000  0.007373
 435.000000  0.009765
 436.000000  0.007446
 437.000000  0.009765
 438.000000  0.007349
 439.000000  0.009741
 440.000000  0.007446
 441.000000  0.009765
 442.000000  0.007446
 443.000000  0.009765
 444.000000  0.007471
 445.000000  0.009765
 446.000000  0.007495
 447.000000  0.007324
 448.000000  0.007422
 449.000000  0.009765
 450.000000  0.007397
 451.000000  0.009765
 452.000000  0.007373
 453.000000  0.009765
 454.000000  0.007397
 455.000000  0.009765
 456.000000  0.007373
 457.000000  0.009765
 458.000000  0.007422
 459.000000  0.009765
 460.000000  0.007471
 461.000000  0.009765
 462.000000  0.007324
 463.000000  0.009765
 464.000000  0.007568
 465.000000  0.009765
 466.000000  0.007495
 467.000000  0.007300
 468.000000  0.007373
 469.000000  0.007324
 470.000000  0.007519
 471.000000  0.009765
 472.000000  0.007617
 473.000000  0.007324
 474.000000  0.007495
 475.000000  0.009716
 476.000000  0.007397
 477.000000  0.007324
 478.000000  0.007422
 479.000000  0.009765
 480.000000  0.007446
 481.000000  0.009765
 482.000000  0.007568
 483.000000  0.007349
 484.000000  0.007446
 485.000000  0.009790
 486.000000  0.007422
 487.000000  0.007275
 488.000000  0.007397
 489.000000  0.007300
 490.000000  0.007471
 491.000000  0.009741
 492.000000  0.007471
 493.000000  0.009790
 494.000000  0.007519
 495.000000  0.009668
 496.000000  0.007568
 497.000000  0.007300
 498.000000  0.007373
 499.000000  0.009765
 500.000000  0.007471
 501.000000  0.009741
 502.000000  0.007422
 503.000000  0.009692
 504.000000  0.007593
 505.000000  0.009814
 506.000000  0.007495
 507.000000  0.007300
 508.000000  0.007544
 509.000000  0.007275
 510.000000  0.007471
 511.000000  0.009643
 512.000000  0.007397
 513.000000  0.007227
 514.000000  0.007495
 515.000000  0.007300
 516.000000  0.007544
 517.000000  0.007251
 518.000000  0.007544
 519.000000  0.007227
 520.000000  0.007617
 521.000000  0.007324
 522.000000  0.007471
 523.000000  0.009741
 524.000000  0.007397
 525.000000  0.009716
 526.000000  0.007617
 527.000000  0.009765
 528.000000  0.007544
 529.000000  0.009741
 530.000000  0.007519
 531.000000  0.009692
 532.000000  0.007397
 533.000000  0.007300
 534.000000  0.007373
 535.000000  0.007275
 536.000000  0.007422
 537.000000  0.009692
 538.000000  0.007373
 539.000000  0.009716
 540.000000  0.007446
 541.000000  0.007251
 542.000000  0.007519
 543.000000  0.007300
 544.000000  0.007397
 545.000000  0.007324
 546.000000  0.007422
 547.000000  0.009741
 548.000000  0.007373
 549.000000  0.009765
 550.000000  0.007397
 551.000000  0.009765
 552.000000  0.007324
 553.000000  0.007300
 554.000000  0.007519
 555.000000  0.007324
 556.000000  0.007471
 557.000000  0.009741
 558.000000  0.007373
 559.000000  0.009765
 560.000000  0.007446
 561.000000  0.007300
 562.000000  0.007397
 563.000000  0.009741
 564.000000  0.007373
 565.000000  0.009765
 566.000000  0.007422
 567.000000  0.009765
 568.000000  0.007397
 569.000000  0.009765
 570.000000  0.007446
 571.000000  0.009765
 572.000000  0.007324
 573.000000  0.009765
 574.000000  0.007324
 575.000000  0.009765
 576.000000  0.007324
 577.000000  0.009741
 578.000000  0.007324
 579.000000  0.009765
 580.000000  0.007349
 581.000000  0.007324
 582.000000  0.007349
 583.000000  0.009765
 584.000000  0.007373
 585.000000  0.009765
 586.000000  0.007373
 587.000000  0.009765
 588.000000  0.007324
 589.000000  0.007324
 590.000000  0.007349
 591.000000  0.009765
 592.000000  0.007373
 593.000000  0.007324
 594.000000  0.007349
 595.000000  0.009765
 596.000000  0.007446
 597.000000  0.009741
 598.000000  0.007349
 599.000000  0.009765
 600.000000  0.007324
 601.000000  0.009765
 602.000000  0.007324
 603.000000  0.009765
 604.000000  0.007568
 605.000000  0.009765
 606.000000  0.007349
 607.000000  0.009765
 608.000000  0.007519
 609.000000  0.009741
 610.000000  0.007397
 611.000000  0.009765
 612.000000  0.009814
 613.000000  0.009765
 614.000000  0.009838
 615.000000  0.009765
 616.000000  0.007349
 617.000000  0.007324
 618.000000  0.007349
 619.000000  0.009765
 620.000000  0.007397
 621.000000  0.009765
 622.000000  0.007349
 623.000000  0.009765
 624.000000  0.009838
 625.000000  0.009765
 626.000000  0.007397
 627.000000  0.009765
 628.000000  0.007471
 629.000000  0.009765
 630.000000  0.007495
 631.000000  0.009765
 632.000000  0.007642
 633.000000  0.009765
 634.000000  0.007935
 635.000000  0.009790
 636.000000  0.008154
 637.000000  0.007324
 638.000000  0.008618
 639.000000  0.009790
 640.000000  0.009668
 641.000000  0.012011
 642.000000  0.009863
 643.000000  0.010083
 644.000000  0.013574
 645.000000  0.012353
 646.000000  0.012451
 647.000000  0.012255
 648.000000  0.011499
 649.000000  0.010010
 650.000000  0.010059
 651.000000  0.009790
 652.000000  0.011841
 653.000000  0.012158
 654.000000  0.014014
 655.000000  0.014819
 656.000000  0.012134
 657.000000  0.012207
 658.000000  0.009814
 659.000000  0.008594
 660.000000  0.009497
 661.000000  0.010156
 662.000000  0.009155
 663.000000  0.009887
 664.000000  0.010791
 665.000000  0.009838
 666.000000  0.010449
 667.000000  0.009838
 668.000000  0.007788
 669.000000  0.007373
 670.000000  0.007837
 671.000000  0.007373
 672.000000  0.007642
 673.000000  0.009814
 674.000000  0.010009
 675.000000  0.009716
 676.000000  0.007642
 677.000000  0.009668
 678.000000  0.007495
 679.000000  0.009741
 680.000000  0.007544
 681.000000  0.007251
 682.000000  0.007666
 683.000000  0.009741
 684.000000  0.007471
 685.000000  0.009765
 686.000000  0.007471
 687.000000  0.007300
 688.000000  0.009961
 689.000000  0.007300
 690.000000  0.010156
 691.000000  0.009716
 692.000000  0.007544
 693.000000  0.009692
 694.000000  0.007446
 695.000000  0.009668
 696.000000  0.009838
 697.000000  0.009741
 698.000000  0.007373
 699.000000  0.009692
 700.000000  0.007446
 701.000000  0.007300
 702.000000  0.007373
 703.000000  0.007300
 704.000000  0.009863
 705.000000  0.009765
 706.000000  0.007349
 707.000000  0.007324
 708.000000  0.007446
 709.000000  0.009741
 710.000000  0.007349
 711.000000  0.009765
 712.000000  0.007373
 713.000000  0.009765
 714.000000  0.007397
 715.000000  0.009741
 716.000000  0.007397
 717.000000  0.009765
 718.000000  0.007324
 719.000000  0.009741
 720.000000  0.007349
 721.000000  0.009765
 722.000000  0.007349
 723.000000  0.009741
 724.000000  0.007373
 725.000000  0.009765
 726.000000  0.007349
 727.000000  0.009790
 728.000000  0.007324
 729.000000  0.007324
 730.000000  0.007349
 731.000000  0.009765
 732.000000  0.007349
 733.000000  0.009765
 734.000000  0.009790
 735.000000  0.009765
 736.000000  0.007324
 737.000000  0.009741
 738.000000  0.007324
 739.000000  0.009765
 740.000000  0.007324
 741.000000  0.009765
 742.000000  0.007324
 743.000000  0.007300
 744.000000  0.007324
 745.000000  0.009765
 746.000000  0.007324
 747.000000  0.007324
 748.000000  0.007324
 749.000000  0.009765
 750.000000  0.007324
 751.000000  0.009692
 752.000000  0.009765
 753.000000  0.009765
 754.000000  0.007349
 755.000000  0.009741
 756.000000  0.007373
 757.000000  0.009741
 758.000000  0.007324
 759.000000  0.007300
 760.000000  0.007324
 761.000000  0.009741
 762.000000  0.007324
 763.000000  0.009765
 764.000000  0.007324
 765.000000  0.009716
 766.000000  0.007324
 767.000000  0.007324
 768.000000  0.007349
 769.000000  0.009765
 770.000000  0.007324
 771.000000  0.009716
 772.000000  0.007324
 773.000000  0.009716
 774.000000  0.009765
 775.000000  0.009765
 776.000000  0.009765
 777.000000  0.009741
 778.000000  0.007324
 779.000000  0.007275
 780.000000  0.007349
 781.000000  0.007275
 782.000000  0.009765
 783.000000  0.009741
 784.000000  0.007397
 785.000000  0.009741
 786.000000  0.007324
 787.000000  0.009716
 788.000000  0.009765
 789.000000  0.009594
 790.000000  0.007324
 791.000000  0.009619
 792.000000  0.007324
 793.000000  0.009716
 794.000000  0.007324
 795.000000  0.009692
 796.000000  0.007397
 797.000000  0.009741
 798.000000  0.007397
 799.000000  0.009668
 800.000000  0.007349
 801.000000  0.009472
 802.000000  0.009741
 803.000000  0.009619
 804.000000  0.007446
 805.000000  0.009765
 806.000000  0.007349
 807.000000  0.009643
 808.000000  0.009814
 809.000000  0.007178
 810.000000  0.007422
 811.000000  0.007202
 812.000000  0.007422
 813.000000  0.006958
 814.000000  0.007300
 815.000000  0.009594
 816.000000  0.007397
 817.000000  0.009521
 818.000000  0.007349
 819.000000  0.009619
 820.000000  0.007446
 821.000000  0.009521
 822.000000  0.007373
 823.000000  0.009521
 824.000000  0.009814
 825.000000  0.009472
 826.000000  0.007349
 827.000000  0.009619
 828.000000  0.007373
 829.000000  0.009594
 830.000000  0.007397
 831.000000  0.009521
 832.000000  0.007349
 833.000000  0.009619
 834.000000  0.007373
 835.000000  0.009594
 836.000000  0.009790
 837.000000  0.009472
 838.000000  0.007324
 839.000000  0.009643
 840.000000  0.007349
 841.000000  0.009643
 842.000000  0.009790
 843.000000  0.009619
 844.000000  0.007324
 845.000000  0.007251
 846.000000  0.009814
 847.000000  0.009643
 848.000000  0.007324
 849.000000  0.009521
 850.000000  0.007324
 851.000000  0.009643
 852.000000  0.007349
 853.000000  0.007104
 854.000000  0.009790
 855.000000  0.009668
 856.000000  0.007349
 857.000000  0.007227
 858.000000  0.007324
 859.000000  0.007153
 860.000000  0.009814
 861.000000  0.009619
 862.000000  0.007324
 863.000000  0.007251
 864.000000  0.007324
 865.000000  0.009668
 866.000000  0.009765
 867.000000  0.007251
 868.000000  0.007349
 869.000000  0.009765
 870.000000  0.007349
 871.000000  0.009643
 872.000000  0.007373
 873.000000  0.009692
 874.000000  0.007373
 875.000000  0.009692
 876.000000  0.007373
 877.000000  0.007178
 878.000000  0.007324
 879.000000  0.007227
 880.000000  0.007324
 881.000000  0.009692
 882.000000  0.007324
 883.000000  0.009716
 884.000000  0.007373
 885.000000  0.009741
 886.000000  0.007324
 887.000000  0.007251
 888.000000  0.007349
 889.000000  0.009716
 890.000000  0.007324
 891.000000  0.009765
 892.000000  0.007324
 893.000000  0.009741
 894.000000  0.007349
 895.000000  0.009765
 896.000000  0.007324
 897.000000  0.009765
 898.000000  0.007324
 899.000000  0.009741
 900.000000  0.007349
 901.000000  0.009765
 902.000000  0.009765
 903.000000  0.009741
 904.000000  0.007324
 905.000000  0.009716
 906.000000  0.009765
 907.000000  0.009741
 908.000000  0.009765
 909.000000  0.009765
 910.000000  0.007324
 911.000000  0.009741
 912.000000  0.007324
 913.000000  0.009716
 914.000000  0.007324
 915.000000  0.009741
 916.000000  0.007324
 917.000000  0.009716
 918.000000  0.009765
 919.000000  0.009692
 920.000000  0.009765
 921.000000  0.009668
 922.000000  0.007324
 923.000000  0.009741
 924.000000  0.007324
 925.000000  0.009668
 926.000000  0.007324
 927.000000  0.009716
 928.000000  0.007324
 929.000000  0.009692
 930.000000  0.007324
 931.000000  0.009765
 932.000000  0.007324
 933.000000  0.009765
 934.000000  0.007324
 935.000000  0.009765
 936.000000  0.007324
 937.000000  0.009741
 938.000000  0.007324
 939.000000  0.009741
 940.000000  0.007349
 941.000000  0.009741
 942.000000  0.007324
 943.000000  0.009765
 944.000000  0.007349
 945.000000  0.007324
 946.000000  0.009765
 947.000000  0.009765
 948.000000  0.007324
 949.000000  0.009668
 950.000000  0.009765
 951.000000  0.009716
 952.000000  0.007324
 953.000000  0.009741
 954.000000  0.007349
 955.000000  0.009765
 956.000000  0.007349
 957.000000  0.009716
 958.000000  0.007422
 959.000000  0.007251
 960.000000  0.007300
 961.000000  0.007202
 962.000000  0.009790
 963.000000  0.007202
 964.000000  0.007324
 965.000000  0.009668
 966.000000  0.007373
 967.000000  0.009692
 968.000000  0.007373
 969.000000  0.009692
 970.000000  0.009863
 971.000000  0.009570
 972.000000  0.007300
 973.000000  0.009545
 974.000000  0.007275
 975.000000  0.009643
 976.000000  0.007349
 977.000000  0.009668
 978.000000  0.007397
 979.000000  0.009619
 980.000000  0.007422
 981.000000  0.009643
 982.000000  0.007446
 983.000000  0.007275
 984.000000  0.007397
 985.000000  0.009570
 986.000000  0.007373
 987.000000  0.009570
 988.000000  0.009838
 989.000000  0.009570
 990.000000  0.007324
 991.000000  0.009668
 992.000000  0.007373
 993.000000  0.009668
 994.000000  0.007446
 995.000000  0.009668
 996.000000  0.007324
 997.000000  0.009594
 998.000000  0.009838
 999.000000  0.009594
 1000.000000  0.009765
 1001.000000  0.009545
 1002.000000  0.007397
 1003.000000  0.009619
 1004.000000  0.007397
 1005.000000  0.009643
 1006.000000  0.007397
 1007.000000  0.009521
 1008.000000  0.007422
 1009.000000  0.009594
 1010.000000  0.007349
 1011.000000  0.009643
 1012.000000  0.007275
 1013.000000  0.009668
 1014.000000  0.007300
 1015.000000  0.009643
 1016.000000  0.007349
 1017.000000  0.009716
 1018.000000  0.007349
 1019.000000  0.009643
 1020.000000  0.007324
 1021.000000  0.009497
 1022.000000  0.007349
 1023.000000  0.009716
