 0.000000  0.008545
 1.000000  0.007324
 2.000000  0.008105
 3.000000  0.007349
 4.000000  0.008350
 5.000000  0.007324
 6.000000  0.008594
 7.000000  0.007373
 8.000000  0.008301
 9.000000  0.007349
 10.000000  0.008398
 11.000000  0.007349
 12.000000  0.008691
 13.000000  0.007324
 14.000000  0.008691
 15.000000  0.007324
 16.000000  0.008398
 17.000000  0.007324
 18.000000  0.008740
 19.000000  0.007397
 20.000000  0.008105
 21.000000  0.007373
 22.000000  0.008472
 23.000000  0.007373
 24.000000  0.008618
 25.000000  0.007324
 26.000000  0.009277
 27.000000  0.009790
 28.000000  0.008740
 29.000000  0.007324
 30.000000  0.008472
 31.000000  0.007446
 32.000000  0.008643
 33.000000  0.007324
 34.000000  0.008838
 35.000000  0.007324
 36.000000  0.008643
 37.000000  0.007349
 38.000000  0.008911
 39.000000  0.009790
 40.000000  0.008838
 41.000000  0.007324
 42.000000  0.008618
 43.000000  0.007373
 44.000000  0.008496
 45.000000  0.007349
 46.000000  0.008618
 47.000000  0.007349
 48.000000  0.008716
 49.000000  0.007349
 50.000000  0.008179
 51.000000  0.007324
 52.000000  0.008423
 53.000000  0.007349
 54.000000  0.008447
 55.000000  0.007349
 56.000000  0.008813
 57.000000  0.007324
 58.000000  0.008838
 59.000000  0.009765
 60.000000  0.008667
 61.000000  0.009765
 62.000000  0.008008
 63.000000  0.007324
 64.000000  0.008740
 65.000000  0.007324
 66.000000  0.008472
 67.000000  0.009765
 68.000000  0.008276
 69.000000  0.007324
 70.000000  0.008252
 71.000000  0.007349
 72.000000  0.008472
 73.000000  0.007349
 74.000000  0.008423
 75.000000  0.007422
 76.000000  0.008813
 77.000000  0.007373
 78.000000  0.008472
 79.000000  0.007373
 80.000000  0.008643
 81.000000  0.007324
 82.000000  0.008252
 83.000000  0.007397
 84.000000  0.008398
 85.000000  0.007397
 86.000000  0.008594
 87.000000  0.007349
 88.000000  0.008569
 89.000000  0.007227
 90.000000  0.008472
 91.000000  0.007324
 92.000000  0.008789
 93.000000  0.008008
 94.000000  0.008936
 95.000000  0.007764
 96.000000  0.008520
 97.000000  0.007715
 98.000000  0.008496
 99.000000  0.007519
 100.000000  0.008130
 101.000000  0.009790
 102.000000  0.008203
 103.000000  0.009912
 104.000000  0.008447
 105.000000  0.007397
 106.000000  0.008862
 107.000000  0.007446
 108.000000  0.008691
 109.000000  0.009814
 110.000000  0.008520
 111.000000  0.007519
 112.000000  0.008398
 113.000000  0.007422
 114.000000  0.008545
 115.000000  0.007471
 116.000000  0.008618
 117.000000  0.007373
 118.000000  0.008520
 119.000000  0.007373
 120.000000  0.008813
 121.000000  0.007422
 122.000000  0.008398
 123.000000  0.007373
 124.000000  0.008374
 125.000000  0.007397
 126.000000  0.008594
 127.000000  0.009863
 128.000000  0.008301
 129.000000  0.007349
 130.000000  0.008496
 131.000000  0.009790
 132.000000  0.008545
 133.000000  0.007568
 134.000000  0.008594
 135.000000  0.009814
 136.000000  0.008447
 137.000000  0.007349
 138.000000  0.008496
 139.000000  0.007324
 140.000000  0.008423
 141.000000  0.007397
 142.000000  0.008398
 143.000000  0.007373
 144.000000  0.008130
 145.000000  0.009790
 146.000000  0.008325
 147.000000  0.007397
 148.000000  0.008374
 149.000000  0.009765
 150.000000  0.008179
 151.000000  0.007324
 152.000000  0.008154
 153.000000  0.007324
 154.000000  0.008423
 155.000000  0.007324
 156.000000  0.008325
 157.000000  0.009765
 158.000000  0.008252
 159.000000  0.007324
 160.000000  0.008716
 161.000000  0.007324
 162.000000  0.008154
 163.000000  0.007324
 164.000000  0.007788
 165.000000  0.007349
 166.000000  0.007910
 167.000000  0.007324
 168.000000  0.008105
 169.000000  0.009765
 170.000000  0.008105
 171.000000  0.007324
 172.000000  0.007886
 173.000000  0.007349
 174.000000  0.008081
 175.000000  0.007324
 176.000000  0.008032
 177.000000  0.007324
 178.000000  0.007983
 179.000000  0.009765
 180.000000  0.007812
 181.000000  0.007324
 182.000000  0.008130
 183.000000  0.007324
 184.000000  0.008154
 185.000000  0.007324
 186.000000  0.008496
 187.000000  0.007324
 188.000000  0.007959
 189.000000  0.007349
 190.000000  0.008130
 191.000000  0.007349
 192.000000  0.008130
 193.000000  0.007349
 194.000000  0.007886
 195.000000  0.007324
 196.000000  0.010302
 197.000000  0.007324
 198.000000  0.008154
 199.000000  0.009765
 200.000000  0.007935
 201.000000  0.009765
 202.000000  0.008203
 203.000000  0.007324
 204.000000  0.008154
 205.000000  0.007324
 206.000000  0.007959
 207.000000  0.007349
 208.000000  0.007812
 209.000000  0.009765
 210.000000  0.008032
 211.000000  0.007324
 212.000000  0.007837
 213.000000  0.009765
 214.000000  0.007959
 215.000000  0.007324
 216.000000  0.008154
 217.000000  0.007324
 218.000000  0.008130
 219.000000  0.009814
 220.000000  0.007886
 221.000000  0.007349
 222.000000  0.007837
 223.000000  0.007349
 224.000000  0.008081
 225.000000  0.007324
 226.000000  0.007910
 227.000000  0.009765
 228.000000  0.007983
 229.000000  0.009765
 230.000000  0.008374
 231.000000  0.007349
 232.000000  0.007788
 233.000000  0.009765
 234.000000  0.007788
 235.000000  0.007373
 236.000000  0.008032
 237.000000  0.007324
 238.000000  0.008179
 239.000000  0.009765
 240.000000  0.008154
 241.000000  0.007324
 242.000000  0.007983
 243.000000  0.009765
 244.000000  0.007959
 245.000000  0.007593
 246.000000  0.008447
 247.000000  0.007519
 248.000000  0.008105
 249.000000  0.007275
 250.000000  0.007666
 251.000000  0.007471
 252.000000  0.008496
 253.000000  0.007471
 254.000000  0.008130
 255.000000  0.009936
 256.000000  0.008398
 257.000000  0.007422
 258.000000  0.008252
 259.000000  0.007422
 260.000000  0.008301
 261.000000  0.007324
 262.000000  0.007861
 263.000000  0.009838
 264.000000  0.007642
 265.000000  0.009765
 266.000000  0.007788
 267.000000  0.009790
 268.000000  0.007812
 269.000000  0.009790
 270.000000  0.008179
 271.000000  0.007324
 272.000000  0.007788
 273.000000  0.007324
 274.000000  0.008252
 275.000000  0.009838
 276.000000  0.008154
 277.000000  0.009765
 278.000000  0.008227
 279.000000  0.007349
 280.000000  0.008008
 281.000000  0.009765
 282.000000  0.007935
 283.000000  0.009790
 284.000000  0.007837
 285.000000  0.007324
 286.000000  0.007764
 287.000000  0.007324
 288.000000  0.007812
 289.000000  0.009765
 290.000000  0.007959
 291.000000  0.007324
 292.000000  0.008057
 293.000000  0.007324
 294.000000  0.008057
 295.000000  0.009790
 296.000000  0.007983
 297.000000  0.009790
 298.000000  0.008130
 299.000000  0.009790
 300.000000  0.007886
 301.000000  0.007349
 302.000000  0.007861
 303.000000  0.009765
 304.000000  0.008130
 305.000000  0.007324
 306.000000  0.007788
 307.000000  0.009790
 308.000000  0.007983
 309.000000  0.009765
 310.000000  0.008032
 311.000000  0.007324
 312.000000  0.007812
 313.000000  0.007324
 314.000000  0.007910
 315.000000  0.009765
 316.000000  0.007983
 317.000000  0.007324
 318.000000  0.008081
 319.000000  0.007349
 320.000000  0.007642
 321.000000  0.009765
 322.000000  0.007935
 323.000000  0.009765
 324.000000  0.007910
 325.000000  0.007324
 326.000000  0.007690
 327.000000  0.007324
 328.000000  0.007715
 329.000000  0.009765
 330.000000  0.007935
 331.000000  0.009765
 332.000000  0.008057
 333.000000  0.009765
 334.000000  0.007886
 335.000000  0.009765
 336.000000  0.007910
 337.000000  0.007349
 338.000000  0.008130
 339.000000  0.007324
 340.000000  0.007910
 341.000000  0.009790
 342.000000  0.010131
 343.000000  0.009765
 344.000000  0.008057
 345.000000  0.009765
 346.000000  0.008057
 347.000000  0.007324
 348.000000  0.007690
 349.000000  0.009765
 350.000000  0.008179
 351.000000  0.009765
 352.000000  0.007812
 353.000000  0.009765
 354.000000  0.007886
 355.000000  0.007324
 356.000000  0.007788
 357.000000  0.007324
 358.000000  0.008105
 359.000000  0.009765
 360.000000  0.008203
 361.000000  0.007324
 362.000000  0.007983
 363.000000  0.009765
 364.000000  0.007788
 365.000000  0.007324
 366.000000  0.008154
 367.000000  0.007324
 368.000000  0.007910
 369.000000  0.007349
 370.000000  0.007910
 371.000000  0.009765
 372.000000  0.008032
 373.000000  0.009765
 374.000000  0.008179
 375.000000  0.009765
 376.000000  0.007812
 377.000000  0.007324
 378.000000  0.008154
 379.000000  0.007349
 380.000000  0.008081
 381.000000  0.009765
 382.000000  0.007861
 383.000000  0.007324
 384.000000  0.008081
 385.000000  0.007324
 386.000000  0.007959
 387.000000  0.009765
 388.000000  0.007861
 389.000000  0.009765
 390.000000  0.008154
 391.000000  0.009765
 392.000000  0.008032
 393.000000  0.007349
 394.000000  0.007959
 395.000000  0.007349
 396.000000  0.008105
 397.000000  0.007324
 398.000000  0.008301
 399.000000  0.007324
 400.000000  0.008130
 401.000000  0.009741
 402.000000  0.007764
 403.000000  0.007397
 404.000000  0.008154
 405.000000  0.007764
 406.000000  0.009155
 407.000000  0.007886
 408.000000  0.008276
 409.000000  0.010131
 410.000000  0.008520
 411.000000  0.009863
 412.000000  0.007861
 413.000000  0.007324
 414.000000  0.008325
 415.000000  0.009814
 416.000000  0.008227
 417.000000  0.007446
 418.000000  0.008252
 419.000000  0.007397
 420.000000  0.008398
 421.000000  0.007324
 422.000000  0.008105
 423.000000  0.007349
 424.000000  0.008203
 425.000000  0.009838
 426.000000  0.008130
 427.000000  0.009765
 428.000000  0.008130
 429.000000  0.009765
 430.000000  0.008154
 431.000000  0.009765
 432.000000  0.008105
 433.000000  0.007373
 434.000000  0.007886
 435.000000  0.009765
 436.000000  0.007715
 437.000000  0.009765
 438.000000  0.007837
 439.000000  0.009790
 440.000000  0.007959
 441.000000  0.009814
 442.000000  0.008057
 443.000000  0.009790
 444.000000  0.008179
 445.000000  0.009765
 446.000000  0.008252
 447.000000  0.007349
 448.000000  0.007983
 449.000000  0.009790
 450.000000  0.007983
 451.000000  0.009765
 452.000000  0.007837
 453.000000  0.009765
 454.000000  0.007959
 455.000000  0.009765
 456.000000  0.007959
 457.000000  0.009765
 458.000000  0.008057
 459.000000  0.009765
 460.000000  0.008252
 461.000000  0.009790
 462.000000  0.007910
 463.000000  0.009765
 464.000000  0.008154
 465.000000  0.009765
 466.000000  0.008179
 467.000000  0.007324
 468.000000  0.007837
 469.000000  0.007324
 470.000000  0.007837
 471.000000  0.009765
 472.000000  0.007861
 473.000000  0.007324
 474.000000  0.007959
 475.000000  0.009790
 476.000000  0.007959
 477.000000  0.007324
 478.000000  0.008032
 479.000000  0.009765
 480.000000  0.008276
 481.000000  0.009814
 482.000000  0.007910
 483.000000  0.007349
 484.000000  0.007715
 485.000000  0.009765
 486.000000  0.007910
 487.000000  0.007324
 488.000000  0.007861
 489.000000  0.007324
 490.000000  0.007739
 491.000000  0.009765
 492.000000  0.007886
 493.000000  0.009765
 494.000000  0.007959
 495.000000  0.009765
 496.000000  0.007959
 497.000000  0.007324
 498.000000  0.007861
 499.000000  0.009765
 500.000000  0.007935
 501.000000  0.009790
 502.000000  0.007690
 503.000000  0.009765
 504.000000  0.007959
 505.000000  0.009790
 506.000000  0.007910
 507.000000  0.007324
 508.000000  0.007935
 509.000000  0.007324
 510.000000  0.008154
 511.000000  0.009765
 512.000000  0.007886
 513.000000  0.007324
 514.000000  0.008057
 515.000000  0.007349
 516.000000  0.007983
 517.000000  0.007324
 518.000000  0.007666
 519.000000  0.007324
 520.000000  0.007935
 521.000000  0.007324
 522.000000  0.007910
 523.000000  0.009765
 524.000000  0.007764
 525.000000  0.009765
 526.000000  0.008032
 527.000000  0.009765
 528.000000  0.007935
 529.000000  0.009765
 530.000000  0.007886
 531.000000  0.009765
 532.000000  0.007861
 533.000000  0.007349
 534.000000  0.007788
 535.000000  0.007349
 536.000000  0.007593
 537.000000  0.009765
 538.000000  0.007983
 539.000000  0.009814
 540.000000  0.008227
 541.000000  0.007324
 542.000000  0.008105
 543.000000  0.007373
 544.000000  0.007568
 545.000000  0.007349
 546.000000  0.008032
 547.000000  0.009790
 548.000000  0.007764
 549.000000  0.009790
 550.000000  0.007739
 551.000000  0.009814
 552.000000  0.007739
 553.000000  0.007349
 554.000000  0.007788
 555.000000  0.007324
 556.000000  0.007935
 557.000000  0.009936
 558.000000  0.008423
 559.000000  0.010009
 560.000000  0.008252
 561.000000  0.007349
 562.000000  0.007739
 563.000000  0.009594
 564.000000  0.008154
 565.000000  0.009887
 566.000000  0.007983
 567.000000  0.009985
 568.000000  0.008618
 569.000000  0.010034
 570.000000  0.008374
 571.000000  0.009814
 572.000000  0.008130
 573.000000  0.009814
 574.000000  0.008179
 575.000000  0.009741
 576.000000  0.007690
 577.000000  0.009765
 578.000000  0.008032
 579.000000  0.009863
 580.000000  0.007935
 581.000000  0.007373
 582.000000  0.007886
 583.000000  0.009790
 584.000000  0.008057
 585.000000  0.009765
 586.000000  0.007764
 587.000000  0.009912
 588.000000  0.007764
 589.000000  0.007446
 590.000000  0.008008
 591.000000  0.009887
 592.000000  0.008252
 593.000000  0.007397
 594.000000  0.008008
 595.000000  0.009838
 596.000000  0.008545
 597.000000  0.009765
 598.000000  0.007837
 599.000000  0.009790
 600.000000  0.007642
 601.000000  0.009765
 602.000000  0.008057
 603.000000  0.009790
 604.000000  0.008350
 605.000000  0.009790
 606.000000  0.008276
 607.000000  0.009814
 608.000000  0.008569
 609.000000  0.009790
 610.000000  0.008447
 611.000000  0.009765
 612.000000  0.010400
 613.000000  0.009814
 614.000000  0.010693
 615.000000  0.009790
 616.000000  0.008447
 617.000000  0.007324
 618.000000  0.008301
 619.000000  0.009814
 620.000000  0.008716
 621.000000  0.009765
 622.000000  0.008447
 623.000000  0.009814
 624.000000  0.011401
 625.000000  0.009765
 626.000000  0.008936
 627.000000  0.009790
 628.000000  0.009180
 629.000000  0.009814
 630.000000  0.008887
 631.000000  0.009814
 632.000000  0.009277
 633.000000  0.009887
 634.000000  0.009473
 635.000000  0.010034
 636.000000  0.009424
 637.000000  0.007959
 638.000000  0.009692
 639.000000  0.010742
 640.000000  0.009766
 641.000000  0.011303
 642.000000  0.009766
 643.000000  0.009766
 644.000000  0.012475
 645.000000  0.012207
 646.000000  0.012451
 647.000000  0.012207
 648.000000  0.010449
 649.000000  0.009912
 650.000000  0.010986
 651.000000  0.010303
 652.000000  0.011670
 653.000000  0.011645
 654.000000  0.013086
 655.000000  0.015405
 656.000000  0.014331
 657.000000  0.015210
 658.000000  0.013013
 659.000000  0.012866
 660.000000  0.019751
 661.000000  0.047534
 662.000000  0.080420
 663.000000  0.095385
 664.000000  0.097046
 665.000000  0.068261
 666.000000  0.030273
 667.000000  0.016992
 668.000000  0.012207
 669.000000  0.009790
 670.000000  0.009790
 671.000000  0.009717
 672.000000  0.009766
 673.000000  0.011645
 674.000000  0.012182
 675.000000  0.010815
 676.000000  0.009766
 677.000000  0.010327
 678.000000  0.009521
 679.000000  0.009961
 680.000000  0.009375
 681.000000  0.007446
 682.000000  0.009253
 683.000000  0.009814
 684.000000  0.009204
 685.000000  0.009838
 686.000000  0.009058
 687.000000  0.007519
 688.000000  0.011743
 689.000000  0.007373
 690.000000  0.011792
 691.000000  0.009765
 692.000000  0.008984
 693.000000  0.009765
 694.000000  0.008765
 695.000000  0.009790
 696.000000  0.010791
 697.000000  0.009887
 698.000000  0.008545
 699.000000  0.009790
 700.000000  0.008887
 701.000000  0.007349
 702.000000  0.008398
 703.000000  0.007397
 704.000000  0.011010
 705.000000  0.009765
 706.000000  0.008301
 707.000000  0.007422
 708.000000  0.008569
 709.000000  0.009790
 710.000000  0.008911
 711.000000  0.009790
 712.000000  0.008740
 713.000000  0.009863
 714.000000  0.008325
 715.000000  0.010083
 716.000000  0.008398
 717.000000  0.009887
 718.000000  0.009058
 719.000000  0.010473
 720.000000  0.008667
 721.000000  0.010400
 722.000000  0.008740
 723.000000  0.010083
 724.000000  0.008325
 725.000000  0.009814
 726.000000  0.008203
 727.000000  0.009936
 728.000000  0.008130
 729.000000  0.007471
 730.000000  0.008179
 731.000000  0.009936
 732.000000  0.008179
 733.000000  0.009838
 734.000000  0.011206
 735.000000  0.009887
 736.000000  0.008032
 737.000000  0.009838
 738.000000  0.008276
 739.000000  0.009790
 740.000000  0.008203
 741.000000  0.009814
 742.000000  0.008325
 743.000000  0.007349
 744.000000  0.008179
 745.000000  0.009838
 746.000000  0.008057
 747.000000  0.007349
 748.000000  0.008252
 749.000000  0.009765
 750.000000  0.008276
 751.000000  0.009814
 752.000000  0.010546
 753.000000  0.009814
 754.000000  0.008179
 755.000000  0.009765
 756.000000  0.008057
 757.000000  0.009790
 758.000000  0.008081
 759.000000  0.007324
 760.000000  0.008350
 761.000000  0.009790
 762.000000  0.007886
 763.000000  0.009765
 764.000000  0.007935
 765.000000  0.009765
 766.000000  0.007642
 767.000000  0.007324
 768.000000  0.007739
 769.000000  0.009790
 770.000000  0.007642
 771.000000  0.009765
 772.000000  0.007764
 773.000000  0.009765
 774.000000  0.010156
 775.000000  0.009765
 776.000000  0.010351
 777.000000  0.009765
 778.000000  0.007788
 779.000000  0.007324
 780.000000  0.007886
 781.000000  0.007324
 782.000000  0.010034
 783.000000  0.009765
 784.000000  0.007568
 785.000000  0.009765
 786.000000  0.007593
 787.000000  0.009765
 788.000000  0.010302
 789.000000  0.009765
 790.000000  0.007861
 791.000000  0.009765
 792.000000  0.007666
 793.000000  0.009765
 794.000000  0.007715
 795.000000  0.009765
 796.000000  0.007788
 797.000000  0.009790
 798.000000  0.007690
 799.000000  0.009765
 800.000000  0.007861
 801.000000  0.009790
 802.000000  0.010180
 803.000000  0.009765
 804.000000  0.007568
 805.000000  0.009765
 806.000000  0.007642
 807.000000  0.009765
 808.000000  0.010083
 809.000000  0.007349
 810.000000  0.008057
 811.000000  0.007324
 812.000000  0.007544
 813.000000  0.007324
 814.000000  0.007544
 815.000000  0.009765
 816.000000  0.007861
 817.000000  0.009765
 818.000000  0.007861
 819.000000  0.009765
 820.000000  0.007861
 821.000000  0.009765
 822.000000  0.007690
 823.000000  0.009765
 824.000000  0.010205
 825.000000  0.009765
 826.000000  0.007544
 827.000000  0.009765
 828.000000  0.007642
 829.000000  0.009765
 830.000000  0.007568
 831.000000  0.009765
 832.000000  0.007812
 833.000000  0.009765
 834.000000  0.007642
 835.000000  0.009765
 836.000000  0.010034
 837.000000  0.009765
 838.000000  0.007617
 839.000000  0.009765
 840.000000  0.007812
 841.000000  0.009765
 842.000000  0.010131
 843.000000  0.009765
 844.000000  0.007690
 845.000000  0.007324
 846.000000  0.009985
 847.000000  0.009765
 848.000000  0.007471
 849.000000  0.009790
 850.000000  0.007568
 851.000000  0.009765
 852.000000  0.007788
 853.000000  0.007324
 854.000000  0.010498
 855.000000  0.009765
 856.000000  0.007788
 857.000000  0.007324
 858.000000  0.007690
 859.000000  0.007324
 860.000000  0.010205
 861.000000  0.009765
 862.000000  0.007715
 863.000000  0.007324
 864.000000  0.007519
 865.000000  0.009765
 866.000000  0.010253
 867.000000  0.007373
 868.000000  0.007788
 869.000000  0.009765
 870.000000  0.008350
 871.000000  0.010009
 872.000000  0.007983
 873.000000  0.010083
 874.000000  0.007593
 875.000000  0.009521
 876.000000  0.007812
 877.000000  0.007324
 878.000000  0.008179
 879.000000  0.007397
 880.000000  0.008081
 881.000000  0.010009
 882.000000  0.008252
 883.000000  0.009887
 884.000000  0.008008
 885.000000  0.009790
 886.000000  0.008032
 887.000000  0.007349
 888.000000  0.007715
 889.000000  0.009765
 890.000000  0.007739
 891.000000  0.009863
 892.000000  0.007739
 893.000000  0.009790
 894.000000  0.007764
 895.000000  0.009790
 896.000000  0.007910
 897.000000  0.009765
 898.000000  0.007471
 899.000000  0.009765
 900.000000  0.007861
 901.000000  0.009765
 902.000000  0.010083
 903.000000  0.009765
 904.000000  0.007837
 905.000000  0.009790
 906.000000  0.010351
 907.000000  0.009790
 908.000000  0.010180
 909.000000  0.009790
 910.000000  0.007544
 911.000000  0.009790
 912.000000  0.007642
 913.000000  0.009765
 914.000000  0.007690
 915.000000  0.009765
 916.000000  0.007495
 917.000000  0.009765
 918.000000  0.010229
 919.000000  0.009790
 920.000000  0.010302
 921.000000  0.009765
 922.000000  0.007690
 923.000000  0.009765
 924.000000  0.007617
 925.000000  0.009765
 926.000000  0.007617
 927.000000  0.009765
 928.000000  0.007812
 929.000000  0.009790
 930.000000  0.007690
 931.000000  0.009790
 932.000000  0.007642
 933.000000  0.009790
 934.000000  0.007690
 935.000000  0.009765
 936.000000  0.007739
 937.000000  0.009765
 938.000000  0.007666
 939.000000  0.009765
 940.000000  0.007519
 941.000000  0.009765
 942.000000  0.007642
 943.000000  0.009765
 944.000000  0.007642
 945.000000  0.007324
 946.000000  0.010327
 947.000000  0.009765
 948.000000  0.007788
 949.000000  0.009765
 950.000000  0.009961
 951.000000  0.009765
 952.000000  0.007690
 953.000000  0.009765
 954.000000  0.007715
 955.000000  0.009765
 956.000000  0.007715
 957.000000  0.009765
 958.000000  0.007446
 959.000000  0.007324
 960.000000  0.007544
 961.000000  0.007324
 962.000000  0.010253
 963.000000  0.007324
 964.000000  0.007495
 965.000000  0.009765
 966.000000  0.007568
 967.000000  0.009765
 968.000000  0.007593
 969.000000  0.009765
 970.000000  0.010034
 971.000000  0.009765
 972.000000  0.007959
 973.000000  0.009765
 974.000000  0.007642
 975.000000  0.009765
 976.000000  0.007397
 977.000000  0.009765
 978.000000  0.007642
 979.000000  0.009765
 980.000000  0.007544
 981.000000  0.009790
 982.000000  0.007617
 983.000000  0.007324
 984.000000  0.007544
 985.000000  0.009765
 986.000000  0.007568
 987.000000  0.009765
 988.000000  0.010131
 989.000000  0.009765
 990.000000  0.007739
 991.000000  0.009765
 992.000000  0.007568
 993.000000  0.009765
 994.000000  0.007519
 995.000000  0.009765
 996.000000  0.007544
 997.000000  0.009765
 998.000000  0.009936
 999.000000  0.009765
 1000.000000  0.010058
 1001.000000  0.009765
 1002.000000  0.007495
 1003.000000  0.009765
 1004.000000  0.007617
 1005.000000  0.009765
 1006.000000  0.007666
 1007.000000  0.009765
 1008.000000  0.007739
 1009.000000  0.009765
 1010.000000  0.007422
 1011.000000  0.009765
 1012.000000  0.007397
 1013.000000  0.009765
 1014.000000  0.007422
 1015.000000  0.009765
 1016.000000  0.007617
 1017.000000  0.009765
 1018.000000  0.007495
 1019.000000  0.009765
 1020.000000  0.007568
 1021.000000  0.009765
 1022.000000  0.007471
 1023.000000  0.009790
