 0.000000  0.008252
 1.000000  0.007373
 2.000000  0.008179
 3.000000  0.007446
 4.000000  0.008496
 5.000000  0.007349
 6.000000  0.008472
 7.000000  0.007397
 8.000000  0.008423
 9.000000  0.007471
 10.000000  0.008276
 11.000000  0.007373
 12.000000  0.008374
 13.000000  0.007495
 14.000000  0.008423
 15.000000  0.007495
 16.000000  0.008227
 17.000000  0.007471
 18.000000  0.008398
 19.000000  0.007544
 20.000000  0.008179
 21.000000  0.007519
 22.000000  0.008276
 23.000000  0.007422
 24.000000  0.008276
 25.000000  0.007495
 26.000000  0.008765
 27.000000  0.009863
 28.000000  0.008398
 29.000000  0.007373
 30.000000  0.008203
 31.000000  0.007446
 32.000000  0.008643
 33.000000  0.007397
 34.000000  0.008594
 35.000000  0.007422
 36.000000  0.008374
 37.000000  0.007349
 38.000000  0.008496
 39.000000  0.009814
 40.000000  0.008691
 41.000000  0.007349
 42.000000  0.008496
 43.000000  0.007349
 44.000000  0.008667
 45.000000  0.007373
 46.000000  0.008325
 47.000000  0.007349
 48.000000  0.008423
 49.000000  0.007349
 50.000000  0.008252
 51.000000  0.007397
 52.000000  0.008057
 53.000000  0.007397
 54.000000  0.008154
 55.000000  0.007397
 56.000000  0.008398
 57.000000  0.007349
 58.000000  0.008398
 59.000000  0.009765
 60.000000  0.008032
 61.000000  0.009790
 62.000000  0.008008
 63.000000  0.007349
 64.000000  0.008301
 65.000000  0.007324
 66.000000  0.008227
 67.000000  0.009790
 68.000000  0.007910
 69.000000  0.007324
 70.000000  0.008252
 71.000000  0.007373
 72.000000  0.008081
 73.000000  0.007324
 74.000000  0.008350
 75.000000  0.007373
 76.000000  0.008301
 77.000000  0.007349
 78.000000  0.008105
 79.000000  0.007324
 80.000000  0.008130
 81.000000  0.007349
 82.000000  0.008081
 83.000000  0.007324
 84.000000  0.007910
 85.000000  0.007349
 86.000000  0.008081
 87.000000  0.007324
 88.000000  0.008276
 89.000000  0.007349
 90.000000  0.008325
 91.000000  0.007324
 92.000000  0.008008
 93.000000  0.007324
 94.000000  0.007983
 95.000000  0.007324
 96.000000  0.008032
 97.000000  0.007324
 98.000000  0.008057
 99.000000  0.007324
 100.000000  0.008081
 101.000000  0.009765
 102.000000  0.007861
 103.000000  0.009790
 104.000000  0.007910
 105.000000  0.007324
 106.000000  0.008154
 107.000000  0.007349
 108.000000  0.008520
 109.000000  0.009790
 110.000000  0.008154
 111.000000  0.007324
 112.000000  0.007910
 113.000000  0.007349
 114.000000  0.007886
 115.000000  0.007324
 116.000000  0.008179
 117.000000  0.007324
 118.000000  0.008423
 119.000000  0.007324
 120.000000  0.008032
 121.000000  0.007324
 122.000000  0.008203
 123.000000  0.007324
 124.000000  0.008008
 125.000000  0.007324
 126.000000  0.008252
 127.000000  0.009765
 128.000000  0.008105
 129.000000  0.007324
 130.000000  0.008154
 131.000000  0.009790
 132.000000  0.008081
 133.000000  0.007324
 134.000000  0.008105
 135.000000  0.009790
 136.000000  0.007886
 137.000000  0.007324
 138.000000  0.007910
 139.000000  0.007349
 140.000000  0.008276
 141.000000  0.007349
 142.000000  0.008203
 143.000000  0.007300
 144.000000  0.007935
 145.000000  0.009790
 146.000000  0.007983
 147.000000  0.007373
 148.000000  0.008350
 149.000000  0.009814
 150.000000  0.008154
 151.000000  0.007300
 152.000000  0.008179
 153.000000  0.007397
 154.000000  0.008130
 155.000000  0.007373
 156.000000  0.008276
 157.000000  0.009838
 158.000000  0.008276
 159.000000  0.007349
 160.000000  0.008447
 161.000000  0.007422
 162.000000  0.008105
 163.000000  0.007349
 164.000000  0.007886
 165.000000  0.007397
 166.000000  0.007983
 167.000000  0.007300
 168.000000  0.008301
 169.000000  0.009912
 170.000000  0.008252
 171.000000  0.007373
 172.000000  0.007910
 173.000000  0.007373
 174.000000  0.008105
 175.000000  0.007373
 176.000000  0.008081
 177.000000  0.007324
 178.000000  0.008008
 179.000000  0.009814
 180.000000  0.008105
 181.000000  0.007373
 182.000000  0.007910
 183.000000  0.007422
 184.000000  0.008032
 185.000000  0.007495
 186.000000  0.008179
 187.000000  0.007349
 188.000000  0.008032
 189.000000  0.007373
 190.000000  0.007910
 191.000000  0.007300
 192.000000  0.007861
 193.000000  0.007373
 194.000000  0.007935
 195.000000  0.007349
 196.000000  0.010449
 197.000000  0.007324
 198.000000  0.007910
 199.000000  0.009790
 200.000000  0.007861
 201.000000  0.009765
 202.000000  0.007837
 203.000000  0.007324
 204.000000  0.007886
 205.000000  0.007349
 206.000000  0.007812
 207.000000  0.007324
 208.000000  0.007812
 209.000000  0.009765
 210.000000  0.007959
 211.000000  0.007349
 212.000000  0.007764
 213.000000  0.009765
 214.000000  0.007788
 215.000000  0.007324
 216.000000  0.007739
 217.000000  0.007324
 218.000000  0.007617
 219.000000  0.009765
 220.000000  0.007666
 221.000000  0.007324
 222.000000  0.007642
 223.000000  0.007324
 224.000000  0.007690
 225.000000  0.007324
 226.000000  0.007568
 227.000000  0.009765
 228.000000  0.007959
 229.000000  0.009765
 230.000000  0.007886
 231.000000  0.007300
 232.000000  0.007812
 233.000000  0.009765
 234.000000  0.007642
 235.000000  0.007324
 236.000000  0.007568
 237.000000  0.007324
 238.000000  0.007886
 239.000000  0.009765
 240.000000  0.007593
 241.000000  0.007324
 242.000000  0.007788
 243.000000  0.009765
 244.000000  0.007568
 245.000000  0.007324
 246.000000  0.007715
 247.000000  0.007324
 248.000000  0.007959
 249.000000  0.007324
 250.000000  0.007593
 251.000000  0.007349
 252.000000  0.007642
 253.000000  0.007324
 254.000000  0.007446
 255.000000  0.009765
 256.000000  0.007617
 257.000000  0.007324
 258.000000  0.007446
 259.000000  0.007324
 260.000000  0.007788
 261.000000  0.007324
 262.000000  0.007544
 263.000000  0.009765
 264.000000  0.007544
 265.000000  0.009765
 266.000000  0.007471
 267.000000  0.009765
 268.000000  0.007349
 269.000000  0.009765
 270.000000  0.007593
 271.000000  0.007324
 272.000000  0.007495
 273.000000  0.007324
 274.000000  0.007519
 275.000000  0.009765
 276.000000  0.007568
 277.000000  0.009765
 278.000000  0.007690
 279.000000  0.007324
 280.000000  0.007935
 281.000000  0.009765
 282.000000  0.007715
 283.000000  0.009765
 284.000000  0.007568
 285.000000  0.007324
 286.000000  0.007471
 287.000000  0.007324
 288.000000  0.007568
 289.000000  0.009765
 290.000000  0.007642
 291.000000  0.007324
 292.000000  0.007544
 293.000000  0.007324
 294.000000  0.007715
 295.000000  0.009765
 296.000000  0.007812
 297.000000  0.009790
 298.000000  0.007739
 299.000000  0.009790
 300.000000  0.007471
 301.000000  0.007349
 302.000000  0.007617
 303.000000  0.009790
 304.000000  0.007666
 305.000000  0.007300
 306.000000  0.007739
 307.000000  0.009838
 308.000000  0.007837
 309.000000  0.009765
 310.000000  0.007812
 311.000000  0.007349
 312.000000  0.007812
 313.000000  0.007349
 314.000000  0.007812
 315.000000  0.009790
 316.000000  0.007935
 317.000000  0.007300
 318.000000  0.007666
 319.000000  0.007324
 320.000000  0.007739
 321.000000  0.009790
 322.000000  0.007593
 323.000000  0.009741
 324.000000  0.007739
 325.000000  0.007300
 326.000000  0.007568
 327.000000  0.007397
 328.000000  0.007812
 329.000000  0.009790
 330.000000  0.007861
 331.000000  0.009741
 332.000000  0.007837
 333.000000  0.009790
 334.000000  0.007861
 335.000000  0.009814
 336.000000  0.007764
 337.000000  0.007373
 338.000000  0.008008
 339.000000  0.007397
 340.000000  0.007861
 341.000000  0.009790
 342.000000  0.010180
 343.000000  0.009765
 344.000000  0.007764
 345.000000  0.009790
 346.000000  0.007837
 347.000000  0.007324
 348.000000  0.007861
 349.000000  0.009765
 350.000000  0.007690
 351.000000  0.009765
 352.000000  0.007861
 353.000000  0.009765
 354.000000  0.007690
 355.000000  0.007324
 356.000000  0.007544
 357.000000  0.007349
 358.000000  0.007739
 359.000000  0.009765
 360.000000  0.007739
 361.000000  0.007324
 362.000000  0.007666
 363.000000  0.009790
 364.000000  0.007593
 365.000000  0.007324
 366.000000  0.007935
 367.000000  0.007324
 368.000000  0.007666
 369.000000  0.007324
 370.000000  0.007764
 371.000000  0.009765
 372.000000  0.007886
 373.000000  0.009765
 374.000000  0.007666
 375.000000  0.009765
 376.000000  0.007788
 377.000000  0.007349
 378.000000  0.007642
 379.000000  0.007349
 380.000000  0.007690
 381.000000  0.009765
 382.000000  0.007617
 383.000000  0.007324
 384.000000  0.007642
 385.000000  0.007349
 386.000000  0.007666
 387.000000  0.009765
 388.000000  0.007471
 389.000000  0.009765
 390.000000  0.007788
 391.000000  0.009790
 392.000000  0.007593
 393.000000  0.007324
 394.000000  0.007495
 395.000000  0.007324
 396.000000  0.007617
 397.000000  0.007324
 398.000000  0.007568
 399.000000  0.007324
 400.000000  0.007764
 401.000000  0.009765
 402.000000  0.007519
 403.000000  0.007324
 404.000000  0.007519
 405.000000  0.007324
 406.000000  0.007593
 407.000000  0.007324
 408.000000  0.007715
 409.000000  0.009765
 410.000000  0.007690
 411.000000  0.009765
 412.000000  0.007690
 413.000000  0.007324
 414.000000  0.007935
 415.000000  0.009765
 416.000000  0.007593
 417.000000  0.007324
 418.000000  0.007568
 419.000000  0.007324
 420.000000  0.007715
 421.000000  0.007324
 422.000000  0.007495
 423.000000  0.007324
 424.000000  0.007495
 425.000000  0.009765
 426.000000  0.007471
 427.000000  0.009765
 428.000000  0.007617
 429.000000  0.009765
 430.000000  0.007739
 431.000000  0.009765
 432.000000  0.007715
 433.000000  0.007324
 434.000000  0.007544
 435.000000  0.009765
 436.000000  0.007519
 437.000000  0.009765
 438.000000  0.007471
 439.000000  0.009765
 440.000000  0.007495
 441.000000  0.009765
 442.000000  0.007642
 443.000000  0.009765
 444.000000  0.007642
 445.000000  0.009765
 446.000000  0.007739
 447.000000  0.007324
 448.000000  0.007568
 449.000000  0.009765
 450.000000  0.007446
 451.000000  0.009765
 452.000000  0.007422
 453.000000  0.009765
 454.000000  0.007544
 455.000000  0.009765
 456.000000  0.007690
 457.000000  0.009790
 458.000000  0.007715
 459.000000  0.009790
 460.000000  0.007886
 461.000000  0.009814
 462.000000  0.007642
 463.000000  0.009741
 464.000000  0.007861
 465.000000  0.009765
 466.000000  0.007959
 467.000000  0.007300
 468.000000  0.007739
 469.000000  0.007349
 470.000000  0.007642
 471.000000  0.009765
 472.000000  0.007788
 473.000000  0.007397
 474.000000  0.007812
 475.000000  0.009765
 476.000000  0.007959
 477.000000  0.007349
 478.000000  0.007666
 479.000000  0.009765
 480.000000  0.007886
 481.000000  0.009838
 482.000000  0.007812
 483.000000  0.007349
 484.000000  0.007715
 485.000000  0.009863
 486.000000  0.007812
 487.000000  0.007373
 488.000000  0.007690
 489.000000  0.007300
 490.000000  0.007886
 491.000000  0.009790
 492.000000  0.008032
 493.000000  0.009887
 494.000000  0.007837
 495.000000  0.009814
 496.000000  0.007812
 497.000000  0.007373
 498.000000  0.007690
 499.000000  0.009765
 500.000000  0.007666
 501.000000  0.009716
 502.000000  0.007715
 503.000000  0.009765
 504.000000  0.007886
 505.000000  0.009765
 506.000000  0.007666
 507.000000  0.007324
 508.000000  0.007715
 509.000000  0.007324
 510.000000  0.007837
 511.000000  0.009790
 512.000000  0.007764
 513.000000  0.007349
 514.000000  0.007568
 515.000000  0.007349
 516.000000  0.007471
 517.000000  0.007349
 518.000000  0.007642
 519.000000  0.007324
 520.000000  0.007739
 521.000000  0.007300
 522.000000  0.007519
 523.000000  0.009790
 524.000000  0.007519
 525.000000  0.009765
 526.000000  0.007617
 527.000000  0.009765
 528.000000  0.007642
 529.000000  0.009765
 530.000000  0.007593
 531.000000  0.009765
 532.000000  0.007544
 533.000000  0.007324
 534.000000  0.007446
 535.000000  0.007324
 536.000000  0.007544
 537.000000  0.009765
 538.000000  0.007471
 539.000000  0.009765
 540.000000  0.007642
 541.000000  0.007324
 542.000000  0.007568
 543.000000  0.007324
 544.000000  0.007471
 545.000000  0.007324
 546.000000  0.007544
 547.000000  0.009765
 548.000000  0.007446
 549.000000  0.009790
 550.000000  0.007471
 551.000000  0.009765
 552.000000  0.007373
 553.000000  0.007324
 554.000000  0.007519
 555.000000  0.007324
 556.000000  0.007446
 557.000000  0.009765
 558.000000  0.007422
 559.000000  0.009765
 560.000000  0.007544
 561.000000  0.007324
 562.000000  0.007568
 563.000000  0.009765
 564.000000  0.007422
 565.000000  0.009765
 566.000000  0.007471
 567.000000  0.009765
 568.000000  0.007495
 569.000000  0.009765
 570.000000  0.007446
 571.000000  0.009765
 572.000000  0.007422
 573.000000  0.009765
 574.000000  0.007495
 575.000000  0.009765
 576.000000  0.007446
 577.000000  0.009765
 578.000000  0.007519
 579.000000  0.009765
 580.000000  0.007568
 581.000000  0.007324
 582.000000  0.007446
 583.000000  0.009765
 584.000000  0.007544
 585.000000  0.009765
 586.000000  0.007373
 587.000000  0.009765
 588.000000  0.007495
 589.000000  0.007324
 590.000000  0.007617
 591.000000  0.009790
 592.000000  0.007690
 593.000000  0.007324
 594.000000  0.007617
 595.000000  0.009765
 596.000000  0.007910
 597.000000  0.009765
 598.000000  0.007593
 599.000000  0.009765
 600.000000  0.007495
 601.000000  0.009741
 602.000000  0.007593
 603.000000  0.009765
 604.000000  0.008105
 605.000000  0.009790
 606.000000  0.008105
 607.000000  0.009765
 608.000000  0.008667
 609.000000  0.009814
 610.000000  0.008545
 611.000000  0.009838
 612.000000  0.011181
 613.000000  0.009790
 614.000000  0.011279
 615.000000  0.010058
 616.000000  0.008936
 617.000000  0.007642
 618.000000  0.009106
 619.000000  0.010131
 620.000000  0.009619
 621.000000  0.010498
 622.000000  0.009570
 623.000000  0.011450
 624.000000  0.012207
 625.000000  0.012036
 626.000000  0.009888
 627.000000  0.012182
 628.000000  0.010498
 629.000000  0.013769
 630.000000  0.019214
 631.000000  0.044311
 632.000000  0.068921
 633.000000  0.072558
 634.000000  0.066016
 635.000000  0.037817
 636.000000  0.016943
 637.000000  0.013330
 638.000000  0.013013
 639.000000  0.014038
 640.000000  0.010962
 641.000000  0.011865
 642.000000  0.009692
 643.000000  0.008447
 644.000000  0.012036
 645.000000  0.010376
 646.000000  0.011547
 647.000000  0.010083
 648.000000  0.008545
 649.000000  0.007544
 650.000000  0.008423
 651.000000  0.007471
 652.000000  0.008227
 653.000000  0.007397
 654.000000  0.008057
 655.000000  0.009838
 656.000000  0.008203
 657.000000  0.009814
 658.000000  0.008032
 659.000000  0.007373
 660.000000  0.008179
 661.000000  0.009838
 662.000000  0.007837
 663.000000  0.009765
 664.000000  0.010156
 665.000000  0.009814
 666.000000  0.010253
 667.000000  0.009838
 668.000000  0.007886
 669.000000  0.007324
 670.000000  0.007764
 671.000000  0.007324
 672.000000  0.007910
 673.000000  0.009765
 674.000000  0.010107
 675.000000  0.009790
 676.000000  0.007739
 677.000000  0.009741
 678.000000  0.007593
 679.000000  0.009765
 680.000000  0.007642
 681.000000  0.007324
 682.000000  0.007788
 683.000000  0.009765
 684.000000  0.007739
 685.000000  0.009765
 686.000000  0.007495
 687.000000  0.007324
 688.000000  0.010058
 689.000000  0.007324
 690.000000  0.010034
 691.000000  0.009765
 692.000000  0.007642
 693.000000  0.009790
 694.000000  0.007519
 695.000000  0.009765
 696.000000  0.009814
 697.000000  0.009741
 698.000000  0.007544
 699.000000  0.009765
 700.000000  0.007495
 701.000000  0.007324
 702.000000  0.007446
 703.000000  0.007324
 704.000000  0.010131
 705.000000  0.009741
 706.000000  0.007471
 707.000000  0.007324
 708.000000  0.007617
 709.000000  0.009765
 710.000000  0.007495
 711.000000  0.009765
 712.000000  0.007495
 713.000000  0.009765
 714.000000  0.007544
 715.000000  0.009765
 716.000000  0.007568
 717.000000  0.009765
 718.000000  0.007519
 719.000000  0.009765
 720.000000  0.007495
 721.000000  0.009765
 722.000000  0.007446
 723.000000  0.009765
 724.000000  0.007397
 725.000000  0.009765
 726.000000  0.007446
 727.000000  0.009765
 728.000000  0.007324
 729.000000  0.007324
 730.000000  0.007544
 731.000000  0.009765
 732.000000  0.007397
 733.000000  0.009765
 734.000000  0.009912
 735.000000  0.009765
 736.000000  0.007397
 737.000000  0.009765
 738.000000  0.007373
 739.000000  0.009765
 740.000000  0.007397
 741.000000  0.009765
 742.000000  0.007544
 743.000000  0.007324
 744.000000  0.007422
 745.000000  0.009765
 746.000000  0.007373
 747.000000  0.007324
 748.000000  0.007519
 749.000000  0.009741
 750.000000  0.007373
 751.000000  0.009765
 752.000000  0.009863
 753.000000  0.009765
 754.000000  0.007373
 755.000000  0.009765
 756.000000  0.007324
 757.000000  0.009765
 758.000000  0.007446
 759.000000  0.007324
 760.000000  0.007422
 761.000000  0.009765
 762.000000  0.007397
 763.000000  0.009765
 764.000000  0.007349
 765.000000  0.009765
 766.000000  0.007349
 767.000000  0.007300
 768.000000  0.007324
 769.000000  0.009765
 770.000000  0.007349
 771.000000  0.009741
 772.000000  0.007422
 773.000000  0.009765
 774.000000  0.009887
 775.000000  0.009765
 776.000000  0.009863
 777.000000  0.009692
 778.000000  0.007495
 779.000000  0.007202
 780.000000  0.007397
 781.000000  0.007349
 782.000000  0.009936
 783.000000  0.009741
 784.000000  0.007422
 785.000000  0.009765
 786.000000  0.007519
 787.000000  0.009692
 788.000000  0.010009
 789.000000  0.009765
 790.000000  0.007617
 791.000000  0.009716
 792.000000  0.007446
 793.000000  0.009692
 794.000000  0.007593
 795.000000  0.009643
 796.000000  0.007666
 797.000000  0.009741
 798.000000  0.007544
 799.000000  0.009790
 800.000000  0.007568
 801.000000  0.009741
 802.000000  0.009838
 803.000000  0.009668
 804.000000  0.007642
 805.000000  0.009716
 806.000000  0.007519
 807.000000  0.009741
 808.000000  0.010107
 809.000000  0.007324
 810.000000  0.007642
 811.000000  0.007349
 812.000000  0.007495
 813.000000  0.007275
 814.000000  0.007446
 815.000000  0.009765
 816.000000  0.007471
 817.000000  0.009692
 818.000000  0.007373
 819.000000  0.009741
 820.000000  0.007471
 821.000000  0.009765
 822.000000  0.007397
 823.000000  0.009765
 824.000000  0.009912
 825.000000  0.009741
 826.000000  0.007397
 827.000000  0.009765
 828.000000  0.007397
 829.000000  0.009741
 830.000000  0.007397
 831.000000  0.009765
 832.000000  0.007373
 833.000000  0.009765
 834.000000  0.007446
 835.000000  0.009765
 836.000000  0.009887
 837.000000  0.009765
 838.000000  0.007422
 839.000000  0.009765
 840.000000  0.007471
 841.000000  0.009741
 842.000000  0.009814
 843.000000  0.009765
 844.000000  0.007397
 845.000000  0.007324
 846.000000  0.009814
 847.000000  0.009765
 848.000000  0.007324
 849.000000  0.009765
 850.000000  0.007324
 851.000000  0.009765
 852.000000  0.007373
 853.000000  0.007300
 854.000000  0.009936
 855.000000  0.009765
 856.000000  0.007324
 857.000000  0.007324
 858.000000  0.007373
 859.000000  0.007324
 860.000000  0.009765
 861.000000  0.009765
 862.000000  0.007373
 863.000000  0.007324
 864.000000  0.007324
 865.000000  0.009765
 866.000000  0.009765
 867.000000  0.007324
 868.000000  0.007324
 869.000000  0.009765
 870.000000  0.007324
 871.000000  0.009741
 872.000000  0.007324
 873.000000  0.009765
 874.000000  0.007349
 875.000000  0.009741
 876.000000  0.007324
 877.000000  0.007324
 878.000000  0.007349
 879.000000  0.007324
 880.000000  0.007324
 881.000000  0.009765
 882.000000  0.007373
 883.000000  0.009765
 884.000000  0.007324
 885.000000  0.009765
 886.000000  0.007373
 887.000000  0.007300
 888.000000  0.007324
 889.000000  0.009765
 890.000000  0.007422
 891.000000  0.009765
 892.000000  0.007324
 893.000000  0.009765
 894.000000  0.007324
 895.000000  0.009765
 896.000000  0.007324
 897.000000  0.009765
 898.000000  0.007324
 899.000000  0.009765
 900.000000  0.007373
 901.000000  0.009765
 902.000000  0.009838
 903.000000  0.009765
 904.000000  0.007422
 905.000000  0.009741
 906.000000  0.009765
 907.000000  0.009765
 908.000000  0.009838
 909.000000  0.009765
 910.000000  0.007422
 911.000000  0.009765
 912.000000  0.007422
 913.000000  0.009765
 914.000000  0.007349
 915.000000  0.009765
 916.000000  0.007397
 917.000000  0.009765
 918.000000  0.009961
 919.000000  0.009741
 920.000000  0.009936
 921.000000  0.009765
 922.000000  0.007373
 923.000000  0.009741
 924.000000  0.007446
 925.000000  0.009790
 926.000000  0.007397
 927.000000  0.009765
 928.000000  0.007422
 929.000000  0.009741
 930.000000  0.007397
 931.000000  0.009741
 932.000000  0.007422
 933.000000  0.009765
 934.000000  0.007519
 935.000000  0.009692
 936.000000  0.007593
 937.000000  0.009741
 938.000000  0.007593
 939.000000  0.009570
 940.000000  0.007422
 941.000000  0.009741
 942.000000  0.007471
 943.000000  0.009668
 944.000000  0.007568
 945.000000  0.007251
 946.000000  0.009863
 947.000000  0.009741
 948.000000  0.007446
 949.000000  0.009716
 950.000000  0.009887
 951.000000  0.009814
 952.000000  0.007422
 953.000000  0.009692
 954.000000  0.007544
 955.000000  0.009790
 956.000000  0.007568
 957.000000  0.009668
 958.000000  0.007495
 959.000000  0.007324
 960.000000  0.007519
 961.000000  0.007275
 962.000000  0.009961
 963.000000  0.007202
 964.000000  0.007471
 965.000000  0.009741
 966.000000  0.007519
 967.000000  0.009668
 968.000000  0.007544
 969.000000  0.009814
 970.000000  0.009985
 971.000000  0.009692
 972.000000  0.007568
 973.000000  0.009741
 974.000000  0.007422
 975.000000  0.009765
 976.000000  0.007397
 977.000000  0.009741
 978.000000  0.007349
 979.000000  0.009741
 980.000000  0.007422
 981.000000  0.009716
 982.000000  0.007397
 983.000000  0.007324
 984.000000  0.007397
 985.000000  0.009765
 986.000000  0.007373
 987.000000  0.009716
 988.000000  0.009887
 989.000000  0.009716
 990.000000  0.007397
 991.000000  0.009741
 992.000000  0.007373
 993.000000  0.009765
 994.000000  0.007373
 995.000000  0.009765
 996.000000  0.007349
 997.000000  0.009765
 998.000000  0.009838
 999.000000  0.009741
 1000.000000  0.009863
 1001.000000  0.009765
 1002.000000  0.007373
 1003.000000  0.009741
 1004.000000  0.007349
 1005.000000  0.009765
 1006.000000  0.007324
 1007.000000  0.009741
 1008.000000  0.007349
 1009.000000  0.009716
 1010.000000  0.007324
 1011.000000  0.009765
 1012.000000  0.007324
 1013.000000  0.009765
 1014.000000  0.007324
 1015.000000  0.009716
 1016.000000  0.007349
 1017.000000  0.009765
 1018.000000  0.007324
 1019.000000  0.009741
 1020.000000  0.007324
 1021.000000  0.009765
 1022.000000  0.007324
 1023.000000  0.009741
