 0.000000  0.008276
 1.000000  0.007349
 2.000000  0.008325
 3.000000  0.007373
 4.000000  0.008520
 5.000000  0.007373
 6.000000  0.008594
 7.000000  0.007349
 8.000000  0.008276
 9.000000  0.007373
 10.000000  0.008105
 11.000000  0.007324
 12.000000  0.008472
 13.000000  0.007373
 14.000000  0.008350
 15.000000  0.007349
 16.000000  0.008643
 17.000000  0.007349
 18.000000  0.008594
 19.000000  0.007422
 20.000000  0.008057
 21.000000  0.007349
 22.000000  0.008130
 23.000000  0.007324
 24.000000  0.008447
 25.000000  0.007349
 26.000000  0.009106
 27.000000  0.009814
 28.000000  0.008447
 29.000000  0.007373
 30.000000  0.008618
 31.000000  0.007446
 32.000000  0.008569
 33.000000  0.007373
 34.000000  0.008740
 35.000000  0.007397
 36.000000  0.008594
 37.000000  0.007422
 38.000000  0.008594
 39.000000  0.009912
 40.000000  0.008643
 41.000000  0.007422
 42.000000  0.008374
 43.000000  0.007446
 44.000000  0.008423
 45.000000  0.007349
 46.000000  0.008643
 47.000000  0.007495
 48.000000  0.008618
 49.000000  0.007593
 50.000000  0.008154
 51.000000  0.007373
 52.000000  0.008203
 53.000000  0.007397
 54.000000  0.008350
 55.000000  0.007422
 56.000000  0.008569
 57.000000  0.007373
 58.000000  0.008887
 59.000000  0.009887
 60.000000  0.008398
 61.000000  0.009912
 62.000000  0.008374
 63.000000  0.007471
 64.000000  0.008472
 65.000000  0.007446
 66.000000  0.008398
 67.000000  0.009838
 68.000000  0.008301
 69.000000  0.007397
 70.000000  0.008276
 71.000000  0.007495
 72.000000  0.007935
 73.000000  0.007324
 74.000000  0.008227
 75.000000  0.007373
 76.000000  0.008252
 77.000000  0.007349
 78.000000  0.008154
 79.000000  0.007373
 80.000000  0.008472
 81.000000  0.007397
 82.000000  0.008227
 83.000000  0.007300
 84.000000  0.008154
 85.000000  0.007446
 86.000000  0.008398
 87.000000  0.007422
 88.000000  0.008374
 89.000000  0.007349
 90.000000  0.008447
 91.000000  0.007446
 92.000000  0.008325
 93.000000  0.007397
 94.000000  0.008252
 95.000000  0.007349
 96.000000  0.008227
 97.000000  0.007324
 98.000000  0.008569
 99.000000  0.007349
 100.000000  0.008350
 101.000000  0.009838
 102.000000  0.008154
 103.000000  0.009790
 104.000000  0.008081
 105.000000  0.007324
 106.000000  0.008447
 107.000000  0.007324
 108.000000  0.008374
 109.000000  0.009814
 110.000000  0.008325
 111.000000  0.007324
 112.000000  0.007959
 113.000000  0.007324
 114.000000  0.008276
 115.000000  0.007349
 116.000000  0.008081
 117.000000  0.007349
 118.000000  0.008301
 119.000000  0.007324
 120.000000  0.008545
 121.000000  0.007349
 122.000000  0.008227
 123.000000  0.007324
 124.000000  0.008203
 125.000000  0.007349
 126.000000  0.008374
 127.000000  0.009765
 128.000000  0.008301
 129.000000  0.007324
 130.000000  0.008276
 131.000000  0.009790
 132.000000  0.008032
 133.000000  0.007324
 134.000000  0.008301
 135.000000  0.009765
 136.000000  0.007959
 137.000000  0.007324
 138.000000  0.008350
 139.000000  0.007324
 140.000000  0.008398
 141.000000  0.007324
 142.000000  0.008325
 143.000000  0.007349
 144.000000  0.007861
 145.000000  0.009765
 146.000000  0.008081
 147.000000  0.007324
 148.000000  0.008081
 149.000000  0.009765
 150.000000  0.008179
 151.000000  0.007324
 152.000000  0.008057
 153.000000  0.007324
 154.000000  0.008130
 155.000000  0.007324
 156.000000  0.007861
 157.000000  0.009765
 158.000000  0.007983
 159.000000  0.007324
 160.000000  0.008105
 161.000000  0.007373
 162.000000  0.008276
 163.000000  0.007324
 164.000000  0.007739
 165.000000  0.007324
 166.000000  0.007959
 167.000000  0.007324
 168.000000  0.008081
 169.000000  0.009765
 170.000000  0.008081
 171.000000  0.007349
 172.000000  0.007983
 173.000000  0.007324
 174.000000  0.007764
 175.000000  0.007324
 176.000000  0.007959
 177.000000  0.007324
 178.000000  0.007910
 179.000000  0.009765
 180.000000  0.007764
 181.000000  0.007324
 182.000000  0.007788
 183.000000  0.007349
 184.000000  0.008154
 185.000000  0.007324
 186.000000  0.008105
 187.000000  0.007324
 188.000000  0.007837
 189.000000  0.007349
 190.000000  0.007959
 191.000000  0.007373
 192.000000  0.007983
 193.000000  0.007349
 194.000000  0.008032
 195.000000  0.007397
 196.000000  0.010449
 197.000000  0.007373
 198.000000  0.008179
 199.000000  0.009790
 200.000000  0.008154
 201.000000  0.009790
 202.000000  0.008154
 203.000000  0.007373
 204.000000  0.007886
 205.000000  0.007349
 206.000000  0.007983
 207.000000  0.007324
 208.000000  0.008081
 209.000000  0.009838
 210.000000  0.008252
 211.000000  0.007397
 212.000000  0.008032
 213.000000  0.009814
 214.000000  0.008081
 215.000000  0.007349
 216.000000  0.008154
 217.000000  0.007300
 218.000000  0.008008
 219.000000  0.009838
 220.000000  0.007983
 221.000000  0.007373
 222.000000  0.007910
 223.000000  0.007397
 224.000000  0.008008
 225.000000  0.007349
 226.000000  0.007983
 227.000000  0.009790
 228.000000  0.008227
 229.000000  0.009814
 230.000000  0.008447
 231.000000  0.007397
 232.000000  0.008179
 233.000000  0.009814
 234.000000  0.007861
 235.000000  0.007324
 236.000000  0.007959
 237.000000  0.007422
 238.000000  0.008105
 239.000000  0.009790
 240.000000  0.008008
 241.000000  0.007373
 242.000000  0.008032
 243.000000  0.009741
 244.000000  0.007837
 245.000000  0.007349
 246.000000  0.008032
 247.000000  0.007349
 248.000000  0.008008
 249.000000  0.007373
 250.000000  0.007739
 251.000000  0.007324
 252.000000  0.008008
 253.000000  0.007324
 254.000000  0.007739
 255.000000  0.009814
 256.000000  0.007959
 257.000000  0.007373
 258.000000  0.007837
 259.000000  0.007324
 260.000000  0.008081
 261.000000  0.007324
 262.000000  0.007519
 263.000000  0.009765
 264.000000  0.007715
 265.000000  0.009765
 266.000000  0.007812
 267.000000  0.009765
 268.000000  0.007666
 269.000000  0.009765
 270.000000  0.007788
 271.000000  0.007324
 272.000000  0.007837
 273.000000  0.007324
 274.000000  0.007764
 275.000000  0.009765
 276.000000  0.007690
 277.000000  0.009765
 278.000000  0.007788
 279.000000  0.007324
 280.000000  0.007959
 281.000000  0.009765
 282.000000  0.007715
 283.000000  0.009765
 284.000000  0.007788
 285.000000  0.007324
 286.000000  0.007519
 287.000000  0.007324
 288.000000  0.007739
 289.000000  0.009765
 290.000000  0.007861
 291.000000  0.007324
 292.000000  0.007739
 293.000000  0.007324
 294.000000  0.007886
 295.000000  0.009765
 296.000000  0.007739
 297.000000  0.009765
 298.000000  0.007739
 299.000000  0.009765
 300.000000  0.007666
 301.000000  0.007324
 302.000000  0.007764
 303.000000  0.009765
 304.000000  0.007935
 305.000000  0.007324
 306.000000  0.007617
 307.000000  0.009765
 308.000000  0.007666
 309.000000  0.009765
 310.000000  0.007544
 311.000000  0.007324
 312.000000  0.007788
 313.000000  0.007324
 314.000000  0.007861
 315.000000  0.009765
 316.000000  0.007715
 317.000000  0.007324
 318.000000  0.007593
 319.000000  0.007349
 320.000000  0.007642
 321.000000  0.009765
 322.000000  0.007715
 323.000000  0.009765
 324.000000  0.007568
 325.000000  0.007324
 326.000000  0.007593
 327.000000  0.007324
 328.000000  0.007690
 329.000000  0.009765
 330.000000  0.007812
 331.000000  0.009790
 332.000000  0.007666
 333.000000  0.009765
 334.000000  0.007593
 335.000000  0.009814
 336.000000  0.007739
 337.000000  0.007349
 338.000000  0.008032
 339.000000  0.007324
 340.000000  0.007715
 341.000000  0.009814
 342.000000  0.010083
 343.000000  0.009765
 344.000000  0.007715
 345.000000  0.009765
 346.000000  0.007983
 347.000000  0.007324
 348.000000  0.007935
 349.000000  0.009790
 350.000000  0.007959
 351.000000  0.009765
 352.000000  0.007886
 353.000000  0.009790
 354.000000  0.007739
 355.000000  0.007397
 356.000000  0.007764
 357.000000  0.007373
 358.000000  0.007959
 359.000000  0.009765
 360.000000  0.007935
 361.000000  0.007422
 362.000000  0.007959
 363.000000  0.009790
 364.000000  0.007690
 365.000000  0.007349
 366.000000  0.007886
 367.000000  0.007300
 368.000000  0.008008
 369.000000  0.007349
 370.000000  0.007764
 371.000000  0.009765
 372.000000  0.008130
 373.000000  0.009790
 374.000000  0.007837
 375.000000  0.009741
 376.000000  0.008057
 377.000000  0.007324
 378.000000  0.008227
 379.000000  0.007422
 380.000000  0.008032
 381.000000  0.009887
 382.000000  0.007861
 383.000000  0.007397
 384.000000  0.007959
 385.000000  0.007373
 386.000000  0.007983
 387.000000  0.009790
 388.000000  0.007764
 389.000000  0.009765
 390.000000  0.008008
 391.000000  0.009863
 392.000000  0.007837
 393.000000  0.007349
 394.000000  0.007739
 395.000000  0.007349
 396.000000  0.007837
 397.000000  0.007324
 398.000000  0.007715
 399.000000  0.007324
 400.000000  0.008008
 401.000000  0.009765
 402.000000  0.007739
 403.000000  0.007324
 404.000000  0.007739
 405.000000  0.007324
 406.000000  0.007715
 407.000000  0.007349
 408.000000  0.007788
 409.000000  0.009765
 410.000000  0.007861
 411.000000  0.009790
 412.000000  0.007788
 413.000000  0.007373
 414.000000  0.007910
 415.000000  0.009765
 416.000000  0.007910
 417.000000  0.007324
 418.000000  0.007837
 419.000000  0.007349
 420.000000  0.007935
 421.000000  0.007324
 422.000000  0.007788
 423.000000  0.007349
 424.000000  0.007593
 425.000000  0.009765
 426.000000  0.007715
 427.000000  0.009790
 428.000000  0.007642
 429.000000  0.009765
 430.000000  0.007886
 431.000000  0.009790
 432.000000  0.007788
 433.000000  0.007324
 434.000000  0.007471
 435.000000  0.009765
 436.000000  0.007519
 437.000000  0.009765
 438.000000  0.007715
 439.000000  0.009765
 440.000000  0.007715
 441.000000  0.009765
 442.000000  0.007642
 443.000000  0.009765
 444.000000  0.007861
 445.000000  0.009765
 446.000000  0.007812
 447.000000  0.007349
 448.000000  0.007446
 449.000000  0.009765
 450.000000  0.007568
 451.000000  0.009765
 452.000000  0.007446
 453.000000  0.009765
 454.000000  0.007910
 455.000000  0.009765
 456.000000  0.007642
 457.000000  0.009765
 458.000000  0.007861
 459.000000  0.009765
 460.000000  0.007910
 461.000000  0.009765
 462.000000  0.007642
 463.000000  0.009765
 464.000000  0.008057
 465.000000  0.009765
 466.000000  0.007983
 467.000000  0.007324
 468.000000  0.007715
 469.000000  0.007349
 470.000000  0.007715
 471.000000  0.009765
 472.000000  0.007690
 473.000000  0.007324
 474.000000  0.007837
 475.000000  0.009765
 476.000000  0.007715
 477.000000  0.007324
 478.000000  0.007715
 479.000000  0.009765
 480.000000  0.007739
 481.000000  0.009765
 482.000000  0.007544
 483.000000  0.007324
 484.000000  0.007495
 485.000000  0.009765
 486.000000  0.007519
 487.000000  0.007324
 488.000000  0.007690
 489.000000  0.007324
 490.000000  0.007666
 491.000000  0.009765
 492.000000  0.007617
 493.000000  0.009765
 494.000000  0.007593
 495.000000  0.009765
 496.000000  0.007861
 497.000000  0.007349
 498.000000  0.007739
 499.000000  0.009765
 500.000000  0.007837
 501.000000  0.009814
 502.000000  0.007715
 503.000000  0.009741
 504.000000  0.007886
 505.000000  0.009741
 506.000000  0.007593
 507.000000  0.007324
 508.000000  0.007788
 509.000000  0.007373
 510.000000  0.008227
 511.000000  0.009790
 512.000000  0.007568
 513.000000  0.007349
 514.000000  0.007617
 515.000000  0.007300
 516.000000  0.007739
 517.000000  0.007324
 518.000000  0.007788
 519.000000  0.007349
 520.000000  0.007983
 521.000000  0.007373
 522.000000  0.007764
 523.000000  0.009838
 524.000000  0.007690
 525.000000  0.009790
 526.000000  0.007910
 527.000000  0.009790
 528.000000  0.007861
 529.000000  0.009790
 530.000000  0.008057
 531.000000  0.009790
 532.000000  0.007861
 533.000000  0.007397
 534.000000  0.007739
 535.000000  0.007373
 536.000000  0.007739
 537.000000  0.009765
 538.000000  0.007764
 539.000000  0.009765
 540.000000  0.008032
 541.000000  0.007349
 542.000000  0.007886
 543.000000  0.007324
 544.000000  0.007837
 545.000000  0.007349
 546.000000  0.007886
 547.000000  0.009814
 548.000000  0.007837
 549.000000  0.009838
 550.000000  0.007812
 551.000000  0.009887
 552.000000  0.007764
 553.000000  0.007349
 554.000000  0.007788
 555.000000  0.007373
 556.000000  0.007739
 557.000000  0.009765
 558.000000  0.007910
 559.000000  0.009790
 560.000000  0.007739
 561.000000  0.007324
 562.000000  0.007837
 563.000000  0.009765
 564.000000  0.007495
 565.000000  0.009765
 566.000000  0.007568
 567.000000  0.009790
 568.000000  0.007715
 569.000000  0.009765
 570.000000  0.007812
 571.000000  0.009790
 572.000000  0.007666
 573.000000  0.009765
 574.000000  0.007617
 575.000000  0.009765
 576.000000  0.007593
 577.000000  0.009838
 578.000000  0.007715
 579.000000  0.009790
 580.000000  0.007593
 581.000000  0.007324
 582.000000  0.007544
 583.000000  0.009765
 584.000000  0.007593
 585.000000  0.009765
 586.000000  0.007544
 587.000000  0.009765
 588.000000  0.007446
 589.000000  0.007324
 590.000000  0.007666
 591.000000  0.009765
 592.000000  0.007788
 593.000000  0.007324
 594.000000  0.007642
 595.000000  0.009790
 596.000000  0.007764
 597.000000  0.009765
 598.000000  0.007544
 599.000000  0.009790
 600.000000  0.007446
 601.000000  0.009765
 602.000000  0.007666
 603.000000  0.009765
 604.000000  0.008105
 605.000000  0.009765
 606.000000  0.007910
 607.000000  0.009765
 608.000000  0.008032
 609.000000  0.009765
 610.000000  0.007764
 611.000000  0.009765
 612.000000  0.010327
 613.000000  0.009765
 614.000000  0.010302
 615.000000  0.009765
 616.000000  0.007886
 617.000000  0.007324
 618.000000  0.007788
 619.000000  0.009765
 620.000000  0.008179
 621.000000  0.009765
 622.000000  0.008154
 623.000000  0.009765
 624.000000  0.010766
 625.000000  0.009765
 626.000000  0.008545
 627.000000  0.009765
 628.000000  0.008667
 629.000000  0.009790
 630.000000  0.008691
 631.000000  0.009912
 632.000000  0.008887
 633.000000  0.009765
 634.000000  0.009228
 635.000000  0.010083
 636.000000  0.009277
 637.000000  0.007739
 638.000000  0.009521
 639.000000  0.010302
 640.000000  0.009766
 641.000000  0.012182
 642.000000  0.011182
 643.000000  0.012109
 644.000000  0.015405
 645.000000  0.014624
 646.000000  0.014648
 647.000000  0.013842
 648.000000  0.012207
 649.000000  0.012061
 650.000000  0.012476
 651.000000  0.014185
 652.000000  0.018018
 653.000000  0.025464
 654.000000  0.036572
 655.000000  0.046679
 656.000000  0.051172
 657.000000  0.053369
 658.000000  0.044165
 659.000000  0.033252
 660.000000  0.024609
 661.000000  0.021997
 662.000000  0.019751
 663.000000  0.019995
 664.000000  0.019287
 665.000000  0.016210
 666.000000  0.013110
 667.000000  0.011962
 668.000000  0.009668
 669.000000  0.008154
 670.000000  0.009473
 671.000000  0.007788
 672.000000  0.009204
 673.000000  0.010107
 674.000000  0.011401
 675.000000  0.009961
 676.000000  0.008789
 677.000000  0.009961
 678.000000  0.008374
 679.000000  0.009790
 680.000000  0.008301
 681.000000  0.007422
 682.000000  0.008154
 683.000000  0.009838
 684.000000  0.008594
 685.000000  0.009936
 686.000000  0.008227
 687.000000  0.007471
 688.000000  0.010571
 689.000000  0.007397
 690.000000  0.010888
 691.000000  0.009814
 692.000000  0.008374
 693.000000  0.009765
 694.000000  0.007959
 695.000000  0.009814
 696.000000  0.010278
 697.000000  0.009790
 698.000000  0.008008
 699.000000  0.009765
 700.000000  0.007812
 701.000000  0.007349
 702.000000  0.008252
 703.000000  0.007422
 704.000000  0.010327
 705.000000  0.009741
 706.000000  0.007935
 707.000000  0.007446
 708.000000  0.008203
 709.000000  0.009790
 710.000000  0.008008
 711.000000  0.009790
 712.000000  0.007983
 713.000000  0.009814
 714.000000  0.007959
 715.000000  0.009838
 716.000000  0.007983
 717.000000  0.009814
 718.000000  0.007910
 719.000000  0.009765
 720.000000  0.007935
 721.000000  0.009790
 722.000000  0.007837
 723.000000  0.009765
 724.000000  0.007935
 725.000000  0.009838
 726.000000  0.007788
 727.000000  0.009790
 728.000000  0.007666
 729.000000  0.007373
 730.000000  0.007837
 731.000000  0.009790
 732.000000  0.007519
 733.000000  0.009765
 734.000000  0.010180
 735.000000  0.009765
 736.000000  0.007593
 737.000000  0.009765
 738.000000  0.007519
 739.000000  0.009765
 740.000000  0.007690
 741.000000  0.009765
 742.000000  0.007617
 743.000000  0.007324
 744.000000  0.007764
 745.000000  0.009790
 746.000000  0.007471
 747.000000  0.007324
 748.000000  0.007666
 749.000000  0.009765
 750.000000  0.007593
 751.000000  0.009765
 752.000000  0.009961
 753.000000  0.009765
 754.000000  0.007642
 755.000000  0.009765
 756.000000  0.007690
 757.000000  0.009765
 758.000000  0.007593
 759.000000  0.007324
 760.000000  0.007495
 761.000000  0.009765
 762.000000  0.007373
 763.000000  0.009765
 764.000000  0.007446
 765.000000  0.009765
 766.000000  0.007349
 767.000000  0.007324
 768.000000  0.007446
 769.000000  0.009765
 770.000000  0.007519
 771.000000  0.009765
 772.000000  0.007349
 773.000000  0.009765
 774.000000  0.009887
 775.000000  0.009765
 776.000000  0.010131
 777.000000  0.009765
 778.000000  0.007422
 779.000000  0.007324
 780.000000  0.007471
 781.000000  0.007324
 782.000000  0.009936
 783.000000  0.009765
 784.000000  0.007397
 785.000000  0.009765
 786.000000  0.007373
 787.000000  0.009765
 788.000000  0.009887
 789.000000  0.009765
 790.000000  0.007471
 791.000000  0.009765
 792.000000  0.007446
 793.000000  0.009765
 794.000000  0.007519
 795.000000  0.009765
 796.000000  0.007495
 797.000000  0.009765
 798.000000  0.007422
 799.000000  0.009765
 800.000000  0.007495
 801.000000  0.009765
 802.000000  0.009790
 803.000000  0.009765
 804.000000  0.007446
 805.000000  0.009765
 806.000000  0.007471
 807.000000  0.009765
 808.000000  0.009936
 809.000000  0.007324
 810.000000  0.007617
 811.000000  0.007324
 812.000000  0.007495
 813.000000  0.007373
 814.000000  0.007495
 815.000000  0.009765
 816.000000  0.007446
 817.000000  0.009716
 818.000000  0.007544
 819.000000  0.009741
 820.000000  0.007519
 821.000000  0.009814
 822.000000  0.007495
 823.000000  0.009790
 824.000000  0.009961
 825.000000  0.009790
 826.000000  0.007495
 827.000000  0.009741
 828.000000  0.007666
 829.000000  0.009765
 830.000000  0.007495
 831.000000  0.009741
 832.000000  0.007519
 833.000000  0.009790
 834.000000  0.007593
 835.000000  0.009790
 836.000000  0.010107
 837.000000  0.009765
 838.000000  0.007495
 839.000000  0.009741
 840.000000  0.007593
 841.000000  0.009765
 842.000000  0.010058
 843.000000  0.009790
 844.000000  0.007519
 845.000000  0.007324
 846.000000  0.010107
 847.000000  0.009790
 848.000000  0.007544
 849.000000  0.009692
 850.000000  0.007471
 851.000000  0.009716
 852.000000  0.007666
 853.000000  0.007349
 854.000000  0.010205
 855.000000  0.009765
 856.000000  0.007690
 857.000000  0.007300
 858.000000  0.007617
 859.000000  0.007227
 860.000000  0.010009
 861.000000  0.009765
 862.000000  0.007568
 863.000000  0.007300
 864.000000  0.007568
 865.000000  0.009741
 866.000000  0.010107
 867.000000  0.007300
 868.000000  0.007568
 869.000000  0.009765
 870.000000  0.007617
 871.000000  0.009765
 872.000000  0.007568
 873.000000  0.009790
 874.000000  0.007422
 875.000000  0.009765
 876.000000  0.007349
 877.000000  0.007324
 878.000000  0.007544
 879.000000  0.007324
 880.000000  0.007471
 881.000000  0.009765
 882.000000  0.007495
 883.000000  0.009790
 884.000000  0.007446
 885.000000  0.009765
 886.000000  0.007471
 887.000000  0.007324
 888.000000  0.007495
 889.000000  0.009765
 890.000000  0.007519
 891.000000  0.009765
 892.000000  0.007373
 893.000000  0.009765
 894.000000  0.007495
 895.000000  0.009765
 896.000000  0.007446
 897.000000  0.009741
 898.000000  0.007397
 899.000000  0.009765
 900.000000  0.007446
 901.000000  0.009741
 902.000000  0.009790
 903.000000  0.009765
 904.000000  0.007422
 905.000000  0.009790
 906.000000  0.009838
 907.000000  0.009741
 908.000000  0.009863
 909.000000  0.009790
 910.000000  0.007446
 911.000000  0.009765
 912.000000  0.007397
 913.000000  0.009765
 914.000000  0.007324
 915.000000  0.009765
 916.000000  0.007373
 917.000000  0.009765
 918.000000  0.009936
 919.000000  0.009765
 920.000000  0.009887
 921.000000  0.009765
 922.000000  0.007471
 923.000000  0.009741
 924.000000  0.007349
 925.000000  0.009765
 926.000000  0.007397
 927.000000  0.009765
 928.000000  0.007397
 929.000000  0.009765
 930.000000  0.007349
 931.000000  0.009765
 932.000000  0.007446
 933.000000  0.009765
 934.000000  0.007471
 935.000000  0.009765
 936.000000  0.007495
 937.000000  0.009741
 938.000000  0.007422
 939.000000  0.009765
 940.000000  0.007471
 941.000000  0.009765
 942.000000  0.007422
 943.000000  0.009741
 944.000000  0.007397
 945.000000  0.007324
 946.000000  0.009887
 947.000000  0.009765
 948.000000  0.007471
 949.000000  0.009765
 950.000000  0.009790
 951.000000  0.009765
 952.000000  0.007349
 953.000000  0.009765
 954.000000  0.007519
 955.000000  0.009765
 956.000000  0.007446
 957.000000  0.009765
 958.000000  0.007446
 959.000000  0.007324
 960.000000  0.007422
 961.000000  0.007324
 962.000000  0.009936
 963.000000  0.007324
 964.000000  0.007422
 965.000000  0.009765
 966.000000  0.007397
 967.000000  0.009790
 968.000000  0.007617
 969.000000  0.009716
 970.000000  0.009887
 971.000000  0.009765
 972.000000  0.007642
 973.000000  0.009765
 974.000000  0.007568
 975.000000  0.009716
 976.000000  0.007495
 977.000000  0.009668
 978.000000  0.007544
 979.000000  0.009741
 980.000000  0.007519
 981.000000  0.009790
 982.000000  0.007544
 983.000000  0.007324
 984.000000  0.007568
 985.000000  0.009765
 986.000000  0.007495
 987.000000  0.009741
 988.000000  0.009985
 989.000000  0.009741
 990.000000  0.007617
 991.000000  0.009716
 992.000000  0.007446
 993.000000  0.009741
 994.000000  0.007495
 995.000000  0.009765
 996.000000  0.007544
 997.000000  0.009765
 998.000000  0.009936
 999.000000  0.009765
 1000.000000  0.009912
 1001.000000  0.009765
 1002.000000  0.007471
 1003.000000  0.009692
 1004.000000  0.007715
 1005.000000  0.009814
 1006.000000  0.007544
 1007.000000  0.009741
 1008.000000  0.007471
 1009.000000  0.009692
 1010.000000  0.007422
 1011.000000  0.009741
 1012.000000  0.007495
 1013.000000  0.009692
 1014.000000  0.007446
 1015.000000  0.009790
 1016.000000  0.007446
 1017.000000  0.009741
 1018.000000  0.007519
 1019.000000  0.009668
 1020.000000  0.007422
 1021.000000  0.009643
 1022.000000  0.007446
 1023.000000  0.009741
