 0.000000  0.008691
 1.000000  0.007959
 2.000000  0.008569
 3.000000  0.007617
 4.000000  0.008838
 5.000000  0.007642
 6.000000  0.009033
 7.000000  0.007666
 8.000000  0.008838
 9.000000  0.007788
 10.000000  0.009082
 11.000000  0.007544
 12.000000  0.009277
 13.000000  0.007617
 14.000000  0.009082
 15.000000  0.007495
 16.000000  0.009302
 17.000000  0.007544
 18.000000  0.009033
 19.000000  0.007861
 20.000000  0.008716
 21.000000  0.007568
 22.000000  0.008911
 23.000000  0.007690
 24.000000  0.008984
 25.000000  0.007397
 26.000000  0.009375
 27.000000  0.009912
 28.000000  0.009228
 29.000000  0.007495
 30.000000  0.009155
 31.000000  0.007446
 32.000000  0.009131
 33.000000  0.007471
 34.000000  0.009204
 35.000000  0.007666
 36.000000  0.009326
 37.000000  0.007568
 38.000000  0.009204
 39.000000  0.009936
 40.000000  0.009253
 41.000000  0.007373
 42.000000  0.009204
 43.000000  0.007422
 44.000000  0.009253
 45.000000  0.007519
 46.000000  0.009302
 47.000000  0.007349
 48.000000  0.009155
 49.000000  0.007422
 50.000000  0.008740
 51.000000  0.007422
 52.000000  0.008691
 53.000000  0.007349
 54.000000  0.008936
 55.000000  0.007397
 56.000000  0.009131
 57.000000  0.007349
 58.000000  0.009546
 59.000000  0.009838
 60.000000  0.009009
 61.000000  0.009838
 62.000000  0.008887
 63.000000  0.007397
 64.000000  0.008960
 65.000000  0.007422
 66.000000  0.008984
 67.000000  0.009863
 68.000000  0.009082
 69.000000  0.007324
 70.000000  0.008813
 71.000000  0.007373
 72.000000  0.008960
 73.000000  0.007446
 74.000000  0.009277
 75.000000  0.007422
 76.000000  0.009253
 77.000000  0.007373
 78.000000  0.009204
 79.000000  0.007446
 80.000000  0.009155
 81.000000  0.007471
 82.000000  0.008789
 83.000000  0.007397
 84.000000  0.008960
 85.000000  0.007422
 86.000000  0.008936
 87.000000  0.007397
 88.000000  0.009180
 89.000000  0.007397
 90.000000  0.009131
 91.000000  0.007373
 92.000000  0.009033
 93.000000  0.007373
 94.000000  0.008911
 95.000000  0.007349
 96.000000  0.008960
 97.000000  0.007373
 98.000000  0.009155
 99.000000  0.007471
 100.000000  0.009180
 101.000000  0.009936
 102.000000  0.008887
 103.000000  0.009887
 104.000000  0.008740
 105.000000  0.007471
 106.000000  0.009277
 107.000000  0.007471
 108.000000  0.009058
 109.000000  0.009838
 110.000000  0.009082
 111.000000  0.007422
 112.000000  0.008838
 113.000000  0.007422
 114.000000  0.008813
 115.000000  0.007519
 116.000000  0.008887
 117.000000  0.007446
 118.000000  0.009009
 119.000000  0.007397
 120.000000  0.009351
 121.000000  0.007471
 122.000000  0.009180
 123.000000  0.007593
 124.000000  0.008936
 125.000000  0.007446
 126.000000  0.008960
 127.000000  0.009985
 128.000000  0.008813
 129.000000  0.007666
 130.000000  0.009058
 131.000000  0.010058
 132.000000  0.008813
 133.000000  0.007617
 134.000000  0.008911
 135.000000  0.010205
 136.000000  0.008936
 137.000000  0.007495
 138.000000  0.009106
 139.000000  0.007642
 140.000000  0.009180
 141.000000  0.007495
 142.000000  0.008862
 143.000000  0.007666
 144.000000  0.008789
 145.000000  0.010034
 146.000000  0.008716
 147.000000  0.007666
 148.000000  0.009009
 149.000000  0.010205
 150.000000  0.008960
 151.000000  0.007568
 152.000000  0.008691
 153.000000  0.007666
 154.000000  0.008838
 155.000000  0.007739
 156.000000  0.008838
 157.000000  0.010205
 158.000000  0.008911
 159.000000  0.007617
 160.000000  0.009204
 161.000000  0.007495
 162.000000  0.008911
 163.000000  0.007471
 164.000000  0.008569
 165.000000  0.007495
 166.000000  0.008545
 167.000000  0.007519
 168.000000  0.008911
 169.000000  0.009912
 170.000000  0.009033
 171.000000  0.007471
 172.000000  0.008789
 173.000000  0.007422
 174.000000  0.008618
 175.000000  0.007471
 176.000000  0.008813
 177.000000  0.007519
 178.000000  0.008862
 179.000000  0.009863
 180.000000  0.008740
 181.000000  0.007544
 182.000000  0.008740
 183.000000  0.007397
 184.000000  0.008911
 185.000000  0.007373
 186.000000  0.009009
 187.000000  0.007397
 188.000000  0.008472
 189.000000  0.007373
 190.000000  0.008838
 191.000000  0.007373
 192.000000  0.008789
 193.000000  0.007422
 194.000000  0.008716
 195.000000  0.007373
 196.000000  0.011328
 197.000000  0.007422
 198.000000  0.008911
 199.000000  0.009765
 200.000000  0.008960
 201.000000  0.009790
 202.000000  0.008862
 203.000000  0.007349
 204.000000  0.008765
 205.000000  0.007349
 206.000000  0.008618
 207.000000  0.007422
 208.000000  0.008691
 209.000000  0.009814
 210.000000  0.009253
 211.000000  0.007349
 212.000000  0.008765
 213.000000  0.009814
 214.000000  0.008838
 215.000000  0.007349
 216.000000  0.008643
 217.000000  0.007373
 218.000000  0.009082
 219.000000  0.009790
 220.000000  0.008936
 221.000000  0.007324
 222.000000  0.008838
 223.000000  0.007324
 224.000000  0.008887
 225.000000  0.007349
 226.000000  0.008984
 227.000000  0.009790
 228.000000  0.009131
 229.000000  0.009814
 230.000000  0.009204
 231.000000  0.007349
 232.000000  0.009228
 233.000000  0.009814
 234.000000  0.008838
 235.000000  0.007422
 236.000000  0.008862
 237.000000  0.007373
 238.000000  0.009204
 239.000000  0.009814
 240.000000  0.008960
 241.000000  0.007324
 242.000000  0.009106
 243.000000  0.009790
 244.000000  0.008691
 245.000000  0.007349
 246.000000  0.008765
 247.000000  0.007349
 248.000000  0.009058
 249.000000  0.007422
 250.000000  0.008643
 251.000000  0.007373
 252.000000  0.008936
 253.000000  0.007324
 254.000000  0.008520
 255.000000  0.009790
 256.000000  0.009228
 257.000000  0.007324
 258.000000  0.008740
 259.000000  0.007446
 260.000000  0.009082
 261.000000  0.007373
 262.000000  0.008594
 263.000000  0.009790
 264.000000  0.008447
 265.000000  0.009838
 266.000000  0.008765
 267.000000  0.009838
 268.000000  0.008862
 269.000000  0.009790
 270.000000  0.008862
 271.000000  0.007373
 272.000000  0.008691
 273.000000  0.007373
 274.000000  0.009058
 275.000000  0.009936
 276.000000  0.008911
 277.000000  0.009863
 278.000000  0.009180
 279.000000  0.007397
 280.000000  0.009106
 281.000000  0.009863
 282.000000  0.008838
 283.000000  0.010058
 284.000000  0.008984
 285.000000  0.007519
 286.000000  0.008618
 287.000000  0.007715
 288.000000  0.008765
 289.000000  0.010083
 290.000000  0.008887
 291.000000  0.007544
 292.000000  0.008862
 293.000000  0.007519
 294.000000  0.008984
 295.000000  0.010009
 296.000000  0.008936
 297.000000  0.010034
 298.000000  0.008813
 299.000000  0.009985
 300.000000  0.008765
 301.000000  0.007788
 302.000000  0.008887
 303.000000  0.010253
 304.000000  0.008936
 305.000000  0.007642
 306.000000  0.009058
 307.000000  0.010327
 308.000000  0.009058
 309.000000  0.010180
 310.000000  0.009082
 311.000000  0.007642
 312.000000  0.008960
 313.000000  0.007715
 314.000000  0.009058
 315.000000  0.009985
 316.000000  0.008984
 317.000000  0.007642
 318.000000  0.009033
 319.000000  0.007471
 320.000000  0.008765
 321.000000  0.010083
 322.000000  0.008911
 323.000000  0.010058
 324.000000  0.008984
 325.000000  0.007544
 326.000000  0.009033
 327.000000  0.007519
 328.000000  0.009058
 329.000000  0.010009
 330.000000  0.009106
 331.000000  0.009985
 332.000000  0.009302
 333.000000  0.010034
 334.000000  0.008740
 335.000000  0.009912
 336.000000  0.008984
 337.000000  0.007422
 338.000000  0.009058
 339.000000  0.007471
 340.000000  0.009204
 341.000000  0.009936
 342.000000  0.011303
 343.000000  0.009961
 344.000000  0.008960
 345.000000  0.009863
 346.000000  0.009351
 347.000000  0.007471
 348.000000  0.008984
 349.000000  0.009838
 350.000000  0.008984
 351.000000  0.009838
 352.000000  0.009228
 353.000000  0.009887
 354.000000  0.008740
 355.000000  0.007568
 356.000000  0.008740
 357.000000  0.007349
 358.000000  0.009204
 359.000000  0.009790
 360.000000  0.009155
 361.000000  0.007446
 362.000000  0.009009
 363.000000  0.009887
 364.000000  0.008984
 365.000000  0.007373
 366.000000  0.009131
 367.000000  0.007422
 368.000000  0.009106
 369.000000  0.007446
 370.000000  0.009033
 371.000000  0.009863
 372.000000  0.009448
 373.000000  0.009814
 374.000000  0.009106
 375.000000  0.009838
 376.000000  0.008862
 377.000000  0.007397
 378.000000  0.009375
 379.000000  0.007471
 380.000000  0.009326
 381.000000  0.009863
 382.000000  0.008984
 383.000000  0.007373
 384.000000  0.009351
 385.000000  0.007446
 386.000000  0.009351
 387.000000  0.009814
 388.000000  0.008984
 389.000000  0.009838
 390.000000  0.009448
 391.000000  0.009985
 392.000000  0.009082
 393.000000  0.007471
 394.000000  0.009106
 395.000000  0.007422
 396.000000  0.009204
 397.000000  0.007446
 398.000000  0.009253
 399.000000  0.007422
 400.000000  0.009204
 401.000000  0.010009
 402.000000  0.009155
 403.000000  0.007519
 404.000000  0.008936
 405.000000  0.007519
 406.000000  0.009326
 407.000000  0.007666
 408.000000  0.009155
 409.000000  0.009863
 410.000000  0.009448
 411.000000  0.010034
 412.000000  0.009448
 413.000000  0.007471
 414.000000  0.009497
 415.000000  0.009863
 416.000000  0.009131
 417.000000  0.007495
 418.000000  0.009302
 419.000000  0.007642
 420.000000  0.009375
 421.000000  0.007446
 422.000000  0.009155
 423.000000  0.007519
 424.000000  0.009155
 425.000000  0.009912
 426.000000  0.009277
 427.000000  0.010131
 428.000000  0.009277
 429.000000  0.009985
 430.000000  0.009326
 431.000000  0.010058
 432.000000  0.009180
 433.000000  0.007568
 434.000000  0.009106
 435.000000  0.010009
 436.000000  0.008569
 437.000000  0.010083
 438.000000  0.008936
 439.000000  0.010009
 440.000000  0.009106
 441.000000  0.010107
 442.000000  0.009204
 443.000000  0.010156
 444.000000  0.009155
 445.000000  0.010107
 446.000000  0.009326
 447.000000  0.007837
 448.000000  0.008911
 449.000000  0.010180
 450.000000  0.008960
 451.000000  0.010351
 452.000000  0.008984
 453.000000  0.010327
 454.000000  0.009180
 455.000000  0.010180
 456.000000  0.009033
 457.000000  0.010278
 458.000000  0.009106
 459.000000  0.010376
 460.000000  0.009326
 461.000000  0.010669
 462.000000  0.009228
 463.000000  0.010229
 464.000000  0.009082
 465.000000  0.010229
 466.000000  0.009277
 467.000000  0.007739
 468.000000  0.009351
 469.000000  0.007837
 470.000000  0.009155
 471.000000  0.010327
 472.000000  0.009424
 473.000000  0.007886
 474.000000  0.009351
 475.000000  0.010278
 476.000000  0.009448
 477.000000  0.007837
 478.000000  0.009302
 479.000000  0.010156
 480.000000  0.009521
 481.000000  0.010278
 482.000000  0.009180
 483.000000  0.007812
 484.000000  0.009424
 485.000000  0.010473
 486.000000  0.009375
 487.000000  0.007935
 488.000000  0.009326
 489.000000  0.007886
 490.000000  0.009326
 491.000000  0.010034
 492.000000  0.009375
 493.000000  0.010473
 494.000000  0.009497
 495.000000  0.010083
 496.000000  0.009473
 497.000000  0.007739
 498.000000  0.009180
 499.000000  0.010034
 500.000000  0.009253
 501.000000  0.010278
 502.000000  0.009253
 503.000000  0.009936
 504.000000  0.009375
 505.000000  0.010351
 506.000000  0.009399
 507.000000  0.007666
 508.000000  0.009448
 509.000000  0.007715
 510.000000  0.009595
 511.000000  0.010009
 512.000000  0.009302
 513.000000  0.007495
 514.000000  0.009204
 515.000000  0.007715
 516.000000  0.009424
 517.000000  0.007642
 518.000000  0.009497
 519.000000  0.007495
 520.000000  0.009521
 521.000000  0.007593
 522.000000  0.009497
 523.000000  0.009912
 524.000000  0.009521
 525.000000  0.009985
 526.000000  0.009521
 527.000000  0.009814
 528.000000  0.009497
 529.000000  0.010400
 530.000000  0.009717
 531.000000  0.010424
 532.000000  0.009521
 533.000000  0.007910
 534.000000  0.009424
 535.000000  0.007812
 536.000000  0.009473
 537.000000  0.010058
 538.000000  0.009717
 539.000000  0.010253
 540.000000  0.009692
 541.000000  0.007617
 542.000000  0.009595
 543.000000  0.007959
 544.000000  0.009521
 545.000000  0.007690
 546.000000  0.009741
 547.000000  0.010253
 548.000000  0.009497
 549.000000  0.010107
 550.000000  0.009448
 551.000000  0.010156
 552.000000  0.009424
 553.000000  0.007764
 554.000000  0.009644
 555.000000  0.008081
 556.000000  0.009570
 557.000000  0.009985
 558.000000  0.009692
 559.000000  0.010034
 560.000000  0.009766
 561.000000  0.007764
 562.000000  0.009766
 563.000000  0.010400
 564.000000  0.009546
 565.000000  0.010400
 566.000000  0.009473
 567.000000  0.010449
 568.000000  0.009692
 569.000000  0.010449
 570.000000  0.009570
 571.000000  0.010229
 572.000000  0.009668
 573.000000  0.010449
 574.000000  0.009546
 575.000000  0.010253
 576.000000  0.009619
 577.000000  0.010034
 578.000000  0.009692
 579.000000  0.010327
 580.000000  0.009570
 581.000000  0.007983
 582.000000  0.009717
 583.000000  0.010376
 584.000000  0.009668
 585.000000  0.010669
 586.000000  0.009692
 587.000000  0.010546
 588.000000  0.009619
 589.000000  0.008081
 590.000000  0.009473
 591.000000  0.010546
 592.000000  0.009595
 593.000000  0.008179
 594.000000  0.009619
 595.000000  0.010766
 596.000000  0.009717
 597.000000  0.010864
 598.000000  0.009595
 599.000000  0.010522
 600.000000  0.009473
 601.000000  0.010449
 602.000000  0.009570
 603.000000  0.010864
 604.000000  0.009668
 605.000000  0.010888
 606.000000  0.009692
 607.000000  0.010864
 608.000000  0.009619
 609.000000  0.010839
 610.000000  0.009644
 611.000000  0.010791
 612.000000  0.012036
 613.000000  0.011059
 614.000000  0.012133
 615.000000  0.011279
 616.000000  0.009595
 617.000000  0.008887
 618.000000  0.009546
 619.000000  0.011254
 620.000000  0.009692
 621.000000  0.011352
 622.000000  0.009644
 623.000000  0.011035
 624.000000  0.012158
 625.000000  0.011328
 626.000000  0.009717
 627.000000  0.011206
 628.000000  0.009692
 629.000000  0.011596
 630.000000  0.009766
 631.000000  0.011743
 632.000000  0.009766
 633.000000  0.011816
 634.000000  0.009766
 635.000000  0.011938
 636.000000  0.009741
 637.000000  0.009595
 638.000000  0.009790
 639.000000  0.012133
 640.000000  0.009814
 641.000000  0.012133
 642.000000  0.009766
 643.000000  0.009717
 644.000000  0.012451
 645.000000  0.012207
 646.000000  0.012793
 647.000000  0.012329
 648.000000  0.011182
 649.000000  0.011084
 650.000000  0.012183
 651.000000  0.012207
 652.000000  0.012891
 653.000000  0.012378
 654.000000  0.014575
 655.000000  0.016845
 656.000000  0.015161
 657.000000  0.017724
 658.000000  0.016724
 659.000000  0.015478
 660.000000  0.017725
 661.000000  0.021606
 662.000000  0.027515
 663.000000  0.046142
 664.000000  0.066918
 665.000000  0.092920
 666.000000  0.146777
 667.000000  0.179150
 668.000000  0.164819
 669.000000  0.157202
 670.000000  0.092383
 671.000000  0.049756
 672.000000  0.034229
 673.000000  0.022168
 674.000000  0.017456
 675.000000  0.014672
 676.000000  0.012256
 677.000000  0.014282
 678.000000  0.012061
 679.000000  0.012451
 680.000000  0.010303
 681.000000  0.009766
 682.000000  0.009814
 683.000000  0.012207
 684.000000  0.009839
 685.000000  0.012207
 686.000000  0.009766
 687.000000  0.009766
 688.000000  0.012207
 689.000000  0.009619
 690.000000  0.012207
 691.000000  0.012085
 692.000000  0.009766
 693.000000  0.011962
 694.000000  0.009766
 695.000000  0.011938
 696.000000  0.012207
 697.000000  0.012011
 698.000000  0.009766
 699.000000  0.011767
 700.000000  0.009766
 701.000000  0.009473
 702.000000  0.009766
 703.000000  0.009399
 704.000000  0.012207
 705.000000  0.011547
 706.000000  0.009766
 707.000000  0.009204
 708.000000  0.009741
 709.000000  0.011450
 710.000000  0.009766
 711.000000  0.011743
 712.000000  0.009766
 713.000000  0.011889
 714.000000  0.009766
 715.000000  0.011962
 716.000000  0.009766
 717.000000  0.011914
 718.000000  0.009766
 719.000000  0.011767
 720.000000  0.009741
 721.000000  0.011840
 722.000000  0.009766
 723.000000  0.011596
 724.000000  0.009741
 725.000000  0.011572
 726.000000  0.009766
 727.000000  0.011352
 728.000000  0.009766
 729.000000  0.009180
 730.000000  0.009766
 731.000000  0.011865
 732.000000  0.009692
 733.000000  0.011718
 734.000000  0.012182
 735.000000  0.011377
 736.000000  0.009717
 737.000000  0.011206
 738.000000  0.009766
 739.000000  0.011352
 740.000000  0.009741
 741.000000  0.011572
 742.000000  0.009741
 743.000000  0.008838
 744.000000  0.009741
 745.000000  0.011792
 746.000000  0.009741
 747.000000  0.008765
 748.000000  0.009717
 749.000000  0.011401
 750.000000  0.009692
 751.000000  0.011401
 752.000000  0.012231
 753.000000  0.011401
 754.000000  0.009668
 755.000000  0.011181
 756.000000  0.009668
 757.000000  0.011108
 758.000000  0.009644
 759.000000  0.008838
 760.000000  0.009668
 761.000000  0.011254
 762.000000  0.009644
 763.000000  0.011108
 764.000000  0.009375
 765.000000  0.010473
 766.000000  0.009473
 767.000000  0.008325
 768.000000  0.009473
 769.000000  0.010766
 770.000000  0.009399
 771.000000  0.010864
 772.000000  0.009399
 773.000000  0.010644
 774.000000  0.011938
 775.000000  0.010791
 776.000000  0.011962
 777.000000  0.010693
 778.000000  0.009399
 779.000000  0.008374
 780.000000  0.009644
 781.000000  0.008667
 782.000000  0.012085
 783.000000  0.010449
 784.000000  0.009521
 785.000000  0.010669
 786.000000  0.009741
 787.000000  0.010791
 788.000000  0.012036
 789.000000  0.010766
 790.000000  0.009692
 791.000000  0.010815
 792.000000  0.009570
 793.000000  0.011035
 794.000000  0.009521
 795.000000  0.010864
 796.000000  0.009570
 797.000000  0.011108
 798.000000  0.009644
 799.000000  0.011450
 800.000000  0.009717
 801.000000  0.010693
 802.000000  0.012060
 803.000000  0.010424
 804.000000  0.009692
 805.000000  0.010766
 806.000000  0.009521
 807.000000  0.010669
 808.000000  0.012133
 809.000000  0.008569
 810.000000  0.009717
 811.000000  0.008667
 812.000000  0.009717
 813.000000  0.008447
 814.000000  0.009619
 815.000000  0.010815
 816.000000  0.009644
 817.000000  0.010595
 818.000000  0.009717
 819.000000  0.010571
 820.000000  0.009741
 821.000000  0.010815
 822.000000  0.009717
 823.000000  0.011401
 824.000000  0.012158
 825.000000  0.010376
 826.000000  0.009570
 827.000000  0.011010
 828.000000  0.009692
 829.000000  0.010278
 830.000000  0.009692
 831.000000  0.011035
 832.000000  0.009717
 833.000000  0.010620
 834.000000  0.009692
 835.000000  0.010888
 836.000000  0.012085
 837.000000  0.010766
 838.000000  0.009741
 839.000000  0.010742
 840.000000  0.009668
 841.000000  0.010327
 842.000000  0.012207
 843.000000  0.010644
 844.000000  0.009741
 845.000000  0.008179
 846.000000  0.012182
 847.000000  0.010913
 848.000000  0.009619
 849.000000  0.010571
 850.000000  0.009644
 851.000000  0.010669
 852.000000  0.009741
 853.000000  0.008179
 854.000000  0.012182
 855.000000  0.010302
 856.000000  0.009741
 857.000000  0.007788
 858.000000  0.009741
 859.000000  0.008032
 860.000000  0.012182
 861.000000  0.010400
 862.000000  0.009668
 863.000000  0.008252
 864.000000  0.009668
 865.000000  0.010644
 866.000000  0.012207
 867.000000  0.008569
 868.000000  0.009692
 869.000000  0.010107
 870.000000  0.009741
 871.000000  0.011157
 872.000000  0.009766
 873.000000  0.010888
 874.000000  0.009766
 875.000000  0.010424
 876.000000  0.009741
 877.000000  0.007935
 878.000000  0.009619
 879.000000  0.008618
 880.000000  0.009619
 881.000000  0.011010
 882.000000  0.009692
 883.000000  0.011132
 884.000000  0.009766
 885.000000  0.010669
 886.000000  0.009692
 887.000000  0.008325
 888.000000  0.009692
 889.000000  0.010717
 890.000000  0.009717
 891.000000  0.010522
 892.000000  0.009692
 893.000000  0.011035
 894.000000  0.009766
 895.000000  0.011132
 896.000000  0.009644
 897.000000  0.010400
 898.000000  0.009668
 899.000000  0.010522
 900.000000  0.009668
 901.000000  0.010693
 902.000000  0.012060
 903.000000  0.010693
 904.000000  0.009668
 905.000000  0.011230
 906.000000  0.012158
 907.000000  0.010571
 908.000000  0.012036
 909.000000  0.010888
 910.000000  0.009595
 911.000000  0.010864
 912.000000  0.009595
 913.000000  0.011059
 914.000000  0.009619
 915.000000  0.010766
 916.000000  0.009448
 917.000000  0.010791
 918.000000  0.012158
 919.000000  0.010791
 920.000000  0.011938
 921.000000  0.010937
 922.000000  0.009473
 923.000000  0.010888
 924.000000  0.009497
 925.000000  0.010498
 926.000000  0.009497
 927.000000  0.010888
 928.000000  0.009546
 929.000000  0.011132
 930.000000  0.009546
 931.000000  0.011328
 932.000000  0.009546
 933.000000  0.011035
 934.000000  0.009448
 935.000000  0.011230
 936.000000  0.009497
 937.000000  0.010595
 938.000000  0.009570
 939.000000  0.010742
 940.000000  0.009668
 941.000000  0.010595
 942.000000  0.009497
 943.000000  0.010522
 944.000000  0.009546
 945.000000  0.008472
 946.000000  0.012109
 947.000000  0.011108
 948.000000  0.009595
 949.000000  0.010986
 950.000000  0.012085
 951.000000  0.010937
 952.000000  0.009644
 953.000000  0.010961
 954.000000  0.009692
 955.000000  0.010571
 956.000000  0.009473
 957.000000  0.010449
 958.000000  0.009399
 959.000000  0.008301
 960.000000  0.009521
 961.000000  0.008105
 962.000000  0.012158
 963.000000  0.008569
 964.000000  0.009619
 965.000000  0.010864
 966.000000  0.009741
 967.000000  0.010791
 968.000000  0.009717
 969.000000  0.010717
 970.000000  0.012109
 971.000000  0.010937
 972.000000  0.009766
 973.000000  0.010498
 974.000000  0.009692
 975.000000  0.010669
 976.000000  0.009497
 977.000000  0.010620
 978.000000  0.009497
 979.000000  0.010351
 980.000000  0.009692
 981.000000  0.010424
 982.000000  0.009448
 983.000000  0.008057
 984.000000  0.009546
 985.000000  0.010717
 986.000000  0.009570
 987.000000  0.010669
 988.000000  0.012085
 989.000000  0.010351
 990.000000  0.009717
 991.000000  0.010571
 992.000000  0.009644
 993.000000  0.010620
 994.000000  0.009741
 995.000000  0.010473
 996.000000  0.009521
 997.000000  0.010864
 998.000000  0.012060
 999.000000  0.010644
 1000.000000  0.012133
 1001.000000  0.010888
 1002.000000  0.009521
 1003.000000  0.009985
 1004.000000  0.009448
 1005.000000  0.010351
 1006.000000  0.009399
 1007.000000  0.010571
 1008.000000  0.009766
 1009.000000  0.010302
 1010.000000  0.009326
 1011.000000  0.010278
 1012.000000  0.009668
 1013.000000  0.010131
 1014.000000  0.009424
 1015.000000  0.009961
 1016.000000  0.009448
 1017.000000  0.010229
 1018.000000  0.009521
 1019.000000  0.010131
 1020.000000  0.009424
 1021.000000  0.010083
 1022.000000  0.009351
 1023.000000  0.010595
