 0.000000  0.008911
 1.000000  0.007690
 2.000000  0.008716
 3.000000  0.007519
 4.000000  0.008887
 5.000000  0.007666
 6.000000  0.009228
 7.000000  0.007495
 8.000000  0.009106
 9.000000  0.007812
 10.000000  0.009155
 11.000000  0.007446
 12.000000  0.009326
 13.000000  0.007690
 14.000000  0.009204
 15.000000  0.007397
 16.000000  0.009326
 17.000000  0.007495
 18.000000  0.009302
 19.000000  0.007690
 20.000000  0.008838
 21.000000  0.007764
 22.000000  0.009058
 23.000000  0.007690
 24.000000  0.009326
 25.000000  0.007544
 26.000000  0.009473
 27.000000  0.009936
 28.000000  0.009228
 29.000000  0.007422
 30.000000  0.009058
 31.000000  0.007519
 32.000000  0.009228
 33.000000  0.007471
 34.000000  0.009277
 35.000000  0.007495
 36.000000  0.009302
 37.000000  0.007471
 38.000000  0.009131
 39.000000  0.009887
 40.000000  0.009228
 41.000000  0.007422
 42.000000  0.009277
 43.000000  0.007373
 44.000000  0.009326
 45.000000  0.007397
 46.000000  0.009351
 47.000000  0.007373
 48.000000  0.008960
 49.000000  0.007471
 50.000000  0.008813
 51.000000  0.007471
 52.000000  0.008740
 53.000000  0.007373
 54.000000  0.009009
 55.000000  0.007471
 56.000000  0.009277
 57.000000  0.007422
 58.000000  0.009302
 59.000000  0.009814
 60.000000  0.009253
 61.000000  0.009814
 62.000000  0.008960
 63.000000  0.007373
 64.000000  0.009399
 65.000000  0.007471
 66.000000  0.009082
 67.000000  0.009863
 68.000000  0.009009
 69.000000  0.007446
 70.000000  0.008984
 71.000000  0.007397
 72.000000  0.008984
 73.000000  0.007373
 74.000000  0.008887
 75.000000  0.007471
 76.000000  0.009326
 77.000000  0.007422
 78.000000  0.009228
 79.000000  0.007397
 80.000000  0.009277
 81.000000  0.007471
 82.000000  0.009033
 83.000000  0.007349
 84.000000  0.008740
 85.000000  0.007446
 86.000000  0.008936
 87.000000  0.007471
 88.000000  0.009253
 89.000000  0.007397
 90.000000  0.009228
 91.000000  0.007495
 92.000000  0.009009
 93.000000  0.007324
 94.000000  0.008936
 95.000000  0.007422
 96.000000  0.009228
 97.000000  0.007446
 98.000000  0.009228
 99.000000  0.007544
 100.000000  0.009277
 101.000000  0.009936
 102.000000  0.008813
 103.000000  0.010034
 104.000000  0.008838
 105.000000  0.007519
 106.000000  0.009277
 107.000000  0.007422
 108.000000  0.009033
 109.000000  0.009887
 110.000000  0.009082
 111.000000  0.007471
 112.000000  0.008716
 113.000000  0.007471
 114.000000  0.008984
 115.000000  0.007519
 116.000000  0.009009
 117.000000  0.007617
 118.000000  0.009082
 119.000000  0.007471
 120.000000  0.009106
 121.000000  0.007568
 122.000000  0.009009
 123.000000  0.007642
 124.000000  0.008862
 125.000000  0.007519
 126.000000  0.009033
 127.000000  0.009961
 128.000000  0.008716
 129.000000  0.007397
 130.000000  0.008984
 131.000000  0.010156
 132.000000  0.008960
 133.000000  0.007764
 134.000000  0.008887
 135.000000  0.010156
 136.000000  0.009009
 137.000000  0.007617
 138.000000  0.008887
 139.000000  0.007519
 140.000000  0.009033
 141.000000  0.007739
 142.000000  0.008911
 143.000000  0.007715
 144.000000  0.008838
 145.000000  0.010034
 146.000000  0.008838
 147.000000  0.007495
 148.000000  0.008862
 149.000000  0.010009
 150.000000  0.009180
 151.000000  0.007715
 152.000000  0.008936
 153.000000  0.007764
 154.000000  0.008984
 155.000000  0.007568
 156.000000  0.008667
 157.000000  0.009961
 158.000000  0.009009
 159.000000  0.007715
 160.000000  0.009302
 161.000000  0.007617
 162.000000  0.009058
 163.000000  0.007471
 164.000000  0.008691
 165.000000  0.007446
 166.000000  0.008960
 167.000000  0.007495
 168.000000  0.008984
 169.000000  0.009961
 170.000000  0.008984
 171.000000  0.007471
 172.000000  0.008496
 173.000000  0.007422
 174.000000  0.009106
 175.000000  0.007422
 176.000000  0.008911
 177.000000  0.007349
 178.000000  0.008984
 179.000000  0.009838
 180.000000  0.008862
 181.000000  0.007446
 182.000000  0.008813
 183.000000  0.007422
 184.000000  0.008960
 185.000000  0.007519
 186.000000  0.008911
 187.000000  0.007446
 188.000000  0.008398
 189.000000  0.007446
 190.000000  0.008862
 191.000000  0.007349
 192.000000  0.008936
 193.000000  0.007446
 194.000000  0.008813
 195.000000  0.007422
 196.000000  0.011499
 197.000000  0.007324
 198.000000  0.009033
 199.000000  0.009814
 200.000000  0.008960
 201.000000  0.009863
 202.000000  0.009058
 203.000000  0.007349
 204.000000  0.008984
 205.000000  0.007324
 206.000000  0.008838
 207.000000  0.007349
 208.000000  0.009131
 209.000000  0.009790
 210.000000  0.009033
 211.000000  0.007349
 212.000000  0.009033
 213.000000  0.009912
 214.000000  0.008984
 215.000000  0.007446
 216.000000  0.009033
 217.000000  0.007349
 218.000000  0.008960
 219.000000  0.009838
 220.000000  0.008813
 221.000000  0.007373
 222.000000  0.008838
 223.000000  0.007349
 224.000000  0.009082
 225.000000  0.007349
 226.000000  0.008862
 227.000000  0.009790
 228.000000  0.009204
 229.000000  0.009814
 230.000000  0.009131
 231.000000  0.007373
 232.000000  0.009180
 233.000000  0.009814
 234.000000  0.008838
 235.000000  0.007373
 236.000000  0.008911
 237.000000  0.007397
 238.000000  0.009033
 239.000000  0.009814
 240.000000  0.009009
 241.000000  0.007373
 242.000000  0.008936
 243.000000  0.009790
 244.000000  0.008813
 245.000000  0.007373
 246.000000  0.009009
 247.000000  0.007373
 248.000000  0.009033
 249.000000  0.007397
 250.000000  0.008643
 251.000000  0.007446
 252.000000  0.008862
 253.000000  0.007397
 254.000000  0.008643
 255.000000  0.009838
 256.000000  0.009106
 257.000000  0.007373
 258.000000  0.009106
 259.000000  0.007349
 260.000000  0.008960
 261.000000  0.007397
 262.000000  0.008960
 263.000000  0.009790
 264.000000  0.008740
 265.000000  0.009863
 266.000000  0.009009
 267.000000  0.009838
 268.000000  0.008789
 269.000000  0.009912
 270.000000  0.008862
 271.000000  0.007397
 272.000000  0.008838
 273.000000  0.007495
 274.000000  0.008960
 275.000000  0.009887
 276.000000  0.008862
 277.000000  0.009887
 278.000000  0.008984
 279.000000  0.007544
 280.000000  0.009082
 281.000000  0.009985
 282.000000  0.009082
 283.000000  0.009912
 284.000000  0.009009
 285.000000  0.007519
 286.000000  0.008643
 287.000000  0.007666
 288.000000  0.008862
 289.000000  0.010058
 290.000000  0.008936
 291.000000  0.007519
 292.000000  0.009009
 293.000000  0.007568
 294.000000  0.009009
 295.000000  0.010083
 296.000000  0.008960
 297.000000  0.010180
 298.000000  0.009058
 299.000000  0.009985
 300.000000  0.008887
 301.000000  0.007544
 302.000000  0.008936
 303.000000  0.010034
 304.000000  0.008960
 305.000000  0.007764
 306.000000  0.009058
 307.000000  0.010180
 308.000000  0.009009
 309.000000  0.009985
 310.000000  0.009058
 311.000000  0.007593
 312.000000  0.009009
 313.000000  0.007910
 314.000000  0.009204
 315.000000  0.010253
 316.000000  0.009131
 317.000000  0.007764
 318.000000  0.009058
 319.000000  0.007617
 320.000000  0.009326
 321.000000  0.009936
 322.000000  0.009106
 323.000000  0.009985
 324.000000  0.009009
 325.000000  0.007422
 326.000000  0.008862
 327.000000  0.007642
 328.000000  0.009448
 329.000000  0.009912
 330.000000  0.009180
 331.000000  0.010058
 332.000000  0.009180
 333.000000  0.010058
 334.000000  0.008911
 335.000000  0.010034
 336.000000  0.009155
 337.000000  0.007544
 338.000000  0.009277
 339.000000  0.007471
 340.000000  0.009302
 341.000000  0.010253
 342.000000  0.011401
 343.000000  0.009912
 344.000000  0.009277
 345.000000  0.009961
 346.000000  0.009448
 347.000000  0.007544
 348.000000  0.008960
 349.000000  0.009912
 350.000000  0.009131
 351.000000  0.009961
 352.000000  0.009155
 353.000000  0.010058
 354.000000  0.009326
 355.000000  0.007568
 356.000000  0.009009
 357.000000  0.007422
 358.000000  0.009204
 359.000000  0.009863
 360.000000  0.009546
 361.000000  0.007495
 362.000000  0.009424
 363.000000  0.009863
 364.000000  0.009131
 365.000000  0.007519
 366.000000  0.009521
 367.000000  0.007495
 368.000000  0.009375
 369.000000  0.007495
 370.000000  0.009058
 371.000000  0.010083
 372.000000  0.009302
 373.000000  0.009887
 374.000000  0.009253
 375.000000  0.009887
 376.000000  0.009375
 377.000000  0.007397
 378.000000  0.009448
 379.000000  0.007666
 380.000000  0.009302
 381.000000  0.009912
 382.000000  0.009228
 383.000000  0.007471
 384.000000  0.009424
 385.000000  0.007617
 386.000000  0.009277
 387.000000  0.009912
 388.000000  0.009253
 389.000000  0.010058
 390.000000  0.009570
 391.000000  0.009985
 392.000000  0.009424
 393.000000  0.007495
 394.000000  0.009448
 395.000000  0.007495
 396.000000  0.009277
 397.000000  0.007666
 398.000000  0.009399
 399.000000  0.007617
 400.000000  0.009302
 401.000000  0.010180
 402.000000  0.009253
 403.000000  0.007593
 404.000000  0.009155
 405.000000  0.007642
 406.000000  0.009521
 407.000000  0.007617
 408.000000  0.009473
 409.000000  0.010009
 410.000000  0.009668
 411.000000  0.010058
 412.000000  0.009473
 413.000000  0.007861
 414.000000  0.009546
 415.000000  0.009961
 416.000000  0.009302
 417.000000  0.007715
 418.000000  0.009375
 419.000000  0.007642
 420.000000  0.009497
 421.000000  0.007471
 422.000000  0.009277
 423.000000  0.007593
 424.000000  0.009155
 425.000000  0.010009
 426.000000  0.009326
 427.000000  0.010131
 428.000000  0.009277
 429.000000  0.010302
 430.000000  0.009521
 431.000000  0.009936
 432.000000  0.009326
 433.000000  0.007642
 434.000000  0.009277
 435.000000  0.009936
 436.000000  0.009058
 437.000000  0.010058
 438.000000  0.009082
 439.000000  0.010083
 440.000000  0.009326
 441.000000  0.010180
 442.000000  0.009277
 443.000000  0.010083
 444.000000  0.009302
 445.000000  0.010229
 446.000000  0.009424
 447.000000  0.007959
 448.000000  0.009351
 449.000000  0.010205
 450.000000  0.009058
 451.000000  0.010180
 452.000000  0.009180
 453.000000  0.010620
 454.000000  0.009302
 455.000000  0.010424
 456.000000  0.009302
 457.000000  0.010498
 458.000000  0.009326
 459.000000  0.010449
 460.000000  0.009521
 461.000000  0.010424
 462.000000  0.009351
 463.000000  0.010253
 464.000000  0.009375
 465.000000  0.010644
 466.000000  0.009424
 467.000000  0.008057
 468.000000  0.009399
 469.000000  0.007788
 470.000000  0.009302
 471.000000  0.010522
 472.000000  0.009619
 473.000000  0.008081
 474.000000  0.009473
 475.000000  0.010205
 476.000000  0.009595
 477.000000  0.008105
 478.000000  0.009595
 479.000000  0.010473
 480.000000  0.009644
 481.000000  0.010522
 482.000000  0.009326
 483.000000  0.008032
 484.000000  0.009424
 485.000000  0.010791
 486.000000  0.009521
 487.000000  0.008008
 488.000000  0.009473
 489.000000  0.007764
 490.000000  0.009473
 491.000000  0.010156
 492.000000  0.009546
 493.000000  0.010278
 494.000000  0.009692
 495.000000  0.010229
 496.000000  0.009570
 497.000000  0.007739
 498.000000  0.009497
 499.000000  0.010205
 500.000000  0.009497
 501.000000  0.010522
 502.000000  0.009351
 503.000000  0.010376
 504.000000  0.009644
 505.000000  0.010693
 506.000000  0.009668
 507.000000  0.007861
 508.000000  0.009570
 509.000000  0.007715
 510.000000  0.009546
 511.000000  0.010278
 512.000000  0.009448
 513.000000  0.007764
 514.000000  0.009473
 515.000000  0.007959
 516.000000  0.009644
 517.000000  0.008081
 518.000000  0.009619
 519.000000  0.007715
 520.000000  0.009668
 521.000000  0.007812
 522.000000  0.009473
 523.000000  0.010131
 524.000000  0.009473
 525.000000  0.010156
 526.000000  0.009741
 527.000000  0.009961
 528.000000  0.009644
 529.000000  0.010571
 530.000000  0.009692
 531.000000  0.010449
 532.000000  0.009570
 533.000000  0.008350
 534.000000  0.009595
 535.000000  0.008276
 536.000000  0.009644
 537.000000  0.010376
 538.000000  0.009717
 539.000000  0.010351
 540.000000  0.009766
 541.000000  0.007959
 542.000000  0.009717
 543.000000  0.008179
 544.000000  0.009692
 545.000000  0.008057
 546.000000  0.009766
 547.000000  0.010693
 548.000000  0.009644
 549.000000  0.010742
 550.000000  0.009644
 551.000000  0.010766
 552.000000  0.009644
 553.000000  0.008423
 554.000000  0.009668
 555.000000  0.008203
 556.000000  0.009692
 557.000000  0.010644
 558.000000  0.009741
 559.000000  0.011230
 560.000000  0.009766
 561.000000  0.008081
 562.000000  0.009766
 563.000000  0.010815
 564.000000  0.009668
 565.000000  0.010961
 566.000000  0.009668
 567.000000  0.010913
 568.000000  0.009717
 569.000000  0.011084
 570.000000  0.009717
 571.000000  0.010669
 572.000000  0.009717
 573.000000  0.011206
 574.000000  0.009741
 575.000000  0.010669
 576.000000  0.009668
 577.000000  0.010717
 578.000000  0.009717
 579.000000  0.010693
 580.000000  0.009766
 581.000000  0.008520
 582.000000  0.009668
 583.000000  0.010888
 584.000000  0.009741
 585.000000  0.011425
 586.000000  0.009741
 587.000000  0.011352
 588.000000  0.009741
 589.000000  0.008569
 590.000000  0.009717
 591.000000  0.011010
 592.000000  0.009668
 593.000000  0.009228
 594.000000  0.009668
 595.000000  0.011645
 596.000000  0.009692
 597.000000  0.011572
 598.000000  0.009717
 599.000000  0.011254
 600.000000  0.009717
 601.000000  0.011254
 602.000000  0.009717
 603.000000  0.011279
 604.000000  0.009814
 605.000000  0.011718
 606.000000  0.009766
 607.000000  0.011743
 608.000000  0.009790
 609.000000  0.011621
 610.000000  0.009692
 611.000000  0.011840
 612.000000  0.012182
 613.000000  0.012011
 614.000000  0.012231
 615.000000  0.011962
 616.000000  0.009741
 617.000000  0.009644
 618.000000  0.009839
 619.000000  0.012085
 620.000000  0.009985
 621.000000  0.012085
 622.000000  0.010059
 623.000000  0.012207
 624.000000  0.012597
 625.000000  0.012255
 626.000000  0.010522
 627.000000  0.012353
 628.000000  0.010986
 629.000000  0.012646
 630.000000  0.011743
 631.000000  0.013696
 632.000000  0.012134
 633.000000  0.014599
 634.000000  0.012695
 635.000000  0.014770
 636.000000  0.014453
 637.000000  0.014600
 638.000000  0.017310
 639.000000  0.023559
 640.000000  0.029883
 641.000000  0.046215
 642.000000  0.078784
 643.000000  0.140210
 644.000000  0.202563
 645.000000  0.223852
 646.000000  0.183520
 647.000000  0.125903
 648.000000  0.070557
 649.000000  0.039722
 650.000000  0.028882
 651.000000  0.022681
 652.000000  0.019897
 653.000000  0.017261
 654.000000  0.015649
 655.000000  0.015600
 656.000000  0.012402
 657.000000  0.014428
 658.000000  0.012158
 659.000000  0.010181
 660.000000  0.010303
 661.000000  0.012231
 662.000000  0.009766
 663.000000  0.012182
 664.000000  0.012231
 665.000000  0.012207
 666.000000  0.012207
 667.000000  0.012207
 668.000000  0.009888
 669.000000  0.009766
 670.000000  0.009790
 671.000000  0.009766
 672.000000  0.009766
 673.000000  0.012182
 674.000000  0.012207
 675.000000  0.012133
 676.000000  0.009766
 677.000000  0.011889
 678.000000  0.009766
 679.000000  0.012085
 680.000000  0.009766
 681.000000  0.009424
 682.000000  0.009766
 683.000000  0.011987
 684.000000  0.009766
 685.000000  0.012109
 686.000000  0.009766
 687.000000  0.009619
 688.000000  0.012207
 689.000000  0.009473
 690.000000  0.012207
 691.000000  0.011889
 692.000000  0.009766
 693.000000  0.011987
 694.000000  0.009766
 695.000000  0.011987
 696.000000  0.012207
 697.000000  0.012036
 698.000000  0.009766
 699.000000  0.011596
 700.000000  0.009766
 701.000000  0.009521
 702.000000  0.009766
 703.000000  0.009473
 704.000000  0.012207
 705.000000  0.011840
 706.000000  0.009766
 707.000000  0.009424
 708.000000  0.009766
 709.000000  0.011303
 710.000000  0.009766
 711.000000  0.011743
 712.000000  0.009766
 713.000000  0.012060
 714.000000  0.009766
 715.000000  0.011987
 716.000000  0.009766
 717.000000  0.011645
 718.000000  0.009766
 719.000000  0.011767
 720.000000  0.009766
 721.000000  0.011547
 722.000000  0.009766
 723.000000  0.011865
 724.000000  0.009766
 725.000000  0.012011
 726.000000  0.009766
 727.000000  0.011694
 728.000000  0.009741
 729.000000  0.009595
 730.000000  0.009766
 731.000000  0.011621
 732.000000  0.009766
 733.000000  0.011767
 734.000000  0.012207
 735.000000  0.011572
 736.000000  0.009741
 737.000000  0.011303
 738.000000  0.009741
 739.000000  0.011547
 740.000000  0.009717
 741.000000  0.011816
 742.000000  0.009790
 743.000000  0.009106
 744.000000  0.009692
 745.000000  0.011669
 746.000000  0.009644
 747.000000  0.008691
 748.000000  0.009692
 749.000000  0.011181
 750.000000  0.009668
 751.000000  0.011547
 752.000000  0.012133
 753.000000  0.011718
 754.000000  0.009766
 755.000000  0.011254
 756.000000  0.009668
 757.000000  0.011230
 758.000000  0.009668
 759.000000  0.009082
 760.000000  0.009619
 761.000000  0.011547
 762.000000  0.009619
 763.000000  0.011621
 764.000000  0.009521
 765.000000  0.010913
 766.000000  0.009644
 767.000000  0.008447
 768.000000  0.009570
 769.000000  0.010986
 770.000000  0.009546
 771.000000  0.010791
 772.000000  0.009497
 773.000000  0.010839
 774.000000  0.012133
 775.000000  0.011230
 776.000000  0.012133
 777.000000  0.011352
 778.000000  0.009644
 779.000000  0.008838
 780.000000  0.009766
 781.000000  0.008838
 782.000000  0.012036
 783.000000  0.011059
 784.000000  0.009473
 785.000000  0.010986
 786.000000  0.009717
 787.000000  0.011132
 788.000000  0.012158
 789.000000  0.011181
 790.000000  0.009766
 791.000000  0.011401
 792.000000  0.009644
 793.000000  0.011279
 794.000000  0.009692
 795.000000  0.011401
 796.000000  0.009741
 797.000000  0.011499
 798.000000  0.009766
 799.000000  0.011523
 800.000000  0.009766
 801.000000  0.011279
 802.000000  0.012133
 803.000000  0.010913
 804.000000  0.009692
 805.000000  0.011499
 806.000000  0.009741
 807.000000  0.010986
 808.000000  0.012182
 809.000000  0.008960
 810.000000  0.009766
 811.000000  0.009302
 812.000000  0.009668
 813.000000  0.008447
 814.000000  0.009766
 815.000000  0.011157
 816.000000  0.009741
 817.000000  0.011254
 818.000000  0.009766
 819.000000  0.011157
 820.000000  0.009717
 821.000000  0.011157
 822.000000  0.009766
 823.000000  0.011621
 824.000000  0.012207
 825.000000  0.011206
 826.000000  0.009692
 827.000000  0.011132
 828.000000  0.009741
 829.000000  0.010937
 830.000000  0.009717
 831.000000  0.010717
 832.000000  0.009717
 833.000000  0.010620
 834.000000  0.009717
 835.000000  0.011132
 836.000000  0.012207
 837.000000  0.011157
 838.000000  0.009741
 839.000000  0.011230
 840.000000  0.009766
 841.000000  0.011181
 842.000000  0.012207
 843.000000  0.011303
 844.000000  0.009741
 845.000000  0.008423
 846.000000  0.012182
 847.000000  0.011108
 848.000000  0.009741
 849.000000  0.011303
 850.000000  0.009766
 851.000000  0.011084
 852.000000  0.009766
 853.000000  0.008643
 854.000000  0.012207
 855.000000  0.011230
 856.000000  0.009766
 857.000000  0.008179
 858.000000  0.009741
 859.000000  0.008838
 860.000000  0.012207
 861.000000  0.011425
 862.000000  0.009766
 863.000000  0.008691
 864.000000  0.009717
 865.000000  0.010717
 866.000000  0.012158
 867.000000  0.008789
 868.000000  0.009717
 869.000000  0.010449
 870.000000  0.009766
 871.000000  0.011254
 872.000000  0.009766
 873.000000  0.011352
 874.000000  0.009766
 875.000000  0.010595
 876.000000  0.009668
 877.000000  0.008569
 878.000000  0.009717
 879.000000  0.008252
 880.000000  0.009741
 881.000000  0.011645
 882.000000  0.009692
 883.000000  0.010937
 884.000000  0.009766
 885.000000  0.011084
 886.000000  0.009766
 887.000000  0.008545
 888.000000  0.009741
 889.000000  0.010595
 890.000000  0.009766
 891.000000  0.010717
 892.000000  0.009717
 893.000000  0.011230
 894.000000  0.009717
 895.000000  0.010888
 896.000000  0.009692
 897.000000  0.010864
 898.000000  0.009692
 899.000000  0.011303
 900.000000  0.009741
 901.000000  0.011206
 902.000000  0.012133
 903.000000  0.011181
 904.000000  0.009717
 905.000000  0.011303
 906.000000  0.012182
 907.000000  0.011035
 908.000000  0.012158
 909.000000  0.011010
 910.000000  0.009570
 911.000000  0.011084
 912.000000  0.009619
 913.000000  0.010913
 914.000000  0.009644
 915.000000  0.011303
 916.000000  0.009570
 917.000000  0.010864
 918.000000  0.012060
 919.000000  0.010913
 920.000000  0.012085
 921.000000  0.010986
 922.000000  0.009497
 923.000000  0.011206
 924.000000  0.009497
 925.000000  0.011059
 926.000000  0.009595
 927.000000  0.011084
 928.000000  0.009692
 929.000000  0.011352
 930.000000  0.009717
 931.000000  0.011547
 932.000000  0.009595
 933.000000  0.011572
 934.000000  0.009546
 935.000000  0.011328
 936.000000  0.009644
 937.000000  0.011206
 938.000000  0.009668
 939.000000  0.011010
 940.000000  0.009595
 941.000000  0.010791
 942.000000  0.009644
 943.000000  0.010937
 944.000000  0.009619
 945.000000  0.008716
 946.000000  0.012158
 947.000000  0.011694
 948.000000  0.009741
 949.000000  0.011377
 950.000000  0.012109
 951.000000  0.011059
 952.000000  0.009692
 953.000000  0.011157
 954.000000  0.009668
 955.000000  0.010986
 956.000000  0.009766
 957.000000  0.010766
 958.000000  0.009644
 959.000000  0.008423
 960.000000  0.009717
 961.000000  0.008374
 962.000000  0.012109
 963.000000  0.008667
 964.000000  0.009546
 965.000000  0.010913
 966.000000  0.009766
 967.000000  0.011230
 968.000000  0.009766
 969.000000  0.011450
 970.000000  0.012182
 971.000000  0.011206
 972.000000  0.009766
 973.000000  0.011254
 974.000000  0.009717
 975.000000  0.011132
 976.000000  0.009668
 977.000000  0.011132
 978.000000  0.009668
 979.000000  0.010400
 980.000000  0.009692
 981.000000  0.011157
 982.000000  0.009668
 983.000000  0.008643
 984.000000  0.009741
 985.000000  0.011108
 986.000000  0.009692
 987.000000  0.010913
 988.000000  0.012085
 989.000000  0.010546
 990.000000  0.009766
 991.000000  0.010815
 992.000000  0.009717
 993.000000  0.011035
 994.000000  0.009766
 995.000000  0.011206
 996.000000  0.009741
 997.000000  0.011352
 998.000000  0.012158
 999.000000  0.011377
 1000.000000  0.012182
 1001.000000  0.011084
 1002.000000  0.009619
 1003.000000  0.010522
 1004.000000  0.009668
 1005.000000  0.010644
 1006.000000  0.009692
 1007.000000  0.010327
 1008.000000  0.009692
 1009.000000  0.010669
 1010.000000  0.009595
 1011.000000  0.010742
 1012.000000  0.009570
 1013.000000  0.010473
 1014.000000  0.009424
 1015.000000  0.010376
 1016.000000  0.009619
 1017.000000  0.010791
 1018.000000  0.009546
 1019.000000  0.010766
 1020.000000  0.009521
 1021.000000  0.010351
 1022.000000  0.009448
 1023.000000  0.010449
