 0.000000  0.008643
 1.000000  0.007544
 2.000000  0.008398
 3.000000  0.007471
 4.000000  0.008667
 5.000000  0.007422
 6.000000  0.008887
 7.000000  0.007397
 8.000000  0.008520
 9.000000  0.007446
 10.000000  0.008643
 11.000000  0.007422
 12.000000  0.008862
 13.000000  0.007471
 14.000000  0.008618
 15.000000  0.007471
 16.000000  0.008618
 17.000000  0.007397
 18.000000  0.008765
 19.000000  0.007422
 20.000000  0.008179
 21.000000  0.007397
 22.000000  0.008374
 23.000000  0.007349
 24.000000  0.008691
 25.000000  0.007397
 26.000000  0.009204
 27.000000  0.009790
 28.000000  0.008472
 29.000000  0.007349
 30.000000  0.008618
 31.000000  0.007422
 32.000000  0.008667
 33.000000  0.007373
 34.000000  0.008716
 35.000000  0.007519
 36.000000  0.008618
 37.000000  0.007324
 38.000000  0.008740
 39.000000  0.009838
 40.000000  0.008960
 41.000000  0.007324
 42.000000  0.008887
 43.000000  0.007397
 44.000000  0.008911
 45.000000  0.007349
 46.000000  0.009082
 47.000000  0.007349
 48.000000  0.008911
 49.000000  0.007373
 50.000000  0.008374
 51.000000  0.007397
 52.000000  0.008447
 53.000000  0.007349
 54.000000  0.008545
 55.000000  0.007324
 56.000000  0.009106
 57.000000  0.007373
 58.000000  0.008911
 59.000000  0.009765
 60.000000  0.008496
 61.000000  0.009790
 62.000000  0.008276
 63.000000  0.007349
 64.000000  0.008569
 65.000000  0.007349
 66.000000  0.008765
 67.000000  0.009814
 68.000000  0.008618
 69.000000  0.007324
 70.000000  0.008374
 71.000000  0.007349
 72.000000  0.008545
 73.000000  0.007324
 74.000000  0.008447
 75.000000  0.007324
 76.000000  0.008643
 77.000000  0.007324
 78.000000  0.008496
 79.000000  0.007324
 80.000000  0.008643
 81.000000  0.007422
 82.000000  0.008276
 83.000000  0.007324
 84.000000  0.008374
 85.000000  0.007324
 86.000000  0.008545
 87.000000  0.007324
 88.000000  0.008594
 89.000000  0.007324
 90.000000  0.008862
 91.000000  0.007324
 92.000000  0.008594
 93.000000  0.007373
 94.000000  0.008447
 95.000000  0.007373
 96.000000  0.008643
 97.000000  0.007349
 98.000000  0.008911
 99.000000  0.007349
 100.000000  0.009009
 101.000000  0.009765
 102.000000  0.008398
 103.000000  0.009887
 104.000000  0.008227
 105.000000  0.007373
 106.000000  0.008838
 107.000000  0.007446
 108.000000  0.008936
 109.000000  0.009765
 110.000000  0.008789
 111.000000  0.007349
 112.000000  0.008374
 113.000000  0.007397
 114.000000  0.008691
 115.000000  0.007544
 116.000000  0.008594
 117.000000  0.007495
 118.000000  0.008740
 119.000000  0.007471
 120.000000  0.008740
 121.000000  0.007593
 122.000000  0.008716
 123.000000  0.007446
 124.000000  0.008594
 125.000000  0.007471
 126.000000  0.008691
 127.000000  0.009887
 128.000000  0.008447
 129.000000  0.007495
 130.000000  0.008667
 131.000000  0.009912
 132.000000  0.008594
 133.000000  0.007471
 134.000000  0.008887
 135.000000  0.009961
 136.000000  0.008667
 137.000000  0.007397
 138.000000  0.008765
 139.000000  0.007446
 140.000000  0.008740
 141.000000  0.007544
 142.000000  0.008765
 143.000000  0.007544
 144.000000  0.008398
 145.000000  0.009838
 146.000000  0.008496
 147.000000  0.007471
 148.000000  0.008716
 149.000000  0.009912
 150.000000  0.008740
 151.000000  0.007373
 152.000000  0.008569
 153.000000  0.007495
 154.000000  0.008667
 155.000000  0.007446
 156.000000  0.008520
 157.000000  0.009863
 158.000000  0.008520
 159.000000  0.007471
 160.000000  0.008691
 161.000000  0.007397
 162.000000  0.008545
 163.000000  0.007422
 164.000000  0.008252
 165.000000  0.007471
 166.000000  0.008447
 167.000000  0.007349
 168.000000  0.008765
 169.000000  0.009814
 170.000000  0.008496
 171.000000  0.007397
 172.000000  0.008057
 173.000000  0.007324
 174.000000  0.008179
 175.000000  0.007373
 176.000000  0.008643
 177.000000  0.007324
 178.000000  0.008569
 179.000000  0.009814
 180.000000  0.008252
 181.000000  0.007349
 182.000000  0.008472
 183.000000  0.007373
 184.000000  0.008398
 185.000000  0.007324
 186.000000  0.008350
 187.000000  0.007324
 188.000000  0.008276
 189.000000  0.007349
 190.000000  0.008301
 191.000000  0.007324
 192.000000  0.008350
 193.000000  0.007349
 194.000000  0.008130
 195.000000  0.007324
 196.000000  0.010839
 197.000000  0.007324
 198.000000  0.008545
 199.000000  0.009765
 200.000000  0.008252
 201.000000  0.009790
 202.000000  0.008227
 203.000000  0.007324
 204.000000  0.008423
 205.000000  0.007324
 206.000000  0.007886
 207.000000  0.007324
 208.000000  0.008350
 209.000000  0.009790
 210.000000  0.008472
 211.000000  0.007349
 212.000000  0.008032
 213.000000  0.009790
 214.000000  0.008203
 215.000000  0.007373
 216.000000  0.008130
 217.000000  0.007324
 218.000000  0.008227
 219.000000  0.009765
 220.000000  0.008398
 221.000000  0.007324
 222.000000  0.008057
 223.000000  0.007324
 224.000000  0.008252
 225.000000  0.007324
 226.000000  0.007861
 227.000000  0.009790
 228.000000  0.008618
 229.000000  0.009765
 230.000000  0.008520
 231.000000  0.007324
 232.000000  0.008252
 233.000000  0.009790
 234.000000  0.007983
 235.000000  0.007349
 236.000000  0.008130
 237.000000  0.007324
 238.000000  0.008350
 239.000000  0.009814
 240.000000  0.008154
 241.000000  0.007324
 242.000000  0.008227
 243.000000  0.009790
 244.000000  0.007739
 245.000000  0.007324
 246.000000  0.008057
 247.000000  0.007349
 248.000000  0.008447
 249.000000  0.007349
 250.000000  0.007959
 251.000000  0.007324
 252.000000  0.008179
 253.000000  0.007324
 254.000000  0.007959
 255.000000  0.009790
 256.000000  0.008203
 257.000000  0.007324
 258.000000  0.008081
 259.000000  0.007397
 260.000000  0.008447
 261.000000  0.007349
 262.000000  0.008057
 263.000000  0.009814
 264.000000  0.008130
 265.000000  0.009790
 266.000000  0.008008
 267.000000  0.009814
 268.000000  0.008008
 269.000000  0.009863
 270.000000  0.008105
 271.000000  0.007324
 272.000000  0.007788
 273.000000  0.007373
 274.000000  0.008130
 275.000000  0.009838
 276.000000  0.008179
 277.000000  0.009814
 278.000000  0.008350
 279.000000  0.007495
 280.000000  0.008374
 281.000000  0.009814
 282.000000  0.008154
 283.000000  0.009838
 284.000000  0.008105
 285.000000  0.007471
 286.000000  0.008057
 287.000000  0.007446
 288.000000  0.008227
 289.000000  0.009961
 290.000000  0.008350
 291.000000  0.007373
 292.000000  0.008520
 293.000000  0.007397
 294.000000  0.008325
 295.000000  0.009790
 296.000000  0.008154
 297.000000  0.009887
 298.000000  0.008350
 299.000000  0.009814
 300.000000  0.008179
 301.000000  0.007495
 302.000000  0.008154
 303.000000  0.009838
 304.000000  0.008545
 305.000000  0.007495
 306.000000  0.008276
 307.000000  0.009887
 308.000000  0.008325
 309.000000  0.009838
 310.000000  0.008398
 311.000000  0.007422
 312.000000  0.008276
 313.000000  0.007373
 314.000000  0.008423
 315.000000  0.009814
 316.000000  0.008203
 317.000000  0.007471
 318.000000  0.008227
 319.000000  0.007471
 320.000000  0.008227
 321.000000  0.009765
 322.000000  0.008203
 323.000000  0.009765
 324.000000  0.008203
 325.000000  0.007324
 326.000000  0.008057
 327.000000  0.007324
 328.000000  0.008179
 329.000000  0.009765
 330.000000  0.008398
 331.000000  0.009790
 332.000000  0.008032
 333.000000  0.009863
 334.000000  0.007959
 335.000000  0.009838
 336.000000  0.008179
 337.000000  0.007373
 338.000000  0.008154
 339.000000  0.007373
 340.000000  0.008203
 341.000000  0.009814
 342.000000  0.010522
 343.000000  0.009765
 344.000000  0.008276
 345.000000  0.009790
 346.000000  0.008447
 347.000000  0.007349
 348.000000  0.008252
 349.000000  0.009765
 350.000000  0.008130
 351.000000  0.009765
 352.000000  0.007935
 353.000000  0.009790
 354.000000  0.008081
 355.000000  0.007324
 356.000000  0.008081
 357.000000  0.007324
 358.000000  0.008423
 359.000000  0.009765
 360.000000  0.008594
 361.000000  0.007324
 362.000000  0.008154
 363.000000  0.009790
 364.000000  0.008227
 365.000000  0.007324
 366.000000  0.008496
 367.000000  0.007324
 368.000000  0.008179
 369.000000  0.007324
 370.000000  0.008179
 371.000000  0.009790
 372.000000  0.008203
 373.000000  0.009790
 374.000000  0.008130
 375.000000  0.009765
 376.000000  0.008325
 377.000000  0.007324
 378.000000  0.008691
 379.000000  0.007349
 380.000000  0.008350
 381.000000  0.009765
 382.000000  0.007983
 383.000000  0.007324
 384.000000  0.008472
 385.000000  0.007324
 386.000000  0.008398
 387.000000  0.009765
 388.000000  0.008032
 389.000000  0.009765
 390.000000  0.008569
 391.000000  0.009765
 392.000000  0.008154
 393.000000  0.007349
 394.000000  0.008130
 395.000000  0.007324
 396.000000  0.008447
 397.000000  0.007324
 398.000000  0.008276
 399.000000  0.007324
 400.000000  0.008447
 401.000000  0.009838
 402.000000  0.008057
 403.000000  0.007324
 404.000000  0.008130
 405.000000  0.007349
 406.000000  0.008179
 407.000000  0.007324
 408.000000  0.008203
 409.000000  0.009790
 410.000000  0.008545
 411.000000  0.009765
 412.000000  0.008276
 413.000000  0.007349
 414.000000  0.008447
 415.000000  0.009765
 416.000000  0.008130
 417.000000  0.007373
 418.000000  0.008325
 419.000000  0.007373
 420.000000  0.008569
 421.000000  0.007324
 422.000000  0.008252
 423.000000  0.007349
 424.000000  0.008203
 425.000000  0.009741
 426.000000  0.008325
 427.000000  0.009790
 428.000000  0.008325
 429.000000  0.009863
 430.000000  0.008765
 431.000000  0.009790
 432.000000  0.008520
 433.000000  0.007422
 434.000000  0.008252
 435.000000  0.009887
 436.000000  0.007959
 437.000000  0.009863
 438.000000  0.008350
 439.000000  0.009912
 440.000000  0.008374
 441.000000  0.009887
 442.000000  0.008472
 443.000000  0.009912
 444.000000  0.008667
 445.000000  0.009863
 446.000000  0.008594
 447.000000  0.007446
 448.000000  0.008350
 449.000000  0.009863
 450.000000  0.008130
 451.000000  0.009961
 452.000000  0.008374
 453.000000  0.009936
 454.000000  0.008838
 455.000000  0.009838
 456.000000  0.008496
 457.000000  0.009936
 458.000000  0.008398
 459.000000  0.009961
 460.000000  0.008520
 461.000000  0.009985
 462.000000  0.008643
 463.000000  0.009838
 464.000000  0.008423
 465.000000  0.010058
 466.000000  0.008618
 467.000000  0.007446
 468.000000  0.008398
 469.000000  0.007471
 470.000000  0.008569
 471.000000  0.009887
 472.000000  0.008618
 473.000000  0.007422
 474.000000  0.008618
 475.000000  0.009790
 476.000000  0.008545
 477.000000  0.007446
 478.000000  0.008569
 479.000000  0.009838
 480.000000  0.008667
 481.000000  0.009790
 482.000000  0.008447
 483.000000  0.007397
 484.000000  0.008227
 485.000000  0.009912
 486.000000  0.008374
 487.000000  0.007397
 488.000000  0.008374
 489.000000  0.007349
 490.000000  0.008472
 491.000000  0.009814
 492.000000  0.008325
 493.000000  0.009790
 494.000000  0.008569
 495.000000  0.009790
 496.000000  0.008520
 497.000000  0.007373
 498.000000  0.008301
 499.000000  0.009765
 500.000000  0.008227
 501.000000  0.009838
 502.000000  0.008276
 503.000000  0.009790
 504.000000  0.008374
 505.000000  0.009765
 506.000000  0.008154
 507.000000  0.007324
 508.000000  0.008447
 509.000000  0.007324
 510.000000  0.008765
 511.000000  0.009790
 512.000000  0.007935
 513.000000  0.007349
 514.000000  0.008057
 515.000000  0.007324
 516.000000  0.008276
 517.000000  0.007324
 518.000000  0.008227
 519.000000  0.007349
 520.000000  0.008447
 521.000000  0.007324
 522.000000  0.008203
 523.000000  0.009790
 524.000000  0.007983
 525.000000  0.009790
 526.000000  0.008374
 527.000000  0.009790
 528.000000  0.008032
 529.000000  0.009790
 530.000000  0.008643
 531.000000  0.009814
 532.000000  0.008081
 533.000000  0.007373
 534.000000  0.007983
 535.000000  0.007397
 536.000000  0.008032
 537.000000  0.009765
 538.000000  0.008179
 539.000000  0.009765
 540.000000  0.008545
 541.000000  0.007324
 542.000000  0.008643
 543.000000  0.007324
 544.000000  0.008130
 545.000000  0.007324
 546.000000  0.008520
 547.000000  0.009765
 548.000000  0.008227
 549.000000  0.009838
 550.000000  0.008154
 551.000000  0.009790
 552.000000  0.007861
 553.000000  0.007373
 554.000000  0.008252
 555.000000  0.007373
 556.000000  0.008350
 557.000000  0.009790
 558.000000  0.008276
 559.000000  0.009814
 560.000000  0.008643
 561.000000  0.007324
 562.000000  0.008569
 563.000000  0.009790
 564.000000  0.008105
 565.000000  0.009838
 566.000000  0.008325
 567.000000  0.009790
 568.000000  0.008569
 569.000000  0.009790
 570.000000  0.008325
 571.000000  0.009790
 572.000000  0.008301
 573.000000  0.009936
 574.000000  0.008105
 575.000000  0.009790
 576.000000  0.008350
 577.000000  0.009765
 578.000000  0.008203
 579.000000  0.009814
 580.000000  0.008227
 581.000000  0.007446
 582.000000  0.008350
 583.000000  0.009912
 584.000000  0.008276
 585.000000  0.009912
 586.000000  0.008081
 587.000000  0.010034
 588.000000  0.008252
 589.000000  0.007495
 590.000000  0.008179
 591.000000  0.009912
 592.000000  0.008325
 593.000000  0.007495
 594.000000  0.008423
 595.000000  0.009887
 596.000000  0.009009
 597.000000  0.009912
 598.000000  0.008520
 599.000000  0.009961
 600.000000  0.008374
 601.000000  0.009887
 602.000000  0.008569
 603.000000  0.010083
 604.000000  0.008984
 605.000000  0.009912
 606.000000  0.008911
 607.000000  0.009936
 608.000000  0.008936
 609.000000  0.009985
 610.000000  0.008813
 611.000000  0.009936
 612.000000  0.011303
 613.000000  0.010083
 614.000000  0.011425
 615.000000  0.009985
 616.000000  0.008667
 617.000000  0.007715
 618.000000  0.008984
 619.000000  0.010107
 620.000000  0.009302
 621.000000  0.009936
 622.000000  0.008887
 623.000000  0.009936
 624.000000  0.011547
 625.000000  0.009985
 626.000000  0.009082
 627.000000  0.009985
 628.000000  0.009326
 629.000000  0.010278
 630.000000  0.009253
 631.000000  0.010473
 632.000000  0.009497
 633.000000  0.010449
 634.000000  0.009644
 635.000000  0.010620
 636.000000  0.009570
 637.000000  0.008350
 638.000000  0.009766
 639.000000  0.011084
 640.000000  0.009790
 641.000000  0.011718
 642.000000  0.009766
 643.000000  0.009766
 644.000000  0.012377
 645.000000  0.012207
 646.000000  0.012524
 647.000000  0.012207
 648.000000  0.010840
 649.000000  0.010522
 650.000000  0.012158
 651.000000  0.012207
 652.000000  0.013257
 653.000000  0.014160
 654.000000  0.016260
 655.000000  0.019238
 656.000000  0.017456
 657.000000  0.019580
 658.000000  0.017163
 659.000000  0.017114
 660.000000  0.023853
 661.000000  0.045092
 662.000000  0.081104
 663.000000  0.116113
 664.000000  0.127246
 665.000000  0.097265
 666.000000  0.061914
 667.000000  0.031738
 668.000000  0.020166
 669.000000  0.014648
 670.000000  0.012353
 671.000000  0.010644
 672.000000  0.010449
 673.000000  0.012182
 674.000000  0.012207
 675.000000  0.012109
 676.000000  0.009766
 677.000000  0.011450
 678.000000  0.009766
 679.000000  0.010766
 680.000000  0.009692
 681.000000  0.008227
 682.000000  0.009668
 683.000000  0.010278
 684.000000  0.009644
 685.000000  0.010644
 686.000000  0.009619
 687.000000  0.007983
 688.000000  0.012060
 689.000000  0.007519
 690.000000  0.012182
 691.000000  0.009887
 692.000000  0.009668
 693.000000  0.009961
 694.000000  0.009521
 695.000000  0.009936
 696.000000  0.011523
 697.000000  0.010034
 698.000000  0.009351
 699.000000  0.009863
 700.000000  0.009302
 701.000000  0.007397
 702.000000  0.009326
 703.000000  0.007495
 704.000000  0.011499
 705.000000  0.009863
 706.000000  0.009131
 707.000000  0.007422
 708.000000  0.009155
 709.000000  0.009887
 710.000000  0.009351
 711.000000  0.009887
 712.000000  0.009375
 713.000000  0.010058
 714.000000  0.009204
 715.000000  0.010083
 716.000000  0.009106
 717.000000  0.009814
 718.000000  0.009131
 719.000000  0.009838
 720.000000  0.008936
 721.000000  0.009887
 722.000000  0.009204
 723.000000  0.009985
 724.000000  0.009375
 725.000000  0.009936
 726.000000  0.008740
 727.000000  0.009790
 728.000000  0.008765
 729.000000  0.007397
 730.000000  0.009106
 731.000000  0.010058
 732.000000  0.008960
 733.000000  0.009887
 734.000000  0.011572
 735.000000  0.009838
 736.000000  0.008520
 737.000000  0.009790
 738.000000  0.008618
 739.000000  0.009863
 740.000000  0.008960
 741.000000  0.010058
 742.000000  0.009204
 743.000000  0.007593
 744.000000  0.008838
 745.000000  0.009961
 746.000000  0.008618
 747.000000  0.007495
 748.000000  0.008520
 749.000000  0.009912
 750.000000  0.008618
 751.000000  0.009936
 752.000000  0.011499
 753.000000  0.010107
 754.000000  0.008960
 755.000000  0.009936
 756.000000  0.008740
 757.000000  0.009887
 758.000000  0.008862
 759.000000  0.007593
 760.000000  0.008813
 761.000000  0.010034
 762.000000  0.008691
 763.000000  0.009912
 764.000000  0.008423
 765.000000  0.009912
 766.000000  0.008374
 767.000000  0.007446
 768.000000  0.008325
 769.000000  0.009912
 770.000000  0.008423
 771.000000  0.009838
 772.000000  0.008350
 773.000000  0.009863
 774.000000  0.010961
 775.000000  0.009912
 776.000000  0.010961
 777.000000  0.009863
 778.000000  0.008667
 779.000000  0.007471
 780.000000  0.008740
 781.000000  0.007471
 782.000000  0.011035
 783.000000  0.009936
 784.000000  0.008398
 785.000000  0.009887
 786.000000  0.008643
 787.000000  0.009814
 788.000000  0.010864
 789.000000  0.009765
 790.000000  0.008496
 791.000000  0.009863
 792.000000  0.008472
 793.000000  0.009814
 794.000000  0.008496
 795.000000  0.009912
 796.000000  0.008594
 797.000000  0.009765
 798.000000  0.008179
 799.000000  0.009814
 800.000000  0.008667
 801.000000  0.009863
 802.000000  0.010693
 803.000000  0.009765
 804.000000  0.008252
 805.000000  0.009814
 806.000000  0.007983
 807.000000  0.009790
 808.000000  0.010913
 809.000000  0.007446
 810.000000  0.008887
 811.000000  0.007397
 812.000000  0.008350
 813.000000  0.007373
 814.000000  0.008520
 815.000000  0.009814
 816.000000  0.008643
 817.000000  0.009765
 818.000000  0.008520
 819.000000  0.009765
 820.000000  0.008203
 821.000000  0.009814
 822.000000  0.008398
 823.000000  0.009790
 824.000000  0.010669
 825.000000  0.009790
 826.000000  0.008105
 827.000000  0.009790
 828.000000  0.008276
 829.000000  0.009765
 830.000000  0.008154
 831.000000  0.009790
 832.000000  0.008227
 833.000000  0.009765
 834.000000  0.008032
 835.000000  0.009765
 836.000000  0.010742
 837.000000  0.009790
 838.000000  0.008423
 839.000000  0.009765
 840.000000  0.008789
 841.000000  0.009765
 842.000000  0.010791
 843.000000  0.009765
 844.000000  0.008203
 845.000000  0.007324
 846.000000  0.010522
 847.000000  0.009790
 848.000000  0.007886
 849.000000  0.009790
 850.000000  0.007837
 851.000000  0.009765
 852.000000  0.008252
 853.000000  0.007324
 854.000000  0.011108
 855.000000  0.009765
 856.000000  0.008472
 857.000000  0.007349
 858.000000  0.008130
 859.000000  0.007324
 860.000000  0.010864
 861.000000  0.009765
 862.000000  0.008179
 863.000000  0.007324
 864.000000  0.007935
 865.000000  0.009814
 866.000000  0.010595
 867.000000  0.007397
 868.000000  0.008105
 869.000000  0.009790
 870.000000  0.008447
 871.000000  0.009790
 872.000000  0.008325
 873.000000  0.009790
 874.000000  0.007983
 875.000000  0.009765
 876.000000  0.008057
 877.000000  0.007349
 878.000000  0.008472
 879.000000  0.007349
 880.000000  0.008008
 881.000000  0.009790
 882.000000  0.008447
 883.000000  0.009863
 884.000000  0.008252
 885.000000  0.009790
 886.000000  0.008350
 887.000000  0.007373
 888.000000  0.008227
 889.000000  0.009790
 890.000000  0.008227
 891.000000  0.009790
 892.000000  0.008325
 893.000000  0.009838
 894.000000  0.008398
 895.000000  0.009961
 896.000000  0.008081
 897.000000  0.009838
 898.000000  0.008032
 899.000000  0.009863
 900.000000  0.008301
 901.000000  0.009838
 902.000000  0.010546
 903.000000  0.009814
 904.000000  0.008643
 905.000000  0.009838
 906.000000  0.010791
 907.000000  0.009838
 908.000000  0.010620
 909.000000  0.009814
 910.000000  0.008203
 911.000000  0.009863
 912.000000  0.008276
 913.000000  0.009863
 914.000000  0.008081
 915.000000  0.009912
 916.000000  0.007983
 917.000000  0.009863
 918.000000  0.010815
 919.000000  0.009838
 920.000000  0.010864
 921.000000  0.009765
 922.000000  0.007959
 923.000000  0.009790
 924.000000  0.008252
 925.000000  0.009863
 926.000000  0.008423
 927.000000  0.009790
 928.000000  0.008276
 929.000000  0.009936
 930.000000  0.008374
 931.000000  0.009936
 932.000000  0.008105
 933.000000  0.009936
 934.000000  0.008081
 935.000000  0.009887
 936.000000  0.008496
 937.000000  0.009814
 938.000000  0.008545
 939.000000  0.009814
 940.000000  0.008350
 941.000000  0.009814
 942.000000  0.008325
 943.000000  0.009838
 944.000000  0.008179
 945.000000  0.007397
 946.000000  0.010864
 947.000000  0.009838
 948.000000  0.008350
 949.000000  0.009863
 950.000000  0.010669
 951.000000  0.009838
 952.000000  0.007935
 953.000000  0.009814
 954.000000  0.008325
 955.000000  0.009790
 956.000000  0.008008
 957.000000  0.009790
 958.000000  0.007812
 959.000000  0.007349
 960.000000  0.008130
 961.000000  0.007349
 962.000000  0.010644
 963.000000  0.007397
 964.000000  0.007959
 965.000000  0.009790
 966.000000  0.008057
 967.000000  0.009790
 968.000000  0.008276
 969.000000  0.009814
 970.000000  0.010742
 971.000000  0.009814
 972.000000  0.008667
 973.000000  0.009790
 974.000000  0.008374
 975.000000  0.009790
 976.000000  0.007788
 977.000000  0.009790
 978.000000  0.007959
 979.000000  0.009765
 980.000000  0.008227
 981.000000  0.009814
 982.000000  0.007959
 983.000000  0.007373
 984.000000  0.007983
 985.000000  0.009790
 986.000000  0.007788
 987.000000  0.009765
 988.000000  0.010546
 989.000000  0.009765
 990.000000  0.008374
 991.000000  0.009790
 992.000000  0.008130
 993.000000  0.009765
 994.000000  0.007837
 995.000000  0.009765
 996.000000  0.007715
 997.000000  0.009765
 998.000000  0.010302
 999.000000  0.009790
 1000.000000  0.010644
 1001.000000  0.009790
 1002.000000  0.007861
 1003.000000  0.009765
 1004.000000  0.007690
 1005.000000  0.009790
 1006.000000  0.007837
 1007.000000  0.009765
 1008.000000  0.008105
 1009.000000  0.009765
 1010.000000  0.007690
 1011.000000  0.009765
 1012.000000  0.007788
 1013.000000  0.009765
 1014.000000  0.007715
 1015.000000  0.009765
 1016.000000  0.007690
 1017.000000  0.009765
 1018.000000  0.007690
 1019.000000  0.009765
 1020.000000  0.007715
 1021.000000  0.009765
 1022.000000  0.007715
 1023.000000  0.009790
