 0.000000  0.008887
 1.000000  0.007617
 2.000000  0.008569
 3.000000  0.007593
 4.000000  0.008936
 5.000000  0.007471
 6.000000  0.009106
 7.000000  0.007495
 8.000000  0.008960
 9.000000  0.007617
 10.000000  0.008984
 11.000000  0.007495
 12.000000  0.008936
 13.000000  0.007519
 14.000000  0.008838
 15.000000  0.007519
 16.000000  0.009180
 17.000000  0.007544
 18.000000  0.009131
 19.000000  0.007788
 20.000000  0.008667
 21.000000  0.007739
 22.000000  0.008643
 23.000000  0.007690
 24.000000  0.008887
 25.000000  0.007471
 26.000000  0.009351
 27.000000  0.010083
 28.000000  0.008765
 29.000000  0.007764
 30.000000  0.008911
 31.000000  0.007690
 32.000000  0.008862
 33.000000  0.007519
 34.000000  0.008813
 35.000000  0.007666
 36.000000  0.008984
 37.000000  0.007617
 38.000000  0.008765
 39.000000  0.010034
 40.000000  0.009058
 41.000000  0.007617
 42.000000  0.009082
 43.000000  0.007495
 44.000000  0.008936
 45.000000  0.007544
 46.000000  0.009058
 47.000000  0.007422
 48.000000  0.009106
 49.000000  0.007519
 50.000000  0.008545
 51.000000  0.007471
 52.000000  0.008667
 53.000000  0.007446
 54.000000  0.009009
 55.000000  0.007495
 56.000000  0.009106
 57.000000  0.007446
 58.000000  0.009228
 59.000000  0.009790
 60.000000  0.008911
 61.000000  0.009912
 62.000000  0.008545
 63.000000  0.007349
 64.000000  0.008789
 65.000000  0.007349
 66.000000  0.008887
 67.000000  0.009838
 68.000000  0.008887
 69.000000  0.007422
 70.000000  0.008887
 71.000000  0.007349
 72.000000  0.008667
 73.000000  0.007349
 74.000000  0.008911
 75.000000  0.007373
 76.000000  0.009058
 77.000000  0.007397
 78.000000  0.008984
 79.000000  0.007373
 80.000000  0.009082
 81.000000  0.007373
 82.000000  0.008472
 83.000000  0.007349
 84.000000  0.008447
 85.000000  0.007422
 86.000000  0.008838
 87.000000  0.007373
 88.000000  0.008838
 89.000000  0.007373
 90.000000  0.008643
 91.000000  0.007397
 92.000000  0.008569
 93.000000  0.007422
 94.000000  0.008887
 95.000000  0.007324
 96.000000  0.009106
 97.000000  0.007373
 98.000000  0.008887
 99.000000  0.007373
 100.000000  0.009058
 101.000000  0.009887
 102.000000  0.008594
 103.000000  0.009863
 104.000000  0.008594
 105.000000  0.007397
 106.000000  0.009253
 107.000000  0.007349
 108.000000  0.008887
 109.000000  0.009790
 110.000000  0.009033
 111.000000  0.007397
 112.000000  0.008618
 113.000000  0.007373
 114.000000  0.008911
 115.000000  0.007397
 116.000000  0.008789
 117.000000  0.007446
 118.000000  0.008960
 119.000000  0.007324
 120.000000  0.009131
 121.000000  0.007349
 122.000000  0.008911
 123.000000  0.007373
 124.000000  0.008960
 125.000000  0.007446
 126.000000  0.008936
 127.000000  0.009765
 128.000000  0.008911
 129.000000  0.007324
 130.000000  0.008667
 131.000000  0.009838
 132.000000  0.008765
 133.000000  0.007446
 134.000000  0.008960
 135.000000  0.009838
 136.000000  0.008813
 137.000000  0.007349
 138.000000  0.008936
 139.000000  0.007446
 140.000000  0.009082
 141.000000  0.007422
 142.000000  0.008618
 143.000000  0.007397
 144.000000  0.008569
 145.000000  0.009961
 146.000000  0.008740
 147.000000  0.007397
 148.000000  0.008960
 149.000000  0.009961
 150.000000  0.008716
 151.000000  0.007422
 152.000000  0.008862
 153.000000  0.007519
 154.000000  0.008813
 155.000000  0.007495
 156.000000  0.008594
 157.000000  0.009912
 158.000000  0.008691
 159.000000  0.007519
 160.000000  0.008740
 161.000000  0.007422
 162.000000  0.008618
 163.000000  0.007519
 164.000000  0.008691
 165.000000  0.007495
 166.000000  0.008618
 167.000000  0.007617
 168.000000  0.008667
 169.000000  0.009985
 170.000000  0.008472
 171.000000  0.007373
 172.000000  0.008472
 173.000000  0.007422
 174.000000  0.008667
 175.000000  0.007446
 176.000000  0.008667
 177.000000  0.007471
 178.000000  0.008472
 179.000000  0.009863
 180.000000  0.008569
 181.000000  0.007495
 182.000000  0.008594
 183.000000  0.007617
 184.000000  0.008594
 185.000000  0.007495
 186.000000  0.008716
 187.000000  0.007519
 188.000000  0.008472
 189.000000  0.007446
 190.000000  0.008667
 191.000000  0.007446
 192.000000  0.008643
 193.000000  0.007446
 194.000000  0.008594
 195.000000  0.007422
 196.000000  0.010961
 197.000000  0.007397
 198.000000  0.008813
 199.000000  0.009765
 200.000000  0.008472
 201.000000  0.009912
 202.000000  0.008643
 203.000000  0.007422
 204.000000  0.008520
 205.000000  0.007373
 206.000000  0.008496
 207.000000  0.007422
 208.000000  0.008252
 209.000000  0.009814
 210.000000  0.008813
 211.000000  0.007349
 212.000000  0.008520
 213.000000  0.009765
 214.000000  0.008520
 215.000000  0.007397
 216.000000  0.008545
 217.000000  0.007422
 218.000000  0.008789
 219.000000  0.009863
 220.000000  0.008545
 221.000000  0.007349
 222.000000  0.008716
 223.000000  0.007349
 224.000000  0.008691
 225.000000  0.007446
 226.000000  0.008423
 227.000000  0.009790
 228.000000  0.008984
 229.000000  0.009765
 230.000000  0.009058
 231.000000  0.007373
 232.000000  0.008667
 233.000000  0.009790
 234.000000  0.008569
 235.000000  0.007373
 236.000000  0.008423
 237.000000  0.007397
 238.000000  0.008765
 239.000000  0.009765
 240.000000  0.008716
 241.000000  0.007397
 242.000000  0.008496
 243.000000  0.009765
 244.000000  0.008350
 245.000000  0.007373
 246.000000  0.008423
 247.000000  0.007349
 248.000000  0.008740
 249.000000  0.007373
 250.000000  0.008691
 251.000000  0.007324
 252.000000  0.008643
 253.000000  0.007349
 254.000000  0.008301
 255.000000  0.009790
 256.000000  0.008691
 257.000000  0.007324
 258.000000  0.008496
 259.000000  0.007349
 260.000000  0.008765
 261.000000  0.007324
 262.000000  0.008325
 263.000000  0.009790
 264.000000  0.008374
 265.000000  0.009765
 266.000000  0.008520
 267.000000  0.009765
 268.000000  0.008472
 269.000000  0.009814
 270.000000  0.008618
 271.000000  0.007324
 272.000000  0.008350
 273.000000  0.007324
 274.000000  0.008716
 275.000000  0.009765
 276.000000  0.008667
 277.000000  0.009790
 278.000000  0.008862
 279.000000  0.007349
 280.000000  0.008887
 281.000000  0.009765
 282.000000  0.008374
 283.000000  0.009765
 284.000000  0.008594
 285.000000  0.007422
 286.000000  0.008350
 287.000000  0.007349
 288.000000  0.008301
 289.000000  0.009863
 290.000000  0.008984
 291.000000  0.007349
 292.000000  0.008618
 293.000000  0.007349
 294.000000  0.009033
 295.000000  0.009790
 296.000000  0.008765
 297.000000  0.009814
 298.000000  0.008643
 299.000000  0.009863
 300.000000  0.008716
 301.000000  0.007349
 302.000000  0.008862
 303.000000  0.009838
 304.000000  0.008862
 305.000000  0.007373
 306.000000  0.008765
 307.000000  0.009838
 308.000000  0.008887
 309.000000  0.009814
 310.000000  0.008911
 311.000000  0.007495
 312.000000  0.008838
 313.000000  0.007544
 314.000000  0.009058
 315.000000  0.009961
 316.000000  0.008594
 317.000000  0.007568
 318.000000  0.008936
 319.000000  0.007495
 320.000000  0.008569
 321.000000  0.009887
 322.000000  0.008545
 323.000000  0.009936
 324.000000  0.008594
 325.000000  0.007422
 326.000000  0.008569
 327.000000  0.007471
 328.000000  0.008643
 329.000000  0.009961
 330.000000  0.008740
 331.000000  0.010131
 332.000000  0.009009
 333.000000  0.009961
 334.000000  0.008667
 335.000000  0.010009
 336.000000  0.008813
 337.000000  0.007568
 338.000000  0.008936
 339.000000  0.007568
 340.000000  0.008789
 341.000000  0.009985
 342.000000  0.010913
 343.000000  0.009961
 344.000000  0.008740
 345.000000  0.009936
 346.000000  0.008911
 347.000000  0.007544
 348.000000  0.008716
 349.000000  0.009961
 350.000000  0.008789
 351.000000  0.009912
 352.000000  0.008960
 353.000000  0.010083
 354.000000  0.008569
 355.000000  0.007446
 356.000000  0.008545
 357.000000  0.007544
 358.000000  0.008862
 359.000000  0.009912
 360.000000  0.008936
 361.000000  0.007422
 362.000000  0.008887
 363.000000  0.009814
 364.000000  0.008838
 365.000000  0.007446
 366.000000  0.008887
 367.000000  0.007422
 368.000000  0.008691
 369.000000  0.007397
 370.000000  0.008838
 371.000000  0.009863
 372.000000  0.009180
 373.000000  0.009912
 374.000000  0.008813
 375.000000  0.009790
 376.000000  0.008838
 377.000000  0.007422
 378.000000  0.009058
 379.000000  0.007471
 380.000000  0.009082
 381.000000  0.009838
 382.000000  0.008691
 383.000000  0.007349
 384.000000  0.008911
 385.000000  0.007422
 386.000000  0.008960
 387.000000  0.009790
 388.000000  0.008716
 389.000000  0.009863
 390.000000  0.009009
 391.000000  0.009863
 392.000000  0.009058
 393.000000  0.007422
 394.000000  0.008887
 395.000000  0.007446
 396.000000  0.008740
 397.000000  0.007373
 398.000000  0.008813
 399.000000  0.007373
 400.000000  0.008984
 401.000000  0.009887
 402.000000  0.008862
 403.000000  0.007544
 404.000000  0.009131
 405.000000  0.007373
 406.000000  0.008911
 407.000000  0.007446
 408.000000  0.008936
 409.000000  0.009863
 410.000000  0.008984
 411.000000  0.009838
 412.000000  0.009009
 413.000000  0.007397
 414.000000  0.008911
 415.000000  0.009814
 416.000000  0.008936
 417.000000  0.007422
 418.000000  0.009106
 419.000000  0.007373
 420.000000  0.009131
 421.000000  0.007324
 422.000000  0.008789
 423.000000  0.007397
 424.000000  0.008838
 425.000000  0.009863
 426.000000  0.008740
 427.000000  0.009887
 428.000000  0.009033
 429.000000  0.009863
 430.000000  0.009106
 431.000000  0.009765
 432.000000  0.008984
 433.000000  0.007422
 434.000000  0.008643
 435.000000  0.009765
 436.000000  0.008374
 437.000000  0.009814
 438.000000  0.008716
 439.000000  0.009814
 440.000000  0.009204
 441.000000  0.009814
 442.000000  0.009009
 443.000000  0.009936
 444.000000  0.008960
 445.000000  0.009838
 446.000000  0.009058
 447.000000  0.007495
 448.000000  0.008691
 449.000000  0.009887
 450.000000  0.008765
 451.000000  0.009838
 452.000000  0.008643
 453.000000  0.009863
 454.000000  0.008936
 455.000000  0.010034
 456.000000  0.008765
 457.000000  0.009887
 458.000000  0.008887
 459.000000  0.009936
 460.000000  0.009155
 461.000000  0.009936
 462.000000  0.009033
 463.000000  0.009863
 464.000000  0.009326
 465.000000  0.009912
 466.000000  0.009204
 467.000000  0.007471
 468.000000  0.008765
 469.000000  0.007568
 470.000000  0.008984
 471.000000  0.010034
 472.000000  0.008862
 473.000000  0.007519
 474.000000  0.008984
 475.000000  0.010107
 476.000000  0.009228
 477.000000  0.007617
 478.000000  0.008862
 479.000000  0.010107
 480.000000  0.009131
 481.000000  0.010009
 482.000000  0.008691
 483.000000  0.007812
 484.000000  0.008765
 485.000000  0.010205
 486.000000  0.008667
 487.000000  0.007568
 488.000000  0.008936
 489.000000  0.007837
 490.000000  0.008765
 491.000000  0.010131
 492.000000  0.008667
 493.000000  0.010107
 494.000000  0.009106
 495.000000  0.009961
 496.000000  0.009082
 497.000000  0.007593
 498.000000  0.008643
 499.000000  0.010278
 500.000000  0.009058
 501.000000  0.010034
 502.000000  0.008960
 503.000000  0.010205
 504.000000  0.009082
 505.000000  0.010131
 506.000000  0.009131
 507.000000  0.007519
 508.000000  0.009009
 509.000000  0.007764
 510.000000  0.009204
 511.000000  0.009912
 512.000000  0.008667
 513.000000  0.007593
 514.000000  0.008740
 515.000000  0.007446
 516.000000  0.008936
 517.000000  0.007471
 518.000000  0.008911
 519.000000  0.007544
 520.000000  0.009204
 521.000000  0.007593
 522.000000  0.008789
 523.000000  0.009887
 524.000000  0.008618
 525.000000  0.009912
 526.000000  0.008936
 527.000000  0.009814
 528.000000  0.009155
 529.000000  0.009887
 530.000000  0.009473
 531.000000  0.010034
 532.000000  0.009058
 533.000000  0.007519
 534.000000  0.008838
 535.000000  0.007544
 536.000000  0.009033
 537.000000  0.009863
 538.000000  0.009204
 539.000000  0.009838
 540.000000  0.009277
 541.000000  0.007422
 542.000000  0.009106
 543.000000  0.007544
 544.000000  0.008960
 545.000000  0.007471
 546.000000  0.009375
 547.000000  0.009838
 548.000000  0.009058
 549.000000  0.009887
 550.000000  0.008984
 551.000000  0.009863
 552.000000  0.009204
 553.000000  0.007446
 554.000000  0.009326
 555.000000  0.007593
 556.000000  0.009228
 557.000000  0.009887
 558.000000  0.009180
 559.000000  0.009961
 560.000000  0.009375
 561.000000  0.007471
 562.000000  0.009399
 563.000000  0.009936
 564.000000  0.009131
 565.000000  0.009936
 566.000000  0.009106
 567.000000  0.009863
 568.000000  0.009424
 569.000000  0.010009
 570.000000  0.009326
 571.000000  0.009912
 572.000000  0.009399
 573.000000  0.009985
 574.000000  0.009155
 575.000000  0.009838
 576.000000  0.009253
 577.000000  0.009912
 578.000000  0.009399
 579.000000  0.009887
 580.000000  0.009302
 581.000000  0.007593
 582.000000  0.009375
 583.000000  0.009936
 584.000000  0.009277
 585.000000  0.010107
 586.000000  0.009351
 587.000000  0.009936
 588.000000  0.009131
 589.000000  0.007446
 590.000000  0.008984
 591.000000  0.009936
 592.000000  0.009497
 593.000000  0.007666
 594.000000  0.009570
 595.000000  0.010131
 596.000000  0.009692
 597.000000  0.010083
 598.000000  0.009448
 599.000000  0.010107
 600.000000  0.009351
 601.000000  0.009936
 602.000000  0.009521
 603.000000  0.010229
 604.000000  0.009717
 605.000000  0.010107
 606.000000  0.009668
 607.000000  0.010058
 608.000000  0.009570
 609.000000  0.010180
 610.000000  0.009644
 611.000000  0.010131
 612.000000  0.011987
 613.000000  0.010620
 614.000000  0.012133
 615.000000  0.010595
 616.000000  0.009619
 617.000000  0.008130
 618.000000  0.009595
 619.000000  0.010424
 620.000000  0.009692
 621.000000  0.010400
 622.000000  0.009546
 623.000000  0.010693
 624.000000  0.012109
 625.000000  0.010864
 626.000000  0.009595
 627.000000  0.010669
 628.000000  0.009741
 629.000000  0.011035
 630.000000  0.009619
 631.000000  0.011108
 632.000000  0.009619
 633.000000  0.011596
 634.000000  0.009644
 635.000000  0.011889
 636.000000  0.009717
 637.000000  0.009204
 638.000000  0.009692
 639.000000  0.011914
 640.000000  0.009790
 641.000000  0.011987
 642.000000  0.009839
 643.000000  0.009717
 644.000000  0.012573
 645.000000  0.012280
 646.000000  0.012939
 647.000000  0.012377
 648.000000  0.010913
 649.000000  0.010449
 650.000000  0.011914
 651.000000  0.011768
 652.000000  0.012793
 653.000000  0.012720
 654.000000  0.014136
 655.000000  0.016674
 656.000000  0.015674
 657.000000  0.017627
 658.000000  0.016089
 659.000000  0.015332
 660.000000  0.017065
 661.000000  0.023364
 662.000000  0.034937
 663.000000  0.059741
 664.000000  0.079077
 665.000000  0.114697
 666.000000  0.161865
 667.000000  0.163745
 668.000000  0.144922
 669.000000  0.100293
 670.000000  0.038208
 671.000000  0.020752
 672.000000  0.016992
 673.000000  0.015747
 674.000000  0.014721
 675.000000  0.013818
 676.000000  0.011890
 677.000000  0.012402
 678.000000  0.010083
 679.000000  0.012207
 680.000000  0.009766
 681.000000  0.009692
 682.000000  0.009766
 683.000000  0.012133
 684.000000  0.009766
 685.000000  0.012182
 686.000000  0.009766
 687.000000  0.009521
 688.000000  0.012207
 689.000000  0.009204
 690.000000  0.012207
 691.000000  0.011450
 692.000000  0.009766
 693.000000  0.011401
 694.000000  0.009717
 695.000000  0.011474
 696.000000  0.012182
 697.000000  0.011645
 698.000000  0.009741
 699.000000  0.010937
 700.000000  0.009766
 701.000000  0.008838
 702.000000  0.009766
 703.000000  0.008350
 704.000000  0.012182
 705.000000  0.010644
 706.000000  0.009644
 707.000000  0.008520
 708.000000  0.009644
 709.000000  0.010571
 710.000000  0.009717
 711.000000  0.010791
 712.000000  0.009741
 713.000000  0.011279
 714.000000  0.009717
 715.000000  0.011669
 716.000000  0.009717
 717.000000  0.010693
 718.000000  0.009741
 719.000000  0.010839
 720.000000  0.009741
 721.000000  0.010791
 722.000000  0.009766
 723.000000  0.010351
 724.000000  0.009717
 725.000000  0.010766
 726.000000  0.009741
 727.000000  0.010595
 728.000000  0.009692
 729.000000  0.008301
 730.000000  0.009741
 731.000000  0.010693
 732.000000  0.009644
 733.000000  0.010791
 734.000000  0.012182
 735.000000  0.010449
 736.000000  0.009595
 737.000000  0.010058
 738.000000  0.009570
 739.000000  0.010473
 740.000000  0.009668
 741.000000  0.010669
 742.000000  0.009692
 743.000000  0.008130
 744.000000  0.009741
 745.000000  0.010815
 746.000000  0.009668
 747.000000  0.008057
 748.000000  0.009692
 749.000000  0.010913
 750.000000  0.009741
 751.000000  0.010961
 752.000000  0.012182
 753.000000  0.010864
 754.000000  0.009619
 755.000000  0.010522
 756.000000  0.009644
 757.000000  0.010229
 758.000000  0.009644
 759.000000  0.008032
 760.000000  0.009619
 761.000000  0.010473
 762.000000  0.009546
 763.000000  0.010180
 764.000000  0.009351
 765.000000  0.009985
 766.000000  0.009253
 767.000000  0.007568
 768.000000  0.009180
 769.000000  0.010302
 770.000000  0.009326
 771.000000  0.009961
 772.000000  0.009033
 773.000000  0.010009
 774.000000  0.012036
 775.000000  0.010083
 776.000000  0.011669
 777.000000  0.010229
 778.000000  0.009326
 779.000000  0.007715
 780.000000  0.009521
 781.000000  0.007837
 782.000000  0.011523
 783.000000  0.010058
 784.000000  0.009228
 785.000000  0.010156
 786.000000  0.009375
 787.000000  0.010424
 788.000000  0.011792
 789.000000  0.010180
 790.000000  0.009424
 791.000000  0.010205
 792.000000  0.009277
 793.000000  0.010302
 794.000000  0.009204
 795.000000  0.010546
 796.000000  0.009326
 797.000000  0.010327
 798.000000  0.009155
 799.000000  0.010376
 800.000000  0.009326
 801.000000  0.010180
 802.000000  0.011645
 803.000000  0.010180
 804.000000  0.009228
 805.000000  0.010302
 806.000000  0.008911
 807.000000  0.010351
 808.000000  0.011694
 809.000000  0.008154
 810.000000  0.009570
 811.000000  0.008032
 812.000000  0.009204
 813.000000  0.007886
 814.000000  0.009351
 815.000000  0.010302
 816.000000  0.009302
 817.000000  0.010253
 818.000000  0.009351
 819.000000  0.010253
 820.000000  0.009399
 821.000000  0.010327
 822.000000  0.009326
 823.000000  0.010620
 824.000000  0.011792
 825.000000  0.010009
 826.000000  0.009228
 827.000000  0.010376
 828.000000  0.009302
 829.000000  0.009985
 830.000000  0.009180
 831.000000  0.010107
 832.000000  0.009546
 833.000000  0.009985
 834.000000  0.009155
 835.000000  0.010083
 836.000000  0.011547
 837.000000  0.010009
 838.000000  0.009375
 839.000000  0.010058
 840.000000  0.009619
 841.000000  0.009985
 842.000000  0.012060
 843.000000  0.010229
 844.000000  0.009473
 845.000000  0.007568
 846.000000  0.011865
 847.000000  0.010278
 848.000000  0.009302
 849.000000  0.010034
 850.000000  0.009473
 851.000000  0.010034
 852.000000  0.009277
 853.000000  0.007666
 854.000000  0.011987
 855.000000  0.009985
 856.000000  0.009204
 857.000000  0.007544
 858.000000  0.009375
 859.000000  0.007471
 860.000000  0.011889
 861.000000  0.009936
 862.000000  0.009253
 863.000000  0.007715
 864.000000  0.009058
 865.000000  0.009912
 866.000000  0.011743
 867.000000  0.007715
 868.000000  0.009473
 869.000000  0.010034
 870.000000  0.009570
 871.000000  0.010058
 872.000000  0.009497
 873.000000  0.010253
 874.000000  0.009351
 875.000000  0.009912
 876.000000  0.009277
 877.000000  0.007495
 878.000000  0.009473
 879.000000  0.007666
 880.000000  0.009228
 881.000000  0.010156
 882.000000  0.009521
 883.000000  0.010302
 884.000000  0.009570
 885.000000  0.010009
 886.000000  0.009570
 887.000000  0.007593
 888.000000  0.009497
 889.000000  0.010009
 890.000000  0.009424
 891.000000  0.010009
 892.000000  0.009375
 893.000000  0.010083
 894.000000  0.009619
 895.000000  0.010302
 896.000000  0.009375
 897.000000  0.009838
 898.000000  0.009082
 899.000000  0.009887
 900.000000  0.009375
 901.000000  0.009887
 902.000000  0.011645
 903.000000  0.009790
 904.000000  0.009546
 905.000000  0.010229
 906.000000  0.011743
 907.000000  0.009912
 908.000000  0.011694
 909.000000  0.010107
 910.000000  0.009375
 911.000000  0.010009
 912.000000  0.009473
 913.000000  0.010034
 914.000000  0.009399
 915.000000  0.010083
 916.000000  0.009106
 917.000000  0.009985
 918.000000  0.012158
 919.000000  0.010009
 920.000000  0.012011
 921.000000  0.009936
 922.000000  0.009399
 923.000000  0.010156
 924.000000  0.009228
 925.000000  0.009961
 926.000000  0.009277
 927.000000  0.010107
 928.000000  0.009497
 929.000000  0.010229
 930.000000  0.009399
 931.000000  0.010278
 932.000000  0.009399
 933.000000  0.010229
 934.000000  0.009351
 935.000000  0.010302
 936.000000  0.009473
 937.000000  0.010278
 938.000000  0.009497
 939.000000  0.010009
 940.000000  0.009228
 941.000000  0.010180
 942.000000  0.009204
 943.000000  0.010131
 944.000000  0.009302
 945.000000  0.007739
 946.000000  0.011718
 947.000000  0.010522
 948.000000  0.009473
 949.000000  0.010327
 950.000000  0.011596
 951.000000  0.010131
 952.000000  0.009228
 953.000000  0.010449
 954.000000  0.009277
 955.000000  0.010205
 956.000000  0.009277
 957.000000  0.010083
 958.000000  0.008936
 959.000000  0.007568
 960.000000  0.009155
 961.000000  0.007910
 962.000000  0.011669
 963.000000  0.007861
 964.000000  0.008911
 965.000000  0.010302
 966.000000  0.009082
 967.000000  0.010009
 968.000000  0.009131
 969.000000  0.010327
 970.000000  0.011792
 971.000000  0.010376
 972.000000  0.009375
 973.000000  0.010424
 974.000000  0.009131
 975.000000  0.010253
 976.000000  0.008716
 977.000000  0.010473
 978.000000  0.008936
 979.000000  0.010034
 980.000000  0.009448
 981.000000  0.010156
 982.000000  0.008838
 983.000000  0.007544
 984.000000  0.009009
 985.000000  0.010083
 986.000000  0.008911
 987.000000  0.009961
 988.000000  0.011792
 989.000000  0.010034
 990.000000  0.009424
 991.000000  0.010083
 992.000000  0.009277
 993.000000  0.010180
 994.000000  0.009302
 995.000000  0.010107
 996.000000  0.009228
 997.000000  0.010229
 998.000000  0.011523
 999.000000  0.010156
 1000.000000  0.011889
 1001.000000  0.010205
 1002.000000  0.008984
 1003.000000  0.009912
 1004.000000  0.009033
 1005.000000  0.009985
 1006.000000  0.009131
 1007.000000  0.010034
 1008.000000  0.009497
 1009.000000  0.009863
 1010.000000  0.008691
 1011.000000  0.009814
 1012.000000  0.008936
 1013.000000  0.009863
 1014.000000  0.008862
 1015.000000  0.009838
 1016.000000  0.008789
 1017.000000  0.009961
 1018.000000  0.008936
 1019.000000  0.009863
 1020.000000  0.008862
 1021.000000  0.009863
 1022.000000  0.008740
 1023.000000  0.009961
