 0.000000  0.009180
 1.000000  0.007568
 2.000000  0.008838
 3.000000  0.007397
 4.000000  0.008984
 5.000000  0.007544
 6.000000  0.009399
 7.000000  0.007495
 8.000000  0.009375
 9.000000  0.007495
 10.000000  0.009277
 11.000000  0.007422
 12.000000  0.009399
 13.000000  0.007642
 14.000000  0.009277
 15.000000  0.007422
 16.000000  0.009277
 17.000000  0.007568
 18.000000  0.009375
 19.000000  0.007764
 20.000000  0.008838
 21.000000  0.007544
 22.000000  0.009155
 23.000000  0.007593
 24.000000  0.009497
 25.000000  0.007544
 26.000000  0.009521
 27.000000  0.010009
 28.000000  0.009204
 29.000000  0.007471
 30.000000  0.008960
 31.000000  0.007617
 32.000000  0.009277
 33.000000  0.007617
 34.000000  0.009106
 35.000000  0.007568
 36.000000  0.009277
 37.000000  0.007519
 38.000000  0.009131
 39.000000  0.010009
 40.000000  0.009253
 41.000000  0.007495
 42.000000  0.009155
 43.000000  0.007544
 44.000000  0.009155
 45.000000  0.007519
 46.000000  0.009106
 47.000000  0.007519
 48.000000  0.009155
 49.000000  0.007861
 50.000000  0.008960
 51.000000  0.007788
 52.000000  0.009009
 53.000000  0.007519
 54.000000  0.008667
 55.000000  0.007764
 56.000000  0.009106
 57.000000  0.007666
 58.000000  0.009106
 59.000000  0.010083
 60.000000  0.009033
 61.000000  0.010278
 62.000000  0.008838
 63.000000  0.007690
 64.000000  0.008984
 65.000000  0.007593
 66.000000  0.009082
 67.000000  0.010131
 68.000000  0.009033
 69.000000  0.007812
 70.000000  0.008887
 71.000000  0.007642
 72.000000  0.009204
 73.000000  0.007593
 74.000000  0.009033
 75.000000  0.007568
 76.000000  0.009058
 77.000000  0.007593
 78.000000  0.009155
 79.000000  0.007690
 80.000000  0.009277
 81.000000  0.007642
 82.000000  0.008936
 83.000000  0.007642
 84.000000  0.009204
 85.000000  0.007739
 86.000000  0.009131
 87.000000  0.007886
 88.000000  0.009277
 89.000000  0.007544
 90.000000  0.009033
 91.000000  0.007471
 92.000000  0.009082
 93.000000  0.007446
 94.000000  0.009106
 95.000000  0.007519
 96.000000  0.009326
 97.000000  0.007495
 98.000000  0.009277
 99.000000  0.007642
 100.000000  0.009009
 101.000000  0.009936
 102.000000  0.008960
 103.000000  0.009985
 104.000000  0.009131
 105.000000  0.007397
 106.000000  0.009253
 107.000000  0.007495
 108.000000  0.009204
 109.000000  0.010009
 110.000000  0.009131
 111.000000  0.007422
 112.000000  0.009106
 113.000000  0.007519
 114.000000  0.009253
 115.000000  0.007544
 116.000000  0.009106
 117.000000  0.007422
 118.000000  0.009277
 119.000000  0.007471
 120.000000  0.009253
 121.000000  0.007446
 122.000000  0.009204
 123.000000  0.007422
 124.000000  0.009448
 125.000000  0.007495
 126.000000  0.009473
 127.000000  0.009814
 128.000000  0.009131
 129.000000  0.007422
 130.000000  0.009326
 131.000000  0.009912
 132.000000  0.009180
 133.000000  0.007373
 134.000000  0.009424
 135.000000  0.009961
 136.000000  0.009302
 137.000000  0.007397
 138.000000  0.009619
 139.000000  0.007446
 140.000000  0.009473
 141.000000  0.007422
 142.000000  0.009448
 143.000000  0.007568
 144.000000  0.009131
 145.000000  0.009790
 146.000000  0.009180
 147.000000  0.007373
 148.000000  0.009375
 149.000000  0.009863
 150.000000  0.009351
 151.000000  0.007422
 152.000000  0.009253
 153.000000  0.007495
 154.000000  0.009448
 155.000000  0.007495
 156.000000  0.009204
 157.000000  0.009961
 158.000000  0.009375
 159.000000  0.007544
 160.000000  0.009204
 161.000000  0.007422
 162.000000  0.009326
 163.000000  0.007471
 164.000000  0.009082
 165.000000  0.007422
 166.000000  0.009009
 167.000000  0.007471
 168.000000  0.009155
 169.000000  0.009863
 170.000000  0.009253
 171.000000  0.007324
 172.000000  0.009180
 173.000000  0.007471
 174.000000  0.009228
 175.000000  0.007397
 176.000000  0.009009
 177.000000  0.007422
 178.000000  0.009155
 179.000000  0.009838
 180.000000  0.009131
 181.000000  0.007422
 182.000000  0.008960
 183.000000  0.007397
 184.000000  0.009228
 185.000000  0.007568
 186.000000  0.009424
 187.000000  0.007373
 188.000000  0.009131
 189.000000  0.007446
 190.000000  0.009228
 191.000000  0.007373
 192.000000  0.009253
 193.000000  0.007471
 194.000000  0.009106
 195.000000  0.007446
 196.000000  0.011694
 197.000000  0.007519
 198.000000  0.009277
 199.000000  0.009887
 200.000000  0.009106
 201.000000  0.009790
 202.000000  0.009204
 203.000000  0.007495
 204.000000  0.009228
 205.000000  0.007349
 206.000000  0.008594
 207.000000  0.007544
 208.000000  0.008936
 209.000000  0.010449
 210.000000  0.009326
 211.000000  0.007739
 212.000000  0.009058
 213.000000  0.010253
 214.000000  0.008887
 215.000000  0.007642
 216.000000  0.008838
 217.000000  0.007690
 218.000000  0.008960
 219.000000  0.010205
 220.000000  0.009009
 221.000000  0.007544
 222.000000  0.008838
 223.000000  0.007593
 224.000000  0.009106
 225.000000  0.007788
 226.000000  0.008887
 227.000000  0.010229
 228.000000  0.008789
 229.000000  0.010034
 230.000000  0.009253
 231.000000  0.007764
 232.000000  0.009228
 233.000000  0.010107
 234.000000  0.008862
 235.000000  0.007544
 236.000000  0.008887
 237.000000  0.007764
 238.000000  0.009033
 239.000000  0.009961
 240.000000  0.009131
 241.000000  0.007617
 242.000000  0.009277
 243.000000  0.010083
 244.000000  0.009082
 245.000000  0.007544
 246.000000  0.009302
 247.000000  0.007495
 248.000000  0.009204
 249.000000  0.007471
 250.000000  0.008984
 251.000000  0.007519
 252.000000  0.009204
 253.000000  0.007593
 254.000000  0.008960
 255.000000  0.010034
 256.000000  0.009277
 257.000000  0.007519
 258.000000  0.008911
 259.000000  0.007495
 260.000000  0.009302
 261.000000  0.007446
 262.000000  0.008765
 263.000000  0.009814
 264.000000  0.008813
 265.000000  0.009961
 266.000000  0.009033
 267.000000  0.009814
 268.000000  0.008862
 269.000000  0.009912
 270.000000  0.009082
 271.000000  0.007349
 272.000000  0.008936
 273.000000  0.007397
 274.000000  0.009326
 275.000000  0.009961
 276.000000  0.009204
 277.000000  0.009912
 278.000000  0.009375
 279.000000  0.007349
 280.000000  0.009473
 281.000000  0.009790
 282.000000  0.009106
 283.000000  0.009936
 284.000000  0.009180
 285.000000  0.007471
 286.000000  0.008716
 287.000000  0.007495
 288.000000  0.009106
 289.000000  0.009961
 290.000000  0.009131
 291.000000  0.007397
 292.000000  0.009058
 293.000000  0.007324
 294.000000  0.009399
 295.000000  0.009912
 296.000000  0.009228
 297.000000  0.009985
 298.000000  0.009277
 299.000000  0.010009
 300.000000  0.009253
 301.000000  0.007544
 302.000000  0.009351
 303.000000  0.009961
 304.000000  0.009302
 305.000000  0.007739
 306.000000  0.009399
 307.000000  0.010034
 308.000000  0.009375
 309.000000  0.009814
 310.000000  0.009228
 311.000000  0.007690
 312.000000  0.009521
 313.000000  0.007568
 314.000000  0.009375
 315.000000  0.010083
 316.000000  0.009351
 317.000000  0.007568
 318.000000  0.009228
 319.000000  0.007471
 320.000000  0.009228
 321.000000  0.009961
 322.000000  0.009253
 323.000000  0.010009
 324.000000  0.009204
 325.000000  0.007495
 326.000000  0.009155
 327.000000  0.007593
 328.000000  0.009253
 329.000000  0.010058
 330.000000  0.009375
 331.000000  0.009936
 332.000000  0.009448
 333.000000  0.009936
 334.000000  0.008960
 335.000000  0.010034
 336.000000  0.009131
 337.000000  0.007519
 338.000000  0.009351
 339.000000  0.007593
 340.000000  0.009253
 341.000000  0.010058
 342.000000  0.011450
 343.000000  0.009961
 344.000000  0.009277
 345.000000  0.010205
 346.000000  0.009448
 347.000000  0.007519
 348.000000  0.009058
 349.000000  0.009887
 350.000000  0.009399
 351.000000  0.010034
 352.000000  0.009326
 353.000000  0.010131
 354.000000  0.009228
 355.000000  0.007642
 356.000000  0.008813
 357.000000  0.007593
 358.000000  0.009424
 359.000000  0.010083
 360.000000  0.009448
 361.000000  0.007715
 362.000000  0.009302
 363.000000  0.010302
 364.000000  0.009131
 365.000000  0.007642
 366.000000  0.009058
 367.000000  0.007593
 368.000000  0.009058
 369.000000  0.008105
 370.000000  0.009155
 371.000000  0.010278
 372.000000  0.009180
 373.000000  0.010327
 374.000000  0.009106
 375.000000  0.010180
 376.000000  0.008862
 377.000000  0.007812
 378.000000  0.009302
 379.000000  0.007812
 380.000000  0.009326
 381.000000  0.010351
 382.000000  0.008936
 383.000000  0.007837
 384.000000  0.009302
 385.000000  0.008057
 386.000000  0.009253
 387.000000  0.010278
 388.000000  0.009106
 389.000000  0.010327
 390.000000  0.009448
 391.000000  0.010498
 392.000000  0.009473
 393.000000  0.007886
 394.000000  0.009424
 395.000000  0.008057
 396.000000  0.009399
 397.000000  0.007764
 398.000000  0.009448
 399.000000  0.007642
 400.000000  0.009326
 401.000000  0.010156
 402.000000  0.009253
 403.000000  0.007935
 404.000000  0.009302
 405.000000  0.007886
 406.000000  0.009375
 407.000000  0.007983
 408.000000  0.009302
 409.000000  0.010278
 410.000000  0.009448
 411.000000  0.010205
 412.000000  0.009595
 413.000000  0.007910
 414.000000  0.009473
 415.000000  0.010058
 416.000000  0.009570
 417.000000  0.007886
 418.000000  0.009448
 419.000000  0.007739
 420.000000  0.009595
 421.000000  0.007837
 422.000000  0.009375
 423.000000  0.007593
 424.000000  0.009180
 425.000000  0.010180
 426.000000  0.009570
 427.000000  0.010253
 428.000000  0.009521
 429.000000  0.010180
 430.000000  0.009497
 431.000000  0.010009
 432.000000  0.009521
 433.000000  0.007666
 434.000000  0.009595
 435.000000  0.009985
 436.000000  0.009106
 437.000000  0.010278
 438.000000  0.009424
 439.000000  0.010302
 440.000000  0.009546
 441.000000  0.010131
 442.000000  0.009546
 443.000000  0.010229
 444.000000  0.009692
 445.000000  0.010034
 446.000000  0.009668
 447.000000  0.007617
 448.000000  0.009448
 449.000000  0.010376
 450.000000  0.009595
 451.000000  0.010376
 452.000000  0.009448
 453.000000  0.010376
 454.000000  0.009668
 455.000000  0.010546
 456.000000  0.009619
 457.000000  0.010351
 458.000000  0.009619
 459.000000  0.010107
 460.000000  0.009668
 461.000000  0.010644
 462.000000  0.009570
 463.000000  0.010351
 464.000000  0.009766
 465.000000  0.010351
 466.000000  0.009717
 467.000000  0.007788
 468.000000  0.009692
 469.000000  0.007983
 470.000000  0.009644
 471.000000  0.010351
 472.000000  0.009668
 473.000000  0.008032
 474.000000  0.009692
 475.000000  0.010180
 476.000000  0.009766
 477.000000  0.008227
 478.000000  0.009668
 479.000000  0.010424
 480.000000  0.009766
 481.000000  0.010400
 482.000000  0.009619
 483.000000  0.008057
 484.000000  0.009595
 485.000000  0.010669
 486.000000  0.009692
 487.000000  0.008032
 488.000000  0.009717
 489.000000  0.008179
 490.000000  0.009668
 491.000000  0.010522
 492.000000  0.009497
 493.000000  0.010620
 494.000000  0.009692
 495.000000  0.010449
 496.000000  0.009717
 497.000000  0.007837
 498.000000  0.009692
 499.000000  0.010376
 500.000000  0.009644
 501.000000  0.010400
 502.000000  0.009546
 503.000000  0.010669
 504.000000  0.009668
 505.000000  0.010961
 506.000000  0.009717
 507.000000  0.008179
 508.000000  0.009717
 509.000000  0.008179
 510.000000  0.009644
 511.000000  0.010400
 512.000000  0.009546
 513.000000  0.008032
 514.000000  0.009644
 515.000000  0.008130
 516.000000  0.009521
 517.000000  0.008032
 518.000000  0.009277
 519.000000  0.008032
 520.000000  0.009497
 521.000000  0.008374
 522.000000  0.009619
 523.000000  0.010913
 524.000000  0.009497
 525.000000  0.010742
 526.000000  0.009424
 527.000000  0.010449
 528.000000  0.009448
 529.000000  0.010693
 530.000000  0.009595
 531.000000  0.010986
 532.000000  0.009448
 533.000000  0.008520
 534.000000  0.009399
 535.000000  0.008496
 536.000000  0.009399
 537.000000  0.010913
 538.000000  0.009595
 539.000000  0.011084
 540.000000  0.009619
 541.000000  0.008227
 542.000000  0.009717
 543.000000  0.008496
 544.000000  0.009448
 545.000000  0.008203
 546.000000  0.009570
 547.000000  0.010546
 548.000000  0.009424
 549.000000  0.010620
 550.000000  0.009546
 551.000000  0.010839
 552.000000  0.009424
 553.000000  0.008252
 554.000000  0.009619
 555.000000  0.008862
 556.000000  0.009595
 557.000000  0.010620
 558.000000  0.009717
 559.000000  0.010815
 560.000000  0.009668
 561.000000  0.008447
 562.000000  0.009717
 563.000000  0.011035
 564.000000  0.009741
 565.000000  0.010620
 566.000000  0.009717
 567.000000  0.010986
 568.000000  0.009717
 569.000000  0.011035
 570.000000  0.009717
 571.000000  0.011010
 572.000000  0.009766
 573.000000  0.011157
 574.000000  0.009668
 575.000000  0.010766
 576.000000  0.009619
 577.000000  0.010498
 578.000000  0.009717
 579.000000  0.010693
 580.000000  0.009668
 581.000000  0.008496
 582.000000  0.009766
 583.000000  0.010815
 584.000000  0.009668
 585.000000  0.011352
 586.000000  0.009717
 587.000000  0.011157
 588.000000  0.009644
 589.000000  0.008594
 590.000000  0.009692
 591.000000  0.011035
 592.000000  0.009741
 593.000000  0.008520
 594.000000  0.009741
 595.000000  0.011084
 596.000000  0.009766
 597.000000  0.011279
 598.000000  0.009741
 599.000000  0.010937
 600.000000  0.009692
 601.000000  0.011084
 602.000000  0.009717
 603.000000  0.011547
 604.000000  0.009766
 605.000000  0.011181
 606.000000  0.009766
 607.000000  0.011206
 608.000000  0.009766
 609.000000  0.011425
 610.000000  0.009766
 611.000000  0.010937
 612.000000  0.012207
 613.000000  0.011572
 614.000000  0.012207
 615.000000  0.012011
 616.000000  0.009766
 617.000000  0.009253
 618.000000  0.009766
 619.000000  0.011767
 620.000000  0.009766
 621.000000  0.011889
 622.000000  0.009766
 623.000000  0.011718
 624.000000  0.012207
 625.000000  0.012036
 626.000000  0.009741
 627.000000  0.011621
 628.000000  0.009766
 629.000000  0.012011
 630.000000  0.009766
 631.000000  0.011987
 632.000000  0.009766
 633.000000  0.012182
 634.000000  0.009766
 635.000000  0.012158
 636.000000  0.009766
 637.000000  0.009741
 638.000000  0.009766
 639.000000  0.012207
 640.000000  0.009839
 641.000000  0.012207
 642.000000  0.009790
 643.000000  0.009766
 644.000000  0.012304
 645.000000  0.012207
 646.000000  0.012402
 647.000000  0.012231
 648.000000  0.010644
 649.000000  0.009912
 650.000000  0.011426
 651.000000  0.010864
 652.000000  0.012012
 653.000000  0.011987
 654.000000  0.012329
 655.000000  0.014477
 656.000000  0.012915
 657.000000  0.015258
 658.000000  0.014258
 659.000000  0.013892
 660.000000  0.015625
 661.000000  0.019287
 662.000000  0.022534
 663.000000  0.039599
 664.000000  0.062011
 665.000000  0.089135
 666.000000  0.141479
 667.000000  0.203686
 668.000000  0.194702
 669.000000  0.187964
 670.000000  0.138452
 671.000000  0.071484
 672.000000  0.048633
 673.000000  0.034375
 674.000000  0.021875
 675.000000  0.017382
 676.000000  0.014575
 677.000000  0.014746
 678.000000  0.012036
 679.000000  0.013476
 680.000000  0.011523
 681.000000  0.010425
 682.000000  0.011011
 683.000000  0.012500
 684.000000  0.010767
 685.000000  0.012353
 686.000000  0.010181
 687.000000  0.009717
 688.000000  0.012451
 689.000000  0.009741
 690.000000  0.012573
 691.000000  0.012182
 692.000000  0.010205
 693.000000  0.012158
 694.000000  0.009863
 695.000000  0.012060
 696.000000  0.012182
 697.000000  0.011987
 698.000000  0.009766
 699.000000  0.011840
 700.000000  0.009790
 701.000000  0.009546
 702.000000  0.009790
 703.000000  0.009595
 704.000000  0.012255
 705.000000  0.011987
 706.000000  0.009790
 707.000000  0.009619
 708.000000  0.009766
 709.000000  0.011840
 710.000000  0.009766
 711.000000  0.011840
 712.000000  0.009766
 713.000000  0.012036
 714.000000  0.009814
 715.000000  0.012133
 716.000000  0.009766
 717.000000  0.012011
 718.000000  0.009814
 719.000000  0.012060
 720.000000  0.009766
 721.000000  0.012036
 722.000000  0.009766
 723.000000  0.012085
 724.000000  0.009766
 725.000000  0.012060
 726.000000  0.009766
 727.000000  0.011816
 728.000000  0.009741
 729.000000  0.009521
 730.000000  0.009766
 731.000000  0.012109
 732.000000  0.009766
 733.000000  0.012109
 734.000000  0.012207
 735.000000  0.011962
 736.000000  0.009766
 737.000000  0.011572
 738.000000  0.009766
 739.000000  0.012060
 740.000000  0.009766
 741.000000  0.011987
 742.000000  0.009741
 743.000000  0.009619
 744.000000  0.009741
 745.000000  0.012109
 746.000000  0.009766
 747.000000  0.009473
 748.000000  0.009766
 749.000000  0.012060
 750.000000  0.009766
 751.000000  0.012182
 752.000000  0.012207
 753.000000  0.012182
 754.000000  0.009766
 755.000000  0.011962
 756.000000  0.009766
 757.000000  0.011694
 758.000000  0.009766
 759.000000  0.009717
 760.000000  0.009766
 761.000000  0.012036
 762.000000  0.009766
 763.000000  0.011987
 764.000000  0.009766
 765.000000  0.011352
 766.000000  0.009766
 767.000000  0.009009
 768.000000  0.009766
 769.000000  0.011596
 770.000000  0.009741
 771.000000  0.011499
 772.000000  0.009766
 773.000000  0.011425
 774.000000  0.012207
 775.000000  0.011450
 776.000000  0.012207
 777.000000  0.011425
 778.000000  0.009766
 779.000000  0.009180
 780.000000  0.009766
 781.000000  0.009546
 782.000000  0.012231
 783.000000  0.011230
 784.000000  0.009766
 785.000000  0.011181
 786.000000  0.009766
 787.000000  0.011596
 788.000000  0.012207
 789.000000  0.011474
 790.000000  0.009766
 791.000000  0.011669
 792.000000  0.009741
 793.000000  0.011816
 794.000000  0.009766
 795.000000  0.011596
 796.000000  0.009766
 797.000000  0.011792
 798.000000  0.009766
 799.000000  0.012011
 800.000000  0.009766
 801.000000  0.011816
 802.000000  0.012207
 803.000000  0.011059
 804.000000  0.009766
 805.000000  0.011621
 806.000000  0.009741
 807.000000  0.011303
 808.000000  0.012207
 809.000000  0.009302
 810.000000  0.009766
 811.000000  0.009448
 812.000000  0.009766
 813.000000  0.009399
 814.000000  0.009766
 815.000000  0.012036
 816.000000  0.009766
 817.000000  0.011523
 818.000000  0.009766
 819.000000  0.011303
 820.000000  0.009766
 821.000000  0.011718
 822.000000  0.009741
 823.000000  0.012085
 824.000000  0.012207
 825.000000  0.010913
 826.000000  0.009741
 827.000000  0.011767
 828.000000  0.009717
 829.000000  0.011157
 830.000000  0.009448
 831.000000  0.011816
 832.000000  0.009668
 833.000000  0.011377
 834.000000  0.009766
 835.000000  0.011792
 836.000000  0.012182
 837.000000  0.011596
 838.000000  0.009790
 839.000000  0.011352
 840.000000  0.009741
 841.000000  0.011303
 842.000000  0.012158
 843.000000  0.011474
 844.000000  0.009717
 845.000000  0.008936
 846.000000  0.012133
 847.000000  0.011474
 848.000000  0.009619
 849.000000  0.011401
 850.000000  0.009619
 851.000000  0.011303
 852.000000  0.009839
 853.000000  0.008838
 854.000000  0.012207
 855.000000  0.011157
 856.000000  0.009644
 857.000000  0.008740
 858.000000  0.009692
 859.000000  0.008691
 860.000000  0.012133
 861.000000  0.011254
 862.000000  0.009692
 863.000000  0.008740
 864.000000  0.009668
 865.000000  0.011547
 866.000000  0.012207
 867.000000  0.009277
 868.000000  0.009766
 869.000000  0.011206
 870.000000  0.009766
 871.000000  0.011816
 872.000000  0.009741
 873.000000  0.011718
 874.000000  0.009668
 875.000000  0.011303
 876.000000  0.009741
 877.000000  0.008936
 878.000000  0.009741
 879.000000  0.009326
 880.000000  0.009717
 881.000000  0.011914
 882.000000  0.009766
 883.000000  0.011694
 884.000000  0.009766
 885.000000  0.011547
 886.000000  0.009741
 887.000000  0.008936
 888.000000  0.009766
 889.000000  0.011450
 890.000000  0.009766
 891.000000  0.011230
 892.000000  0.009741
 893.000000  0.011547
 894.000000  0.009766
 895.000000  0.011645
 896.000000  0.009741
 897.000000  0.011206
 898.000000  0.009741
 899.000000  0.011084
 900.000000  0.009766
 901.000000  0.011254
 902.000000  0.012182
 903.000000  0.011328
 904.000000  0.009741
 905.000000  0.012011
 906.000000  0.012207
 907.000000  0.011059
 908.000000  0.012207
 909.000000  0.011181
 910.000000  0.009741
 911.000000  0.011279
 912.000000  0.009766
 913.000000  0.011572
 914.000000  0.009717
 915.000000  0.011377
 916.000000  0.009741
 917.000000  0.011523
 918.000000  0.012207
 919.000000  0.011303
 920.000000  0.012182
 921.000000  0.011352
 922.000000  0.009717
 923.000000  0.011206
 924.000000  0.009766
 925.000000  0.011254
 926.000000  0.009766
 927.000000  0.011303
 928.000000  0.009766
 929.000000  0.011523
 930.000000  0.009766
 931.000000  0.011645
 932.000000  0.009766
 933.000000  0.011718
 934.000000  0.009766
 935.000000  0.011572
 936.000000  0.009741
 937.000000  0.011230
 938.000000  0.009766
 939.000000  0.011279
 940.000000  0.009766
 941.000000  0.011474
 942.000000  0.009766
 943.000000  0.010937
 944.000000  0.009766
 945.000000  0.009180
 946.000000  0.012207
 947.000000  0.011792
 948.000000  0.009766
 949.000000  0.011889
 950.000000  0.012182
 951.000000  0.011523
 952.000000  0.009741
 953.000000  0.011132
 954.000000  0.009717
 955.000000  0.011254
 956.000000  0.009717
 957.000000  0.010888
 958.000000  0.009644
 959.000000  0.008887
 960.000000  0.009741
 961.000000  0.008447
 962.000000  0.012207
 963.000000  0.009204
 964.000000  0.009644
 965.000000  0.011254
 966.000000  0.009692
 967.000000  0.011254
 968.000000  0.009741
 969.000000  0.011474
 970.000000  0.012109
 971.000000  0.011474
 972.000000  0.009766
 973.000000  0.011328
 974.000000  0.009717
 975.000000  0.011499
 976.000000  0.009570
 977.000000  0.011230
 978.000000  0.009766
 979.000000  0.010839
 980.000000  0.009741
 981.000000  0.010961
 982.000000  0.009692
 983.000000  0.008618
 984.000000  0.009692
 985.000000  0.011108
 986.000000  0.009668
 987.000000  0.011352
 988.000000  0.012109
 989.000000  0.011279
 990.000000  0.009766
 991.000000  0.010986
 992.000000  0.009302
 993.000000  0.011059
 994.000000  0.009448
 995.000000  0.011303
 996.000000  0.009473
 997.000000  0.011450
 998.000000  0.012036
 999.000000  0.011425
 1000.000000  0.012085
 1001.000000  0.011377
 1002.000000  0.009644
 1003.000000  0.010742
 1004.000000  0.009497
 1005.000000  0.011059
 1006.000000  0.009570
 1007.000000  0.011328
 1008.000000  0.009570
 1009.000000  0.010961
 1010.000000  0.009521
 1011.000000  0.010815
 1012.000000  0.009644
 1013.000000  0.011084
 1014.000000  0.009570
 1015.000000  0.010742
 1016.000000  0.009546
 1017.000000  0.010986
 1018.000000  0.009668
 1019.000000  0.011059
 1020.000000  0.009619
 1021.000000  0.011108
 1022.000000  0.009619
 1023.000000  0.011303
