 0.000000  0.008374
 1.000000  0.007568
 2.000000  0.008423
 3.000000  0.007397
 4.000000  0.008545
 5.000000  0.007422
 6.000000  0.008667
 7.000000  0.007471
 8.000000  0.008472
 9.000000  0.007544
 10.000000  0.008520
 11.000000  0.007446
 12.000000  0.008545
 13.000000  0.007471
 14.000000  0.008472
 15.000000  0.007397
 16.000000  0.008740
 17.000000  0.007446
 18.000000  0.008569
 19.000000  0.007471
 20.000000  0.008081
 21.000000  0.007568
 22.000000  0.008350
 23.000000  0.007446
 24.000000  0.008545
 25.000000  0.007397
 26.000000  0.008911
 27.000000  0.009887
 28.000000  0.008520
 29.000000  0.007422
 30.000000  0.008374
 31.000000  0.007544
 32.000000  0.008716
 33.000000  0.007544
 34.000000  0.008545
 35.000000  0.007446
 36.000000  0.008667
 37.000000  0.007422
 38.000000  0.008594
 39.000000  0.009961
 40.000000  0.008691
 41.000000  0.007471
 42.000000  0.008667
 43.000000  0.007495
 44.000000  0.008716
 45.000000  0.007324
 46.000000  0.008740
 47.000000  0.007519
 48.000000  0.008765
 49.000000  0.007422
 50.000000  0.008105
 51.000000  0.007422
 52.000000  0.008350
 53.000000  0.007324
 54.000000  0.008496
 55.000000  0.007349
 56.000000  0.008618
 57.000000  0.007397
 58.000000  0.008838
 59.000000  0.009765
 60.000000  0.008545
 61.000000  0.009765
 62.000000  0.008374
 63.000000  0.007349
 64.000000  0.008667
 65.000000  0.007349
 66.000000  0.008765
 67.000000  0.009814
 68.000000  0.008252
 69.000000  0.007324
 70.000000  0.008520
 71.000000  0.007324
 72.000000  0.008594
 73.000000  0.007324
 74.000000  0.008398
 75.000000  0.007373
 76.000000  0.008643
 77.000000  0.007349
 78.000000  0.008423
 79.000000  0.007324
 80.000000  0.008594
 81.000000  0.007324
 82.000000  0.007910
 83.000000  0.007349
 84.000000  0.008227
 85.000000  0.007373
 86.000000  0.008276
 87.000000  0.007397
 88.000000  0.008691
 89.000000  0.007349
 90.000000  0.008472
 91.000000  0.007324
 92.000000  0.008667
 93.000000  0.007373
 94.000000  0.008203
 95.000000  0.007324
 96.000000  0.008643
 97.000000  0.007324
 98.000000  0.008691
 99.000000  0.007373
 100.000000  0.008569
 101.000000  0.009790
 102.000000  0.008154
 103.000000  0.009790
 104.000000  0.008105
 105.000000  0.007373
 106.000000  0.008496
 107.000000  0.007349
 108.000000  0.008789
 109.000000  0.009765
 110.000000  0.008569
 111.000000  0.007373
 112.000000  0.008203
 113.000000  0.007324
 114.000000  0.008301
 115.000000  0.007373
 116.000000  0.008227
 117.000000  0.007349
 118.000000  0.008813
 119.000000  0.007324
 120.000000  0.008350
 121.000000  0.007324
 122.000000  0.008325
 123.000000  0.007349
 124.000000  0.008423
 125.000000  0.007324
 126.000000  0.008643
 127.000000  0.009765
 128.000000  0.008350
 129.000000  0.007300
 130.000000  0.008350
 131.000000  0.009790
 132.000000  0.008398
 133.000000  0.007422
 134.000000  0.008496
 135.000000  0.009838
 136.000000  0.008398
 137.000000  0.007422
 138.000000  0.008569
 139.000000  0.007349
 140.000000  0.008594
 141.000000  0.007349
 142.000000  0.008472
 143.000000  0.007495
 144.000000  0.008350
 145.000000  0.009936
 146.000000  0.008398
 147.000000  0.007349
 148.000000  0.008643
 149.000000  0.009814
 150.000000  0.008374
 151.000000  0.007349
 152.000000  0.008276
 153.000000  0.007373
 154.000000  0.008398
 155.000000  0.007397
 156.000000  0.008520
 157.000000  0.009961
 158.000000  0.008520
 159.000000  0.007397
 160.000000  0.008789
 161.000000  0.007446
 162.000000  0.008374
 163.000000  0.007422
 164.000000  0.008105
 165.000000  0.007422
 166.000000  0.008398
 167.000000  0.007373
 168.000000  0.008350
 169.000000  0.009814
 170.000000  0.008276
 171.000000  0.007397
 172.000000  0.007959
 173.000000  0.007397
 174.000000  0.008154
 175.000000  0.007471
 176.000000  0.008179
 177.000000  0.007349
 178.000000  0.008447
 179.000000  0.009814
 180.000000  0.008081
 181.000000  0.007324
 182.000000  0.008325
 183.000000  0.007397
 184.000000  0.008179
 185.000000  0.007471
 186.000000  0.008423
 187.000000  0.007422
 188.000000  0.008252
 189.000000  0.007349
 190.000000  0.008350
 191.000000  0.007324
 192.000000  0.008081
 193.000000  0.007373
 194.000000  0.008374
 195.000000  0.007349
 196.000000  0.010669
 197.000000  0.007397
 198.000000  0.008276
 199.000000  0.009814
 200.000000  0.008154
 201.000000  0.009863
 202.000000  0.008179
 203.000000  0.007349
 204.000000  0.008130
 205.000000  0.007349
 206.000000  0.007886
 207.000000  0.007324
 208.000000  0.008179
 209.000000  0.009814
 210.000000  0.008423
 211.000000  0.007324
 212.000000  0.008105
 213.000000  0.009765
 214.000000  0.008008
 215.000000  0.007324
 216.000000  0.008105
 217.000000  0.007349
 218.000000  0.008057
 219.000000  0.009790
 220.000000  0.008032
 221.000000  0.007349
 222.000000  0.008130
 223.000000  0.007324
 224.000000  0.007959
 225.000000  0.007324
 226.000000  0.007935
 227.000000  0.009765
 228.000000  0.008154
 229.000000  0.009765
 230.000000  0.008350
 231.000000  0.007324
 232.000000  0.008179
 233.000000  0.009765
 234.000000  0.007959
 235.000000  0.007324
 236.000000  0.007935
 237.000000  0.007349
 238.000000  0.008252
 239.000000  0.009765
 240.000000  0.008105
 241.000000  0.007349
 242.000000  0.008105
 243.000000  0.009790
 244.000000  0.007837
 245.000000  0.007324
 246.000000  0.008081
 247.000000  0.007324
 248.000000  0.008008
 249.000000  0.007324
 250.000000  0.007837
 251.000000  0.007349
 252.000000  0.008008
 253.000000  0.007324
 254.000000  0.007666
 255.000000  0.009765
 256.000000  0.008032
 257.000000  0.007324
 258.000000  0.008057
 259.000000  0.007324
 260.000000  0.008130
 261.000000  0.007324
 262.000000  0.007593
 263.000000  0.009765
 264.000000  0.007837
 265.000000  0.009765
 266.000000  0.007910
 267.000000  0.009765
 268.000000  0.007861
 269.000000  0.009765
 270.000000  0.007812
 271.000000  0.007324
 272.000000  0.007764
 273.000000  0.007324
 274.000000  0.008008
 275.000000  0.009765
 276.000000  0.007861
 277.000000  0.009765
 278.000000  0.008203
 279.000000  0.007349
 280.000000  0.007910
 281.000000  0.009765
 282.000000  0.007983
 283.000000  0.009765
 284.000000  0.007886
 285.000000  0.007373
 286.000000  0.007739
 287.000000  0.007373
 288.000000  0.007837
 289.000000  0.009765
 290.000000  0.008081
 291.000000  0.007324
 292.000000  0.008350
 293.000000  0.007300
 294.000000  0.008057
 295.000000  0.009790
 296.000000  0.008203
 297.000000  0.009765
 298.000000  0.008057
 299.000000  0.009814
 300.000000  0.007837
 301.000000  0.007373
 302.000000  0.008130
 303.000000  0.009814
 304.000000  0.008252
 305.000000  0.007373
 306.000000  0.008008
 307.000000  0.009814
 308.000000  0.008227
 309.000000  0.009814
 310.000000  0.007959
 311.000000  0.007422
 312.000000  0.008105
 313.000000  0.007373
 314.000000  0.008179
 315.000000  0.009790
 316.000000  0.008130
 317.000000  0.007373
 318.000000  0.008057
 319.000000  0.007300
 320.000000  0.008032
 321.000000  0.009863
 322.000000  0.008105
 323.000000  0.009838
 324.000000  0.008130
 325.000000  0.007349
 326.000000  0.007959
 327.000000  0.007275
 328.000000  0.008057
 329.000000  0.009765
 330.000000  0.008398
 331.000000  0.009814
 332.000000  0.008081
 333.000000  0.009814
 334.000000  0.008008
 335.000000  0.009814
 336.000000  0.007910
 337.000000  0.007397
 338.000000  0.008203
 339.000000  0.007373
 340.000000  0.008179
 341.000000  0.009912
 342.000000  0.010327
 343.000000  0.009741
 344.000000  0.007935
 345.000000  0.009814
 346.000000  0.008301
 347.000000  0.007422
 348.000000  0.007983
 349.000000  0.009814
 350.000000  0.008350
 351.000000  0.009814
 352.000000  0.008227
 353.000000  0.009814
 354.000000  0.008008
 355.000000  0.007324
 356.000000  0.008008
 357.000000  0.007373
 358.000000  0.008325
 359.000000  0.009838
 360.000000  0.008154
 361.000000  0.007349
 362.000000  0.008179
 363.000000  0.009790
 364.000000  0.007935
 365.000000  0.007349
 366.000000  0.008179
 367.000000  0.007349
 368.000000  0.008057
 369.000000  0.007349
 370.000000  0.008057
 371.000000  0.009790
 372.000000  0.008081
 373.000000  0.009814
 374.000000  0.008057
 375.000000  0.009765
 376.000000  0.008203
 377.000000  0.007349
 378.000000  0.008325
 379.000000  0.007324
 380.000000  0.008276
 381.000000  0.009790
 382.000000  0.007959
 383.000000  0.007349
 384.000000  0.008179
 385.000000  0.007324
 386.000000  0.008374
 387.000000  0.009790
 388.000000  0.008105
 389.000000  0.009765
 390.000000  0.008447
 391.000000  0.009790
 392.000000  0.008008
 393.000000  0.007324
 394.000000  0.008105
 395.000000  0.007324
 396.000000  0.007983
 397.000000  0.007349
 398.000000  0.008081
 399.000000  0.007324
 400.000000  0.008105
 401.000000  0.009790
 402.000000  0.008203
 403.000000  0.007349
 404.000000  0.007666
 405.000000  0.007349
 406.000000  0.008252
 407.000000  0.007324
 408.000000  0.007812
 409.000000  0.009790
 410.000000  0.008301
 411.000000  0.009765
 412.000000  0.008276
 413.000000  0.007349
 414.000000  0.008398
 415.000000  0.009765
 416.000000  0.008203
 417.000000  0.007324
 418.000000  0.007983
 419.000000  0.007324
 420.000000  0.008179
 421.000000  0.007349
 422.000000  0.007837
 423.000000  0.007324
 424.000000  0.007910
 425.000000  0.009765
 426.000000  0.008081
 427.000000  0.009765
 428.000000  0.008203
 429.000000  0.009765
 430.000000  0.008179
 431.000000  0.009790
 432.000000  0.008105
 433.000000  0.007324
 434.000000  0.007886
 435.000000  0.009790
 436.000000  0.007886
 437.000000  0.009765
 438.000000  0.007983
 439.000000  0.009790
 440.000000  0.008252
 441.000000  0.009790
 442.000000  0.008227
 443.000000  0.009765
 444.000000  0.008301
 445.000000  0.009790
 446.000000  0.008227
 447.000000  0.007373
 448.000000  0.007910
 449.000000  0.009838
 450.000000  0.007861
 451.000000  0.009790
 452.000000  0.007935
 453.000000  0.009790
 454.000000  0.008398
 455.000000  0.009790
 456.000000  0.008203
 457.000000  0.009838
 458.000000  0.008350
 459.000000  0.009863
 460.000000  0.008276
 461.000000  0.009814
 462.000000  0.008252
 463.000000  0.009838
 464.000000  0.008472
 465.000000  0.009887
 466.000000  0.008545
 467.000000  0.007422
 468.000000  0.008130
 469.000000  0.007397
 470.000000  0.008423
 471.000000  0.009838
 472.000000  0.008105
 473.000000  0.007422
 474.000000  0.008472
 475.000000  0.009814
 476.000000  0.008325
 477.000000  0.007397
 478.000000  0.008374
 479.000000  0.009838
 480.000000  0.008423
 481.000000  0.009790
 482.000000  0.008227
 483.000000  0.007544
 484.000000  0.008081
 485.000000  0.009887
 486.000000  0.008252
 487.000000  0.007373
 488.000000  0.008374
 489.000000  0.007349
 490.000000  0.008227
 491.000000  0.009790
 492.000000  0.008325
 493.000000  0.009887
 494.000000  0.008325
 495.000000  0.009814
 496.000000  0.008203
 497.000000  0.007349
 498.000000  0.008227
 499.000000  0.009814
 500.000000  0.008301
 501.000000  0.009838
 502.000000  0.008203
 503.000000  0.009790
 504.000000  0.008203
 505.000000  0.009912
 506.000000  0.008301
 507.000000  0.007349
 508.000000  0.008350
 509.000000  0.007349
 510.000000  0.008423
 511.000000  0.009912
 512.000000  0.007910
 513.000000  0.007422
 514.000000  0.007983
 515.000000  0.007324
 516.000000  0.008105
 517.000000  0.007349
 518.000000  0.008325
 519.000000  0.007373
 520.000000  0.008032
 521.000000  0.007373
 522.000000  0.008154
 523.000000  0.009765
 524.000000  0.007935
 525.000000  0.009765
 526.000000  0.008227
 527.000000  0.009790
 528.000000  0.008203
 529.000000  0.009814
 530.000000  0.008496
 531.000000  0.009790
 532.000000  0.007959
 533.000000  0.007349
 534.000000  0.008130
 535.000000  0.007324
 536.000000  0.007812
 537.000000  0.009765
 538.000000  0.008130
 539.000000  0.009790
 540.000000  0.008276
 541.000000  0.007349
 542.000000  0.008594
 543.000000  0.007324
 544.000000  0.008032
 545.000000  0.007324
 546.000000  0.008252
 547.000000  0.009765
 548.000000  0.007910
 549.000000  0.009887
 550.000000  0.007886
 551.000000  0.009790
 552.000000  0.007837
 553.000000  0.007349
 554.000000  0.008179
 555.000000  0.007349
 556.000000  0.007959
 557.000000  0.009790
 558.000000  0.008325
 559.000000  0.009765
 560.000000  0.008374
 561.000000  0.007324
 562.000000  0.008423
 563.000000  0.009765
 564.000000  0.007959
 565.000000  0.009765
 566.000000  0.007959
 567.000000  0.009790
 568.000000  0.008423
 569.000000  0.009814
 570.000000  0.008301
 571.000000  0.009765
 572.000000  0.008203
 573.000000  0.009765
 574.000000  0.008154
 575.000000  0.009765
 576.000000  0.008130
 577.000000  0.009765
 578.000000  0.008130
 579.000000  0.009790
 580.000000  0.008081
 581.000000  0.007324
 582.000000  0.008350
 583.000000  0.009765
 584.000000  0.007983
 585.000000  0.009863
 586.000000  0.008301
 587.000000  0.009790
 588.000000  0.008154
 589.000000  0.007349
 590.000000  0.008447
 591.000000  0.009814
 592.000000  0.008569
 593.000000  0.007349
 594.000000  0.008496
 595.000000  0.009863
 596.000000  0.008838
 597.000000  0.009961
 598.000000  0.008447
 599.000000  0.009814
 600.000000  0.008643
 601.000000  0.009863
 602.000000  0.008667
 603.000000  0.009912
 604.000000  0.009033
 605.000000  0.009961
 606.000000  0.009009
 607.000000  0.009961
 608.000000  0.009326
 609.000000  0.010009
 610.000000  0.009326
 611.000000  0.009863
 612.000000  0.011499
 613.000000  0.010229
 614.000000  0.011865
 615.000000  0.010669
 616.000000  0.009546
 617.000000  0.008447
 618.000000  0.009570
 619.000000  0.010766
 620.000000  0.009668
 621.000000  0.011084
 622.000000  0.009619
 623.000000  0.011303
 624.000000  0.012182
 625.000000  0.011816
 626.000000  0.009814
 627.000000  0.012182
 628.000000  0.009863
 629.000000  0.012158
 630.000000  0.009936
 631.000000  0.012207
 632.000000  0.010718
 633.000000  0.012939
 634.000000  0.012231
 635.000000  0.016430
 636.000000  0.026807
 637.000000  0.073462
 638.000000  0.138599
 639.000000  0.153711
 640.000000  0.132471
 641.000000  0.089917
 642.000000  0.022949
 643.000000  0.013232
 644.000000  0.014794
 645.000000  0.013256
 646.000000  0.013281
 647.000000  0.012255
 648.000000  0.009766
 649.000000  0.009595
 650.000000  0.009717
 651.000000  0.009180
 652.000000  0.009692
 653.000000  0.008740
 654.000000  0.009619
 655.000000  0.010546
 656.000000  0.009497
 657.000000  0.010498
 658.000000  0.009521
 659.000000  0.007861
 660.000000  0.009131
 661.000000  0.010229
 662.000000  0.009131
 663.000000  0.010009
 664.000000  0.010986
 665.000000  0.010058
 666.000000  0.011621
 667.000000  0.009961
 668.000000  0.008984
 669.000000  0.007642
 670.000000  0.009082
 671.000000  0.007642
 672.000000  0.009204
 673.000000  0.010058
 674.000000  0.011523
 675.000000  0.009863
 676.000000  0.009155
 677.000000  0.009790
 678.000000  0.008667
 679.000000  0.009887
 680.000000  0.008618
 681.000000  0.007373
 682.000000  0.008789
 683.000000  0.009838
 684.000000  0.008960
 685.000000  0.009912
 686.000000  0.009082
 687.000000  0.007593
 688.000000  0.011645
 689.000000  0.007373
 690.000000  0.011621
 691.000000  0.009790
 692.000000  0.009082
 693.000000  0.009814
 694.000000  0.008936
 695.000000  0.009790
 696.000000  0.010791
 697.000000  0.009838
 698.000000  0.008691
 699.000000  0.009887
 700.000000  0.008496
 701.000000  0.007373
 702.000000  0.008276
 703.000000  0.007349
 704.000000  0.010815
 705.000000  0.009814
 706.000000  0.008301
 707.000000  0.007324
 708.000000  0.008423
 709.000000  0.009765
 710.000000  0.008423
 711.000000  0.009814
 712.000000  0.008765
 713.000000  0.009814
 714.000000  0.008301
 715.000000  0.009790
 716.000000  0.008496
 717.000000  0.009765
 718.000000  0.008594
 719.000000  0.009765
 720.000000  0.008643
 721.000000  0.009790
 722.000000  0.008667
 723.000000  0.009814
 724.000000  0.008887
 725.000000  0.009838
 726.000000  0.008545
 727.000000  0.009814
 728.000000  0.008350
 729.000000  0.007324
 730.000000  0.008643
 731.000000  0.009790
 732.000000  0.008154
 733.000000  0.009790
 734.000000  0.010913
 735.000000  0.009838
 736.000000  0.007837
 737.000000  0.009790
 738.000000  0.008179
 739.000000  0.009765
 740.000000  0.008154
 741.000000  0.009790
 742.000000  0.008472
 743.000000  0.007324
 744.000000  0.008398
 745.000000  0.009814
 746.000000  0.008008
 747.000000  0.007349
 748.000000  0.008105
 749.000000  0.009765
 750.000000  0.008081
 751.000000  0.009814
 752.000000  0.010571
 753.000000  0.009838
 754.000000  0.008325
 755.000000  0.009765
 756.000000  0.008423
 757.000000  0.009838
 758.000000  0.008057
 759.000000  0.007373
 760.000000  0.007861
 761.000000  0.009814
 762.000000  0.008105
 763.000000  0.009814
 764.000000  0.008154
 765.000000  0.009790
 766.000000  0.007983
 767.000000  0.007397
 768.000000  0.007910
 769.000000  0.009814
 770.000000  0.008008
 771.000000  0.009790
 772.000000  0.008032
 773.000000  0.009814
 774.000000  0.010498
 775.000000  0.009863
 776.000000  0.010839
 777.000000  0.009790
 778.000000  0.008105
 779.000000  0.007349
 780.000000  0.008472
 781.000000  0.007397
 782.000000  0.010595
 783.000000  0.009765
 784.000000  0.007959
 785.000000  0.009765
 786.000000  0.008447
 787.000000  0.009790
 788.000000  0.010815
 789.000000  0.009765
 790.000000  0.008081
 791.000000  0.009790
 792.000000  0.008203
 793.000000  0.009838
 794.000000  0.008301
 795.000000  0.009838
 796.000000  0.008203
 797.000000  0.009838
 798.000000  0.007959
 799.000000  0.009863
 800.000000  0.008276
 801.000000  0.009814
 802.000000  0.010717
 803.000000  0.009863
 804.000000  0.007886
 805.000000  0.009790
 806.000000  0.008032
 807.000000  0.009790
 808.000000  0.010546
 809.000000  0.007373
 810.000000  0.008447
 811.000000  0.007422
 812.000000  0.007959
 813.000000  0.007373
 814.000000  0.008032
 815.000000  0.009838
 816.000000  0.008227
 817.000000  0.009838
 818.000000  0.008301
 819.000000  0.009814
 820.000000  0.008105
 821.000000  0.009838
 822.000000  0.008032
 823.000000  0.009838
 824.000000  0.010644
 825.000000  0.009887
 826.000000  0.008154
 827.000000  0.009814
 828.000000  0.008032
 829.000000  0.009765
 830.000000  0.007812
 831.000000  0.009765
 832.000000  0.007959
 833.000000  0.009765
 834.000000  0.007910
 835.000000  0.009765
 836.000000  0.010498
 837.000000  0.009790
 838.000000  0.008032
 839.000000  0.009765
 840.000000  0.008252
 841.000000  0.009765
 842.000000  0.010571
 843.000000  0.009765
 844.000000  0.007959
 845.000000  0.007349
 846.000000  0.010376
 847.000000  0.009814
 848.000000  0.007837
 849.000000  0.009765
 850.000000  0.007886
 851.000000  0.009765
 852.000000  0.008008
 853.000000  0.007324
 854.000000  0.010791
 855.000000  0.009765
 856.000000  0.007910
 857.000000  0.007324
 858.000000  0.007910
 859.000000  0.007324
 860.000000  0.010473
 861.000000  0.009765
 862.000000  0.008057
 863.000000  0.007324
 864.000000  0.007910
 865.000000  0.009790
 866.000000  0.010205
 867.000000  0.007324
 868.000000  0.008081
 869.000000  0.009765
 870.000000  0.007910
 871.000000  0.009790
 872.000000  0.008032
 873.000000  0.009790
 874.000000  0.007568
 875.000000  0.009765
 876.000000  0.007690
 877.000000  0.007324
 878.000000  0.007935
 879.000000  0.007324
 880.000000  0.007837
 881.000000  0.009790
 882.000000  0.007764
 883.000000  0.009790
 884.000000  0.008154
 885.000000  0.009790
 886.000000  0.008081
 887.000000  0.007324
 888.000000  0.007910
 889.000000  0.009765
 890.000000  0.008008
 891.000000  0.009765
 892.000000  0.007861
 893.000000  0.009765
 894.000000  0.007861
 895.000000  0.009765
 896.000000  0.007861
 897.000000  0.009765
 898.000000  0.007593
 899.000000  0.009765
 900.000000  0.007739
 901.000000  0.009814
 902.000000  0.010107
 903.000000  0.009790
 904.000000  0.007837
 905.000000  0.009765
 906.000000  0.010253
 907.000000  0.009765
 908.000000  0.010327
 909.000000  0.009814
 910.000000  0.007739
 911.000000  0.009790
 912.000000  0.007812
 913.000000  0.009765
 914.000000  0.007715
 915.000000  0.009765
 916.000000  0.007910
 917.000000  0.009814
 918.000000  0.010400
 919.000000  0.009790
 920.000000  0.010595
 921.000000  0.009790
 922.000000  0.007983
 923.000000  0.009765
 924.000000  0.007983
 925.000000  0.009790
 926.000000  0.008081
 927.000000  0.009863
 928.000000  0.007959
 929.000000  0.009790
 930.000000  0.008130
 931.000000  0.009790
 932.000000  0.007837
 933.000000  0.009765
 934.000000  0.007812
 935.000000  0.009790
 936.000000  0.008203
 937.000000  0.009814
 938.000000  0.008179
 939.000000  0.009838
 940.000000  0.007788
 941.000000  0.009790
 942.000000  0.007935
 943.000000  0.009790
 944.000000  0.007935
 945.000000  0.007373
 946.000000  0.010742
 947.000000  0.009814
 948.000000  0.008447
 949.000000  0.009838
 950.000000  0.010131
 951.000000  0.009790
 952.000000  0.007861
 953.000000  0.009814
 954.000000  0.007910
 955.000000  0.009838
 956.000000  0.008179
 957.000000  0.009765
 958.000000  0.007983
 959.000000  0.007324
 960.000000  0.007764
 961.000000  0.007324
 962.000000  0.010327
 963.000000  0.007349
 964.000000  0.007837
 965.000000  0.009814
 966.000000  0.008203
 967.000000  0.009838
 968.000000  0.008057
 969.000000  0.009838
 970.000000  0.010351
 971.000000  0.009790
 972.000000  0.008398
 973.000000  0.009838
 974.000000  0.008130
 975.000000  0.009814
 976.000000  0.007764
 977.000000  0.009887
 978.000000  0.007812
 979.000000  0.009741
 980.000000  0.007959
 981.000000  0.009790
 982.000000  0.007690
 983.000000  0.007397
 984.000000  0.007935
 985.000000  0.009814
 986.000000  0.007666
 987.000000  0.009790
 988.000000  0.010327
 989.000000  0.009765
 990.000000  0.008130
 991.000000  0.009765
 992.000000  0.007739
 993.000000  0.009765
 994.000000  0.007812
 995.000000  0.009790
 996.000000  0.007764
 997.000000  0.009790
 998.000000  0.010351
 999.000000  0.009790
 1000.000000  0.010302
 1001.000000  0.009765
 1002.000000  0.007642
 1003.000000  0.009765
 1004.000000  0.007519
 1005.000000  0.009790
 1006.000000  0.007812
 1007.000000  0.009765
 1008.000000  0.007739
 1009.000000  0.009765
 1010.000000  0.007642
 1011.000000  0.009765
 1012.000000  0.007544
 1013.000000  0.009765
 1014.000000  0.007519
 1015.000000  0.009765
 1016.000000  0.007617
 1017.000000  0.009765
 1018.000000  0.007666
 1019.000000  0.009765
 1020.000000  0.007568
 1021.000000  0.009765
 1022.000000  0.007471
 1023.000000  0.009765
