 0.000000  0.008423
 1.000000  0.007471
 2.000000  0.008276
 3.000000  0.007593
 4.000000  0.008838
 5.000000  0.007568
 6.000000  0.008838
 7.000000  0.007495
 8.000000  0.008520
 9.000000  0.007666
 10.000000  0.008887
 11.000000  0.007446
 12.000000  0.008887
 13.000000  0.007544
 14.000000  0.008936
 15.000000  0.007495
 16.000000  0.008862
 17.000000  0.007568
 18.000000  0.008618
 19.000000  0.007519
 20.000000  0.008472
 21.000000  0.007544
 22.000000  0.008398
 23.000000  0.007617
 24.000000  0.009082
 25.000000  0.007471
 26.000000  0.009375
 27.000000  0.009790
 28.000000  0.008838
 29.000000  0.007519
 30.000000  0.008618
 31.000000  0.007568
 32.000000  0.008813
 33.000000  0.007422
 34.000000  0.009058
 35.000000  0.007519
 36.000000  0.008984
 37.000000  0.007397
 38.000000  0.008838
 39.000000  0.009863
 40.000000  0.008936
 41.000000  0.007397
 42.000000  0.008838
 43.000000  0.007397
 44.000000  0.009082
 45.000000  0.007397
 46.000000  0.009033
 47.000000  0.007471
 48.000000  0.008740
 49.000000  0.007373
 50.000000  0.008203
 51.000000  0.007373
 52.000000  0.008520
 53.000000  0.007422
 54.000000  0.008765
 55.000000  0.007373
 56.000000  0.008911
 57.000000  0.007397
 58.000000  0.009180
 59.000000  0.009790
 60.000000  0.008789
 61.000000  0.009814
 62.000000  0.008472
 63.000000  0.007324
 64.000000  0.008765
 65.000000  0.007324
 66.000000  0.008740
 67.000000  0.009838
 68.000000  0.008716
 69.000000  0.007324
 70.000000  0.008545
 71.000000  0.007324
 72.000000  0.008667
 73.000000  0.007373
 74.000000  0.008594
 75.000000  0.007397
 76.000000  0.008960
 77.000000  0.007373
 78.000000  0.008911
 79.000000  0.007349
 80.000000  0.008960
 81.000000  0.007349
 82.000000  0.008447
 83.000000  0.007373
 84.000000  0.008472
 85.000000  0.007349
 86.000000  0.008545
 87.000000  0.007373
 88.000000  0.008911
 89.000000  0.007373
 90.000000  0.008765
 91.000000  0.007349
 92.000000  0.008765
 93.000000  0.007349
 94.000000  0.008716
 95.000000  0.007373
 96.000000  0.008911
 97.000000  0.007324
 98.000000  0.008887
 99.000000  0.007324
 100.000000  0.008789
 101.000000  0.009863
 102.000000  0.008618
 103.000000  0.009912
 104.000000  0.008643
 105.000000  0.007324
 106.000000  0.009033
 107.000000  0.007349
 108.000000  0.008887
 109.000000  0.009765
 110.000000  0.008740
 111.000000  0.007349
 112.000000  0.008618
 113.000000  0.007324
 114.000000  0.008667
 115.000000  0.007397
 116.000000  0.008887
 117.000000  0.007373
 118.000000  0.009155
 119.000000  0.007324
 120.000000  0.009180
 121.000000  0.007397
 122.000000  0.008765
 123.000000  0.007422
 124.000000  0.008667
 125.000000  0.007446
 126.000000  0.008862
 127.000000  0.009838
 128.000000  0.008618
 129.000000  0.007373
 130.000000  0.008691
 131.000000  0.009887
 132.000000  0.008569
 133.000000  0.007422
 134.000000  0.009106
 135.000000  0.009936
 136.000000  0.008667
 137.000000  0.007422
 138.000000  0.008740
 139.000000  0.007422
 140.000000  0.009058
 141.000000  0.007446
 142.000000  0.008765
 143.000000  0.007422
 144.000000  0.008398
 145.000000  0.009887
 146.000000  0.008496
 147.000000  0.007471
 148.000000  0.008936
 149.000000  0.009887
 150.000000  0.008691
 151.000000  0.007446
 152.000000  0.008691
 153.000000  0.007519
 154.000000  0.008643
 155.000000  0.007349
 156.000000  0.008740
 157.000000  0.009887
 158.000000  0.008716
 159.000000  0.007568
 160.000000  0.008911
 161.000000  0.007446
 162.000000  0.008594
 163.000000  0.007446
 164.000000  0.008496
 165.000000  0.007446
 166.000000  0.008520
 167.000000  0.007446
 168.000000  0.008423
 169.000000  0.009863
 170.000000  0.008569
 171.000000  0.007373
 172.000000  0.008423
 173.000000  0.007495
 174.000000  0.008472
 175.000000  0.007422
 176.000000  0.008545
 177.000000  0.007519
 178.000000  0.008667
 179.000000  0.009985
 180.000000  0.008520
 181.000000  0.007422
 182.000000  0.008423
 183.000000  0.007324
 184.000000  0.008325
 185.000000  0.007397
 186.000000  0.008740
 187.000000  0.007397
 188.000000  0.008398
 189.000000  0.007349
 190.000000  0.008643
 191.000000  0.007324
 192.000000  0.008472
 193.000000  0.007349
 194.000000  0.008643
 195.000000  0.007397
 196.000000  0.010864
 197.000000  0.007373
 198.000000  0.008472
 199.000000  0.009790
 200.000000  0.008545
 201.000000  0.009790
 202.000000  0.008472
 203.000000  0.007349
 204.000000  0.008472
 205.000000  0.007324
 206.000000  0.008423
 207.000000  0.007324
 208.000000  0.008423
 209.000000  0.009765
 210.000000  0.008716
 211.000000  0.007324
 212.000000  0.008423
 213.000000  0.009790
 214.000000  0.008350
 215.000000  0.007397
 216.000000  0.008398
 217.000000  0.007324
 218.000000  0.008227
 219.000000  0.009765
 220.000000  0.008423
 221.000000  0.007324
 222.000000  0.008301
 223.000000  0.007349
 224.000000  0.008374
 225.000000  0.007349
 226.000000  0.008179
 227.000000  0.009765
 228.000000  0.008691
 229.000000  0.009765
 230.000000  0.008740
 231.000000  0.007373
 232.000000  0.008252
 233.000000  0.009790
 234.000000  0.008374
 235.000000  0.007324
 236.000000  0.008179
 237.000000  0.007324
 238.000000  0.008301
 239.000000  0.009765
 240.000000  0.008594
 241.000000  0.007324
 242.000000  0.008374
 243.000000  0.009790
 244.000000  0.007959
 245.000000  0.007324
 246.000000  0.008423
 247.000000  0.007324
 248.000000  0.008545
 249.000000  0.007324
 250.000000  0.008130
 251.000000  0.007373
 252.000000  0.008105
 253.000000  0.007349
 254.000000  0.007935
 255.000000  0.009790
 256.000000  0.008350
 257.000000  0.007349
 258.000000  0.008227
 259.000000  0.007349
 260.000000  0.008398
 261.000000  0.007349
 262.000000  0.007959
 263.000000  0.009790
 264.000000  0.008154
 265.000000  0.009863
 266.000000  0.008081
 267.000000  0.009765
 268.000000  0.008179
 269.000000  0.009814
 270.000000  0.008374
 271.000000  0.007324
 272.000000  0.008032
 273.000000  0.007373
 274.000000  0.008447
 275.000000  0.009814
 276.000000  0.008496
 277.000000  0.009765
 278.000000  0.008520
 279.000000  0.007422
 280.000000  0.008447
 281.000000  0.009814
 282.000000  0.008472
 283.000000  0.009838
 284.000000  0.008252
 285.000000  0.007349
 286.000000  0.008081
 287.000000  0.007446
 288.000000  0.008301
 289.000000  0.009936
 290.000000  0.008520
 291.000000  0.007324
 292.000000  0.008179
 293.000000  0.007397
 294.000000  0.008423
 295.000000  0.009863
 296.000000  0.008423
 297.000000  0.009814
 298.000000  0.008545
 299.000000  0.009790
 300.000000  0.008252
 301.000000  0.007422
 302.000000  0.008643
 303.000000  0.009887
 304.000000  0.008545
 305.000000  0.007446
 306.000000  0.008398
 307.000000  0.009863
 308.000000  0.008520
 309.000000  0.009814
 310.000000  0.008227
 311.000000  0.007422
 312.000000  0.008423
 313.000000  0.007422
 314.000000  0.008472
 315.000000  0.010009
 316.000000  0.008472
 317.000000  0.007519
 318.000000  0.008398
 319.000000  0.007471
 320.000000  0.008325
 321.000000  0.009887
 322.000000  0.008374
 323.000000  0.009863
 324.000000  0.008472
 325.000000  0.007373
 326.000000  0.008496
 327.000000  0.007471
 328.000000  0.008105
 329.000000  0.010034
 330.000000  0.008643
 331.000000  0.009790
 332.000000  0.008472
 333.000000  0.009838
 334.000000  0.008301
 335.000000  0.009912
 336.000000  0.008520
 337.000000  0.007446
 338.000000  0.008350
 339.000000  0.007397
 340.000000  0.008447
 341.000000  0.009961
 342.000000  0.010620
 343.000000  0.009838
 344.000000  0.008423
 345.000000  0.009814
 346.000000  0.008643
 347.000000  0.007373
 348.000000  0.008447
 349.000000  0.009790
 350.000000  0.008545
 351.000000  0.009838
 352.000000  0.008398
 353.000000  0.009790
 354.000000  0.008350
 355.000000  0.007324
 356.000000  0.008203
 357.000000  0.007422
 358.000000  0.008643
 359.000000  0.009863
 360.000000  0.008813
 361.000000  0.007373
 362.000000  0.008496
 363.000000  0.009765
 364.000000  0.008374
 365.000000  0.007349
 366.000000  0.008520
 367.000000  0.007349
 368.000000  0.008545
 369.000000  0.007373
 370.000000  0.008252
 371.000000  0.009814
 372.000000  0.008569
 373.000000  0.009765
 374.000000  0.008325
 375.000000  0.009838
 376.000000  0.008667
 377.000000  0.007324
 378.000000  0.008862
 379.000000  0.007349
 380.000000  0.008618
 381.000000  0.009790
 382.000000  0.008179
 383.000000  0.007373
 384.000000  0.008643
 385.000000  0.007324
 386.000000  0.008667
 387.000000  0.009814
 388.000000  0.008203
 389.000000  0.009790
 390.000000  0.008862
 391.000000  0.009790
 392.000000  0.008520
 393.000000  0.007349
 394.000000  0.008496
 395.000000  0.007373
 396.000000  0.008618
 397.000000  0.007324
 398.000000  0.008618
 399.000000  0.007349
 400.000000  0.008594
 401.000000  0.009814
 402.000000  0.008618
 403.000000  0.007422
 404.000000  0.008765
 405.000000  0.007397
 406.000000  0.008423
 407.000000  0.007349
 408.000000  0.008789
 409.000000  0.009790
 410.000000  0.008911
 411.000000  0.009765
 412.000000  0.009082
 413.000000  0.007373
 414.000000  0.008765
 415.000000  0.009790
 416.000000  0.008765
 417.000000  0.007397
 418.000000  0.008716
 419.000000  0.007373
 420.000000  0.008960
 421.000000  0.007349
 422.000000  0.008472
 423.000000  0.007349
 424.000000  0.008740
 425.000000  0.009814
 426.000000  0.008545
 427.000000  0.009790
 428.000000  0.008691
 429.000000  0.009790
 430.000000  0.008740
 431.000000  0.009765
 432.000000  0.008643
 433.000000  0.007422
 434.000000  0.008569
 435.000000  0.009790
 436.000000  0.008057
 437.000000  0.009863
 438.000000  0.008447
 439.000000  0.009887
 440.000000  0.008740
 441.000000  0.009887
 442.000000  0.008911
 443.000000  0.009912
 444.000000  0.008862
 445.000000  0.009863
 446.000000  0.009009
 447.000000  0.007568
 448.000000  0.008667
 449.000000  0.009912
 450.000000  0.008350
 451.000000  0.009887
 452.000000  0.008374
 453.000000  0.009863
 454.000000  0.008887
 455.000000  0.009961
 456.000000  0.008667
 457.000000  0.009863
 458.000000  0.008716
 459.000000  0.009887
 460.000000  0.008936
 461.000000  0.009936
 462.000000  0.008667
 463.000000  0.009838
 464.000000  0.008984
 465.000000  0.009838
 466.000000  0.009253
 467.000000  0.007471
 468.000000  0.008667
 469.000000  0.007593
 470.000000  0.008716
 471.000000  0.009961
 472.000000  0.008862
 473.000000  0.007446
 474.000000  0.008936
 475.000000  0.009887
 476.000000  0.009131
 477.000000  0.007446
 478.000000  0.008838
 479.000000  0.009912
 480.000000  0.008862
 481.000000  0.010058
 482.000000  0.008472
 483.000000  0.007519
 484.000000  0.008618
 485.000000  0.009936
 486.000000  0.008545
 487.000000  0.007568
 488.000000  0.008691
 489.000000  0.007544
 490.000000  0.008740
 491.000000  0.009961
 492.000000  0.008643
 493.000000  0.009961
 494.000000  0.008789
 495.000000  0.009814
 496.000000  0.008862
 497.000000  0.007446
 498.000000  0.008447
 499.000000  0.009863
 500.000000  0.008716
 501.000000  0.009863
 502.000000  0.008716
 503.000000  0.009912
 504.000000  0.008789
 505.000000  0.009838
 506.000000  0.008716
 507.000000  0.007373
 508.000000  0.008569
 509.000000  0.007373
 510.000000  0.009033
 511.000000  0.009814
 512.000000  0.008472
 513.000000  0.007349
 514.000000  0.008350
 515.000000  0.007422
 516.000000  0.008423
 517.000000  0.007397
 518.000000  0.008716
 519.000000  0.007397
 520.000000  0.008960
 521.000000  0.007446
 522.000000  0.008789
 523.000000  0.009814
 524.000000  0.008398
 525.000000  0.009814
 526.000000  0.008594
 527.000000  0.009765
 528.000000  0.008667
 529.000000  0.009936
 530.000000  0.009058
 531.000000  0.009863
 532.000000  0.008398
 533.000000  0.007373
 534.000000  0.008569
 535.000000  0.007397
 536.000000  0.008423
 537.000000  0.009765
 538.000000  0.008813
 539.000000  0.009790
 540.000000  0.009155
 541.000000  0.007324
 542.000000  0.008887
 543.000000  0.007324
 544.000000  0.008520
 545.000000  0.007349
 546.000000  0.009131
 547.000000  0.009838
 548.000000  0.008643
 549.000000  0.009790
 550.000000  0.008594
 551.000000  0.009838
 552.000000  0.008105
 553.000000  0.007349
 554.000000  0.008691
 555.000000  0.007373
 556.000000  0.008716
 557.000000  0.009790
 558.000000  0.008960
 559.000000  0.009814
 560.000000  0.009326
 561.000000  0.007397
 562.000000  0.009180
 563.000000  0.009814
 564.000000  0.008838
 565.000000  0.009790
 566.000000  0.008716
 567.000000  0.009814
 568.000000  0.009009
 569.000000  0.009863
 570.000000  0.009009
 571.000000  0.009887
 572.000000  0.008984
 573.000000  0.009961
 574.000000  0.008691
 575.000000  0.009814
 576.000000  0.008618
 577.000000  0.009814
 578.000000  0.008618
 579.000000  0.009863
 580.000000  0.008838
 581.000000  0.007397
 582.000000  0.008911
 583.000000  0.009814
 584.000000  0.008838
 585.000000  0.010034
 586.000000  0.008813
 587.000000  0.009863
 588.000000  0.008447
 589.000000  0.007471
 590.000000  0.008618
 591.000000  0.009985
 592.000000  0.009155
 593.000000  0.007446
 594.000000  0.008862
 595.000000  0.009985
 596.000000  0.009326
 597.000000  0.010009
 598.000000  0.008716
 599.000000  0.009936
 600.000000  0.008594
 601.000000  0.009912
 602.000000  0.008838
 603.000000  0.010107
 604.000000  0.009399
 605.000000  0.010009
 606.000000  0.009204
 607.000000  0.010058
 608.000000  0.009351
 609.000000  0.010034
 610.000000  0.009253
 611.000000  0.009985
 612.000000  0.011572
 613.000000  0.010034
 614.000000  0.011743
 615.000000  0.010278
 616.000000  0.009302
 617.000000  0.007837
 618.000000  0.009253
 619.000000  0.010278
 620.000000  0.009521
 621.000000  0.010351
 622.000000  0.009375
 623.000000  0.010302
 624.000000  0.011962
 625.000000  0.010327
 626.000000  0.009326
 627.000000  0.010351
 628.000000  0.009570
 629.000000  0.010449
 630.000000  0.009595
 631.000000  0.010498
 632.000000  0.009619
 633.000000  0.010961
 634.000000  0.009692
 635.000000  0.011010
 636.000000  0.009619
 637.000000  0.008667
 638.000000  0.009692
 639.000000  0.011499
 640.000000  0.009766
 641.000000  0.011938
 642.000000  0.009790
 643.000000  0.009717
 644.000000  0.012451
 645.000000  0.012231
 646.000000  0.012695
 647.000000  0.012377
 648.000000  0.011352
 649.000000  0.011597
 650.000000  0.012378
 651.000000  0.012500
 652.000000  0.014673
 653.000000  0.015381
 654.000000  0.019189
 655.000000  0.022460
 656.000000  0.022119
 657.000000  0.024243
 658.000000  0.022803
 659.000000  0.023096
 660.000000  0.028052
 661.000000  0.041284
 662.000000  0.069507
 663.000000  0.112964
 664.000000  0.129712
 665.000000  0.124658
 666.000000  0.103100
 667.000000  0.062768
 668.000000  0.041626
 669.000000  0.027173
 670.000000  0.017847
 671.000000  0.014380
 672.000000  0.012964
 673.000000  0.013916
 674.000000  0.013720
 675.000000  0.012231
 676.000000  0.009814
 677.000000  0.012158
 678.000000  0.009766
 679.000000  0.011840
 680.000000  0.009766
 681.000000  0.009131
 682.000000  0.009717
 683.000000  0.011425
 684.000000  0.009766
 685.000000  0.011718
 686.000000  0.009766
 687.000000  0.008765
 688.000000  0.012158
 689.000000  0.008325
 690.000000  0.012207
 691.000000  0.010498
 692.000000  0.009766
 693.000000  0.010620
 694.000000  0.009692
 695.000000  0.010400
 696.000000  0.012060
 697.000000  0.010571
 698.000000  0.009619
 699.000000  0.010131
 700.000000  0.009619
 701.000000  0.007788
 702.000000  0.009546
 703.000000  0.007666
 704.000000  0.012011
 705.000000  0.010058
 706.000000  0.009570
 707.000000  0.007715
 708.000000  0.009448
 709.000000  0.010180
 710.000000  0.009644
 711.000000  0.010376
 712.000000  0.009741
 713.000000  0.010620
 714.000000  0.009692
 715.000000  0.010449
 716.000000  0.009521
 717.000000  0.010058
 718.000000  0.009668
 719.000000  0.010180
 720.000000  0.009521
 721.000000  0.010131
 722.000000  0.009570
 723.000000  0.009936
 724.000000  0.009570
 725.000000  0.010229
 726.000000  0.009497
 727.000000  0.009936
 728.000000  0.009546
 729.000000  0.007764
 730.000000  0.009619
 731.000000  0.010131
 732.000000  0.009277
 733.000000  0.010034
 734.000000  0.011962
 735.000000  0.010205
 736.000000  0.009155
 737.000000  0.009936
 738.000000  0.009424
 739.000000  0.009961
 740.000000  0.009424
 741.000000  0.010034
 742.000000  0.009619
 743.000000  0.007495
 744.000000  0.009351
 745.000000  0.010376
 746.000000  0.009106
 747.000000  0.007642
 748.000000  0.009521
 749.000000  0.010205
 750.000000  0.009253
 751.000000  0.010180
 752.000000  0.011669
 753.000000  0.010278
 754.000000  0.009375
 755.000000  0.010058
 756.000000  0.009399
 757.000000  0.009936
 758.000000  0.009228
 759.000000  0.007642
 760.000000  0.009253
 761.000000  0.010302
 762.000000  0.009106
 763.000000  0.010107
 764.000000  0.009155
 765.000000  0.009863
 766.000000  0.008887
 767.000000  0.007593
 768.000000  0.008618
 769.000000  0.009961
 770.000000  0.008984
 771.000000  0.009961
 772.000000  0.008740
 773.000000  0.009912
 774.000000  0.011523
 775.000000  0.009985
 776.000000  0.011401
 777.000000  0.009863
 778.000000  0.009082
 779.000000  0.007568
 780.000000  0.009277
 781.000000  0.007593
 782.000000  0.011279
 783.000000  0.009985
 784.000000  0.008813
 785.000000  0.009961
 786.000000  0.009058
 787.000000  0.009814
 788.000000  0.011523
 789.000000  0.009961
 790.000000  0.009155
 791.000000  0.010009
 792.000000  0.008789
 793.000000  0.010058
 794.000000  0.008789
 795.000000  0.010058
 796.000000  0.009204
 797.000000  0.010107
 798.000000  0.008887
 799.000000  0.010229
 800.000000  0.009228
 801.000000  0.010107
 802.000000  0.011450
 803.000000  0.010034
 804.000000  0.008618
 805.000000  0.009887
 806.000000  0.008643
 807.000000  0.009887
 808.000000  0.011352
 809.000000  0.007642
 810.000000  0.009326
 811.000000  0.007568
 812.000000  0.008813
 813.000000  0.007446
 814.000000  0.008960
 815.000000  0.009887
 816.000000  0.008887
 817.000000  0.009887
 818.000000  0.009033
 819.000000  0.009985
 820.000000  0.009058
 821.000000  0.009887
 822.000000  0.009155
 823.000000  0.010009
 824.000000  0.011377
 825.000000  0.009936
 826.000000  0.008862
 827.000000  0.009790
 828.000000  0.008716
 829.000000  0.009912
 830.000000  0.008594
 831.000000  0.009790
 832.000000  0.008911
 833.000000  0.009814
 834.000000  0.008643
 835.000000  0.009863
 836.000000  0.011303
 837.000000  0.009790
 838.000000  0.008960
 839.000000  0.009765
 840.000000  0.009448
 841.000000  0.009814
 842.000000  0.011401
 843.000000  0.009863
 844.000000  0.008667
 845.000000  0.007471
 846.000000  0.011059
 847.000000  0.009838
 848.000000  0.008740
 849.000000  0.009838
 850.000000  0.008594
 851.000000  0.009838
 852.000000  0.008691
 853.000000  0.007373
 854.000000  0.011718
 855.000000  0.009814
 856.000000  0.009033
 857.000000  0.007324
 858.000000  0.008862
 859.000000  0.007324
 860.000000  0.011499
 861.000000  0.009814
 862.000000  0.008740
 863.000000  0.007422
 864.000000  0.008423
 865.000000  0.009814
 866.000000  0.011303
 867.000000  0.007446
 868.000000  0.009082
 869.000000  0.009765
 870.000000  0.009058
 871.000000  0.009936
 872.000000  0.009009
 873.000000  0.009863
 874.000000  0.008569
 875.000000  0.009765
 876.000000  0.008569
 877.000000  0.007324
 878.000000  0.008813
 879.000000  0.007373
 880.000000  0.008618
 881.000000  0.009912
 882.000000  0.008838
 883.000000  0.009887
 884.000000  0.009082
 885.000000  0.009863
 886.000000  0.008862
 887.000000  0.007373
 888.000000  0.008984
 889.000000  0.009887
 890.000000  0.009009
 891.000000  0.009838
 892.000000  0.008789
 893.000000  0.009912
 894.000000  0.008765
 895.000000  0.009961
 896.000000  0.008911
 897.000000  0.009838
 898.000000  0.008740
 899.000000  0.009912
 900.000000  0.008936
 901.000000  0.009912
 902.000000  0.010913
 903.000000  0.009863
 904.000000  0.009058
 905.000000  0.009863
 906.000000  0.011010
 907.000000  0.009838
 908.000000  0.011059
 909.000000  0.009912
 910.000000  0.008765
 911.000000  0.009912
 912.000000  0.008740
 913.000000  0.009936
 914.000000  0.008667
 915.000000  0.010009
 916.000000  0.008472
 917.000000  0.009961
 918.000000  0.011572
 919.000000  0.009936
 920.000000  0.011474
 921.000000  0.009887
 922.000000  0.008520
 923.000000  0.009936
 924.000000  0.008520
 925.000000  0.009936
 926.000000  0.008472
 927.000000  0.009912
 928.000000  0.008813
 929.000000  0.010083
 930.000000  0.008911
 931.000000  0.010058
 932.000000  0.008838
 933.000000  0.010131
 934.000000  0.008618
 935.000000  0.010034
 936.000000  0.008960
 937.000000  0.010058
 938.000000  0.009058
 939.000000  0.009912
 940.000000  0.008740
 941.000000  0.009936
 942.000000  0.008667
 943.000000  0.009961
 944.000000  0.008398
 945.000000  0.007519
 946.000000  0.011254
 947.000000  0.010180
 948.000000  0.008936
 949.000000  0.009961
 950.000000  0.011059
 951.000000  0.010083
 952.000000  0.008691
 953.000000  0.009912
 954.000000  0.008740
 955.000000  0.009985
 956.000000  0.008667
 957.000000  0.009838
 958.000000  0.008203
 959.000000  0.007397
 960.000000  0.008520
 961.000000  0.007495
 962.000000  0.011328
 963.000000  0.007617
 964.000000  0.008594
 965.000000  0.009912
 966.000000  0.008765
 967.000000  0.009814
 968.000000  0.008569
 969.000000  0.009961
 970.000000  0.011084
 971.000000  0.009887
 972.000000  0.009399
 973.000000  0.009863
 974.000000  0.008618
 975.000000  0.009912
 976.000000  0.008276
 977.000000  0.009790
 978.000000  0.008569
 979.000000  0.009814
 980.000000  0.008716
 981.000000  0.009887
 982.000000  0.008569
 983.000000  0.007373
 984.000000  0.008227
 985.000000  0.009863
 986.000000  0.008423
 987.000000  0.009765
 988.000000  0.011059
 989.000000  0.009838
 990.000000  0.008911
 991.000000  0.009863
 992.000000  0.008325
 993.000000  0.010009
 994.000000  0.008227
 995.000000  0.009912
 996.000000  0.008569
 997.000000  0.009887
 998.000000  0.010864
 999.000000  0.009863
 1000.000000  0.011010
 1001.000000  0.009838
 1002.000000  0.008276
 1003.000000  0.009790
 1004.000000  0.008594
 1005.000000  0.009838
 1006.000000  0.008374
 1007.000000  0.009765
 1008.000000  0.008667
 1009.000000  0.009765
 1010.000000  0.008008
 1011.000000  0.009765
 1012.000000  0.008350
 1013.000000  0.009790
 1014.000000  0.007910
 1015.000000  0.009790
 1016.000000  0.008179
 1017.000000  0.009814
 1018.000000  0.008398
 1019.000000  0.009790
 1020.000000  0.008032
 1021.000000  0.009765
 1022.000000  0.008105
 1023.000000  0.009814
