 0.000000  0.008203
 1.000000  0.007373
 2.000000  0.007910
 3.000000  0.007373
 4.000000  0.008423
 5.000000  0.007373
 6.000000  0.008643
 7.000000  0.007349
 8.000000  0.008325
 9.000000  0.007446
 10.000000  0.008301
 11.000000  0.007422
 12.000000  0.008691
 13.000000  0.007349
 14.000000  0.008423
 15.000000  0.007300
 16.000000  0.008594
 17.000000  0.007324
 18.000000  0.008545
 19.000000  0.007397
 20.000000  0.007886
 21.000000  0.007471
 22.000000  0.008301
 23.000000  0.007422
 24.000000  0.008569
 25.000000  0.007422
 26.000000  0.008789
 27.000000  0.009838
 28.000000  0.008423
 29.000000  0.007446
 30.000000  0.008276
 31.000000  0.007397
 32.000000  0.008667
 33.000000  0.007397
 34.000000  0.008569
 35.000000  0.007397
 36.000000  0.008643
 37.000000  0.007373
 38.000000  0.008472
 39.000000  0.009741
 40.000000  0.008691
 41.000000  0.007373
 42.000000  0.008350
 43.000000  0.007397
 44.000000  0.008447
 45.000000  0.007373
 46.000000  0.008667
 47.000000  0.007373
 48.000000  0.008350
 49.000000  0.007397
 50.000000  0.008130
 51.000000  0.007373
 52.000000  0.008179
 53.000000  0.007349
 54.000000  0.008472
 55.000000  0.007373
 56.000000  0.008472
 57.000000  0.007373
 58.000000  0.008496
 59.000000  0.009838
 60.000000  0.008276
 61.000000  0.009814
 62.000000  0.008154
 63.000000  0.007373
 64.000000  0.008447
 65.000000  0.007324
 66.000000  0.008423
 67.000000  0.009814
 68.000000  0.008301
 69.000000  0.007324
 70.000000  0.008081
 71.000000  0.007349
 72.000000  0.008008
 73.000000  0.007373
 74.000000  0.007983
 75.000000  0.007373
 76.000000  0.008496
 77.000000  0.007397
 78.000000  0.008325
 79.000000  0.007397
 80.000000  0.008667
 81.000000  0.007373
 82.000000  0.008105
 83.000000  0.007324
 84.000000  0.008105
 85.000000  0.007349
 86.000000  0.008276
 87.000000  0.007300
 88.000000  0.008350
 89.000000  0.007373
 90.000000  0.008374
 91.000000  0.007300
 92.000000  0.008374
 93.000000  0.007373
 94.000000  0.008179
 95.000000  0.007349
 96.000000  0.008545
 97.000000  0.007422
 98.000000  0.008423
 99.000000  0.007397
 100.000000  0.008569
 101.000000  0.009863
 102.000000  0.008276
 103.000000  0.009814
 104.000000  0.008105
 105.000000  0.007373
 106.000000  0.008545
 107.000000  0.007373
 108.000000  0.008496
 109.000000  0.009814
 110.000000  0.008398
 111.000000  0.007397
 112.000000  0.008154
 113.000000  0.007422
 114.000000  0.008301
 115.000000  0.007373
 116.000000  0.008032
 117.000000  0.007422
 118.000000  0.008423
 119.000000  0.007349
 120.000000  0.008203
 121.000000  0.007397
 122.000000  0.008227
 123.000000  0.007349
 124.000000  0.008398
 125.000000  0.007324
 126.000000  0.008447
 127.000000  0.009814
 128.000000  0.008325
 129.000000  0.007324
 130.000000  0.008301
 131.000000  0.009765
 132.000000  0.008081
 133.000000  0.007373
 134.000000  0.008301
 135.000000  0.009790
 136.000000  0.008105
 137.000000  0.007373
 138.000000  0.008520
 139.000000  0.007373
 140.000000  0.008472
 141.000000  0.007373
 142.000000  0.008447
 143.000000  0.007324
 144.000000  0.008154
 145.000000  0.009863
 146.000000  0.008032
 147.000000  0.007324
 148.000000  0.008667
 149.000000  0.009863
 150.000000  0.008227
 151.000000  0.007349
 152.000000  0.008203
 153.000000  0.007397
 154.000000  0.008374
 155.000000  0.007349
 156.000000  0.008057
 157.000000  0.009790
 158.000000  0.008350
 159.000000  0.007324
 160.000000  0.008569
 161.000000  0.007349
 162.000000  0.008008
 163.000000  0.007324
 164.000000  0.007983
 165.000000  0.007324
 166.000000  0.008057
 167.000000  0.007324
 168.000000  0.008301
 169.000000  0.009814
 170.000000  0.008301
 171.000000  0.007349
 172.000000  0.007910
 173.000000  0.007349
 174.000000  0.008032
 175.000000  0.007349
 176.000000  0.008179
 177.000000  0.007324
 178.000000  0.008081
 179.000000  0.009765
 180.000000  0.007739
 181.000000  0.007373
 182.000000  0.007983
 183.000000  0.007373
 184.000000  0.008276
 185.000000  0.007397
 186.000000  0.008350
 187.000000  0.007324
 188.000000  0.008057
 189.000000  0.007324
 190.000000  0.008081
 191.000000  0.007349
 192.000000  0.008081
 193.000000  0.007397
 194.000000  0.007935
 195.000000  0.007373
 196.000000  0.010620
 197.000000  0.007324
 198.000000  0.008105
 199.000000  0.009765
 200.000000  0.008227
 201.000000  0.009790
 202.000000  0.008203
 203.000000  0.007373
 204.000000  0.007959
 205.000000  0.007324
 206.000000  0.007983
 207.000000  0.007349
 208.000000  0.007837
 209.000000  0.009814
 210.000000  0.008203
 211.000000  0.007300
 212.000000  0.008032
 213.000000  0.009790
 214.000000  0.007910
 215.000000  0.007349
 216.000000  0.008227
 217.000000  0.007324
 218.000000  0.008227
 219.000000  0.009790
 220.000000  0.008105
 221.000000  0.007349
 222.000000  0.007739
 223.000000  0.007300
 224.000000  0.008252
 225.000000  0.007373
 226.000000  0.007983
 227.000000  0.009765
 228.000000  0.008301
 229.000000  0.009765
 230.000000  0.008301
 231.000000  0.007349
 232.000000  0.008423
 233.000000  0.009765
 234.000000  0.007983
 235.000000  0.007349
 236.000000  0.008057
 237.000000  0.007397
 238.000000  0.008203
 239.000000  0.009765
 240.000000  0.008179
 241.000000  0.007349
 242.000000  0.008130
 243.000000  0.009838
 244.000000  0.007861
 245.000000  0.007349
 246.000000  0.008057
 247.000000  0.007373
 248.000000  0.008447
 249.000000  0.007373
 250.000000  0.008008
 251.000000  0.007349
 252.000000  0.008203
 253.000000  0.007349
 254.000000  0.007983
 255.000000  0.009790
 256.000000  0.008057
 257.000000  0.007349
 258.000000  0.007910
 259.000000  0.007300
 260.000000  0.008032
 261.000000  0.007373
 262.000000  0.007739
 263.000000  0.009741
 264.000000  0.007910
 265.000000  0.009790
 266.000000  0.007764
 267.000000  0.009814
 268.000000  0.007983
 269.000000  0.009790
 270.000000  0.008032
 271.000000  0.007349
 272.000000  0.007935
 273.000000  0.007324
 274.000000  0.008276
 275.000000  0.009765
 276.000000  0.008032
 277.000000  0.009790
 278.000000  0.008227
 279.000000  0.007397
 280.000000  0.008472
 281.000000  0.009790
 282.000000  0.008057
 283.000000  0.009838
 284.000000  0.008179
 285.000000  0.007324
 286.000000  0.008008
 287.000000  0.007349
 288.000000  0.008130
 289.000000  0.009765
 290.000000  0.008154
 291.000000  0.007349
 292.000000  0.008032
 293.000000  0.007373
 294.000000  0.008227
 295.000000  0.009790
 296.000000  0.008203
 297.000000  0.009765
 298.000000  0.008081
 299.000000  0.009790
 300.000000  0.008227
 301.000000  0.007349
 302.000000  0.007983
 303.000000  0.009790
 304.000000  0.008520
 305.000000  0.007373
 306.000000  0.008252
 307.000000  0.009814
 308.000000  0.008350
 309.000000  0.009765
 310.000000  0.008130
 311.000000  0.007349
 312.000000  0.008154
 313.000000  0.007519
 314.000000  0.008179
 315.000000  0.009814
 316.000000  0.008227
 317.000000  0.007422
 318.000000  0.008252
 319.000000  0.007349
 320.000000  0.008154
 321.000000  0.009814
 322.000000  0.007983
 323.000000  0.009790
 324.000000  0.008081
 325.000000  0.007373
 326.000000  0.008179
 327.000000  0.007324
 328.000000  0.007886
 329.000000  0.009838
 330.000000  0.008252
 331.000000  0.009838
 332.000000  0.008252
 333.000000  0.009790
 334.000000  0.007910
 335.000000  0.009838
 336.000000  0.008130
 337.000000  0.007349
 338.000000  0.008252
 339.000000  0.007349
 340.000000  0.008227
 341.000000  0.009887
 342.000000  0.010473
 343.000000  0.009838
 344.000000  0.008301
 345.000000  0.009790
 346.000000  0.008423
 347.000000  0.007397
 348.000000  0.008154
 349.000000  0.009765
 350.000000  0.008716
 351.000000  0.009790
 352.000000  0.008130
 353.000000  0.009814
 354.000000  0.008301
 355.000000  0.007324
 356.000000  0.008154
 357.000000  0.007349
 358.000000  0.008472
 359.000000  0.009790
 360.000000  0.008496
 361.000000  0.007349
 362.000000  0.008105
 363.000000  0.009765
 364.000000  0.008081
 365.000000  0.007446
 366.000000  0.008179
 367.000000  0.007349
 368.000000  0.008227
 369.000000  0.007422
 370.000000  0.008520
 371.000000  0.009814
 372.000000  0.008179
 373.000000  0.009838
 374.000000  0.008179
 375.000000  0.009790
 376.000000  0.008154
 377.000000  0.007397
 378.000000  0.008520
 379.000000  0.007422
 380.000000  0.008301
 381.000000  0.009790
 382.000000  0.008081
 383.000000  0.007422
 384.000000  0.008740
 385.000000  0.007446
 386.000000  0.008545
 387.000000  0.009814
 388.000000  0.008130
 389.000000  0.009790
 390.000000  0.008789
 391.000000  0.009838
 392.000000  0.008520
 393.000000  0.007349
 394.000000  0.008374
 395.000000  0.007422
 396.000000  0.008374
 397.000000  0.007397
 398.000000  0.008252
 399.000000  0.007373
 400.000000  0.008423
 401.000000  0.009814
 402.000000  0.008227
 403.000000  0.007349
 404.000000  0.008472
 405.000000  0.007446
 406.000000  0.008545
 407.000000  0.007324
 408.000000  0.008740
 409.000000  0.009912
 410.000000  0.008472
 411.000000  0.009887
 412.000000  0.008520
 413.000000  0.007422
 414.000000  0.008838
 415.000000  0.009838
 416.000000  0.008301
 417.000000  0.007397
 418.000000  0.008569
 419.000000  0.007422
 420.000000  0.008569
 421.000000  0.007349
 422.000000  0.008154
 423.000000  0.007422
 424.000000  0.008447
 425.000000  0.009790
 426.000000  0.008105
 427.000000  0.009936
 428.000000  0.008667
 429.000000  0.009838
 430.000000  0.008569
 431.000000  0.009765
 432.000000  0.008447
 433.000000  0.007397
 434.000000  0.008130
 435.000000  0.009814
 436.000000  0.008301
 437.000000  0.009814
 438.000000  0.008105
 439.000000  0.009814
 440.000000  0.008472
 441.000000  0.009790
 442.000000  0.008716
 443.000000  0.009765
 444.000000  0.008472
 445.000000  0.009887
 446.000000  0.008887
 447.000000  0.007397
 448.000000  0.008472
 449.000000  0.009863
 450.000000  0.008691
 451.000000  0.009863
 452.000000  0.008447
 453.000000  0.009838
 454.000000  0.008643
 455.000000  0.009863
 456.000000  0.008472
 457.000000  0.009838
 458.000000  0.008545
 459.000000  0.009838
 460.000000  0.008911
 461.000000  0.009887
 462.000000  0.008643
 463.000000  0.009863
 464.000000  0.008789
 465.000000  0.009985
 466.000000  0.009082
 467.000000  0.007422
 468.000000  0.008862
 469.000000  0.007373
 470.000000  0.008936
 471.000000  0.009912
 472.000000  0.008569
 473.000000  0.007397
 474.000000  0.008862
 475.000000  0.009863
 476.000000  0.009155
 477.000000  0.007422
 478.000000  0.009204
 479.000000  0.009814
 480.000000  0.009180
 481.000000  0.009887
 482.000000  0.008813
 483.000000  0.007446
 484.000000  0.008545
 485.000000  0.010107
 486.000000  0.008813
 487.000000  0.007349
 488.000000  0.008838
 489.000000  0.007422
 490.000000  0.008496
 491.000000  0.009790
 492.000000  0.008887
 493.000000  0.009887
 494.000000  0.008765
 495.000000  0.009887
 496.000000  0.009180
 497.000000  0.007495
 498.000000  0.009058
 499.000000  0.009912
 500.000000  0.008960
 501.000000  0.009961
 502.000000  0.008716
 503.000000  0.009912
 504.000000  0.008789
 505.000000  0.010009
 506.000000  0.009204
 507.000000  0.007495
 508.000000  0.009375
 509.000000  0.007544
 510.000000  0.009302
 511.000000  0.009936
 512.000000  0.008887
 513.000000  0.007471
 514.000000  0.008960
 515.000000  0.007544
 516.000000  0.008765
 517.000000  0.007495
 518.000000  0.008984
 519.000000  0.007446
 520.000000  0.009326
 521.000000  0.007690
 522.000000  0.008960
 523.000000  0.010156
 524.000000  0.009228
 525.000000  0.010156
 526.000000  0.009497
 527.000000  0.010058
 528.000000  0.009521
 529.000000  0.010449
 530.000000  0.009644
 531.000000  0.010253
 532.000000  0.009619
 533.000000  0.008154
 534.000000  0.009570
 535.000000  0.008276
 536.000000  0.009668
 537.000000  0.010644
 538.000000  0.009717
 539.000000  0.010913
 540.000000  0.009668
 541.000000  0.008838
 542.000000  0.009717
 543.000000  0.009131
 544.000000  0.009766
 545.000000  0.009424
 546.000000  0.009766
 547.000000  0.011914
 548.000000  0.009766
 549.000000  0.012158
 550.000000  0.009790
 551.000000  0.012158
 552.000000  0.009839
 553.000000  0.009839
 554.000000  0.011743
 555.000000  0.011743
 556.000000  0.012207
 557.000000  0.014502
 558.000000  0.012842
 559.000000  0.015527
 560.000000  0.015405
 561.000000  0.017212
 562.000000  0.026465
 563.000000  0.063623
 564.000000  0.166406
 565.000000  0.230371
 566.000000  0.228882
 567.000000  0.176098
 568.000000  0.066772
 569.000000  0.029492
 570.000000  0.019507
 571.000000  0.017114
 572.000000  0.014551
 573.000000  0.014624
 574.000000  0.012134
 575.000000  0.012939
 576.000000  0.010620
 577.000000  0.012231
 578.000000  0.009936
 579.000000  0.012182
 580.000000  0.009814
 581.000000  0.009692
 582.000000  0.009790
 583.000000  0.011596
 584.000000  0.009717
 585.000000  0.011718
 586.000000  0.009692
 587.000000  0.011596
 588.000000  0.009668
 589.000000  0.008545
 590.000000  0.009668
 591.000000  0.010791
 592.000000  0.009692
 593.000000  0.008032
 594.000000  0.009644
 595.000000  0.010449
 596.000000  0.009644
 597.000000  0.010424
 598.000000  0.009497
 599.000000  0.010302
 600.000000  0.009424
 601.000000  0.010009
 602.000000  0.009424
 603.000000  0.009936
 604.000000  0.009497
 605.000000  0.010131
 606.000000  0.009546
 607.000000  0.010278
 608.000000  0.009546
 609.000000  0.010107
 610.000000  0.009692
 611.000000  0.010083
 612.000000  0.011962
 613.000000  0.010351
 614.000000  0.011669
 615.000000  0.010473
 616.000000  0.009448
 617.000000  0.008154
 618.000000  0.009497
 619.000000  0.010107
 620.000000  0.009204
 621.000000  0.009985
 622.000000  0.009058
 623.000000  0.010034
 624.000000  0.011718
 625.000000  0.009887
 626.000000  0.008984
 627.000000  0.009936
 628.000000  0.009106
 629.000000  0.009863
 630.000000  0.009131
 631.000000  0.010278
 632.000000  0.009326
 633.000000  0.010302
 634.000000  0.009277
 635.000000  0.010009
 636.000000  0.009448
 637.000000  0.007495
 638.000000  0.009253
 639.000000  0.009912
 640.000000  0.009228
 641.000000  0.009863
 642.000000  0.009106
 643.000000  0.007593
 644.000000  0.011523
 645.000000  0.009961
 646.000000  0.011596
 647.000000  0.010034
 648.000000  0.009302
 649.000000  0.007812
 650.000000  0.009009
 651.000000  0.007519
 652.000000  0.009326
 653.000000  0.007617
 654.000000  0.009155
 655.000000  0.009985
 656.000000  0.009253
 657.000000  0.010058
 658.000000  0.009180
 659.000000  0.007471
 660.000000  0.009180
 661.000000  0.009838
 662.000000  0.009106
 663.000000  0.009985
 664.000000  0.011303
 665.000000  0.009838
 666.000000  0.011694
 667.000000  0.009887
 668.000000  0.008936
 669.000000  0.007422
 670.000000  0.009180
 671.000000  0.007715
 672.000000  0.009180
 673.000000  0.009961
 674.000000  0.011645
 675.000000  0.009838
 676.000000  0.009326
 677.000000  0.010083
 678.000000  0.008594
 679.000000  0.009936
 680.000000  0.009106
 681.000000  0.007422
 682.000000  0.008936
 683.000000  0.009887
 684.000000  0.008960
 685.000000  0.009985
 686.000000  0.008960
 687.000000  0.007690
 688.000000  0.011645
 689.000000  0.007446
 690.000000  0.011816
 691.000000  0.009863
 692.000000  0.009448
 693.000000  0.009912
 694.000000  0.008936
 695.000000  0.009838
 696.000000  0.011377
 697.000000  0.010180
 698.000000  0.008936
 699.000000  0.009985
 700.000000  0.008984
 701.000000  0.007397
 702.000000  0.009033
 703.000000  0.007519
 704.000000  0.011401
 705.000000  0.009838
 706.000000  0.008838
 707.000000  0.007471
 708.000000  0.009155
 709.000000  0.009838
 710.000000  0.008887
 711.000000  0.009961
 712.000000  0.008984
 713.000000  0.009887
 714.000000  0.009058
 715.000000  0.010180
 716.000000  0.009253
 717.000000  0.009936
 718.000000  0.008984
 719.000000  0.009912
 720.000000  0.009082
 721.000000  0.010131
 722.000000  0.009302
 723.000000  0.010205
 724.000000  0.009204
 725.000000  0.009912
 726.000000  0.009058
 727.000000  0.010034
 728.000000  0.009009
 729.000000  0.007519
 730.000000  0.009058
 731.000000  0.010131
 732.000000  0.008984
 733.000000  0.009912
 734.000000  0.011669
 735.000000  0.010083
 736.000000  0.008667
 737.000000  0.009887
 738.000000  0.008789
 739.000000  0.009887
 740.000000  0.009253
 741.000000  0.010156
 742.000000  0.009180
 743.000000  0.007446
 744.000000  0.008862
 745.000000  0.010009
 746.000000  0.008936
 747.000000  0.007471
 748.000000  0.009473
 749.000000  0.009863
 750.000000  0.009106
 751.000000  0.010107
 752.000000  0.011718
 753.000000  0.010351
 754.000000  0.009082
 755.000000  0.009985
 756.000000  0.009009
 757.000000  0.010058
 758.000000  0.009277
 759.000000  0.007544
 760.000000  0.009155
 761.000000  0.010058
 762.000000  0.009326
 763.000000  0.010034
 764.000000  0.009302
 765.000000  0.009985
 766.000000  0.008691
 767.000000  0.007446
 768.000000  0.008862
 769.000000  0.009936
 770.000000  0.008643
 771.000000  0.009790
 772.000000  0.008740
 773.000000  0.009863
 774.000000  0.011181
 775.000000  0.009961
 776.000000  0.011303
 777.000000  0.009863
 778.000000  0.008960
 779.000000  0.007446
 780.000000  0.008740
 781.000000  0.007519
 782.000000  0.011474
 783.000000  0.009838
 784.000000  0.008813
 785.000000  0.009887
 786.000000  0.009180
 787.000000  0.009912
 788.000000  0.011303
 789.000000  0.009863
 790.000000  0.008984
 791.000000  0.009887
 792.000000  0.009009
 793.000000  0.009887
 794.000000  0.008716
 795.000000  0.009838
 796.000000  0.009106
 797.000000  0.010009
 798.000000  0.009277
 799.000000  0.009838
 800.000000  0.008716
 801.000000  0.009814
 802.000000  0.011425
 803.000000  0.009887
 804.000000  0.008545
 805.000000  0.009887
 806.000000  0.008618
 807.000000  0.009887
 808.000000  0.011425
 809.000000  0.007471
 810.000000  0.009106
 811.000000  0.007422
 812.000000  0.008887
 813.000000  0.007349
 814.000000  0.008984
 815.000000  0.009961
 816.000000  0.008765
 817.000000  0.009912
 818.000000  0.009009
 819.000000  0.009936
 820.000000  0.008740
 821.000000  0.009863
 822.000000  0.008545
 823.000000  0.010131
 824.000000  0.011474
 825.000000  0.009961
 826.000000  0.008887
 827.000000  0.009790
 828.000000  0.008423
 829.000000  0.009887
 830.000000  0.008740
 831.000000  0.009814
 832.000000  0.008716
 833.000000  0.009912
 834.000000  0.008789
 835.000000  0.009838
 836.000000  0.010864
 837.000000  0.009887
 838.000000  0.008813
 839.000000  0.009838
 840.000000  0.009033
 841.000000  0.009936
 842.000000  0.011303
 843.000000  0.009961
 844.000000  0.009033
 845.000000  0.007446
 846.000000  0.011059
 847.000000  0.009838
 848.000000  0.008179
 849.000000  0.009936
 850.000000  0.008350
 851.000000  0.009936
 852.000000  0.008569
 853.000000  0.007471
 854.000000  0.011621
 855.000000  0.009863
 856.000000  0.008423
 857.000000  0.007471
 858.000000  0.008643
 859.000000  0.007422
 860.000000  0.011157
 861.000000  0.009838
 862.000000  0.008594
 863.000000  0.007446
 864.000000  0.008594
 865.000000  0.009838
 866.000000  0.011206
 867.000000  0.007495
 868.000000  0.008887
 869.000000  0.009838
 870.000000  0.009058
 871.000000  0.009912
 872.000000  0.009253
 873.000000  0.009838
 874.000000  0.008691
 875.000000  0.009961
 876.000000  0.008398
 877.000000  0.007422
 878.000000  0.008960
 879.000000  0.007397
 880.000000  0.008765
 881.000000  0.009887
 882.000000  0.008643
 883.000000  0.010009
 884.000000  0.008813
 885.000000  0.009985
 886.000000  0.009082
 887.000000  0.007495
 888.000000  0.008936
 889.000000  0.009814
 890.000000  0.008618
 891.000000  0.009863
 892.000000  0.008618
 893.000000  0.009936
 894.000000  0.008789
 895.000000  0.009790
 896.000000  0.008496
 897.000000  0.009936
 898.000000  0.008667
 899.000000  0.009765
 900.000000  0.009131
 901.000000  0.009936
 902.000000  0.011474
 903.000000  0.009887
 904.000000  0.008789
 905.000000  0.009863
 906.000000  0.011352
 907.000000  0.009912
 908.000000  0.010742
 909.000000  0.009863
 910.000000  0.008618
 911.000000  0.009814
 912.000000  0.008984
 913.000000  0.009936
 914.000000  0.008984
 915.000000  0.009814
 916.000000  0.008911
 917.000000  0.009912
 918.000000  0.011157
 919.000000  0.009863
 920.000000  0.011767
 921.000000  0.009936
 922.000000  0.008520
 923.000000  0.009790
 924.000000  0.009131
 925.000000  0.009912
 926.000000  0.008618
 927.000000  0.009863
 928.000000  0.009106
 929.000000  0.009863
 930.000000  0.008862
 931.000000  0.009912
 932.000000  0.009375
 933.000000  0.010058
 934.000000  0.008984
 935.000000  0.009961
 936.000000  0.009204
 937.000000  0.009790
 938.000000  0.008789
 939.000000  0.009838
 940.000000  0.008984
 941.000000  0.009814
 942.000000  0.008765
 943.000000  0.009838
 944.000000  0.008569
 945.000000  0.007373
 946.000000  0.011572
 947.000000  0.009838
 948.000000  0.009180
 949.000000  0.009887
 950.000000  0.011230
 951.000000  0.009936
 952.000000  0.008984
 953.000000  0.009961
 954.000000  0.008813
 955.000000  0.009814
 956.000000  0.008789
 957.000000  0.009936
 958.000000  0.008569
 959.000000  0.007397
 960.000000  0.008301
 961.000000  0.007373
 962.000000  0.011035
 963.000000  0.007373
 964.000000  0.008008
 965.000000  0.009863
 966.000000  0.008325
 967.000000  0.009912
 968.000000  0.008423
 969.000000  0.009863
 970.000000  0.011157
 971.000000  0.009863
 972.000000  0.008911
 973.000000  0.009961
 974.000000  0.008789
 975.000000  0.009863
 976.000000  0.008667
 977.000000  0.009863
 978.000000  0.008569
 979.000000  0.009863
 980.000000  0.008520
 981.000000  0.009838
 982.000000  0.008423
 983.000000  0.007422
 984.000000  0.008447
 985.000000  0.009936
 986.000000  0.008227
 987.000000  0.009863
 988.000000  0.011401
 989.000000  0.009790
 990.000000  0.009302
 991.000000  0.009863
 992.000000  0.009058
 993.000000  0.009936
 994.000000  0.008887
 995.000000  0.010034
 996.000000  0.008765
 997.000000  0.009936
 998.000000  0.010888
 999.000000  0.009863
 1000.000000  0.011230
 1001.000000  0.009863
 1002.000000  0.008643
 1003.000000  0.009838
 1004.000000  0.008325
 1005.000000  0.009838
 1006.000000  0.008740
 1007.000000  0.009814
 1008.000000  0.008398
 1009.000000  0.009765
 1010.000000  0.008179
 1011.000000  0.009790
 1012.000000  0.007983
 1013.000000  0.009887
 1014.000000  0.008203
 1015.000000  0.010009
 1016.000000  0.008227
 1017.000000  0.009912
 1018.000000  0.008301
 1019.000000  0.009887
 1020.000000  0.008350
 1021.000000  0.009814
 1022.000000  0.008032
 1023.000000  0.009887
