 0.000000  0.007861
 1.000000  0.007397
 2.000000  0.007788
 3.000000  0.007324
 4.000000  0.007983
 5.000000  0.007373
 6.000000  0.007983
 7.000000  0.007373
 8.000000  0.007837
 9.000000  0.007349
 10.000000  0.008008
 11.000000  0.007397
 12.000000  0.008057
 13.000000  0.007373
 14.000000  0.007935
 15.000000  0.007300
 16.000000  0.008008
 17.000000  0.007324
 18.000000  0.008081
 19.000000  0.007422
 20.000000  0.007812
 21.000000  0.007373
 22.000000  0.007690
 23.000000  0.007422
 24.000000  0.008081
 25.000000  0.007397
 26.000000  0.008569
 27.000000  0.009790
 28.000000  0.008008
 29.000000  0.007324
 30.000000  0.007788
 31.000000  0.007349
 32.000000  0.007935
 33.000000  0.007349
 34.000000  0.008008
 35.000000  0.007446
 36.000000  0.007959
 37.000000  0.007349
 38.000000  0.007739
 39.000000  0.009814
 40.000000  0.008081
 41.000000  0.007324
 42.000000  0.008057
 43.000000  0.007349
 44.000000  0.007959
 45.000000  0.007349
 46.000000  0.008081
 47.000000  0.007300
 48.000000  0.007959
 49.000000  0.007373
 50.000000  0.007690
 51.000000  0.007300
 52.000000  0.007690
 53.000000  0.007397
 54.000000  0.007764
 55.000000  0.007373
 56.000000  0.007935
 57.000000  0.007324
 58.000000  0.008325
 59.000000  0.009741
 60.000000  0.007739
 61.000000  0.009790
 62.000000  0.007715
 63.000000  0.007349
 64.000000  0.007788
 65.000000  0.007324
 66.000000  0.007812
 67.000000  0.009790
 68.000000  0.007739
 69.000000  0.007349
 70.000000  0.007837
 71.000000  0.007373
 72.000000  0.007690
 73.000000  0.007300
 74.000000  0.007812
 75.000000  0.007349
 76.000000  0.007983
 77.000000  0.007324
 78.000000  0.007764
 79.000000  0.007349
 80.000000  0.007983
 81.000000  0.007275
 82.000000  0.007642
 83.000000  0.007324
 84.000000  0.007690
 85.000000  0.007373
 86.000000  0.007861
 87.000000  0.007373
 88.000000  0.007886
 89.000000  0.007422
 90.000000  0.007812
 91.000000  0.007324
 92.000000  0.007812
 93.000000  0.007324
 94.000000  0.007739
 95.000000  0.007373
 96.000000  0.007739
 97.000000  0.007349
 98.000000  0.007837
 99.000000  0.007373
 100.000000  0.007715
 101.000000  0.009814
 102.000000  0.007739
 103.000000  0.009790
 104.000000  0.007617
 105.000000  0.007300
 106.000000  0.007959
 107.000000  0.007349
 108.000000  0.008057
 109.000000  0.009790
 110.000000  0.008081
 111.000000  0.007324
 112.000000  0.007642
 113.000000  0.007349
 114.000000  0.007666
 115.000000  0.007397
 116.000000  0.007715
 117.000000  0.007373
 118.000000  0.007959
 119.000000  0.007251
 120.000000  0.008032
 121.000000  0.007373
 122.000000  0.007886
 123.000000  0.007324
 124.000000  0.007983
 125.000000  0.007397
 126.000000  0.007886
 127.000000  0.009765
 128.000000  0.007764
 129.000000  0.007324
 130.000000  0.007617
 131.000000  0.009790
 132.000000  0.007617
 133.000000  0.007300
 134.000000  0.007886
 135.000000  0.009741
 136.000000  0.007593
 137.000000  0.007300
 138.000000  0.007959
 139.000000  0.007300
 140.000000  0.007764
 141.000000  0.007324
 142.000000  0.007715
 143.000000  0.007324
 144.000000  0.007739
 145.000000  0.009838
 146.000000  0.007739
 147.000000  0.007373
 148.000000  0.007910
 149.000000  0.009741
 150.000000  0.007690
 151.000000  0.007324
 152.000000  0.007837
 153.000000  0.007349
 154.000000  0.007715
 155.000000  0.007300
 156.000000  0.007910
 157.000000  0.009716
 158.000000  0.007666
 159.000000  0.007300
 160.000000  0.007935
 161.000000  0.007324
 162.000000  0.007642
 163.000000  0.007373
 164.000000  0.007666
 165.000000  0.007324
 166.000000  0.007666
 167.000000  0.007275
 168.000000  0.007739
 169.000000  0.009790
 170.000000  0.007739
 171.000000  0.007373
 172.000000  0.007495
 173.000000  0.007324
 174.000000  0.007642
 175.000000  0.007300
 176.000000  0.007764
 177.000000  0.007324
 178.000000  0.007739
 179.000000  0.009741
 180.000000  0.007642
 181.000000  0.007324
 182.000000  0.007544
 183.000000  0.007349
 184.000000  0.007519
 185.000000  0.007324
 186.000000  0.007642
 187.000000  0.007324
 188.000000  0.007666
 189.000000  0.007324
 190.000000  0.007690
 191.000000  0.007275
 192.000000  0.007568
 193.000000  0.007300
 194.000000  0.007593
 195.000000  0.007300
 196.000000  0.010058
 197.000000  0.007324
 198.000000  0.007690
 199.000000  0.009765
 200.000000  0.007471
 201.000000  0.009765
 202.000000  0.007495
 203.000000  0.007275
 204.000000  0.007690
 205.000000  0.007349
 206.000000  0.007422
 207.000000  0.007300
 208.000000  0.007446
 209.000000  0.009741
 210.000000  0.007690
 211.000000  0.007324
 212.000000  0.007593
 213.000000  0.009765
 214.000000  0.007568
 215.000000  0.007349
 216.000000  0.007568
 217.000000  0.007349
 218.000000  0.007544
 219.000000  0.009716
 220.000000  0.007593
 221.000000  0.007300
 222.000000  0.007519
 223.000000  0.007324
 224.000000  0.007519
 225.000000  0.007275
 226.000000  0.007593
 227.000000  0.009716
 228.000000  0.007642
 229.000000  0.009741
 230.000000  0.007715
 231.000000  0.007300
 232.000000  0.007690
 233.000000  0.009765
 234.000000  0.007617
 235.000000  0.007349
 236.000000  0.007471
 237.000000  0.007300
 238.000000  0.007495
 239.000000  0.009716
 240.000000  0.007446
 241.000000  0.007349
 242.000000  0.007739
 243.000000  0.009765
 244.000000  0.007471
 245.000000  0.007349
 246.000000  0.007568
 247.000000  0.007324
 248.000000  0.007642
 249.000000  0.007324
 250.000000  0.007471
 251.000000  0.007300
 252.000000  0.007593
 253.000000  0.007324
 254.000000  0.007544
 255.000000  0.009765
 256.000000  0.007568
 257.000000  0.007275
 258.000000  0.007519
 259.000000  0.007324
 260.000000  0.007519
 261.000000  0.007349
 262.000000  0.007446
 263.000000  0.009741
 264.000000  0.007471
 265.000000  0.009741
 266.000000  0.007617
 267.000000  0.009765
 268.000000  0.007495
 269.000000  0.009741
 270.000000  0.007568
 271.000000  0.007324
 272.000000  0.007519
 273.000000  0.007275
 274.000000  0.007495
 275.000000  0.009765
 276.000000  0.007544
 277.000000  0.009741
 278.000000  0.007593
 279.000000  0.007300
 280.000000  0.007617
 281.000000  0.009765
 282.000000  0.007519
 283.000000  0.009765
 284.000000  0.007568
 285.000000  0.007300
 286.000000  0.007446
 287.000000  0.007324
 288.000000  0.007495
 289.000000  0.009765
 290.000000  0.007544
 291.000000  0.007275
 292.000000  0.007593
 293.000000  0.007324
 294.000000  0.007519
 295.000000  0.009765
 296.000000  0.007568
 297.000000  0.009765
 298.000000  0.007715
 299.000000  0.009765
 300.000000  0.007617
 301.000000  0.007324
 302.000000  0.007446
 303.000000  0.009741
 304.000000  0.007519
 305.000000  0.007324
 306.000000  0.007544
 307.000000  0.009765
 308.000000  0.007495
 309.000000  0.009741
 310.000000  0.007544
 311.000000  0.007324
 312.000000  0.007544
 313.000000  0.007324
 314.000000  0.007764
 315.000000  0.009790
 316.000000  0.007568
 317.000000  0.007275
 318.000000  0.007495
 319.000000  0.007324
 320.000000  0.007568
 321.000000  0.009790
 322.000000  0.007446
 323.000000  0.009741
 324.000000  0.007446
 325.000000  0.007275
 326.000000  0.007519
 327.000000  0.007324
 328.000000  0.007495
 329.000000  0.009765
 330.000000  0.007495
 331.000000  0.009765
 332.000000  0.007422
 333.000000  0.009741
 334.000000  0.007519
 335.000000  0.009790
 336.000000  0.007519
 337.000000  0.007324
 338.000000  0.007519
 339.000000  0.007324
 340.000000  0.007471
 341.000000  0.009765
 342.000000  0.009838
 343.000000  0.009765
 344.000000  0.007373
 345.000000  0.009741
 346.000000  0.007495
 347.000000  0.007324
 348.000000  0.007617
 349.000000  0.009790
 350.000000  0.007593
 351.000000  0.009765
 352.000000  0.007519
 353.000000  0.009765
 354.000000  0.007593
 355.000000  0.007324
 356.000000  0.007495
 357.000000  0.007275
 358.000000  0.007471
 359.000000  0.009765
 360.000000  0.007495
 361.000000  0.007324
 362.000000  0.007471
 363.000000  0.009741
 364.000000  0.007495
 365.000000  0.007349
 366.000000  0.007519
 367.000000  0.007300
 368.000000  0.007544
 369.000000  0.007324
 370.000000  0.007446
 371.000000  0.009741
 372.000000  0.007519
 373.000000  0.009790
 374.000000  0.007544
 375.000000  0.009790
 376.000000  0.007495
 377.000000  0.007349
 378.000000  0.007495
 379.000000  0.007349
 380.000000  0.007422
 381.000000  0.009741
 382.000000  0.007544
 383.000000  0.007324
 384.000000  0.007666
 385.000000  0.007349
 386.000000  0.007568
 387.000000  0.009765
 388.000000  0.007471
 389.000000  0.009765
 390.000000  0.007519
 391.000000  0.009741
 392.000000  0.007617
 393.000000  0.007251
 394.000000  0.007422
 395.000000  0.007324
 396.000000  0.007593
 397.000000  0.007300
 398.000000  0.007593
 399.000000  0.007300
 400.000000  0.007544
 401.000000  0.009765
 402.000000  0.007422
 403.000000  0.007324
 404.000000  0.007544
 405.000000  0.007324
 406.000000  0.007544
 407.000000  0.007349
 408.000000  0.007397
 409.000000  0.009741
 410.000000  0.007593
 411.000000  0.009765
 412.000000  0.007495
 413.000000  0.007324
 414.000000  0.007690
 415.000000  0.009765
 416.000000  0.007519
 417.000000  0.007300
 418.000000  0.007593
 419.000000  0.007349
 420.000000  0.007715
 421.000000  0.007300
 422.000000  0.007446
 423.000000  0.007349
 424.000000  0.007446
 425.000000  0.009814
 426.000000  0.007495
 427.000000  0.009790
 428.000000  0.007617
 429.000000  0.009765
 430.000000  0.007495
 431.000000  0.009765
 432.000000  0.007544
 433.000000  0.007324
 434.000000  0.007495
 435.000000  0.009765
 436.000000  0.007471
 437.000000  0.009765
 438.000000  0.007422
 439.000000  0.009765
 440.000000  0.007617
 441.000000  0.009716
 442.000000  0.007568
 443.000000  0.009741
 444.000000  0.007471
 445.000000  0.009765
 446.000000  0.007593
 447.000000  0.007300
 448.000000  0.007471
 449.000000  0.009814
 450.000000  0.007519
 451.000000  0.009765
 452.000000  0.007495
 453.000000  0.009765
 454.000000  0.007544
 455.000000  0.009765
 456.000000  0.007519
 457.000000  0.009765
 458.000000  0.007495
 459.000000  0.009765
 460.000000  0.007544
 461.000000  0.009790
 462.000000  0.007593
 463.000000  0.009765
 464.000000  0.007642
 465.000000  0.009790
 466.000000  0.007593
 467.000000  0.007324
 468.000000  0.007471
 469.000000  0.007275
 470.000000  0.007422
 471.000000  0.009790
 472.000000  0.007568
 473.000000  0.007324
 474.000000  0.007471
 475.000000  0.009790
 476.000000  0.007617
 477.000000  0.007349
 478.000000  0.007519
 479.000000  0.009716
 480.000000  0.007593
 481.000000  0.009765
 482.000000  0.007568
 483.000000  0.007373
 484.000000  0.007471
 485.000000  0.009765
 486.000000  0.007422
 487.000000  0.007349
 488.000000  0.007422
 489.000000  0.007324
 490.000000  0.007519
 491.000000  0.009741
 492.000000  0.007495
 493.000000  0.009765
 494.000000  0.007519
 495.000000  0.009765
 496.000000  0.007544
 497.000000  0.007300
 498.000000  0.007519
 499.000000  0.009765
 500.000000  0.007568
 501.000000  0.009790
 502.000000  0.007544
 503.000000  0.009765
 504.000000  0.007495
 505.000000  0.009790
 506.000000  0.007544
 507.000000  0.007324
 508.000000  0.007471
 509.000000  0.007324
 510.000000  0.007812
 511.000000  0.009765
 512.000000  0.007519
 513.000000  0.007324
 514.000000  0.007568
 515.000000  0.007349
 516.000000  0.007519
 517.000000  0.007349
 518.000000  0.007690
 519.000000  0.007324
 520.000000  0.007715
 521.000000  0.007324
 522.000000  0.007544
 523.000000  0.009790
 524.000000  0.007690
 525.000000  0.009765
 526.000000  0.007837
 527.000000  0.009790
 528.000000  0.007788
 529.000000  0.009814
 530.000000  0.007935
 531.000000  0.009863
 532.000000  0.008203
 533.000000  0.007373
 534.000000  0.007886
 535.000000  0.007349
 536.000000  0.007935
 537.000000  0.009863
 538.000000  0.008276
 539.000000  0.009863
 540.000000  0.009033
 541.000000  0.007422
 542.000000  0.009204
 543.000000  0.007715
 544.000000  0.009399
 545.000000  0.008081
 546.000000  0.009692
 547.000000  0.011743
 548.000000  0.009814
 549.000000  0.012353
 550.000000  0.016577
 551.000000  0.041479
 552.000000  0.069043
 553.000000  0.084912
 554.000000  0.072925
 555.000000  0.046338
 556.000000  0.016919
 557.000000  0.014648
 558.000000  0.012256
 559.000000  0.013574
 560.000000  0.011401
 561.000000  0.009790
 562.000000  0.009766
 563.000000  0.010595
 564.000000  0.009521
 565.000000  0.010229
 566.000000  0.008813
 567.000000  0.009838
 568.000000  0.008643
 569.000000  0.009863
 570.000000  0.008130
 571.000000  0.009790
 572.000000  0.007788
 573.000000  0.009814
 574.000000  0.007764
 575.000000  0.009814
 576.000000  0.007739
 577.000000  0.009814
 578.000000  0.007739
 579.000000  0.009814
 580.000000  0.007690
 581.000000  0.007349
 582.000000  0.007739
 583.000000  0.009814
 584.000000  0.007544
 585.000000  0.009716
 586.000000  0.007471
 587.000000  0.009741
 588.000000  0.007568
 589.000000  0.007300
 590.000000  0.007495
 591.000000  0.009741
 592.000000  0.007544
 593.000000  0.007349
 594.000000  0.007568
 595.000000  0.009741
 596.000000  0.007617
 597.000000  0.009765
 598.000000  0.007471
 599.000000  0.009741
 600.000000  0.007422
 601.000000  0.009716
 602.000000  0.007519
 603.000000  0.009765
 604.000000  0.007593
 605.000000  0.009765
 606.000000  0.007666
 607.000000  0.009765
 608.000000  0.007593
 609.000000  0.009741
 610.000000  0.007471
 611.000000  0.009765
 612.000000  0.009961
 613.000000  0.009716
 614.000000  0.009985
 615.000000  0.009765
 616.000000  0.007495
 617.000000  0.007324
 618.000000  0.007446
 619.000000  0.009741
 620.000000  0.007544
 621.000000  0.009790
 622.000000  0.007373
 623.000000  0.009765
 624.000000  0.009912
 625.000000  0.009790
 626.000000  0.007471
 627.000000  0.009741
 628.000000  0.007617
 629.000000  0.009765
 630.000000  0.007397
 631.000000  0.009765
 632.000000  0.007422
 633.000000  0.009790
 634.000000  0.007397
 635.000000  0.009716
 636.000000  0.007422
 637.000000  0.007324
 638.000000  0.007495
 639.000000  0.009765
 640.000000  0.007397
 641.000000  0.009765
 642.000000  0.007397
 643.000000  0.007275
 644.000000  0.009838
 645.000000  0.009741
 646.000000  0.009838
 647.000000  0.009790
 648.000000  0.007373
 649.000000  0.007324
 650.000000  0.007397
 651.000000  0.007324
 652.000000  0.007446
 653.000000  0.007324
 654.000000  0.007422
 655.000000  0.009741
 656.000000  0.007471
 657.000000  0.009692
 658.000000  0.007349
 659.000000  0.007300
 660.000000  0.007471
 661.000000  0.009741
 662.000000  0.007397
 663.000000  0.009741
 664.000000  0.009838
 665.000000  0.009765
 666.000000  0.009912
 667.000000  0.009765
 668.000000  0.007373
 669.000000  0.007324
 670.000000  0.007422
 671.000000  0.007300
 672.000000  0.007349
 673.000000  0.009741
 674.000000  0.009863
 675.000000  0.009790
 676.000000  0.007495
 677.000000  0.009741
 678.000000  0.007373
 679.000000  0.009716
 680.000000  0.007324
 681.000000  0.007324
 682.000000  0.007471
 683.000000  0.009692
 684.000000  0.007471
 685.000000  0.009765
 686.000000  0.007422
 687.000000  0.007300
 688.000000  0.009814
 689.000000  0.007300
 690.000000  0.009936
 691.000000  0.009765
 692.000000  0.007544
 693.000000  0.009765
 694.000000  0.007495
 695.000000  0.009692
 696.000000  0.009790
 697.000000  0.009716
 698.000000  0.007422
 699.000000  0.009765
 700.000000  0.007422
 701.000000  0.007300
 702.000000  0.007471
 703.000000  0.007300
 704.000000  0.009838
 705.000000  0.009765
 706.000000  0.007373
 707.000000  0.007300
 708.000000  0.007446
 709.000000  0.009741
 710.000000  0.007422
 711.000000  0.009741
 712.000000  0.007373
 713.000000  0.009765
 714.000000  0.007446
 715.000000  0.009765
 716.000000  0.007471
 717.000000  0.009741
 718.000000  0.007471
 719.000000  0.009765
 720.000000  0.007373
 721.000000  0.009765
 722.000000  0.007422
 723.000000  0.009741
 724.000000  0.007397
 725.000000  0.009765
 726.000000  0.007471
 727.000000  0.009716
 728.000000  0.007397
 729.000000  0.007324
 730.000000  0.007422
 731.000000  0.009741
 732.000000  0.007446
 733.000000  0.009692
 734.000000  0.009863
 735.000000  0.009765
 736.000000  0.007446
 737.000000  0.009765
 738.000000  0.007373
 739.000000  0.009716
 740.000000  0.007422
 741.000000  0.009716
 742.000000  0.007446
 743.000000  0.007324
 744.000000  0.007349
 745.000000  0.009765
 746.000000  0.007422
 747.000000  0.007324
 748.000000  0.007446
 749.000000  0.009765
 750.000000  0.007422
 751.000000  0.009716
 752.000000  0.009838
 753.000000  0.009716
 754.000000  0.007373
 755.000000  0.009668
 756.000000  0.007349
 757.000000  0.009741
 758.000000  0.007373
 759.000000  0.007275
 760.000000  0.007397
 761.000000  0.009765
 762.000000  0.007397
 763.000000  0.009716
 764.000000  0.007446
 765.000000  0.009692
 766.000000  0.007446
 767.000000  0.007300
 768.000000  0.007422
 769.000000  0.009741
 770.000000  0.007397
 771.000000  0.009765
 772.000000  0.007349
 773.000000  0.009692
 774.000000  0.009887
 775.000000  0.009765
 776.000000  0.009790
 777.000000  0.009741
 778.000000  0.007373
 779.000000  0.007300
 780.000000  0.007349
 781.000000  0.007275
 782.000000  0.009790
 783.000000  0.009668
 784.000000  0.007300
 785.000000  0.009741
 786.000000  0.007422
 787.000000  0.009741
 788.000000  0.009863
 789.000000  0.009668
 790.000000  0.007349
 791.000000  0.009643
 792.000000  0.007373
 793.000000  0.009692
 794.000000  0.007373
 795.000000  0.009765
 796.000000  0.007324
 797.000000  0.009765
 798.000000  0.007373
 799.000000  0.009668
 800.000000  0.007349
 801.000000  0.009716
 802.000000  0.009838
 803.000000  0.009741
 804.000000  0.007349
 805.000000  0.009741
 806.000000  0.007324
 807.000000  0.009741
 808.000000  0.009814
 809.000000  0.007275
 810.000000  0.007422
 811.000000  0.007251
 812.000000  0.007349
 813.000000  0.007275
 814.000000  0.007373
 815.000000  0.009643
 816.000000  0.007324
 817.000000  0.009619
 818.000000  0.007373
 819.000000  0.009765
 820.000000  0.007349
 821.000000  0.009765
 822.000000  0.007349
 823.000000  0.009668
 824.000000  0.009765
 825.000000  0.009741
 826.000000  0.007349
 827.000000  0.009741
 828.000000  0.007397
 829.000000  0.009716
 830.000000  0.007373
 831.000000  0.009643
 832.000000  0.007373
 833.000000  0.009716
 834.000000  0.007349
 835.000000  0.009741
 836.000000  0.009838
 837.000000  0.009741
 838.000000  0.007300
 839.000000  0.009741
 840.000000  0.007373
 841.000000  0.009741
 842.000000  0.009838
 843.000000  0.009692
 844.000000  0.007397
 845.000000  0.007251
 846.000000  0.009790
 847.000000  0.009692
 848.000000  0.007324
 849.000000  0.009619
 850.000000  0.007324
 851.000000  0.009692
 852.000000  0.007373
 853.000000  0.007300
 854.000000  0.009838
 855.000000  0.009668
 856.000000  0.007373
 857.000000  0.007324
 858.000000  0.007324
 859.000000  0.007227
 860.000000  0.009814
 861.000000  0.009619
 862.000000  0.007349
 863.000000  0.007324
 864.000000  0.007324
 865.000000  0.009716
 866.000000  0.009814
 867.000000  0.007324
 868.000000  0.007349
 869.000000  0.009741
 870.000000  0.007373
 871.000000  0.009668
 872.000000  0.007373
 873.000000  0.009741
 874.000000  0.007349
 875.000000  0.009741
 876.000000  0.007422
 877.000000  0.007227
 878.000000  0.007471
 879.000000  0.007202
 880.000000  0.007397
 881.000000  0.009668
 882.000000  0.007324
 883.000000  0.009741
 884.000000  0.007422
 885.000000  0.009716
 886.000000  0.007373
 887.000000  0.007227
 888.000000  0.007373
 889.000000  0.009716
 890.000000  0.007373
 891.000000  0.009716
 892.000000  0.007373
 893.000000  0.009741
 894.000000  0.007373
 895.000000  0.009741
 896.000000  0.007397
 897.000000  0.009716
 898.000000  0.007324
 899.000000  0.009741
 900.000000  0.007373
 901.000000  0.009692
 902.000000  0.009741
 903.000000  0.009692
 904.000000  0.007422
 905.000000  0.009692
 906.000000  0.009863
 907.000000  0.009692
 908.000000  0.009790
 909.000000  0.009741
 910.000000  0.007397
 911.000000  0.009668
 912.000000  0.007324
 913.000000  0.009668
 914.000000  0.007324
 915.000000  0.009741
 916.000000  0.007373
 917.000000  0.009668
 918.000000  0.009790
 919.000000  0.009643
 920.000000  0.009741
 921.000000  0.009643
 922.000000  0.007373
 923.000000  0.009692
 924.000000  0.007349
 925.000000  0.009716
 926.000000  0.007373
 927.000000  0.009741
 928.000000  0.007373
 929.000000  0.009692
 930.000000  0.007349
 931.000000  0.009716
 932.000000  0.007324
 933.000000  0.009716
 934.000000  0.007373
 935.000000  0.009741
 936.000000  0.007349
 937.000000  0.009692
 938.000000  0.007397
 939.000000  0.009668
 940.000000  0.007422
 941.000000  0.009716
 942.000000  0.007373
 943.000000  0.009741
 944.000000  0.007349
 945.000000  0.007178
 946.000000  0.009765
 947.000000  0.009716
 948.000000  0.007324
 949.000000  0.009741
 950.000000  0.009765
 951.000000  0.009716
 952.000000  0.007397
 953.000000  0.009741
 954.000000  0.007349
 955.000000  0.009741
 956.000000  0.007324
 957.000000  0.009741
 958.000000  0.007349
 959.000000  0.007324
 960.000000  0.007349
 961.000000  0.007275
 962.000000  0.009765
 963.000000  0.007275
 964.000000  0.007397
 965.000000  0.009716
 966.000000  0.007324
 967.000000  0.009765
 968.000000  0.007349
 969.000000  0.009643
 970.000000  0.009790
 971.000000  0.009741
 972.000000  0.007324
 973.000000  0.009741
 974.000000  0.007373
 975.000000  0.009716
 976.000000  0.007397
 977.000000  0.009741
 978.000000  0.007373
 979.000000  0.009692
 980.000000  0.007324
 981.000000  0.009716
 982.000000  0.007349
 983.000000  0.007275
 984.000000  0.007349
 985.000000  0.009741
 986.000000  0.007324
 987.000000  0.009716
 988.000000  0.009814
 989.000000  0.009741
 990.000000  0.007349
 991.000000  0.009765
 992.000000  0.007349
 993.000000  0.009716
 994.000000  0.007397
 995.000000  0.009716
 996.000000  0.007373
 997.000000  0.009741
 998.000000  0.009790
 999.000000  0.009716
 1000.000000  0.009790
 1001.000000  0.009643
 1002.000000  0.007373
 1003.000000  0.009765
 1004.000000  0.007349
 1005.000000  0.009741
 1006.000000  0.007397
 1007.000000  0.009716
 1008.000000  0.007324
 1009.000000  0.009619
 1010.000000  0.007373
 1011.000000  0.009692
 1012.000000  0.007397
 1013.000000  0.009716
 1014.000000  0.007349
 1015.000000  0.009692
 1016.000000  0.007373
 1017.000000  0.009692
 1018.000000  0.007349
 1019.000000  0.009594
 1020.000000  0.007373
 1021.000000  0.009643
 1022.000000  0.007324
 1023.000000  0.009716
