 0.000000  0.007959
 1.000000  0.007349
 2.000000  0.007739
 3.000000  0.007324
 4.000000  0.007764
 5.000000  0.007397
 6.000000  0.007935
 7.000000  0.007324
 8.000000  0.007910
 9.000000  0.007324
 10.000000  0.007886
 11.000000  0.007349
 12.000000  0.007959
 13.000000  0.007349
 14.000000  0.007764
 15.000000  0.007300
 16.000000  0.007812
 17.000000  0.007324
 18.000000  0.007983
 19.000000  0.007373
 20.000000  0.007519
 21.000000  0.007349
 22.000000  0.007764
 23.000000  0.007373
 24.000000  0.007959
 25.000000  0.007349
 26.000000  0.008276
 27.000000  0.009814
 28.000000  0.007886
 29.000000  0.007349
 30.000000  0.007764
 31.000000  0.007373
 32.000000  0.008032
 33.000000  0.007300
 34.000000  0.007910
 35.000000  0.007349
 36.000000  0.007935
 37.000000  0.007324
 38.000000  0.007959
 39.000000  0.009814
 40.000000  0.007910
 41.000000  0.007324
 42.000000  0.007837
 43.000000  0.007373
 44.000000  0.008130
 45.000000  0.007349
 46.000000  0.008032
 47.000000  0.007324
 48.000000  0.007935
 49.000000  0.007397
 50.000000  0.007642
 51.000000  0.007373
 52.000000  0.007593
 53.000000  0.007349
 54.000000  0.007666
 55.000000  0.007373
 56.000000  0.007983
 57.000000  0.007300
 58.000000  0.008081
 59.000000  0.009741
 60.000000  0.007886
 61.000000  0.009716
 62.000000  0.007788
 63.000000  0.007324
 64.000000  0.007715
 65.000000  0.007349
 66.000000  0.007715
 67.000000  0.009838
 68.000000  0.007617
 69.000000  0.007324
 70.000000  0.007837
 71.000000  0.007300
 72.000000  0.007837
 73.000000  0.007349
 74.000000  0.007837
 75.000000  0.007300
 76.000000  0.007935
 77.000000  0.007349
 78.000000  0.007764
 79.000000  0.007300
 80.000000  0.007715
 81.000000  0.007349
 82.000000  0.007593
 83.000000  0.007349
 84.000000  0.007568
 85.000000  0.007275
 86.000000  0.007812
 87.000000  0.007349
 88.000000  0.007886
 89.000000  0.007349
 90.000000  0.007886
 91.000000  0.007324
 92.000000  0.007788
 93.000000  0.007349
 94.000000  0.007690
 95.000000  0.007349
 96.000000  0.007715
 97.000000  0.007324
 98.000000  0.007666
 99.000000  0.007349
 100.000000  0.007593
 101.000000  0.009814
 102.000000  0.007544
 103.000000  0.009790
 104.000000  0.007568
 105.000000  0.007324
 106.000000  0.007886
 107.000000  0.007324
 108.000000  0.007935
 109.000000  0.009765
 110.000000  0.007593
 111.000000  0.007349
 112.000000  0.007739
 113.000000  0.007324
 114.000000  0.007812
 115.000000  0.007300
 116.000000  0.007617
 117.000000  0.007324
 118.000000  0.007886
 119.000000  0.007324
 120.000000  0.007690
 121.000000  0.007324
 122.000000  0.007617
 123.000000  0.007373
 124.000000  0.007568
 125.000000  0.007324
 126.000000  0.007690
 127.000000  0.009790
 128.000000  0.007812
 129.000000  0.007300
 130.000000  0.007690
 131.000000  0.009814
 132.000000  0.007446
 133.000000  0.007324
 134.000000  0.007715
 135.000000  0.009814
 136.000000  0.007617
 137.000000  0.007324
 138.000000  0.007617
 139.000000  0.007324
 140.000000  0.007642
 141.000000  0.007324
 142.000000  0.007764
 143.000000  0.007324
 144.000000  0.007544
 145.000000  0.009814
 146.000000  0.007544
 147.000000  0.007349
 148.000000  0.007690
 149.000000  0.009741
 150.000000  0.007837
 151.000000  0.007324
 152.000000  0.007544
 153.000000  0.007300
 154.000000  0.007666
 155.000000  0.007349
 156.000000  0.007568
 157.000000  0.009741
 158.000000  0.007593
 159.000000  0.007324
 160.000000  0.007617
 161.000000  0.007324
 162.000000  0.007495
 163.000000  0.007324
 164.000000  0.007568
 165.000000  0.007349
 166.000000  0.007568
 167.000000  0.007300
 168.000000  0.007471
 169.000000  0.009790
 170.000000  0.007642
 171.000000  0.007300
 172.000000  0.007617
 173.000000  0.007275
 174.000000  0.007666
 175.000000  0.007349
 176.000000  0.007593
 177.000000  0.007324
 178.000000  0.007593
 179.000000  0.009741
 180.000000  0.007471
 181.000000  0.007324
 182.000000  0.007495
 183.000000  0.007324
 184.000000  0.007519
 185.000000  0.007324
 186.000000  0.007519
 187.000000  0.007324
 188.000000  0.007446
 189.000000  0.007349
 190.000000  0.007666
 191.000000  0.007275
 192.000000  0.007446
 193.000000  0.007275
 194.000000  0.007617
 195.000000  0.007300
 196.000000  0.010131
 197.000000  0.007275
 198.000000  0.007593
 199.000000  0.009765
 200.000000  0.007617
 201.000000  0.009741
 202.000000  0.007568
 203.000000  0.007349
 204.000000  0.007471
 205.000000  0.007227
 206.000000  0.007495
 207.000000  0.007275
 208.000000  0.007544
 209.000000  0.009741
 210.000000  0.007519
 211.000000  0.007275
 212.000000  0.007422
 213.000000  0.009790
 214.000000  0.007422
 215.000000  0.007349
 216.000000  0.007544
 217.000000  0.007300
 218.000000  0.007593
 219.000000  0.009765
 220.000000  0.007446
 221.000000  0.007300
 222.000000  0.007397
 223.000000  0.007300
 224.000000  0.007471
 225.000000  0.007251
 226.000000  0.007519
 227.000000  0.009741
 228.000000  0.007568
 229.000000  0.009765
 230.000000  0.007715
 231.000000  0.007349
 232.000000  0.007544
 233.000000  0.009741
 234.000000  0.007568
 235.000000  0.007275
 236.000000  0.007422
 237.000000  0.007300
 238.000000  0.007593
 239.000000  0.009814
 240.000000  0.007568
 241.000000  0.007324
 242.000000  0.007593
 243.000000  0.009741
 244.000000  0.007519
 245.000000  0.007300
 246.000000  0.007422
 247.000000  0.007349
 248.000000  0.007568
 249.000000  0.007324
 250.000000  0.007349
 251.000000  0.007251
 252.000000  0.007422
 253.000000  0.007300
 254.000000  0.007349
 255.000000  0.009741
 256.000000  0.007422
 257.000000  0.007324
 258.000000  0.007422
 259.000000  0.007275
 260.000000  0.007471
 261.000000  0.007324
 262.000000  0.007397
 263.000000  0.009741
 264.000000  0.007397
 265.000000  0.009765
 266.000000  0.007422
 267.000000  0.009765
 268.000000  0.007422
 269.000000  0.009765
 270.000000  0.007397
 271.000000  0.007324
 272.000000  0.007373
 273.000000  0.007300
 274.000000  0.007422
 275.000000  0.009765
 276.000000  0.007397
 277.000000  0.009765
 278.000000  0.007471
 279.000000  0.007324
 280.000000  0.007373
 281.000000  0.009716
 282.000000  0.007373
 283.000000  0.009741
 284.000000  0.007471
 285.000000  0.007349
 286.000000  0.007519
 287.000000  0.007300
 288.000000  0.007397
 289.000000  0.009741
 290.000000  0.007422
 291.000000  0.007300
 292.000000  0.007422
 293.000000  0.007300
 294.000000  0.007471
 295.000000  0.009765
 296.000000  0.007471
 297.000000  0.009765
 298.000000  0.007495
 299.000000  0.009790
 300.000000  0.007373
 301.000000  0.007300
 302.000000  0.007495
 303.000000  0.009692
 304.000000  0.007471
 305.000000  0.007324
 306.000000  0.007519
 307.000000  0.009765
 308.000000  0.007495
 309.000000  0.009765
 310.000000  0.007471
 311.000000  0.007324
 312.000000  0.007397
 313.000000  0.007349
 314.000000  0.007617
 315.000000  0.009765
 316.000000  0.007446
 317.000000  0.007373
 318.000000  0.007446
 319.000000  0.007324
 320.000000  0.007495
 321.000000  0.009741
 322.000000  0.007471
 323.000000  0.009765
 324.000000  0.007397
 325.000000  0.007324
 326.000000  0.007446
 327.000000  0.007324
 328.000000  0.007446
 329.000000  0.009765
 330.000000  0.007471
 331.000000  0.009790
 332.000000  0.007495
 333.000000  0.009741
 334.000000  0.007422
 335.000000  0.009790
 336.000000  0.007446
 337.000000  0.007300
 338.000000  0.007495
 339.000000  0.007324
 340.000000  0.007471
 341.000000  0.009765
 342.000000  0.009985
 343.000000  0.009716
 344.000000  0.007446
 345.000000  0.009741
 346.000000  0.007568
 347.000000  0.007300
 348.000000  0.007397
 349.000000  0.009692
 350.000000  0.007422
 351.000000  0.009741
 352.000000  0.007397
 353.000000  0.009790
 354.000000  0.007471
 355.000000  0.007300
 356.000000  0.007446
 357.000000  0.007324
 358.000000  0.007617
 359.000000  0.009741
 360.000000  0.007544
 361.000000  0.007275
 362.000000  0.007446
 363.000000  0.009790
 364.000000  0.007349
 365.000000  0.007349
 366.000000  0.007495
 367.000000  0.007324
 368.000000  0.007495
 369.000000  0.007251
 370.000000  0.007544
 371.000000  0.009765
 372.000000  0.007568
 373.000000  0.009741
 374.000000  0.007446
 375.000000  0.009765
 376.000000  0.007471
 377.000000  0.007300
 378.000000  0.007568
 379.000000  0.007349
 380.000000  0.007495
 381.000000  0.009741
 382.000000  0.007519
 383.000000  0.007251
 384.000000  0.007544
 385.000000  0.007324
 386.000000  0.007495
 387.000000  0.009765
 388.000000  0.007495
 389.000000  0.009741
 390.000000  0.007422
 391.000000  0.009741
 392.000000  0.007544
 393.000000  0.007275
 394.000000  0.007397
 395.000000  0.007275
 396.000000  0.007495
 397.000000  0.007324
 398.000000  0.007373
 399.000000  0.007300
 400.000000  0.007593
 401.000000  0.009790
 402.000000  0.007519
 403.000000  0.007300
 404.000000  0.007373
 405.000000  0.007275
 406.000000  0.007422
 407.000000  0.007300
 408.000000  0.007471
 409.000000  0.009692
 410.000000  0.007471
 411.000000  0.009741
 412.000000  0.007397
 413.000000  0.007324
 414.000000  0.007519
 415.000000  0.009765
 416.000000  0.007349
 417.000000  0.007324
 418.000000  0.007397
 419.000000  0.007300
 420.000000  0.007471
 421.000000  0.007300
 422.000000  0.007397
 423.000000  0.007275
 424.000000  0.007397
 425.000000  0.009716
 426.000000  0.007471
 427.000000  0.009716
 428.000000  0.007471
 429.000000  0.009741
 430.000000  0.007495
 431.000000  0.009741
 432.000000  0.007397
 433.000000  0.007324
 434.000000  0.007397
 435.000000  0.009765
 436.000000  0.007349
 437.000000  0.009741
 438.000000  0.007397
 439.000000  0.009765
 440.000000  0.007422
 441.000000  0.009765
 442.000000  0.007397
 443.000000  0.009716
 444.000000  0.007446
 445.000000  0.009765
 446.000000  0.007446
 447.000000  0.007275
 448.000000  0.007422
 449.000000  0.009741
 450.000000  0.007373
 451.000000  0.009716
 452.000000  0.007373
 453.000000  0.009741
 454.000000  0.007397
 455.000000  0.009790
 456.000000  0.007373
 457.000000  0.009765
 458.000000  0.007471
 459.000000  0.009716
 460.000000  0.007519
 461.000000  0.009790
 462.000000  0.007471
 463.000000  0.009741
 464.000000  0.007446
 465.000000  0.009765
 466.000000  0.007495
 467.000000  0.007300
 468.000000  0.007373
 469.000000  0.007275
 470.000000  0.007422
 471.000000  0.009765
 472.000000  0.007422
 473.000000  0.007275
 474.000000  0.007397
 475.000000  0.009741
 476.000000  0.007519
 477.000000  0.007300
 478.000000  0.007446
 479.000000  0.009765
 480.000000  0.007495
 481.000000  0.009765
 482.000000  0.007495
 483.000000  0.007324
 484.000000  0.007397
 485.000000  0.009741
 486.000000  0.007397
 487.000000  0.007324
 488.000000  0.007471
 489.000000  0.007324
 490.000000  0.007446
 491.000000  0.009741
 492.000000  0.007446
 493.000000  0.009716
 494.000000  0.007446
 495.000000  0.009741
 496.000000  0.007446
 497.000000  0.007300
 498.000000  0.007397
 499.000000  0.009765
 500.000000  0.007495
 501.000000  0.009814
 502.000000  0.007397
 503.000000  0.009790
 504.000000  0.007446
 505.000000  0.009765
 506.000000  0.007349
 507.000000  0.007300
 508.000000  0.007593
 509.000000  0.007275
 510.000000  0.007544
 511.000000  0.009790
 512.000000  0.007519
 513.000000  0.007300
 514.000000  0.007446
 515.000000  0.007300
 516.000000  0.007397
 517.000000  0.007324
 518.000000  0.007568
 519.000000  0.007349
 520.000000  0.007568
 521.000000  0.007349
 522.000000  0.007349
 523.000000  0.009790
 524.000000  0.007495
 525.000000  0.009692
 526.000000  0.007666
 527.000000  0.009765
 528.000000  0.007715
 529.000000  0.009814
 530.000000  0.007861
 531.000000  0.009765
 532.000000  0.007495
 533.000000  0.007324
 534.000000  0.007715
 535.000000  0.007373
 536.000000  0.007739
 537.000000  0.009765
 538.000000  0.008032
 539.000000  0.009741
 540.000000  0.008496
 541.000000  0.007422
 542.000000  0.008862
 543.000000  0.007471
 544.000000  0.008862
 545.000000  0.007519
 546.000000  0.009448
 547.000000  0.010815
 548.000000  0.009741
 549.000000  0.012158
 550.000000  0.014844
 551.000000  0.033837
 552.000000  0.041870
 553.000000  0.046411
 554.000000  0.037695
 555.000000  0.021045
 556.000000  0.012207
 557.000000  0.012646
 558.000000  0.010547
 559.000000  0.012255
 560.000000  0.009766
 561.000000  0.008423
 562.000000  0.009351
 563.000000  0.009912
 564.000000  0.008423
 565.000000  0.009887
 566.000000  0.007837
 567.000000  0.009765
 568.000000  0.007983
 569.000000  0.009765
 570.000000  0.007715
 571.000000  0.009692
 572.000000  0.007568
 573.000000  0.009765
 574.000000  0.007519
 575.000000  0.009716
 576.000000  0.007446
 577.000000  0.009741
 578.000000  0.007373
 579.000000  0.009716
 580.000000  0.007373
 581.000000  0.007324
 582.000000  0.007471
 583.000000  0.009765
 584.000000  0.007397
 585.000000  0.009765
 586.000000  0.007397
 587.000000  0.009765
 588.000000  0.007324
 589.000000  0.007275
 590.000000  0.007471
 591.000000  0.009741
 592.000000  0.007373
 593.000000  0.007324
 594.000000  0.007373
 595.000000  0.009716
 596.000000  0.007519
 597.000000  0.009741
 598.000000  0.007495
 599.000000  0.009765
 600.000000  0.007349
 601.000000  0.009692
 602.000000  0.007373
 603.000000  0.009765
 604.000000  0.007349
 605.000000  0.009716
 606.000000  0.007446
 607.000000  0.009692
 608.000000  0.007349
 609.000000  0.009716
 610.000000  0.007373
 611.000000  0.009692
 612.000000  0.009887
 613.000000  0.009692
 614.000000  0.009887
 615.000000  0.009716
 616.000000  0.007422
 617.000000  0.007324
 618.000000  0.007446
 619.000000  0.009741
 620.000000  0.007446
 621.000000  0.009716
 622.000000  0.007324
 623.000000  0.009716
 624.000000  0.009838
 625.000000  0.009668
 626.000000  0.007300
 627.000000  0.009716
 628.000000  0.007324
 629.000000  0.009741
 630.000000  0.007373
 631.000000  0.009692
 632.000000  0.007324
 633.000000  0.009716
 634.000000  0.007349
 635.000000  0.009765
 636.000000  0.007324
 637.000000  0.007275
 638.000000  0.007349
 639.000000  0.009668
 640.000000  0.007397
 641.000000  0.009692
 642.000000  0.007349
 643.000000  0.007300
 644.000000  0.009790
 645.000000  0.009692
 646.000000  0.009765
 647.000000  0.009765
 648.000000  0.007373
 649.000000  0.007227
 650.000000  0.007324
 651.000000  0.007275
 652.000000  0.007373
 653.000000  0.007275
 654.000000  0.007349
 655.000000  0.009765
 656.000000  0.007373
 657.000000  0.009692
 658.000000  0.007422
 659.000000  0.007275
 660.000000  0.007422
 661.000000  0.009741
 662.000000  0.007349
 663.000000  0.009716
 664.000000  0.009814
 665.000000  0.009716
 666.000000  0.009838
 667.000000  0.009765
 668.000000  0.007324
 669.000000  0.007349
 670.000000  0.007373
 671.000000  0.007251
 672.000000  0.007373
 673.000000  0.009765
 674.000000  0.009741
 675.000000  0.009716
 676.000000  0.007324
 677.000000  0.009668
 678.000000  0.007373
 679.000000  0.009741
 680.000000  0.007373
 681.000000  0.007275
 682.000000  0.007446
 683.000000  0.009668
 684.000000  0.007373
 685.000000  0.009692
 686.000000  0.007324
 687.000000  0.007300
 688.000000  0.009887
 689.000000  0.007275
 690.000000  0.009887
 691.000000  0.009716
 692.000000  0.007349
 693.000000  0.009716
 694.000000  0.007349
 695.000000  0.009692
 696.000000  0.009790
 697.000000  0.009741
 698.000000  0.007300
 699.000000  0.009692
 700.000000  0.007373
 701.000000  0.007227
 702.000000  0.007373
 703.000000  0.007251
 704.000000  0.009790
 705.000000  0.009643
 706.000000  0.007373
 707.000000  0.007300
 708.000000  0.007397
 709.000000  0.009692
 710.000000  0.007422
 711.000000  0.009716
 712.000000  0.007397
 713.000000  0.009741
 714.000000  0.007349
 715.000000  0.009741
 716.000000  0.007373
 717.000000  0.009716
 718.000000  0.007397
 719.000000  0.009692
 720.000000  0.007373
 721.000000  0.009741
 722.000000  0.007324
 723.000000  0.009716
 724.000000  0.007397
 725.000000  0.009716
 726.000000  0.007397
 727.000000  0.009668
 728.000000  0.007397
 729.000000  0.007300
 730.000000  0.007324
 731.000000  0.009765
 732.000000  0.007373
 733.000000  0.009668
 734.000000  0.009814
 735.000000  0.009716
 736.000000  0.007349
 737.000000  0.009716
 738.000000  0.007324
 739.000000  0.009692
 740.000000  0.007373
 741.000000  0.009741
 742.000000  0.007349
 743.000000  0.007251
 744.000000  0.007373
 745.000000  0.009765
 746.000000  0.007324
 747.000000  0.007275
 748.000000  0.007349
 749.000000  0.009765
 750.000000  0.007324
 751.000000  0.009668
 752.000000  0.009838
 753.000000  0.009692
 754.000000  0.007300
 755.000000  0.009668
 756.000000  0.007373
 757.000000  0.009692
 758.000000  0.007324
 759.000000  0.007251
 760.000000  0.007397
 761.000000  0.009692
 762.000000  0.007349
 763.000000  0.009692
 764.000000  0.007324
 765.000000  0.009716
 766.000000  0.007349
 767.000000  0.007251
 768.000000  0.007373
 769.000000  0.009692
 770.000000  0.007373
 771.000000  0.009594
 772.000000  0.007349
 773.000000  0.009619
 774.000000  0.009765
 775.000000  0.009521
 776.000000  0.009741
 777.000000  0.009716
 778.000000  0.007373
 779.000000  0.007178
 780.000000  0.007349
 781.000000  0.007202
 782.000000  0.009790
 783.000000  0.009619
 784.000000  0.007349
 785.000000  0.009594
 786.000000  0.007324
 787.000000  0.009668
 788.000000  0.009765
 789.000000  0.009619
 790.000000  0.007324
 791.000000  0.009472
 792.000000  0.007349
 793.000000  0.009643
 794.000000  0.007324
 795.000000  0.009668
 796.000000  0.007373
 797.000000  0.009643
 798.000000  0.007324
 799.000000  0.009716
 800.000000  0.007373
 801.000000  0.009619
 802.000000  0.009741
 803.000000  0.009643
 804.000000  0.007349
 805.000000  0.009741
 806.000000  0.007349
 807.000000  0.009668
 808.000000  0.009765
 809.000000  0.007227
 810.000000  0.007300
 811.000000  0.007251
 812.000000  0.007324
 813.000000  0.007251
 814.000000  0.007275
 815.000000  0.009570
 816.000000  0.007324
 817.000000  0.009570
 818.000000  0.007349
 819.000000  0.009643
 820.000000  0.007373
 821.000000  0.009643
 822.000000  0.007349
 823.000000  0.009668
 824.000000  0.009790
 825.000000  0.009619
 826.000000  0.007324
 827.000000  0.009619
 828.000000  0.007300
 829.000000  0.009643
 830.000000  0.007373
 831.000000  0.009619
 832.000000  0.007324
 833.000000  0.009643
 834.000000  0.007300
 835.000000  0.009668
 836.000000  0.009790
 837.000000  0.009643
 838.000000  0.007324
 839.000000  0.009619
 840.000000  0.007373
 841.000000  0.009570
 842.000000  0.009790
 843.000000  0.009594
 844.000000  0.007349
 845.000000  0.007227
 846.000000  0.009814
 847.000000  0.009692
 848.000000  0.007373
 849.000000  0.009545
 850.000000  0.007349
 851.000000  0.009668
 852.000000  0.007349
 853.000000  0.007153
 854.000000  0.009863
 855.000000  0.009668
 856.000000  0.007397
 857.000000  0.007104
 858.000000  0.007349
 859.000000  0.007153
 860.000000  0.009790
 861.000000  0.009545
 862.000000  0.007324
 863.000000  0.007202
 864.000000  0.007324
 865.000000  0.009594
 866.000000  0.009814
 867.000000  0.007324
 868.000000  0.007397
 869.000000  0.009619
 870.000000  0.007349
 871.000000  0.009643
 872.000000  0.007373
 873.000000  0.009716
 874.000000  0.007324
 875.000000  0.009692
 876.000000  0.007349
 877.000000  0.007178
 878.000000  0.007324
 879.000000  0.007202
 880.000000  0.007324
 881.000000  0.009643
 882.000000  0.007349
 883.000000  0.009668
 884.000000  0.007349
 885.000000  0.009643
 886.000000  0.007349
 887.000000  0.007202
 888.000000  0.007349
 889.000000  0.009594
 890.000000  0.007324
 891.000000  0.009716
 892.000000  0.007324
 893.000000  0.009692
 894.000000  0.007349
 895.000000  0.009643
 896.000000  0.007373
 897.000000  0.009716
 898.000000  0.007324
 899.000000  0.009643
 900.000000  0.007324
 901.000000  0.009692
 902.000000  0.009765
 903.000000  0.009643
 904.000000  0.007373
 905.000000  0.009643
 906.000000  0.009765
 907.000000  0.009643
 908.000000  0.009814
 909.000000  0.009692
 910.000000  0.007349
 911.000000  0.009570
 912.000000  0.007349
 913.000000  0.009668
 914.000000  0.007349
 915.000000  0.009619
 916.000000  0.007324
 917.000000  0.009643
 918.000000  0.009765
 919.000000  0.009643
 920.000000  0.009765
 921.000000  0.009643
 922.000000  0.007324
 923.000000  0.009594
 924.000000  0.007324
 925.000000  0.009668
 926.000000  0.007349
 927.000000  0.009643
 928.000000  0.007324
 929.000000  0.009643
 930.000000  0.007373
 931.000000  0.009692
 932.000000  0.007349
 933.000000  0.009716
 934.000000  0.007324
 935.000000  0.009643
 936.000000  0.007324
 937.000000  0.009497
 938.000000  0.007349
 939.000000  0.009692
 940.000000  0.007349
 941.000000  0.009741
 942.000000  0.007349
 943.000000  0.009619
 944.000000  0.007324
 945.000000  0.007153
 946.000000  0.009814
 947.000000  0.009668
 948.000000  0.007373
 949.000000  0.009619
 950.000000  0.009790
 951.000000  0.009643
 952.000000  0.007324
 953.000000  0.009765
 954.000000  0.007324
 955.000000  0.009692
 956.000000  0.007349
 957.000000  0.009643
 958.000000  0.007373
 959.000000  0.007202
 960.000000  0.007324
 961.000000  0.007202
 962.000000  0.009765
 963.000000  0.007202
 964.000000  0.007324
 965.000000  0.009643
 966.000000  0.007324
 967.000000  0.009619
 968.000000  0.007349
 969.000000  0.009643
 970.000000  0.009838
 971.000000  0.009594
 972.000000  0.007373
 973.000000  0.009643
 974.000000  0.007373
 975.000000  0.009668
 976.000000  0.007349
 977.000000  0.009643
 978.000000  0.007324
 979.000000  0.009594
 980.000000  0.007324
 981.000000  0.009716
 982.000000  0.007349
 983.000000  0.007227
 984.000000  0.007324
 985.000000  0.009716
 986.000000  0.007300
 987.000000  0.009594
 988.000000  0.009838
 989.000000  0.009668
 990.000000  0.007373
 991.000000  0.009643
 992.000000  0.007373
 993.000000  0.009594
 994.000000  0.007324
 995.000000  0.009594
 996.000000  0.007300
 997.000000  0.009716
 998.000000  0.009790
 999.000000  0.009692
 1000.000000  0.009765
 1001.000000  0.009570
 1002.000000  0.007349
 1003.000000  0.009643
 1004.000000  0.007349
 1005.000000  0.009594
 1006.000000  0.007300
 1007.000000  0.009570
 1008.000000  0.007324
 1009.000000  0.009594
 1010.000000  0.007349
 1011.000000  0.009570
 1012.000000  0.007300
 1013.000000  0.009594
 1014.000000  0.007349
 1015.000000  0.009594
 1016.000000  0.007324
 1017.000000  0.009497
 1018.000000  0.007349
 1019.000000  0.009521
 1020.000000  0.007324
 1021.000000  0.009521
 1022.000000  0.007300
 1023.000000  0.009716
