 0.000000  0.007935
 1.000000  0.007300
 2.000000  0.007910
 3.000000  0.007446
 4.000000  0.008179
 5.000000  0.007373
 6.000000  0.008203
 7.000000  0.007373
 8.000000  0.007983
 9.000000  0.007373
 10.000000  0.008179
 11.000000  0.007373
 12.000000  0.008398
 13.000000  0.007373
 14.000000  0.008374
 15.000000  0.007373
 16.000000  0.008203
 17.000000  0.007349
 18.000000  0.008057
 19.000000  0.007446
 20.000000  0.007837
 21.000000  0.007471
 22.000000  0.008008
 23.000000  0.007397
 24.000000  0.008423
 25.000000  0.007373
 26.000000  0.008691
 27.000000  0.009790
 28.000000  0.008423
 29.000000  0.007373
 30.000000  0.007935
 31.000000  0.007349
 32.000000  0.008447
 33.000000  0.007373
 34.000000  0.008203
 35.000000  0.007349
 36.000000  0.008130
 37.000000  0.007422
 38.000000  0.008203
 39.000000  0.009838
 40.000000  0.008325
 41.000000  0.007349
 42.000000  0.008301
 43.000000  0.007446
 44.000000  0.008227
 45.000000  0.007324
 46.000000  0.008252
 47.000000  0.007373
 48.000000  0.008325
 49.000000  0.007349
 50.000000  0.007959
 51.000000  0.007373
 52.000000  0.007812
 53.000000  0.007324
 54.000000  0.008008
 55.000000  0.007397
 56.000000  0.008472
 57.000000  0.007349
 58.000000  0.008374
 59.000000  0.009790
 60.000000  0.008032
 61.000000  0.009814
 62.000000  0.007764
 63.000000  0.007324
 64.000000  0.008301
 65.000000  0.007349
 66.000000  0.008057
 67.000000  0.009790
 68.000000  0.008032
 69.000000  0.007373
 70.000000  0.007959
 71.000000  0.007349
 72.000000  0.007788
 73.000000  0.007324
 74.000000  0.007959
 75.000000  0.007324
 76.000000  0.008081
 77.000000  0.007324
 78.000000  0.008105
 79.000000  0.007349
 80.000000  0.008350
 81.000000  0.007349
 82.000000  0.007764
 83.000000  0.007373
 84.000000  0.007666
 85.000000  0.007349
 86.000000  0.007861
 87.000000  0.007349
 88.000000  0.008350
 89.000000  0.007397
 90.000000  0.008057
 91.000000  0.007324
 92.000000  0.008105
 93.000000  0.007349
 94.000000  0.007837
 95.000000  0.007349
 96.000000  0.008032
 97.000000  0.007373
 98.000000  0.008081
 99.000000  0.007373
 100.000000  0.008032
 101.000000  0.009790
 102.000000  0.007910
 103.000000  0.009790
 104.000000  0.007861
 105.000000  0.007373
 106.000000  0.008423
 107.000000  0.007373
 108.000000  0.008496
 109.000000  0.009814
 110.000000  0.008227
 111.000000  0.007373
 112.000000  0.007910
 113.000000  0.007300
 114.000000  0.008105
 115.000000  0.007397
 116.000000  0.007935
 117.000000  0.007349
 118.000000  0.008057
 119.000000  0.007324
 120.000000  0.008301
 121.000000  0.007349
 122.000000  0.008130
 123.000000  0.007349
 124.000000  0.008032
 125.000000  0.007349
 126.000000  0.008203
 127.000000  0.009790
 128.000000  0.007935
 129.000000  0.007324
 130.000000  0.008179
 131.000000  0.009814
 132.000000  0.007983
 133.000000  0.007349
 134.000000  0.008276
 135.000000  0.009790
 136.000000  0.007959
 137.000000  0.007324
 138.000000  0.008325
 139.000000  0.007349
 140.000000  0.008252
 141.000000  0.007349
 142.000000  0.007959
 143.000000  0.007349
 144.000000  0.008032
 145.000000  0.009765
 146.000000  0.007910
 147.000000  0.007324
 148.000000  0.008105
 149.000000  0.009790
 150.000000  0.008154
 151.000000  0.007324
 152.000000  0.007764
 153.000000  0.007349
 154.000000  0.008008
 155.000000  0.007349
 156.000000  0.007935
 157.000000  0.009790
 158.000000  0.008130
 159.000000  0.007300
 160.000000  0.008154
 161.000000  0.007300
 162.000000  0.007935
 163.000000  0.007349
 164.000000  0.007739
 165.000000  0.007349
 166.000000  0.007812
 167.000000  0.007324
 168.000000  0.008032
 169.000000  0.009765
 170.000000  0.007812
 171.000000  0.007324
 172.000000  0.007788
 173.000000  0.007373
 174.000000  0.007739
 175.000000  0.007349
 176.000000  0.007886
 177.000000  0.007373
 178.000000  0.007861
 179.000000  0.009741
 180.000000  0.007788
 181.000000  0.007324
 182.000000  0.008008
 183.000000  0.007324
 184.000000  0.007910
 185.000000  0.007373
 186.000000  0.007959
 187.000000  0.007349
 188.000000  0.007886
 189.000000  0.007300
 190.000000  0.007764
 191.000000  0.007349
 192.000000  0.007910
 193.000000  0.007349
 194.000000  0.007788
 195.000000  0.007349
 196.000000  0.010253
 197.000000  0.007349
 198.000000  0.007886
 199.000000  0.009765
 200.000000  0.007812
 201.000000  0.009765
 202.000000  0.007935
 203.000000  0.007349
 204.000000  0.007812
 205.000000  0.007373
 206.000000  0.007715
 207.000000  0.007324
 208.000000  0.007861
 209.000000  0.009814
 210.000000  0.008057
 211.000000  0.007397
 212.000000  0.007812
 213.000000  0.009741
 214.000000  0.007642
 215.000000  0.007324
 216.000000  0.007837
 217.000000  0.007324
 218.000000  0.007642
 219.000000  0.009838
 220.000000  0.007983
 221.000000  0.007349
 222.000000  0.007715
 223.000000  0.007300
 224.000000  0.007910
 225.000000  0.007324
 226.000000  0.007690
 227.000000  0.009790
 228.000000  0.007812
 229.000000  0.009790
 230.000000  0.007959
 231.000000  0.007349
 232.000000  0.007812
 233.000000  0.009765
 234.000000  0.007788
 235.000000  0.007324
 236.000000  0.007812
 237.000000  0.007300
 238.000000  0.007739
 239.000000  0.009765
 240.000000  0.007642
 241.000000  0.007324
 242.000000  0.007861
 243.000000  0.009741
 244.000000  0.007690
 245.000000  0.007324
 246.000000  0.007593
 247.000000  0.007349
 248.000000  0.007983
 249.000000  0.007300
 250.000000  0.007544
 251.000000  0.007349
 252.000000  0.007837
 253.000000  0.007397
 254.000000  0.007666
 255.000000  0.009790
 256.000000  0.007617
 257.000000  0.007324
 258.000000  0.007593
 259.000000  0.007324
 260.000000  0.007861
 261.000000  0.007324
 262.000000  0.007495
 263.000000  0.009741
 264.000000  0.007666
 265.000000  0.009790
 266.000000  0.007739
 267.000000  0.009741
 268.000000  0.007593
 269.000000  0.009790
 270.000000  0.007715
 271.000000  0.007349
 272.000000  0.007471
 273.000000  0.007324
 274.000000  0.007715
 275.000000  0.009765
 276.000000  0.007739
 277.000000  0.009765
 278.000000  0.008008
 279.000000  0.007373
 280.000000  0.007959
 281.000000  0.009790
 282.000000  0.007764
 283.000000  0.009765
 284.000000  0.007764
 285.000000  0.007324
 286.000000  0.007617
 287.000000  0.007349
 288.000000  0.007861
 289.000000  0.009814
 290.000000  0.007886
 291.000000  0.007349
 292.000000  0.007666
 293.000000  0.007324
 294.000000  0.007788
 295.000000  0.009790
 296.000000  0.007861
 297.000000  0.009790
 298.000000  0.007739
 299.000000  0.009765
 300.000000  0.007739
 301.000000  0.007397
 302.000000  0.007544
 303.000000  0.009790
 304.000000  0.007739
 305.000000  0.007324
 306.000000  0.007739
 307.000000  0.009814
 308.000000  0.007812
 309.000000  0.009790
 310.000000  0.007666
 311.000000  0.007349
 312.000000  0.007764
 313.000000  0.007349
 314.000000  0.007959
 315.000000  0.009790
 316.000000  0.007886
 317.000000  0.007349
 318.000000  0.007886
 319.000000  0.007373
 320.000000  0.007764
 321.000000  0.009765
 322.000000  0.007764
 323.000000  0.009790
 324.000000  0.007642
 325.000000  0.007324
 326.000000  0.007666
 327.000000  0.007324
 328.000000  0.007739
 329.000000  0.009790
 330.000000  0.007910
 331.000000  0.009790
 332.000000  0.007739
 333.000000  0.009765
 334.000000  0.007544
 335.000000  0.009765
 336.000000  0.007739
 337.000000  0.007324
 338.000000  0.007715
 339.000000  0.007349
 340.000000  0.007739
 341.000000  0.009790
 342.000000  0.010180
 343.000000  0.009790
 344.000000  0.007983
 345.000000  0.009814
 346.000000  0.008008
 347.000000  0.007324
 348.000000  0.007739
 349.000000  0.009814
 350.000000  0.007959
 351.000000  0.009765
 352.000000  0.007861
 353.000000  0.009790
 354.000000  0.008008
 355.000000  0.007349
 356.000000  0.007568
 357.000000  0.007373
 358.000000  0.008008
 359.000000  0.009741
 360.000000  0.007910
 361.000000  0.007324
 362.000000  0.007739
 363.000000  0.009838
 364.000000  0.007715
 365.000000  0.007324
 366.000000  0.007837
 367.000000  0.007324
 368.000000  0.007886
 369.000000  0.007349
 370.000000  0.008032
 371.000000  0.009814
 372.000000  0.007764
 373.000000  0.009765
 374.000000  0.007715
 375.000000  0.009765
 376.000000  0.008057
 377.000000  0.007324
 378.000000  0.008203
 379.000000  0.007324
 380.000000  0.007959
 381.000000  0.009863
 382.000000  0.007617
 383.000000  0.007373
 384.000000  0.008154
 385.000000  0.007349
 386.000000  0.008154
 387.000000  0.009765
 388.000000  0.007812
 389.000000  0.009814
 390.000000  0.008276
 391.000000  0.009790
 392.000000  0.007788
 393.000000  0.007324
 394.000000  0.007812
 395.000000  0.007349
 396.000000  0.007910
 397.000000  0.007349
 398.000000  0.007739
 399.000000  0.007300
 400.000000  0.008154
 401.000000  0.009790
 402.000000  0.007788
 403.000000  0.007324
 404.000000  0.007861
 405.000000  0.007349
 406.000000  0.007861
 407.000000  0.007349
 408.000000  0.007739
 409.000000  0.009790
 410.000000  0.007983
 411.000000  0.009790
 412.000000  0.008081
 413.000000  0.007373
 414.000000  0.008105
 415.000000  0.009790
 416.000000  0.008081
 417.000000  0.007349
 418.000000  0.008032
 419.000000  0.007349
 420.000000  0.008105
 421.000000  0.007349
 422.000000  0.007812
 423.000000  0.007349
 424.000000  0.007812
 425.000000  0.009716
 426.000000  0.007812
 427.000000  0.009814
 428.000000  0.008227
 429.000000  0.009765
 430.000000  0.008008
 431.000000  0.009765
 432.000000  0.007983
 433.000000  0.007324
 434.000000  0.007837
 435.000000  0.009790
 436.000000  0.007837
 437.000000  0.009814
 438.000000  0.007886
 439.000000  0.009741
 440.000000  0.007886
 441.000000  0.009790
 442.000000  0.008032
 443.000000  0.009741
 444.000000  0.008032
 445.000000  0.009765
 446.000000  0.008374
 447.000000  0.007349
 448.000000  0.007837
 449.000000  0.009790
 450.000000  0.007886
 451.000000  0.009814
 452.000000  0.007837
 453.000000  0.009814
 454.000000  0.008203
 455.000000  0.009814
 456.000000  0.008276
 457.000000  0.009790
 458.000000  0.008057
 459.000000  0.009765
 460.000000  0.008472
 461.000000  0.009814
 462.000000  0.008057
 463.000000  0.009741
 464.000000  0.008227
 465.000000  0.009838
 466.000000  0.008496
 467.000000  0.007349
 468.000000  0.008252
 469.000000  0.007397
 470.000000  0.008252
 471.000000  0.009790
 472.000000  0.008105
 473.000000  0.007373
 474.000000  0.008252
 475.000000  0.009790
 476.000000  0.008227
 477.000000  0.007373
 478.000000  0.008154
 479.000000  0.009838
 480.000000  0.008350
 481.000000  0.009863
 482.000000  0.008350
 483.000000  0.007422
 484.000000  0.007861
 485.000000  0.009838
 486.000000  0.008081
 487.000000  0.007422
 488.000000  0.007983
 489.000000  0.007373
 490.000000  0.008227
 491.000000  0.009765
 492.000000  0.008081
 493.000000  0.009790
 494.000000  0.008276
 495.000000  0.009790
 496.000000  0.008643
 497.000000  0.007373
 498.000000  0.008081
 499.000000  0.009814
 500.000000  0.008252
 501.000000  0.009838
 502.000000  0.008130
 503.000000  0.009838
 504.000000  0.008276
 505.000000  0.009863
 506.000000  0.008130
 507.000000  0.007471
 508.000000  0.008496
 509.000000  0.007397
 510.000000  0.008740
 511.000000  0.009765
 512.000000  0.008203
 513.000000  0.007422
 514.000000  0.008179
 515.000000  0.007324
 516.000000  0.008032
 517.000000  0.007422
 518.000000  0.008740
 519.000000  0.007373
 520.000000  0.008887
 521.000000  0.007471
 522.000000  0.008594
 523.000000  0.009838
 524.000000  0.008520
 525.000000  0.009863
 526.000000  0.008545
 527.000000  0.009765
 528.000000  0.008960
 529.000000  0.009863
 530.000000  0.008984
 531.000000  0.009912
 532.000000  0.008765
 533.000000  0.007617
 534.000000  0.009033
 535.000000  0.007690
 536.000000  0.009082
 537.000000  0.010058
 538.000000  0.009253
 539.000000  0.009961
 540.000000  0.009644
 541.000000  0.007764
 542.000000  0.009668
 543.000000  0.008130
 544.000000  0.009619
 545.000000  0.008350
 546.000000  0.009717
 547.000000  0.011254
 548.000000  0.009741
 549.000000  0.011792
 550.000000  0.009766
 551.000000  0.012133
 552.000000  0.009790
 553.000000  0.009766
 554.000000  0.011108
 555.000000  0.011255
 556.000000  0.012476
 557.000000  0.017163
 558.000000  0.034839
 559.000000  0.114795
 560.000000  0.169897
 561.000000  0.192822
 562.000000  0.146973
 563.000000  0.071411
 564.000000  0.019531
 565.000000  0.015502
 566.000000  0.012256
 567.000000  0.013354
 568.000000  0.010596
 569.000000  0.012231
 570.000000  0.009790
 571.000000  0.012133
 572.000000  0.009741
 573.000000  0.011645
 574.000000  0.009717
 575.000000  0.010742
 576.000000  0.009473
 577.000000  0.010278
 578.000000  0.009546
 579.000000  0.010302
 580.000000  0.009375
 581.000000  0.007715
 582.000000  0.009326
 583.000000  0.009985
 584.000000  0.008984
 585.000000  0.009936
 586.000000  0.008862
 587.000000  0.009912
 588.000000  0.008740
 589.000000  0.007373
 590.000000  0.008765
 591.000000  0.009838
 592.000000  0.008789
 593.000000  0.007397
 594.000000  0.008618
 595.000000  0.009863
 596.000000  0.008813
 597.000000  0.009912
 598.000000  0.008350
 599.000000  0.009838
 600.000000  0.008154
 601.000000  0.009863
 602.000000  0.008350
 603.000000  0.009790
 604.000000  0.008789
 605.000000  0.009814
 606.000000  0.008350
 607.000000  0.009790
 608.000000  0.008813
 609.000000  0.009790
 610.000000  0.008667
 611.000000  0.009790
 612.000000  0.010961
 613.000000  0.009838
 614.000000  0.010742
 615.000000  0.009936
 616.000000  0.008276
 617.000000  0.007349
 618.000000  0.007861
 619.000000  0.009838
 620.000000  0.008154
 621.000000  0.009838
 622.000000  0.008081
 623.000000  0.009765
 624.000000  0.010742
 625.000000  0.009814
 626.000000  0.008179
 627.000000  0.009790
 628.000000  0.008276
 629.000000  0.009765
 630.000000  0.008130
 631.000000  0.009838
 632.000000  0.008252
 633.000000  0.009863
 634.000000  0.008179
 635.000000  0.009790
 636.000000  0.008154
 637.000000  0.007373
 638.000000  0.008325
 639.000000  0.009765
 640.000000  0.008398
 641.000000  0.009814
 642.000000  0.008301
 643.000000  0.007397
 644.000000  0.010717
 645.000000  0.009814
 646.000000  0.010766
 647.000000  0.009838
 648.000000  0.008374
 649.000000  0.007446
 650.000000  0.008179
 651.000000  0.007373
 652.000000  0.008203
 653.000000  0.007397
 654.000000  0.008057
 655.000000  0.009814
 656.000000  0.008350
 657.000000  0.009814
 658.000000  0.008179
 659.000000  0.007373
 660.000000  0.008252
 661.000000  0.009765
 662.000000  0.008081
 663.000000  0.009765
 664.000000  0.010278
 665.000000  0.009765
 666.000000  0.010913
 667.000000  0.009814
 668.000000  0.008130
 669.000000  0.007349
 670.000000  0.008350
 671.000000  0.007397
 672.000000  0.008130
 673.000000  0.009814
 674.000000  0.010498
 675.000000  0.009741
 676.000000  0.008301
 677.000000  0.009765
 678.000000  0.008032
 679.000000  0.009765
 680.000000  0.008130
 681.000000  0.007373
 682.000000  0.008276
 683.000000  0.009790
 684.000000  0.008252
 685.000000  0.009790
 686.000000  0.007861
 687.000000  0.007397
 688.000000  0.010546
 689.000000  0.007324
 690.000000  0.011035
 691.000000  0.009765
 692.000000  0.008765
 693.000000  0.009814
 694.000000  0.008057
 695.000000  0.009814
 696.000000  0.010400
 697.000000  0.009863
 698.000000  0.008057
 699.000000  0.009814
 700.000000  0.008130
 701.000000  0.007349
 702.000000  0.008081
 703.000000  0.007349
 704.000000  0.010669
 705.000000  0.009765
 706.000000  0.008130
 707.000000  0.007397
 708.000000  0.008105
 709.000000  0.009765
 710.000000  0.008105
 711.000000  0.009790
 712.000000  0.008154
 713.000000  0.009790
 714.000000  0.008008
 715.000000  0.009790
 716.000000  0.008496
 717.000000  0.009765
 718.000000  0.008374
 719.000000  0.009790
 720.000000  0.008154
 721.000000  0.009790
 722.000000  0.008276
 723.000000  0.009790
 724.000000  0.008423
 725.000000  0.009838
 726.000000  0.008130
 727.000000  0.009765
 728.000000  0.007983
 729.000000  0.007349
 730.000000  0.008350
 731.000000  0.009838
 732.000000  0.007935
 733.000000  0.009814
 734.000000  0.010937
 735.000000  0.009838
 736.000000  0.008032
 737.000000  0.009814
 738.000000  0.008057
 739.000000  0.009814
 740.000000  0.008130
 741.000000  0.009790
 742.000000  0.008301
 743.000000  0.007349
 744.000000  0.008032
 745.000000  0.009790
 746.000000  0.007886
 747.000000  0.007300
 748.000000  0.008472
 749.000000  0.009838
 750.000000  0.008154
 751.000000  0.009790
 752.000000  0.010644
 753.000000  0.009961
 754.000000  0.008179
 755.000000  0.009790
 756.000000  0.008276
 757.000000  0.009838
 758.000000  0.008130
 759.000000  0.007397
 760.000000  0.008081
 761.000000  0.009838
 762.000000  0.008252
 763.000000  0.009765
 764.000000  0.008203
 765.000000  0.009790
 766.000000  0.007910
 767.000000  0.007373
 768.000000  0.007910
 769.000000  0.009741
 770.000000  0.007715
 771.000000  0.009741
 772.000000  0.007764
 773.000000  0.009790
 774.000000  0.010351
 775.000000  0.009814
 776.000000  0.010669
 777.000000  0.009790
 778.000000  0.007910
 779.000000  0.007349
 780.000000  0.007910
 781.000000  0.007373
 782.000000  0.010400
 783.000000  0.009814
 784.000000  0.007812
 785.000000  0.009790
 786.000000  0.008667
 787.000000  0.009790
 788.000000  0.010302
 789.000000  0.009741
 790.000000  0.007690
 791.000000  0.009814
 792.000000  0.007715
 793.000000  0.009741
 794.000000  0.007690
 795.000000  0.009790
 796.000000  0.008081
 797.000000  0.009790
 798.000000  0.007983
 799.000000  0.009765
 800.000000  0.007861
 801.000000  0.009765
 802.000000  0.010302
 803.000000  0.009790
 804.000000  0.007812
 805.000000  0.009790
 806.000000  0.007739
 807.000000  0.009765
 808.000000  0.010302
 809.000000  0.007397
 810.000000  0.008130
 811.000000  0.007349
 812.000000  0.007861
 813.000000  0.007324
 814.000000  0.007837
 815.000000  0.009814
 816.000000  0.007837
 817.000000  0.009790
 818.000000  0.008105
 819.000000  0.009863
 820.000000  0.007837
 821.000000  0.009790
 822.000000  0.007666
 823.000000  0.009790
 824.000000  0.010376
 825.000000  0.009741
 826.000000  0.007983
 827.000000  0.009790
 828.000000  0.007642
 829.000000  0.009790
 830.000000  0.007886
 831.000000  0.009838
 832.000000  0.007861
 833.000000  0.009765
 834.000000  0.007886
 835.000000  0.009765
 836.000000  0.010278
 837.000000  0.009741
 838.000000  0.007910
 839.000000  0.009765
 840.000000  0.007959
 841.000000  0.009765
 842.000000  0.010229
 843.000000  0.009790
 844.000000  0.007886
 845.000000  0.007373
 846.000000  0.010180
 847.000000  0.009814
 848.000000  0.007715
 849.000000  0.009765
 850.000000  0.007764
 851.000000  0.009887
 852.000000  0.007959
 853.000000  0.007324
 854.000000  0.010376
 855.000000  0.009765
 856.000000  0.007764
 857.000000  0.007324
 858.000000  0.007910
 859.000000  0.007300
 860.000000  0.010180
 861.000000  0.009765
 862.000000  0.007495
 863.000000  0.007349
 864.000000  0.007593
 865.000000  0.009790
 866.000000  0.009961
 867.000000  0.007349
 868.000000  0.007666
 869.000000  0.009814
 870.000000  0.008032
 871.000000  0.009765
 872.000000  0.008130
 873.000000  0.009765
 874.000000  0.007568
 875.000000  0.009765
 876.000000  0.007495
 877.000000  0.007324
 878.000000  0.008057
 879.000000  0.007324
 880.000000  0.007715
 881.000000  0.009765
 882.000000  0.007544
 883.000000  0.009765
 884.000000  0.007910
 885.000000  0.009765
 886.000000  0.007910
 887.000000  0.007349
 888.000000  0.008081
 889.000000  0.009814
 890.000000  0.008008
 891.000000  0.009790
 892.000000  0.007886
 893.000000  0.009765
 894.000000  0.007666
 895.000000  0.009790
 896.000000  0.007690
 897.000000  0.009765
 898.000000  0.007544
 899.000000  0.009765
 900.000000  0.007935
 901.000000  0.009765
 902.000000  0.010278
 903.000000  0.009790
 904.000000  0.008057
 905.000000  0.009741
 906.000000  0.010302
 907.000000  0.009765
 908.000000  0.010180
 909.000000  0.009765
 910.000000  0.007715
 911.000000  0.009765
 912.000000  0.007788
 913.000000  0.009765
 914.000000  0.007788
 915.000000  0.009765
 916.000000  0.007861
 917.000000  0.009814
 918.000000  0.010253
 919.000000  0.009765
 920.000000  0.010644
 921.000000  0.009765
 922.000000  0.007715
 923.000000  0.009790
 924.000000  0.008008
 925.000000  0.009790
 926.000000  0.007812
 927.000000  0.009814
 928.000000  0.007837
 929.000000  0.009765
 930.000000  0.007715
 931.000000  0.009814
 932.000000  0.007666
 933.000000  0.009814
 934.000000  0.008032
 935.000000  0.009741
 936.000000  0.008057
 937.000000  0.009790
 938.000000  0.008057
 939.000000  0.009741
 940.000000  0.008032
 941.000000  0.009765
 942.000000  0.008105
 943.000000  0.009814
 944.000000  0.007910
 945.000000  0.007349
 946.000000  0.010253
 947.000000  0.009790
 948.000000  0.008032
 949.000000  0.009814
 950.000000  0.010156
 951.000000  0.009790
 952.000000  0.008057
 953.000000  0.009814
 954.000000  0.007812
 955.000000  0.009765
 956.000000  0.007935
 957.000000  0.009741
 958.000000  0.007886
 959.000000  0.007373
 960.000000  0.007788
 961.000000  0.007349
 962.000000  0.010278
 963.000000  0.007324
 964.000000  0.007690
 965.000000  0.009863
 966.000000  0.007593
 967.000000  0.009790
 968.000000  0.007886
 969.000000  0.009790
 970.000000  0.010278
 971.000000  0.009790
 972.000000  0.008057
 973.000000  0.009741
 974.000000  0.008032
 975.000000  0.009741
 976.000000  0.007666
 977.000000  0.009790
 978.000000  0.007690
 979.000000  0.009814
 980.000000  0.007739
 981.000000  0.009790
 982.000000  0.007715
 983.000000  0.007373
 984.000000  0.007544
 985.000000  0.009863
 986.000000  0.007764
 987.000000  0.009790
 988.000000  0.010278
 989.000000  0.009765
 990.000000  0.008154
 991.000000  0.009765
 992.000000  0.007983
 993.000000  0.009765
 994.000000  0.007715
 995.000000  0.009765
 996.000000  0.007764
 997.000000  0.009790
 998.000000  0.010083
 999.000000  0.009790
 1000.000000  0.010473
 1001.000000  0.009765
 1002.000000  0.007617
 1003.000000  0.009765
 1004.000000  0.007764
 1005.000000  0.009790
 1006.000000  0.007764
 1007.000000  0.009741
 1008.000000  0.007715
 1009.000000  0.009765
 1010.000000  0.007544
 1011.000000  0.009765
 1012.000000  0.007495
 1013.000000  0.009716
 1014.000000  0.007495
 1015.000000  0.009790
 1016.000000  0.007617
 1017.000000  0.009765
 1018.000000  0.007593
 1019.000000  0.009790
 1020.000000  0.007593
 1021.000000  0.009765
 1022.000000  0.007471
 1023.000000  0.009814
