 0.000000  0.008350
 1.000000  0.007397
 2.000000  0.008105
 3.000000  0.007373
 4.000000  0.008716
 5.000000  0.007324
 6.000000  0.008838
 7.000000  0.007349
 8.000000  0.008594
 9.000000  0.007422
 10.000000  0.008520
 11.000000  0.007349
 12.000000  0.008838
 13.000000  0.007422
 14.000000  0.008716
 15.000000  0.007373
 16.000000  0.008594
 17.000000  0.007422
 18.000000  0.008472
 19.000000  0.007495
 20.000000  0.008350
 21.000000  0.007397
 22.000000  0.008301
 23.000000  0.007495
 24.000000  0.008740
 25.000000  0.007422
 26.000000  0.008887
 27.000000  0.009887
 28.000000  0.008765
 29.000000  0.007593
 30.000000  0.008496
 31.000000  0.007471
 32.000000  0.008667
 33.000000  0.007373
 34.000000  0.008813
 35.000000  0.007471
 36.000000  0.008496
 37.000000  0.007422
 38.000000  0.008691
 39.000000  0.009887
 40.000000  0.008789
 41.000000  0.007495
 42.000000  0.008545
 43.000000  0.007422
 44.000000  0.008667
 45.000000  0.007349
 46.000000  0.008813
 47.000000  0.007446
 48.000000  0.008643
 49.000000  0.007666
 50.000000  0.008276
 51.000000  0.007495
 52.000000  0.008423
 53.000000  0.007422
 54.000000  0.008569
 55.000000  0.007471
 56.000000  0.008569
 57.000000  0.007495
 58.000000  0.008813
 59.000000  0.009887
 60.000000  0.008594
 61.000000  0.009912
 62.000000  0.008374
 63.000000  0.007446
 64.000000  0.008545
 65.000000  0.007446
 66.000000  0.008496
 67.000000  0.009838
 68.000000  0.008398
 69.000000  0.007446
 70.000000  0.008496
 71.000000  0.007471
 72.000000  0.008423
 73.000000  0.007519
 74.000000  0.008520
 75.000000  0.007446
 76.000000  0.008594
 77.000000  0.007471
 78.000000  0.008740
 79.000000  0.007422
 80.000000  0.008789
 81.000000  0.007495
 82.000000  0.008203
 83.000000  0.007422
 84.000000  0.008398
 85.000000  0.007495
 86.000000  0.008569
 87.000000  0.007422
 88.000000  0.008643
 89.000000  0.007373
 90.000000  0.008643
 91.000000  0.007397
 92.000000  0.008618
 93.000000  0.007397
 94.000000  0.008301
 95.000000  0.007349
 96.000000  0.008691
 97.000000  0.007324
 98.000000  0.008716
 99.000000  0.007397
 100.000000  0.008643
 101.000000  0.009838
 102.000000  0.008276
 103.000000  0.009814
 104.000000  0.008545
 105.000000  0.007373
 106.000000  0.009082
 107.000000  0.007349
 108.000000  0.008936
 109.000000  0.009887
 110.000000  0.008716
 111.000000  0.007373
 112.000000  0.008398
 113.000000  0.007373
 114.000000  0.008716
 115.000000  0.007324
 116.000000  0.008398
 117.000000  0.007349
 118.000000  0.008643
 119.000000  0.007324
 120.000000  0.008960
 121.000000  0.007373
 122.000000  0.008691
 123.000000  0.007373
 124.000000  0.008374
 125.000000  0.007373
 126.000000  0.008960
 127.000000  0.009765
 128.000000  0.008643
 129.000000  0.007349
 130.000000  0.008691
 131.000000  0.009814
 132.000000  0.008325
 133.000000  0.007397
 134.000000  0.008667
 135.000000  0.009814
 136.000000  0.008716
 137.000000  0.007373
 138.000000  0.009082
 139.000000  0.007349
 140.000000  0.008813
 141.000000  0.007373
 142.000000  0.008911
 143.000000  0.007349
 144.000000  0.008350
 145.000000  0.009790
 146.000000  0.008569
 147.000000  0.007349
 148.000000  0.008789
 149.000000  0.009765
 150.000000  0.008667
 151.000000  0.007324
 152.000000  0.008423
 153.000000  0.007373
 154.000000  0.008374
 155.000000  0.007324
 156.000000  0.008350
 157.000000  0.009814
 158.000000  0.008740
 159.000000  0.007324
 160.000000  0.008813
 161.000000  0.007349
 162.000000  0.008911
 163.000000  0.007373
 164.000000  0.008594
 165.000000  0.007324
 166.000000  0.008227
 167.000000  0.007373
 168.000000  0.008496
 169.000000  0.009790
 170.000000  0.008447
 171.000000  0.007324
 172.000000  0.008472
 173.000000  0.007422
 174.000000  0.008325
 175.000000  0.007324
 176.000000  0.008350
 177.000000  0.007373
 178.000000  0.008301
 179.000000  0.009814
 180.000000  0.008350
 181.000000  0.007446
 182.000000  0.008398
 183.000000  0.007373
 184.000000  0.008398
 185.000000  0.007373
 186.000000  0.008887
 187.000000  0.007446
 188.000000  0.008423
 189.000000  0.007349
 190.000000  0.008398
 191.000000  0.007324
 192.000000  0.008423
 193.000000  0.007422
 194.000000  0.008643
 195.000000  0.007373
 196.000000  0.010961
 197.000000  0.007397
 198.000000  0.008472
 199.000000  0.009863
 200.000000  0.008569
 201.000000  0.009838
 202.000000  0.008569
 203.000000  0.007495
 204.000000  0.008667
 205.000000  0.007373
 206.000000  0.008374
 207.000000  0.007397
 208.000000  0.008472
 209.000000  0.009912
 210.000000  0.008813
 211.000000  0.007397
 212.000000  0.008398
 213.000000  0.009814
 214.000000  0.008325
 215.000000  0.007373
 216.000000  0.008423
 217.000000  0.007397
 218.000000  0.008594
 219.000000  0.009863
 220.000000  0.008618
 221.000000  0.007397
 222.000000  0.008276
 223.000000  0.007349
 224.000000  0.008643
 225.000000  0.007397
 226.000000  0.008301
 227.000000  0.009814
 228.000000  0.008691
 229.000000  0.009863
 230.000000  0.008716
 231.000000  0.007446
 232.000000  0.008813
 233.000000  0.009961
 234.000000  0.008496
 235.000000  0.007568
 236.000000  0.008325
 237.000000  0.007349
 238.000000  0.008423
 239.000000  0.009790
 240.000000  0.008643
 241.000000  0.007471
 242.000000  0.008520
 243.000000  0.009790
 244.000000  0.008301
 245.000000  0.007373
 246.000000  0.008325
 247.000000  0.007397
 248.000000  0.008936
 249.000000  0.007349
 250.000000  0.008252
 251.000000  0.007422
 252.000000  0.008423
 253.000000  0.007446
 254.000000  0.008227
 255.000000  0.009765
 256.000000  0.008496
 257.000000  0.007373
 258.000000  0.008057
 259.000000  0.007373
 260.000000  0.008276
 261.000000  0.007373
 262.000000  0.008130
 263.000000  0.009838
 264.000000  0.008374
 265.000000  0.009814
 266.000000  0.008203
 267.000000  0.009790
 268.000000  0.008130
 269.000000  0.009765
 270.000000  0.008472
 271.000000  0.007324
 272.000000  0.008276
 273.000000  0.007397
 274.000000  0.008667
 275.000000  0.009790
 276.000000  0.008472
 277.000000  0.009765
 278.000000  0.008838
 279.000000  0.007373
 280.000000  0.008813
 281.000000  0.009790
 282.000000  0.008643
 283.000000  0.009765
 284.000000  0.008569
 285.000000  0.007373
 286.000000  0.008545
 287.000000  0.007373
 288.000000  0.008594
 289.000000  0.009863
 290.000000  0.008520
 291.000000  0.007324
 292.000000  0.008447
 293.000000  0.007324
 294.000000  0.008643
 295.000000  0.009765
 296.000000  0.008716
 297.000000  0.009814
 298.000000  0.008838
 299.000000  0.009765
 300.000000  0.008252
 301.000000  0.007349
 302.000000  0.008423
 303.000000  0.009814
 304.000000  0.008765
 305.000000  0.007373
 306.000000  0.008569
 307.000000  0.009838
 308.000000  0.008862
 309.000000  0.009765
 310.000000  0.008813
 311.000000  0.007397
 312.000000  0.008789
 313.000000  0.007373
 314.000000  0.008594
 315.000000  0.009790
 316.000000  0.008496
 317.000000  0.007349
 318.000000  0.008545
 319.000000  0.007373
 320.000000  0.008423
 321.000000  0.009814
 322.000000  0.008740
 323.000000  0.009765
 324.000000  0.008472
 325.000000  0.007397
 326.000000  0.008252
 327.000000  0.007373
 328.000000  0.008545
 329.000000  0.009887
 330.000000  0.008765
 331.000000  0.009863
 332.000000  0.008618
 333.000000  0.009838
 334.000000  0.008472
 335.000000  0.009961
 336.000000  0.008740
 337.000000  0.007471
 338.000000  0.008887
 339.000000  0.007446
 340.000000  0.008545
 341.000000  0.009985
 342.000000  0.010839
 343.000000  0.009887
 344.000000  0.008887
 345.000000  0.009887
 346.000000  0.008813
 347.000000  0.007495
 348.000000  0.008740
 349.000000  0.009887
 350.000000  0.009131
 351.000000  0.009887
 352.000000  0.008569
 353.000000  0.009936
 354.000000  0.008496
 355.000000  0.007422
 356.000000  0.008252
 357.000000  0.007471
 358.000000  0.009009
 359.000000  0.009912
 360.000000  0.009009
 361.000000  0.007471
 362.000000  0.008813
 363.000000  0.009887
 364.000000  0.008472
 365.000000  0.007519
 366.000000  0.008716
 367.000000  0.007446
 368.000000  0.008765
 369.000000  0.007593
 370.000000  0.008716
 371.000000  0.009961
 372.000000  0.008545
 373.000000  0.009961
 374.000000  0.008691
 375.000000  0.009838
 376.000000  0.008691
 377.000000  0.007446
 378.000000  0.009082
 379.000000  0.007568
 380.000000  0.008813
 381.000000  0.009936
 382.000000  0.008643
 383.000000  0.007617
 384.000000  0.008911
 385.000000  0.007593
 386.000000  0.008765
 387.000000  0.009961
 388.000000  0.008569
 389.000000  0.009912
 390.000000  0.008887
 391.000000  0.010107
 392.000000  0.008887
 393.000000  0.007593
 394.000000  0.008984
 395.000000  0.007471
 396.000000  0.008862
 397.000000  0.007568
 398.000000  0.009033
 399.000000  0.007471
 400.000000  0.008789
 401.000000  0.009961
 402.000000  0.008862
 403.000000  0.007666
 404.000000  0.008838
 405.000000  0.007446
 406.000000  0.009033
 407.000000  0.007446
 408.000000  0.008911
 409.000000  0.010083
 410.000000  0.009204
 411.000000  0.009912
 412.000000  0.009302
 413.000000  0.007495
 414.000000  0.009277
 415.000000  0.010009
 416.000000  0.009131
 417.000000  0.007471
 418.000000  0.008960
 419.000000  0.007495
 420.000000  0.009204
 421.000000  0.007568
 422.000000  0.009033
 423.000000  0.007471
 424.000000  0.008911
 425.000000  0.009838
 426.000000  0.009082
 427.000000  0.009936
 428.000000  0.009302
 429.000000  0.009838
 430.000000  0.009302
 431.000000  0.009887
 432.000000  0.009375
 433.000000  0.007471
 434.000000  0.008984
 435.000000  0.009838
 436.000000  0.009058
 437.000000  0.009887
 438.000000  0.009082
 439.000000  0.009863
 440.000000  0.009180
 441.000000  0.009838
 442.000000  0.009302
 443.000000  0.009936
 444.000000  0.009473
 445.000000  0.009765
 446.000000  0.009497
 447.000000  0.007617
 448.000000  0.009131
 449.000000  0.009985
 450.000000  0.009302
 451.000000  0.009887
 452.000000  0.009253
 453.000000  0.009985
 454.000000  0.009302
 455.000000  0.010034
 456.000000  0.009473
 457.000000  0.009985
 458.000000  0.009277
 459.000000  0.009838
 460.000000  0.009570
 461.000000  0.010107
 462.000000  0.009106
 463.000000  0.009838
 464.000000  0.009644
 465.000000  0.009985
 466.000000  0.009595
 467.000000  0.007397
 468.000000  0.009644
 469.000000  0.007690
 470.000000  0.009619
 471.000000  0.010107
 472.000000  0.009473
 473.000000  0.007519
 474.000000  0.009546
 475.000000  0.010107
 476.000000  0.009521
 477.000000  0.007690
 478.000000  0.009521
 479.000000  0.009936
 480.000000  0.009692
 481.000000  0.010376
 482.000000  0.009546
 483.000000  0.007910
 484.000000  0.009277
 485.000000  0.010473
 486.000000  0.009375
 487.000000  0.007812
 488.000000  0.009546
 489.000000  0.008008
 490.000000  0.009497
 491.000000  0.010107
 492.000000  0.009399
 493.000000  0.010302
 494.000000  0.009424
 495.000000  0.010229
 496.000000  0.009497
 497.000000  0.007886
 498.000000  0.009399
 499.000000  0.010351
 500.000000  0.009497
 501.000000  0.010327
 502.000000  0.009424
 503.000000  0.010351
 504.000000  0.009424
 505.000000  0.010498
 506.000000  0.009619
 507.000000  0.007764
 508.000000  0.009668
 509.000000  0.008057
 510.000000  0.009644
 511.000000  0.010449
 512.000000  0.009448
 513.000000  0.008154
 514.000000  0.009521
 515.000000  0.007935
 516.000000  0.009497
 517.000000  0.008252
 518.000000  0.009570
 519.000000  0.008496
 520.000000  0.009692
 521.000000  0.008227
 522.000000  0.009546
 523.000000  0.010693
 524.000000  0.009595
 525.000000  0.010644
 526.000000  0.009644
 527.000000  0.010571
 528.000000  0.009668
 529.000000  0.011059
 530.000000  0.009717
 531.000000  0.011254
 532.000000  0.009741
 533.000000  0.009082
 534.000000  0.009692
 535.000000  0.009009
 536.000000  0.009741
 537.000000  0.011499
 538.000000  0.009741
 539.000000  0.011523
 540.000000  0.009692
 541.000000  0.009302
 542.000000  0.009814
 543.000000  0.009570
 544.000000  0.009839
 545.000000  0.009692
 546.000000  0.009912
 547.000000  0.012109
 548.000000  0.009912
 549.000000  0.012207
 550.000000  0.010156
 551.000000  0.012402
 552.000000  0.012036
 553.000000  0.012305
 554.000000  0.014941
 555.000000  0.015234
 556.000000  0.015942
 557.000000  0.017211
 558.000000  0.016577
 559.000000  0.019433
 560.000000  0.019604
 561.000000  0.022510
 562.000000  0.027832
 563.000000  0.036572
 564.000000  0.060425
 565.000000  0.104101
 566.000000  0.128174
 567.000000  0.145508
 568.000000  0.143799
 569.000000  0.126855
 570.000000  0.124976
 571.000000  0.116455
 572.000000  0.096338
 573.000000  0.068920
 574.000000  0.040112
 575.000000  0.026904
 576.000000  0.017578
 577.000000  0.017089
 578.000000  0.014331
 579.000000  0.014672
 580.000000  0.012280
 581.000000  0.012036
 582.000000  0.012134
 583.000000  0.012500
 584.000000  0.010083
 585.000000  0.012207
 586.000000  0.009766
 587.000000  0.012182
 588.000000  0.009766
 589.000000  0.009570
 590.000000  0.009766
 591.000000  0.011962
 592.000000  0.009790
 593.000000  0.009595
 594.000000  0.009766
 595.000000  0.011792
 596.000000  0.009741
 597.000000  0.011767
 598.000000  0.009766
 599.000000  0.011206
 600.000000  0.009741
 601.000000  0.010913
 602.000000  0.009741
 603.000000  0.011059
 604.000000  0.009766
 605.000000  0.011377
 606.000000  0.009766
 607.000000  0.011303
 608.000000  0.009741
 609.000000  0.011010
 610.000000  0.009766
 611.000000  0.011132
 612.000000  0.012207
 613.000000  0.011474
 614.000000  0.012207
 615.000000  0.011377
 616.000000  0.009644
 617.000000  0.008838
 618.000000  0.009741
 619.000000  0.010888
 620.000000  0.009717
 621.000000  0.010644
 622.000000  0.009766
 623.000000  0.010791
 624.000000  0.012207
 625.000000  0.010693
 626.000000  0.009570
 627.000000  0.010791
 628.000000  0.009741
 629.000000  0.010449
 630.000000  0.009644
 631.000000  0.011108
 632.000000  0.009717
 633.000000  0.010839
 634.000000  0.009668
 635.000000  0.010595
 636.000000  0.009766
 637.000000  0.008350
 638.000000  0.009692
 639.000000  0.010595
 640.000000  0.009619
 641.000000  0.010449
 642.000000  0.009668
 643.000000  0.008203
 644.000000  0.012036
 645.000000  0.010400
 646.000000  0.012060
 647.000000  0.010644
 648.000000  0.009619
 649.000000  0.008496
 650.000000  0.009521
 651.000000  0.008154
 652.000000  0.009741
 653.000000  0.008520
 654.000000  0.009644
 655.000000  0.010717
 656.000000  0.009570
 657.000000  0.010815
 658.000000  0.009619
 659.000000  0.008130
 660.000000  0.009668
 661.000000  0.010327
 662.000000  0.009521
 663.000000  0.010571
 664.000000  0.011914
 665.000000  0.010571
 666.000000  0.012060
 667.000000  0.010473
 668.000000  0.009619
 669.000000  0.008179
 670.000000  0.009546
 671.000000  0.008447
 672.000000  0.009521
 673.000000  0.010693
 674.000000  0.012036
 675.000000  0.010302
 676.000000  0.009521
 677.000000  0.010400
 678.000000  0.009448
 679.000000  0.010717
 680.000000  0.009497
 681.000000  0.008081
 682.000000  0.009595
 683.000000  0.010424
 684.000000  0.009546
 685.000000  0.010693
 686.000000  0.009424
 687.000000  0.008301
 688.000000  0.012011
 689.000000  0.008130
 690.000000  0.012133
 691.000000  0.010693
 692.000000  0.009521
 693.000000  0.010644
 694.000000  0.009399
 695.000000  0.010546
 696.000000  0.011889
 697.000000  0.010766
 698.000000  0.009570
 699.000000  0.010571
 700.000000  0.009228
 701.000000  0.008008
 702.000000  0.009302
 703.000000  0.008325
 704.000000  0.011865
 705.000000  0.010253
 706.000000  0.009546
 707.000000  0.008301
 708.000000  0.009619
 709.000000  0.010327
 710.000000  0.009668
 711.000000  0.010742
 712.000000  0.009521
 713.000000  0.010791
 714.000000  0.009497
 715.000000  0.011059
 716.000000  0.009619
 717.000000  0.010669
 718.000000  0.009570
 719.000000  0.010522
 720.000000  0.009595
 721.000000  0.010839
 722.000000  0.009619
 723.000000  0.010742
 724.000000  0.009741
 725.000000  0.010522
 726.000000  0.009692
 727.000000  0.010693
 728.000000  0.009692
 729.000000  0.008496
 730.000000  0.009619
 731.000000  0.011010
 732.000000  0.009570
 733.000000  0.010791
 734.000000  0.012158
 735.000000  0.010864
 736.000000  0.009497
 737.000000  0.010351
 738.000000  0.009595
 739.000000  0.010424
 740.000000  0.009717
 741.000000  0.011035
 742.000000  0.009692
 743.000000  0.008081
 744.000000  0.009619
 745.000000  0.010913
 746.000000  0.009668
 747.000000  0.008154
 748.000000  0.009717
 749.000000  0.010839
 750.000000  0.009717
 751.000000  0.010791
 752.000000  0.012158
 753.000000  0.011596
 754.000000  0.009717
 755.000000  0.010717
 756.000000  0.009692
 757.000000  0.010864
 758.000000  0.009668
 759.000000  0.008594
 760.000000  0.009717
 761.000000  0.011084
 762.000000  0.009741
 763.000000  0.010888
 764.000000  0.009741
 765.000000  0.010571
 766.000000  0.009692
 767.000000  0.008276
 768.000000  0.009595
 769.000000  0.010278
 770.000000  0.009546
 771.000000  0.010131
 772.000000  0.009497
 773.000000  0.010327
 774.000000  0.012109
 775.000000  0.010717
 776.000000  0.012036
 777.000000  0.010424
 778.000000  0.009668
 779.000000  0.008032
 780.000000  0.009717
 781.000000  0.008496
 782.000000  0.012133
 783.000000  0.010473
 784.000000  0.009546
 785.000000  0.010253
 786.000000  0.009668
 787.000000  0.010424
 788.000000  0.012060
 789.000000  0.010131
 790.000000  0.009644
 791.000000  0.010400
 792.000000  0.009595
 793.000000  0.010058
 794.000000  0.009595
 795.000000  0.010620
 796.000000  0.009741
 797.000000  0.010839
 798.000000  0.009668
 799.000000  0.010351
 800.000000  0.009570
 801.000000  0.010351
 802.000000  0.011987
 803.000000  0.010449
 804.000000  0.009399
 805.000000  0.010498
 806.000000  0.009521
 807.000000  0.010595
 808.000000  0.012036
 809.000000  0.008203
 810.000000  0.009619
 811.000000  0.008350
 812.000000  0.009619
 813.000000  0.007715
 814.000000  0.009595
 815.000000  0.010498
 816.000000  0.009497
 817.000000  0.010327
 818.000000  0.009692
 819.000000  0.010595
 820.000000  0.009521
 821.000000  0.010546
 822.000000  0.009546
 823.000000  0.010839
 824.000000  0.012011
 825.000000  0.010498
 826.000000  0.009644
 827.000000  0.010180
 828.000000  0.009473
 829.000000  0.010546
 830.000000  0.009448
 831.000000  0.010327
 832.000000  0.009497
 833.000000  0.010351
 834.000000  0.009521
 835.000000  0.010156
 836.000000  0.011865
 837.000000  0.010278
 838.000000  0.009595
 839.000000  0.010400
 840.000000  0.009570
 841.000000  0.010595
 842.000000  0.011987
 843.000000  0.010669
 844.000000  0.009497
 845.000000  0.008105
 846.000000  0.011938
 847.000000  0.010400
 848.000000  0.009253
 849.000000  0.010839
 850.000000  0.009351
 851.000000  0.010644
 852.000000  0.009448
 853.000000  0.008081
 854.000000  0.012036
 855.000000  0.010522
 856.000000  0.009277
 857.000000  0.008130
 858.000000  0.009473
 859.000000  0.008008
 860.000000  0.011816
 861.000000  0.010107
 862.000000  0.009082
 863.000000  0.008252
 864.000000  0.009448
 865.000000  0.010498
 866.000000  0.011743
 867.000000  0.008154
 868.000000  0.009595
 869.000000  0.010449
 870.000000  0.009644
 871.000000  0.010156
 872.000000  0.009717
 873.000000  0.010571
 874.000000  0.009473
 875.000000  0.010278
 876.000000  0.009399
 877.000000  0.007788
 878.000000  0.009668
 879.000000  0.007837
 880.000000  0.009546
 881.000000  0.010473
 882.000000  0.009448
 883.000000  0.010693
 884.000000  0.009570
 885.000000  0.010595
 886.000000  0.009644
 887.000000  0.007935
 888.000000  0.009619
 889.000000  0.010083
 890.000000  0.009570
 891.000000  0.010376
 892.000000  0.009570
 893.000000  0.010693
 894.000000  0.009521
 895.000000  0.010473
 896.000000  0.009473
 897.000000  0.010717
 898.000000  0.009570
 899.000000  0.010449
 900.000000  0.009668
 901.000000  0.010644
 902.000000  0.012158
 903.000000  0.010302
 904.000000  0.009595
 905.000000  0.010327
 906.000000  0.012133
 907.000000  0.010229
 908.000000  0.011889
 909.000000  0.010009
 910.000000  0.009546
 911.000000  0.010131
 912.000000  0.009570
 913.000000  0.010107
 914.000000  0.009595
 915.000000  0.010449
 916.000000  0.009644
 917.000000  0.010351
 918.000000  0.012158
 919.000000  0.010400
 920.000000  0.012182
 921.000000  0.010131
 922.000000  0.009546
 923.000000  0.010107
 924.000000  0.009741
 925.000000  0.010351
 926.000000  0.009497
 927.000000  0.010083
 928.000000  0.009595
 929.000000  0.010278
 930.000000  0.009619
 931.000000  0.011010
 932.000000  0.009546
 933.000000  0.011035
 934.000000  0.009644
 935.000000  0.010766
 936.000000  0.009741
 937.000000  0.010229
 938.000000  0.009644
 939.000000  0.010229
 940.000000  0.009497
 941.000000  0.010327
 942.000000  0.009619
 943.000000  0.010107
 944.000000  0.009497
 945.000000  0.007837
 946.000000  0.012085
 947.000000  0.010571
 948.000000  0.009717
 949.000000  0.010376
 950.000000  0.011987
 951.000000  0.010717
 952.000000  0.009668
 953.000000  0.010839
 954.000000  0.009326
 955.000000  0.010107
 956.000000  0.009448
 957.000000  0.010156
 958.000000  0.009399
 959.000000  0.007861
 960.000000  0.009399
 961.000000  0.007715
 962.000000  0.011962
 963.000000  0.007593
 964.000000  0.009326
 965.000000  0.010302
 966.000000  0.009326
 967.000000  0.010229
 968.000000  0.009302
 969.000000  0.010376
 970.000000  0.011987
 971.000000  0.010278
 972.000000  0.009546
 973.000000  0.010424
 974.000000  0.009521
 975.000000  0.010400
 976.000000  0.009253
 977.000000  0.010278
 978.000000  0.009399
 979.000000  0.010156
 980.000000  0.009326
 981.000000  0.010473
 982.000000  0.009302
 983.000000  0.007812
 984.000000  0.009277
 985.000000  0.010571
 986.000000  0.009228
 987.000000  0.010327
 988.000000  0.012011
 989.000000  0.010253
 990.000000  0.009595
 991.000000  0.010815
 992.000000  0.009521
 993.000000  0.010473
 994.000000  0.009473
 995.000000  0.011035
 996.000000  0.009375
 997.000000  0.010742
 998.000000  0.011889
 999.000000  0.010498
 1000.000000  0.011865
 1001.000000  0.010449
 1002.000000  0.009131
 1003.000000  0.010131
 1004.000000  0.009082
 1005.000000  0.010498
 1006.000000  0.009448
 1007.000000  0.010205
 1008.000000  0.009253
 1009.000000  0.010034
 1010.000000  0.009009
 1011.000000  0.010205
 1012.000000  0.008984
 1013.000000  0.010253
 1014.000000  0.008838
 1015.000000  0.010473
 1016.000000  0.008960
 1017.000000  0.010449
 1018.000000  0.009521
 1019.000000  0.010107
 1020.000000  0.009277
 1021.000000  0.010034
 1022.000000  0.008936
 1023.000000  0.010717
