 0.000000  0.015698
 1.000000  0.014624
 2.000000  0.015332
 3.000000  0.014624
 4.000000  0.015845
 5.000000  0.014648
 6.000000  0.016284
 7.000000  0.014600
 8.000000  0.015625
 9.000000  0.014600
 10.000000  0.015747
 11.000000  0.014648
 12.000000  0.016211
 13.000000  0.014673
 14.000000  0.015674
 15.000000  0.014551
 16.000000  0.016284
 17.000000  0.014575
 18.000000  0.015942
 19.000000  0.014624
 20.000000  0.015308
 21.000000  0.014575
 22.000000  0.015576
 23.000000  0.014673
 24.000000  0.016211
 25.000000  0.014600
 26.000000  0.017017
 27.000000  0.019457
 28.000000  0.016016
 29.000000  0.014697
 30.000000  0.015771
 31.000000  0.014648
 32.000000  0.016186
 33.000000  0.014624
 34.000000  0.016357
 35.000000  0.014600
 36.000000  0.016553
 37.000000  0.014575
 38.000000  0.016382
 39.000000  0.019457
 40.000000  0.016333
 41.000000  0.014624
 42.000000  0.016138
 43.000000  0.014648
 44.000000  0.016333
 45.000000  0.014648
 46.000000  0.016309
 47.000000  0.014575
 48.000000  0.015942
 49.000000  0.014673
 50.000000  0.015430
 51.000000  0.014648
 52.000000  0.015601
 53.000000  0.014673
 54.000000  0.015576
 55.000000  0.014673
 56.000000  0.016284
 57.000000  0.014600
 58.000000  0.016650
 59.000000  0.019384
 60.000000  0.016138
 61.000000  0.019457
 62.000000  0.015552
 63.000000  0.014600
 64.000000  0.016186
 65.000000  0.014648
 66.000000  0.015918
 67.000000  0.019457
 68.000000  0.015747
 69.000000  0.014624
 70.000000  0.015674
 71.000000  0.014648
 72.000000  0.015430
 73.000000  0.014600
 74.000000  0.015478
 75.000000  0.014575
 76.000000  0.016089
 77.000000  0.014600
 78.000000  0.015723
 79.000000  0.014624
 80.000000  0.016333
 81.000000  0.014673
 82.000000  0.015527
 83.000000  0.014648
 84.000000  0.015674
 85.000000  0.014600
 86.000000  0.015698
 87.000000  0.014648
 88.000000  0.015845
 89.000000  0.014648
 90.000000  0.015747
 91.000000  0.014648
 92.000000  0.015771
 93.000000  0.014673
 94.000000  0.015723
 95.000000  0.014673
 96.000000  0.015625
 97.000000  0.014648
 98.000000  0.015845
 99.000000  0.014600
 100.000000  0.016016
 101.000000  0.019530
 102.000000  0.015552
 103.000000  0.019530
 104.000000  0.015601
 105.000000  0.014600
 106.000000  0.016284
 107.000000  0.014673
 108.000000  0.016479
 109.000000  0.019482
 110.000000  0.015796
 111.000000  0.014648
 112.000000  0.015601
 113.000000  0.014600
 114.000000  0.016064
 115.000000  0.014600
 116.000000  0.015454
 117.000000  0.014624
 118.000000  0.015674
 119.000000  0.014624
 120.000000  0.016064
 121.000000  0.014722
 122.000000  0.015869
 123.000000  0.014624
 124.000000  0.015674
 125.000000  0.014575
 126.000000  0.016016
 127.000000  0.019408
 128.000000  0.015674
 129.000000  0.014575
 130.000000  0.015723
 131.000000  0.019482
 132.000000  0.015503
 133.000000  0.014624
 134.000000  0.015698
 135.000000  0.019506
 136.000000  0.015674
 137.000000  0.014624
 138.000000  0.015918
 139.000000  0.014575
 140.000000  0.015845
 141.000000  0.014624
 142.000000  0.015674
 143.000000  0.014575
 144.000000  0.015405
 145.000000  0.019530
 146.000000  0.015308
 147.000000  0.014575
 148.000000  0.015601
 149.000000  0.019433
 150.000000  0.015893
 151.000000  0.014575
 152.000000  0.015259
 153.000000  0.014600
 154.000000  0.015601
 155.000000  0.014600
 156.000000  0.015332
 157.000000  0.019482
 158.000000  0.015405
 159.000000  0.014600
 160.000000  0.015674
 161.000000  0.014575
 162.000000  0.015405
 163.000000  0.014575
 164.000000  0.015137
 165.000000  0.014624
 166.000000  0.015063
 167.000000  0.014551
 168.000000  0.015674
 169.000000  0.019384
 170.000000  0.015527
 171.000000  0.014600
 172.000000  0.015283
 173.000000  0.014551
 174.000000  0.015210
 175.000000  0.014575
 176.000000  0.015259
 177.000000  0.014575
 178.000000  0.015478
 179.000000  0.019506
 180.000000  0.015039
 181.000000  0.014624
 182.000000  0.015259
 183.000000  0.014624
 184.000000  0.015185
 185.000000  0.014526
 186.000000  0.015356
 187.000000  0.014551
 188.000000  0.015137
 189.000000  0.014575
 190.000000  0.015332
 191.000000  0.014551
 192.000000  0.015332
 193.000000  0.014648
 194.000000  0.015503
 195.000000  0.014575
 196.000000  0.020238
 197.000000  0.014526
 198.000000  0.015210
 199.000000  0.019408
 200.000000  0.015137
 201.000000  0.019482
 202.000000  0.015332
 203.000000  0.014600
 204.000000  0.015210
 205.000000  0.014624
 206.000000  0.015308
 207.000000  0.014575
 208.000000  0.015088
 209.000000  0.019482
 210.000000  0.015601
 211.000000  0.014526
 212.000000  0.015137
 213.000000  0.019433
 214.000000  0.015234
 215.000000  0.014624
 216.000000  0.015063
 217.000000  0.014624
 218.000000  0.015234
 219.000000  0.019433
 220.000000  0.015112
 221.000000  0.014551
 222.000000  0.014941
 223.000000  0.014600
 224.000000  0.015088
 225.000000  0.014575
 226.000000  0.015283
 227.000000  0.019433
 228.000000  0.015552
 229.000000  0.019408
 230.000000  0.015698
 231.000000  0.014575
 232.000000  0.015454
 233.000000  0.019433
 234.000000  0.014990
 235.000000  0.014600
 236.000000  0.015405
 237.000000  0.014526
 238.000000  0.015137
 239.000000  0.019457
 240.000000  0.015356
 241.000000  0.014551
 242.000000  0.015332
 243.000000  0.019408
 244.000000  0.015088
 245.000000  0.014526
 246.000000  0.015308
 247.000000  0.014575
 248.000000  0.015552
 249.000000  0.014624
 250.000000  0.015039
 251.000000  0.014575
 252.000000  0.015112
 253.000000  0.014551
 254.000000  0.014990
 255.000000  0.019506
 256.000000  0.015259
 257.000000  0.014575
 258.000000  0.015112
 259.000000  0.014575
 260.000000  0.015430
 261.000000  0.014600
 262.000000  0.015088
 263.000000  0.019408
 264.000000  0.015161
 265.000000  0.019433
 266.000000  0.015015
 267.000000  0.019506
 268.000000  0.014966
 269.000000  0.019506
 270.000000  0.015185
 271.000000  0.014575
 272.000000  0.015137
 273.000000  0.014600
 274.000000  0.015259
 275.000000  0.019482
 276.000000  0.015161
 277.000000  0.019359
 278.000000  0.015576
 279.000000  0.014648
 280.000000  0.015625
 281.000000  0.019457
 282.000000  0.015283
 283.000000  0.019457
 284.000000  0.015185
 285.000000  0.014551
 286.000000  0.015039
 287.000000  0.014551
 288.000000  0.015185
 289.000000  0.019408
 290.000000  0.015503
 291.000000  0.014551
 292.000000  0.015210
 293.000000  0.014600
 294.000000  0.015088
 295.000000  0.019433
 296.000000  0.015210
 297.000000  0.019457
 298.000000  0.015332
 299.000000  0.019433
 300.000000  0.014990
 301.000000  0.014575
 302.000000  0.015039
 303.000000  0.019457
 304.000000  0.015454
 305.000000  0.014551
 306.000000  0.015039
 307.000000  0.019433
 308.000000  0.015185
 309.000000  0.019433
 310.000000  0.015137
 311.000000  0.014551
 312.000000  0.015552
 313.000000  0.014551
 314.000000  0.015454
 315.000000  0.019433
 316.000000  0.015210
 317.000000  0.014551
 318.000000  0.015210
 319.000000  0.014575
 320.000000  0.015088
 321.000000  0.019408
 322.000000  0.015063
 323.000000  0.019457
 324.000000  0.015185
 325.000000  0.014600
 326.000000  0.014917
 327.000000  0.014526
 328.000000  0.015161
 329.000000  0.019482
 330.000000  0.015088
 331.000000  0.019384
 332.000000  0.015063
 333.000000  0.019433
 334.000000  0.015088
 335.000000  0.019408
 336.000000  0.015063
 337.000000  0.014551
 338.000000  0.015356
 339.000000  0.014624
 340.000000  0.015088
 341.000000  0.019506
 342.000000  0.020019
 343.000000  0.019457
 344.000000  0.015503
 345.000000  0.019433
 346.000000  0.015381
 347.000000  0.014551
 348.000000  0.015210
 349.000000  0.019408
 350.000000  0.015332
 351.000000  0.019433
 352.000000  0.015088
 353.000000  0.019433
 354.000000  0.015137
 355.000000  0.014600
 356.000000  0.015112
 357.000000  0.014648
 358.000000  0.015308
 359.000000  0.019408
 360.000000  0.015503
 361.000000  0.014575
 362.000000  0.015381
 363.000000  0.019433
 364.000000  0.015063
 365.000000  0.014575
 366.000000  0.015308
 367.000000  0.014600
 368.000000  0.015063
 369.000000  0.014575
 370.000000  0.015308
 371.000000  0.019433
 372.000000  0.015161
 373.000000  0.019433
 374.000000  0.015308
 375.000000  0.019384
 376.000000  0.015308
 377.000000  0.014648
 378.000000  0.015674
 379.000000  0.014624
 380.000000  0.015527
 381.000000  0.019482
 382.000000  0.015137
 383.000000  0.014575
 384.000000  0.015503
 385.000000  0.014648
 386.000000  0.015527
 387.000000  0.019408
 388.000000  0.014893
 389.000000  0.019457
 390.000000  0.015601
 391.000000  0.019433
 392.000000  0.015210
 393.000000  0.014600
 394.000000  0.015308
 395.000000  0.014600
 396.000000  0.015527
 397.000000  0.014697
 398.000000  0.015259
 399.000000  0.014502
 400.000000  0.015332
 401.000000  0.019506
 402.000000  0.015210
 403.000000  0.014600
 404.000000  0.015210
 405.000000  0.014551
 406.000000  0.015185
 407.000000  0.014648
 408.000000  0.014990
 409.000000  0.019482
 410.000000  0.015601
 411.000000  0.019384
 412.000000  0.015356
 413.000000  0.014673
 414.000000  0.015576
 415.000000  0.019506
 416.000000  0.015234
 417.000000  0.014697
 418.000000  0.015356
 419.000000  0.014746
 420.000000  0.015478
 421.000000  0.014502
 422.000000  0.015063
 423.000000  0.014624
 424.000000  0.015088
 425.000000  0.019433
 426.000000  0.015356
 427.000000  0.019457
 428.000000  0.015552
 429.000000  0.019482
 430.000000  0.015576
 431.000000  0.019457
 432.000000  0.015259
 433.000000  0.014575
 434.000000  0.015112
 435.000000  0.019359
 436.000000  0.015088
 437.000000  0.019359
 438.000000  0.015210
 439.000000  0.019408
 440.000000  0.015161
 441.000000  0.019384
 442.000000  0.015356
 443.000000  0.019408
 444.000000  0.015308
 445.000000  0.019457
 446.000000  0.015552
 447.000000  0.014624
 448.000000  0.015161
 449.000000  0.019506
 450.000000  0.015185
 451.000000  0.019457
 452.000000  0.015161
 453.000000  0.019433
 454.000000  0.015405
 455.000000  0.019433
 456.000000  0.015478
 457.000000  0.019457
 458.000000  0.015381
 459.000000  0.019384
 460.000000  0.015552
 461.000000  0.019457
 462.000000  0.015185
 463.000000  0.019482
 464.000000  0.015845
 465.000000  0.019457
 466.000000  0.015991
 467.000000  0.014600
 468.000000  0.015356
 469.000000  0.014624
 470.000000  0.015430
 471.000000  0.019506
 472.000000  0.015308
 473.000000  0.014575
 474.000000  0.015503
 475.000000  0.019506
 476.000000  0.015747
 477.000000  0.014575
 478.000000  0.015405
 479.000000  0.019433
 480.000000  0.015845
 481.000000  0.019433
 482.000000  0.015430
 483.000000  0.014600
 484.000000  0.015112
 485.000000  0.019482
 486.000000  0.015161
 487.000000  0.014600
 488.000000  0.015454
 489.000000  0.014624
 490.000000  0.015405
 491.000000  0.019482
 492.000000  0.015259
 493.000000  0.019433
 494.000000  0.015308
 495.000000  0.019457
 496.000000  0.015576
 497.000000  0.014526
 498.000000  0.015308
 499.000000  0.019433
 500.000000  0.015552
 501.000000  0.019457
 502.000000  0.015308
 503.000000  0.019457
 504.000000  0.015503
 505.000000  0.019506
 506.000000  0.015405
 507.000000  0.014600
 508.000000  0.016064
 509.000000  0.014551
 510.000000  0.015869
 511.000000  0.019457
 512.000000  0.015234
 513.000000  0.014600
 514.000000  0.015478
 515.000000  0.014600
 516.000000  0.015381
 517.000000  0.014624
 518.000000  0.015771
 519.000000  0.014575
 520.000000  0.016064
 521.000000  0.014575
 522.000000  0.015820
 523.000000  0.019457
 524.000000  0.016064
 525.000000  0.019457
 526.000000  0.016699
 527.000000  0.019482
 528.000000  0.016553
 529.000000  0.019482
 530.000000  0.016577
 531.000000  0.019628
 532.000000  0.016113
 533.000000  0.014722
 534.000000  0.016675
 535.000000  0.014844
 536.000000  0.017310
 537.000000  0.019555
 538.000000  0.017773
 539.000000  0.019823
 540.000000  0.018286
 541.000000  0.014990
 542.000000  0.018799
 543.000000  0.015454
 544.000000  0.018823
 545.000000  0.015503
 546.000000  0.019092
 547.000000  0.021215
 548.000000  0.019360
 549.000000  0.022680
 550.000000  0.019360
 551.000000  0.024120
 552.000000  0.019727
 553.000000  0.019409
 554.000000  0.021143
 555.000000  0.020459
 556.000000  0.024268
 557.000000  0.039550
 558.000000  0.101685
 559.000000  0.215600
 560.000000  0.262866
 561.000000  0.230347
 562.000000  0.163940
 563.000000  0.055858
 564.000000  0.026440
 565.000000  0.026098
 566.000000  0.020679
 567.000000  0.024047
 568.000000  0.019385
 569.000000  0.022875
 570.000000  0.019360
 571.000000  0.021581
 572.000000  0.019043
 573.000000  0.020580
 574.000000  0.018091
 575.000000  0.019774
 576.000000  0.017383
 577.000000  0.019750
 578.000000  0.017847
 579.000000  0.019848
 580.000000  0.017285
 581.000000  0.014819
 582.000000  0.016626
 583.000000  0.019482
 584.000000  0.016235
 585.000000  0.019506
 586.000000  0.015894
 587.000000  0.019604
 588.000000  0.016162
 589.000000  0.014575
 590.000000  0.016040
 591.000000  0.019482
 592.000000  0.015747
 593.000000  0.014673
 594.000000  0.016016
 595.000000  0.019506
 596.000000  0.016602
 597.000000  0.019530
 598.000000  0.015527
 599.000000  0.019433
 600.000000  0.015381
 601.000000  0.019457
 602.000000  0.015210
 603.000000  0.019482
 604.000000  0.016113
 605.000000  0.019457
 606.000000  0.015942
 607.000000  0.019433
 608.000000  0.016138
 609.000000  0.019530
 610.000000  0.015747
 611.000000  0.019433
 612.000000  0.020629
 613.000000  0.019579
 614.000000  0.020336
 615.000000  0.019457
 616.000000  0.015283
 617.000000  0.014624
 618.000000  0.015137
 619.000000  0.019433
 620.000000  0.015527
 621.000000  0.019457
 622.000000  0.015137
 623.000000  0.019482
 624.000000  0.020287
 625.000000  0.019384
 626.000000  0.015283
 627.000000  0.019408
 628.000000  0.015015
 629.000000  0.019433
 630.000000  0.015185
 631.000000  0.019433
 632.000000  0.015063
 633.000000  0.019457
 634.000000  0.014966
 635.000000  0.019457
 636.000000  0.015381
 637.000000  0.014600
 638.000000  0.015234
 639.000000  0.019433
 640.000000  0.015601
 641.000000  0.019457
 642.000000  0.015356
 643.000000  0.014551
 644.000000  0.020092
 645.000000  0.019408
 646.000000  0.020214
 647.000000  0.019457
 648.000000  0.015405
 649.000000  0.014624
 650.000000  0.015405
 651.000000  0.014575
 652.000000  0.015234
 653.000000  0.014673
 654.000000  0.015210
 655.000000  0.019457
 656.000000  0.015454
 657.000000  0.019457
 658.000000  0.015161
 659.000000  0.014648
 660.000000  0.015430
 661.000000  0.019335
 662.000000  0.015210
 663.000000  0.019457
 664.000000  0.019823
 665.000000  0.019433
 666.000000  0.020336
 667.000000  0.019482
 668.000000  0.015039
 669.000000  0.014600
 670.000000  0.015503
 671.000000  0.014575
 672.000000  0.015283
 673.000000  0.019433
 674.000000  0.019970
 675.000000  0.019433
 676.000000  0.015283
 677.000000  0.019457
 678.000000  0.015283
 679.000000  0.019506
 680.000000  0.015137
 681.000000  0.014624
 682.000000  0.015161
 683.000000  0.019408
 684.000000  0.015308
 685.000000  0.019482
 686.000000  0.015088
 687.000000  0.014575
 688.000000  0.020336
 689.000000  0.014575
 690.000000  0.020482
 691.000000  0.019433
 692.000000  0.016186
 693.000000  0.019457
 694.000000  0.015234
 695.000000  0.019457
 696.000000  0.019750
 697.000000  0.019457
 698.000000  0.015210
 699.000000  0.019433
 700.000000  0.015185
 701.000000  0.014600
 702.000000  0.015234
 703.000000  0.014575
 704.000000  0.020116
 705.000000  0.019433
 706.000000  0.015234
 707.000000  0.014575
 708.000000  0.015210
 709.000000  0.019457
 710.000000  0.015137
 711.000000  0.019457
 712.000000  0.015210
 713.000000  0.019579
 714.000000  0.015210
 715.000000  0.019482
 716.000000  0.015625
 717.000000  0.019482
 718.000000  0.015308
 719.000000  0.019457
 720.000000  0.015405
 721.000000  0.019457
 722.000000  0.015478
 723.000000  0.019433
 724.000000  0.015601
 725.000000  0.019457
 726.000000  0.015454
 727.000000  0.019457
 728.000000  0.015088
 729.000000  0.014600
 730.000000  0.015356
 731.000000  0.019482
 732.000000  0.015137
 733.000000  0.019433
 734.000000  0.020312
 735.000000  0.019506
 736.000000  0.014966
 737.000000  0.019457
 738.000000  0.015015
 739.000000  0.019408
 740.000000  0.015332
 741.000000  0.019482
 742.000000  0.015576
 743.000000  0.014551
 744.000000  0.015015
 745.000000  0.019555
 746.000000  0.014966
 747.000000  0.014600
 748.000000  0.015308
 749.000000  0.019433
 750.000000  0.015112
 751.000000  0.019433
 752.000000  0.020067
 753.000000  0.019482
 754.000000  0.015137
 755.000000  0.019408
 756.000000  0.015063
 757.000000  0.019433
 758.000000  0.015015
 759.000000  0.014648
 760.000000  0.015234
 761.000000  0.019506
 762.000000  0.015381
 763.000000  0.019482
 764.000000  0.015210
 765.000000  0.019408
 766.000000  0.014844
 767.000000  0.014575
 768.000000  0.014893
 769.000000  0.019433
 770.000000  0.014868
 771.000000  0.019384
 772.000000  0.014868
 773.000000  0.019433
 774.000000  0.019774
 775.000000  0.019433
 776.000000  0.019774
 777.000000  0.019384
 778.000000  0.014844
 779.000000  0.014575
 780.000000  0.014893
 781.000000  0.014600
 782.000000  0.019994
 783.000000  0.019457
 784.000000  0.014746
 785.000000  0.019433
 786.000000  0.015308
 787.000000  0.019433
 788.000000  0.019823
 789.000000  0.019433
 790.000000  0.015015
 791.000000  0.019311
 792.000000  0.014844
 793.000000  0.019384
 794.000000  0.014844
 795.000000  0.019433
 796.000000  0.014893
 797.000000  0.019433
 798.000000  0.014966
 799.000000  0.019384
 800.000000  0.014917
 801.000000  0.019408
 802.000000  0.019750
 803.000000  0.019384
 804.000000  0.014697
 805.000000  0.019408
 806.000000  0.014819
 807.000000  0.019482
 808.000000  0.019677
 809.000000  0.014526
 810.000000  0.014966
 811.000000  0.014551
 812.000000  0.014893
 813.000000  0.014551
 814.000000  0.014819
 815.000000  0.019359
 816.000000  0.014990
 817.000000  0.019482
 818.000000  0.014893
 819.000000  0.019408
 820.000000  0.014746
 821.000000  0.019482
 822.000000  0.014844
 823.000000  0.019408
 824.000000  0.019774
 825.000000  0.019384
 826.000000  0.015039
 827.000000  0.019384
 828.000000  0.014844
 829.000000  0.019482
 830.000000  0.014746
 831.000000  0.019433
 832.000000  0.014844
 833.000000  0.019384
 834.000000  0.014893
 835.000000  0.019384
 836.000000  0.019555
 837.000000  0.019384
 838.000000  0.014868
 839.000000  0.019384
 840.000000  0.014917
 841.000000  0.019359
 842.000000  0.019774
 843.000000  0.019433
 844.000000  0.014941
 845.000000  0.014600
 846.000000  0.019652
 847.000000  0.019433
 848.000000  0.014697
 849.000000  0.019408
 850.000000  0.014746
 851.000000  0.019408
 852.000000  0.014941
 853.000000  0.014477
 854.000000  0.020116
 855.000000  0.019408
 856.000000  0.014844
 857.000000  0.014526
 858.000000  0.014795
 859.000000  0.014575
 860.000000  0.019726
 861.000000  0.019335
 862.000000  0.014844
 863.000000  0.014575
 864.000000  0.014893
 865.000000  0.019408
 866.000000  0.019799
 867.000000  0.014575
 868.000000  0.014966
 869.000000  0.019311
 870.000000  0.014941
 871.000000  0.019457
 872.000000  0.015234
 873.000000  0.019408
 874.000000  0.014893
 875.000000  0.019433
 876.000000  0.014697
 877.000000  0.014502
 878.000000  0.015185
 879.000000  0.014624
 880.000000  0.014893
 881.000000  0.019433
 882.000000  0.014941
 883.000000  0.019433
 884.000000  0.015063
 885.000000  0.019384
 886.000000  0.015112
 887.000000  0.014600
 888.000000  0.015259
 889.000000  0.019457
 890.000000  0.015015
 891.000000  0.019384
 892.000000  0.015015
 893.000000  0.019457
 894.000000  0.014844
 895.000000  0.019408
 896.000000  0.014966
 897.000000  0.019433
 898.000000  0.014844
 899.000000  0.019384
 900.000000  0.015161
 901.000000  0.019359
 902.000000  0.019652
 903.000000  0.019457
 904.000000  0.015063
 905.000000  0.019408
 906.000000  0.019823
 907.000000  0.019408
 908.000000  0.019677
 909.000000  0.019384
 910.000000  0.014893
 911.000000  0.019408
 912.000000  0.015015
 913.000000  0.019384
 914.000000  0.014844
 915.000000  0.019384
 916.000000  0.014893
 917.000000  0.019408
 918.000000  0.019701
 919.000000  0.019408
 920.000000  0.019970
 921.000000  0.019408
 922.000000  0.014722
 923.000000  0.019433
 924.000000  0.014819
 925.000000  0.019457
 926.000000  0.014746
 927.000000  0.019482
 928.000000  0.014990
 929.000000  0.019457
 930.000000  0.014844
 931.000000  0.019433
 932.000000  0.014893
 933.000000  0.019506
 934.000000  0.014746
 935.000000  0.019408
 936.000000  0.015063
 937.000000  0.019433
 938.000000  0.015063
 939.000000  0.019408
 940.000000  0.014941
 941.000000  0.019433
 942.000000  0.014868
 943.000000  0.019433
 944.000000  0.014941
 945.000000  0.014502
 946.000000  0.019701
 947.000000  0.019457
 948.000000  0.015039
 949.000000  0.019457
 950.000000  0.019579
 951.000000  0.019433
 952.000000  0.014941
 953.000000  0.019457
 954.000000  0.014917
 955.000000  0.019433
 956.000000  0.015015
 957.000000  0.019433
 958.000000  0.014819
 959.000000  0.014551
 960.000000  0.014722
 961.000000  0.014526
 962.000000  0.019750
 963.000000  0.014453
 964.000000  0.014819
 965.000000  0.019482
 966.000000  0.014844
 967.000000  0.019457
 968.000000  0.014819
 969.000000  0.019433
 970.000000  0.019750
 971.000000  0.019408
 972.000000  0.015234
 973.000000  0.019359
 974.000000  0.014868
 975.000000  0.019433
 976.000000  0.014770
 977.000000  0.019433
 978.000000  0.014868
 979.000000  0.019408
 980.000000  0.014697
 981.000000  0.019433
 982.000000  0.014966
 983.000000  0.014624
 984.000000  0.014844
 985.000000  0.019433
 986.000000  0.014819
 987.000000  0.019433
 988.000000  0.019823
 989.000000  0.019384
 990.000000  0.015137
 991.000000  0.019482
 992.000000  0.015112
 993.000000  0.019359
 994.000000  0.014941
 995.000000  0.019408
 996.000000  0.014819
 997.000000  0.019433
 998.000000  0.019726
 999.000000  0.019408
 1000.000000  0.019750
 1001.000000  0.019384
 1002.000000  0.014868
 1003.000000  0.019359
 1004.000000  0.014746
 1005.000000  0.019457
 1006.000000  0.014746
 1007.000000  0.019433
 1008.000000  0.014844
 1009.000000  0.019359
 1010.000000  0.014648
 1011.000000  0.019433
 1012.000000  0.014868
 1013.000000  0.019359
 1014.000000  0.014648
 1015.000000  0.019482
 1016.000000  0.014770
 1017.000000  0.019433
 1018.000000  0.014819
 1019.000000  0.019359
 1020.000000  0.014795
 1021.000000  0.019384
 1022.000000  0.014770
 1023.000000  0.019359
