 0.000000  0.008520
 1.000000  0.007373
 2.000000  0.008008
 3.000000  0.007349
 4.000000  0.008594
 5.000000  0.007422
 6.000000  0.009033
 7.000000  0.007373
 8.000000  0.008569
 9.000000  0.007422
 10.000000  0.008594
 11.000000  0.007373
 12.000000  0.008618
 13.000000  0.007349
 14.000000  0.008691
 15.000000  0.007349
 16.000000  0.008862
 17.000000  0.007349
 18.000000  0.008960
 19.000000  0.007349
 20.000000  0.008374
 21.000000  0.007422
 22.000000  0.008667
 23.000000  0.007446
 24.000000  0.008716
 25.000000  0.007373
 26.000000  0.009351
 27.000000  0.009790
 28.000000  0.008618
 29.000000  0.007349
 30.000000  0.008569
 31.000000  0.007373
 32.000000  0.008838
 33.000000  0.007422
 34.000000  0.008984
 35.000000  0.007373
 36.000000  0.008887
 37.000000  0.007324
 38.000000  0.009033
 39.000000  0.009765
 40.000000  0.009082
 41.000000  0.007373
 42.000000  0.008472
 43.000000  0.007397
 44.000000  0.008862
 45.000000  0.007373
 46.000000  0.009058
 47.000000  0.007446
 48.000000  0.008740
 49.000000  0.007422
 50.000000  0.008227
 51.000000  0.007349
 52.000000  0.008520
 53.000000  0.007446
 54.000000  0.008569
 55.000000  0.007446
 56.000000  0.008667
 57.000000  0.007349
 58.000000  0.009253
 59.000000  0.009790
 60.000000  0.008740
 61.000000  0.009838
 62.000000  0.008618
 63.000000  0.007397
 64.000000  0.008789
 65.000000  0.007397
 66.000000  0.008667
 67.000000  0.009838
 68.000000  0.008716
 69.000000  0.007349
 70.000000  0.008325
 71.000000  0.007397
 72.000000  0.008496
 73.000000  0.007471
 74.000000  0.008350
 75.000000  0.007593
 76.000000  0.008789
 77.000000  0.007471
 78.000000  0.008740
 79.000000  0.007837
 80.000000  0.008813
 81.000000  0.007617
 82.000000  0.008130
 83.000000  0.007373
 84.000000  0.008179
 85.000000  0.007568
 86.000000  0.008887
 87.000000  0.007935
 88.000000  0.009009
 89.000000  0.007593
 90.000000  0.008667
 91.000000  0.007568
 92.000000  0.008765
 93.000000  0.007397
 94.000000  0.008569
 95.000000  0.007373
 96.000000  0.008594
 97.000000  0.007397
 98.000000  0.008813
 99.000000  0.007446
 100.000000  0.008813
 101.000000  0.009985
 102.000000  0.008447
 103.000000  0.009863
 104.000000  0.008496
 105.000000  0.007446
 106.000000  0.008838
 107.000000  0.007446
 108.000000  0.008887
 109.000000  0.009838
 110.000000  0.008887
 111.000000  0.007544
 112.000000  0.008447
 113.000000  0.007446
 114.000000  0.008618
 115.000000  0.007349
 116.000000  0.008594
 117.000000  0.007422
 118.000000  0.008594
 119.000000  0.007349
 120.000000  0.009033
 121.000000  0.007471
 122.000000  0.008691
 123.000000  0.007446
 124.000000  0.008765
 125.000000  0.007422
 126.000000  0.008740
 127.000000  0.009765
 128.000000  0.008374
 129.000000  0.007349
 130.000000  0.008643
 131.000000  0.009863
 132.000000  0.008350
 133.000000  0.007446
 134.000000  0.008887
 135.000000  0.009790
 136.000000  0.008936
 137.000000  0.007422
 138.000000  0.008911
 139.000000  0.007373
 140.000000  0.008813
 141.000000  0.007324
 142.000000  0.008765
 143.000000  0.007324
 144.000000  0.008594
 145.000000  0.009814
 146.000000  0.008545
 147.000000  0.007373
 148.000000  0.008813
 149.000000  0.009765
 150.000000  0.008740
 151.000000  0.007324
 152.000000  0.008594
 153.000000  0.007397
 154.000000  0.008936
 155.000000  0.007349
 156.000000  0.008545
 157.000000  0.009887
 158.000000  0.008740
 159.000000  0.007349
 160.000000  0.009106
 161.000000  0.007324
 162.000000  0.008716
 163.000000  0.007324
 164.000000  0.008569
 165.000000  0.007373
 166.000000  0.008520
 167.000000  0.007349
 168.000000  0.008667
 169.000000  0.009765
 170.000000  0.008862
 171.000000  0.007349
 172.000000  0.008447
 173.000000  0.007349
 174.000000  0.008496
 175.000000  0.007349
 176.000000  0.008325
 177.000000  0.007324
 178.000000  0.008545
 179.000000  0.009765
 180.000000  0.008057
 181.000000  0.007349
 182.000000  0.008203
 183.000000  0.007324
 184.000000  0.008667
 185.000000  0.007373
 186.000000  0.008643
 187.000000  0.007324
 188.000000  0.008472
 189.000000  0.007349
 190.000000  0.008765
 191.000000  0.007324
 192.000000  0.008545
 193.000000  0.007422
 194.000000  0.008594
 195.000000  0.007349
 196.000000  0.010986
 197.000000  0.007349
 198.000000  0.008545
 199.000000  0.009765
 200.000000  0.008472
 201.000000  0.009790
 202.000000  0.008643
 203.000000  0.007373
 204.000000  0.008667
 205.000000  0.007324
 206.000000  0.008301
 207.000000  0.007324
 208.000000  0.008545
 209.000000  0.009790
 210.000000  0.008887
 211.000000  0.007349
 212.000000  0.008105
 213.000000  0.009765
 214.000000  0.008472
 215.000000  0.007324
 216.000000  0.008643
 217.000000  0.007324
 218.000000  0.008594
 219.000000  0.009790
 220.000000  0.008813
 221.000000  0.007324
 222.000000  0.008472
 223.000000  0.007324
 224.000000  0.008545
 225.000000  0.007324
 226.000000  0.008594
 227.000000  0.009790
 228.000000  0.008594
 229.000000  0.009765
 230.000000  0.008984
 231.000000  0.007495
 232.000000  0.008789
 233.000000  0.010058
 234.000000  0.008423
 235.000000  0.007764
 236.000000  0.008325
 237.000000  0.007666
 238.000000  0.008960
 239.000000  0.010229
 240.000000  0.008984
 241.000000  0.007861
 242.000000  0.008691
 243.000000  0.009863
 244.000000  0.008398
 245.000000  0.007422
 246.000000  0.008789
 247.000000  0.007471
 248.000000  0.008936
 249.000000  0.007397
 250.000000  0.008569
 251.000000  0.007471
 252.000000  0.008765
 253.000000  0.007422
 254.000000  0.008423
 255.000000  0.009887
 256.000000  0.008984
 257.000000  0.007519
 258.000000  0.008594
 259.000000  0.007373
 260.000000  0.008618
 261.000000  0.007446
 262.000000  0.008447
 263.000000  0.009912
 264.000000  0.008643
 265.000000  0.009814
 266.000000  0.008472
 267.000000  0.009814
 268.000000  0.008374
 269.000000  0.009838
 270.000000  0.008618
 271.000000  0.007349
 272.000000  0.008667
 273.000000  0.007446
 274.000000  0.008960
 275.000000  0.009814
 276.000000  0.008740
 277.000000  0.009814
 278.000000  0.008813
 279.000000  0.007397
 280.000000  0.009058
 281.000000  0.009814
 282.000000  0.008618
 283.000000  0.009814
 284.000000  0.008838
 285.000000  0.007349
 286.000000  0.008545
 287.000000  0.007519
 288.000000  0.008569
 289.000000  0.009912
 290.000000  0.008520
 291.000000  0.007349
 292.000000  0.008691
 293.000000  0.007324
 294.000000  0.008691
 295.000000  0.009790
 296.000000  0.008887
 297.000000  0.009887
 298.000000  0.008984
 299.000000  0.009814
 300.000000  0.008447
 301.000000  0.007349
 302.000000  0.008716
 303.000000  0.009790
 304.000000  0.008960
 305.000000  0.007373
 306.000000  0.008716
 307.000000  0.009814
 308.000000  0.009106
 309.000000  0.009814
 310.000000  0.008887
 311.000000  0.007397
 312.000000  0.008862
 313.000000  0.007446
 314.000000  0.008887
 315.000000  0.009814
 316.000000  0.008496
 317.000000  0.007373
 318.000000  0.009106
 319.000000  0.007349
 320.000000  0.008691
 321.000000  0.009765
 322.000000  0.008643
 323.000000  0.009790
 324.000000  0.008716
 325.000000  0.007373
 326.000000  0.008618
 327.000000  0.007324
 328.000000  0.009033
 329.000000  0.009863
 330.000000  0.008960
 331.000000  0.009961
 332.000000  0.009058
 333.000000  0.009863
 334.000000  0.008618
 335.000000  0.009790
 336.000000  0.008960
 337.000000  0.007373
 338.000000  0.009082
 339.000000  0.007324
 340.000000  0.008643
 341.000000  0.010229
 342.000000  0.011254
 343.000000  0.009863
 344.000000  0.009082
 345.000000  0.009790
 346.000000  0.009058
 347.000000  0.007422
 348.000000  0.008740
 349.000000  0.009790
 350.000000  0.009082
 351.000000  0.009863
 352.000000  0.008911
 353.000000  0.009814
 354.000000  0.008813
 355.000000  0.007349
 356.000000  0.008911
 357.000000  0.007397
 358.000000  0.009106
 359.000000  0.009838
 360.000000  0.009253
 361.000000  0.007446
 362.000000  0.008911
 363.000000  0.009814
 364.000000  0.008716
 365.000000  0.007422
 366.000000  0.009033
 367.000000  0.007373
 368.000000  0.009106
 369.000000  0.007593
 370.000000  0.009009
 371.000000  0.009985
 372.000000  0.008765
 373.000000  0.009887
 374.000000  0.008936
 375.000000  0.009961
 376.000000  0.008887
 377.000000  0.007446
 378.000000  0.009155
 379.000000  0.007471
 380.000000  0.008887
 381.000000  0.009887
 382.000000  0.008862
 383.000000  0.007519
 384.000000  0.009106
 385.000000  0.007568
 386.000000  0.009228
 387.000000  0.010009
 388.000000  0.008594
 389.000000  0.009936
 390.000000  0.009082
 391.000000  0.010278
 392.000000  0.008936
 393.000000  0.008032
 394.000000  0.008496
 395.000000  0.007690
 396.000000  0.008618
 397.000000  0.007812
 398.000000  0.009082
 399.000000  0.007959
 400.000000  0.009277
 401.000000  0.010156
 402.000000  0.009033
 403.000000  0.007861
 404.000000  0.008838
 405.000000  0.007812
 406.000000  0.009106
 407.000000  0.007593
 408.000000  0.008765
 409.000000  0.009961
 410.000000  0.009180
 411.000000  0.009961
 412.000000  0.009131
 413.000000  0.007788
 414.000000  0.009277
 415.000000  0.010034
 416.000000  0.009033
 417.000000  0.007690
 418.000000  0.009155
 419.000000  0.007886
 420.000000  0.009326
 421.000000  0.007397
 422.000000  0.008960
 423.000000  0.007617
 424.000000  0.009326
 425.000000  0.010009
 426.000000  0.009253
 427.000000  0.009985
 428.000000  0.009302
 429.000000  0.009985
 430.000000  0.009473
 431.000000  0.009936
 432.000000  0.009253
 433.000000  0.007617
 434.000000  0.009326
 435.000000  0.009985
 436.000000  0.009228
 437.000000  0.010107
 438.000000  0.008936
 439.000000  0.010034
 440.000000  0.009009
 441.000000  0.010009
 442.000000  0.009399
 443.000000  0.009961
 444.000000  0.009570
 445.000000  0.010107
 446.000000  0.009570
 447.000000  0.007617
 448.000000  0.009326
 449.000000  0.010253
 450.000000  0.009351
 451.000000  0.010180
 452.000000  0.009204
 453.000000  0.010107
 454.000000  0.009473
 455.000000  0.010058
 456.000000  0.009570
 457.000000  0.009961
 458.000000  0.009375
 459.000000  0.010058
 460.000000  0.009668
 461.000000  0.010302
 462.000000  0.009424
 463.000000  0.009936
 464.000000  0.009521
 465.000000  0.010546
 466.000000  0.009668
 467.000000  0.007568
 468.000000  0.009644
 469.000000  0.007861
 470.000000  0.009692
 471.000000  0.010449
 472.000000  0.009546
 473.000000  0.007910
 474.000000  0.009644
 475.000000  0.010180
 476.000000  0.009644
 477.000000  0.007788
 478.000000  0.009766
 479.000000  0.010205
 480.000000  0.009644
 481.000000  0.010595
 482.000000  0.009546
 483.000000  0.008276
 484.000000  0.009546
 485.000000  0.010888
 486.000000  0.009668
 487.000000  0.007812
 488.000000  0.009717
 489.000000  0.007886
 490.000000  0.009644
 491.000000  0.010205
 492.000000  0.009619
 493.000000  0.010400
 494.000000  0.009595
 495.000000  0.010253
 496.000000  0.009717
 497.000000  0.007861
 498.000000  0.009692
 499.000000  0.010449
 500.000000  0.009644
 501.000000  0.010302
 502.000000  0.009570
 503.000000  0.010424
 504.000000  0.009644
 505.000000  0.010595
 506.000000  0.009668
 507.000000  0.008130
 508.000000  0.009766
 509.000000  0.008130
 510.000000  0.009766
 511.000000  0.010522
 512.000000  0.009521
 513.000000  0.007959
 514.000000  0.009717
 515.000000  0.008325
 516.000000  0.009668
 517.000000  0.008643
 518.000000  0.009766
 519.000000  0.008472
 520.000000  0.009741
 521.000000  0.008594
 522.000000  0.009644
 523.000000  0.010693
 524.000000  0.009717
 525.000000  0.011230
 526.000000  0.009741
 527.000000  0.010839
 528.000000  0.009717
 529.000000  0.011303
 530.000000  0.009766
 531.000000  0.011352
 532.000000  0.009741
 533.000000  0.009277
 534.000000  0.009766
 535.000000  0.009399
 536.000000  0.009766
 537.000000  0.011743
 538.000000  0.009766
 539.000000  0.011840
 540.000000  0.009717
 541.000000  0.009326
 542.000000  0.009766
 543.000000  0.009570
 544.000000  0.009912
 545.000000  0.009668
 546.000000  0.009961
 547.000000  0.012158
 548.000000  0.010132
 549.000000  0.012133
 550.000000  0.010693
 551.000000  0.013183
 552.000000  0.012134
 553.000000  0.013452
 554.000000  0.021362
 555.000000  0.031299
 556.000000  0.038550
 557.000000  0.035717
 558.000000  0.025586
 559.000000  0.018774
 560.000000  0.017334
 561.000000  0.019458
 562.000000  0.022729
 563.000000  0.025537
 564.000000  0.024927
 565.000000  0.030468
 566.000000  0.034155
 567.000000  0.045556
 568.000000  0.055664
 569.000000  0.063696
 570.000000  0.071362
 571.000000  0.095752
 572.000000  0.144849
 573.000000  0.177710
 574.000000  0.169800
 575.000000  0.141455
 576.000000  0.063501
 577.000000  0.034619
 578.000000  0.025244
 579.000000  0.027539
 580.000000  0.029541
 581.000000  0.031494
 582.000000  0.031226
 583.000000  0.028686
 584.000000  0.018115
 585.000000  0.015527
 586.000000  0.012231
 587.000000  0.013525
 588.000000  0.010815
 589.000000  0.009814
 590.000000  0.009839
 591.000000  0.012158
 592.000000  0.009790
 593.000000  0.009741
 594.000000  0.009766
 595.000000  0.012182
 596.000000  0.009766
 597.000000  0.012182
 598.000000  0.009766
 599.000000  0.011743
 600.000000  0.009766
 601.000000  0.011669
 602.000000  0.009766
 603.000000  0.011523
 604.000000  0.009766
 605.000000  0.011840
 606.000000  0.009766
 607.000000  0.011840
 608.000000  0.009766
 609.000000  0.011669
 610.000000  0.009766
 611.000000  0.011352
 612.000000  0.012207
 613.000000  0.011840
 614.000000  0.012207
 615.000000  0.011767
 616.000000  0.009766
 617.000000  0.009180
 618.000000  0.009741
 619.000000  0.011401
 620.000000  0.009766
 621.000000  0.011181
 622.000000  0.009741
 623.000000  0.011474
 624.000000  0.012207
 625.000000  0.011181
 626.000000  0.009766
 627.000000  0.011328
 628.000000  0.009766
 629.000000  0.010864
 630.000000  0.009766
 631.000000  0.011743
 632.000000  0.009741
 633.000000  0.011328
 634.000000  0.009717
 635.000000  0.010766
 636.000000  0.009766
 637.000000  0.008643
 638.000000  0.009717
 639.000000  0.010913
 640.000000  0.009717
 641.000000  0.011328
 642.000000  0.009766
 643.000000  0.009131
 644.000000  0.012207
 645.000000  0.011279
 646.000000  0.012207
 647.000000  0.011450
 648.000000  0.009766
 649.000000  0.008960
 650.000000  0.009741
 651.000000  0.008936
 652.000000  0.009766
 653.000000  0.009106
 654.000000  0.009741
 655.000000  0.011230
 656.000000  0.009766
 657.000000  0.011132
 658.000000  0.009766
 659.000000  0.008667
 660.000000  0.009741
 661.000000  0.010522
 662.000000  0.009741
 663.000000  0.011059
 664.000000  0.012109
 665.000000  0.010888
 666.000000  0.012207
 667.000000  0.010839
 668.000000  0.009717
 669.000000  0.008618
 670.000000  0.009741
 671.000000  0.008740
 672.000000  0.009644
 673.000000  0.010937
 674.000000  0.012207
 675.000000  0.010742
 676.000000  0.009717
 677.000000  0.010424
 678.000000  0.009692
 679.000000  0.011108
 680.000000  0.009692
 681.000000  0.008325
 682.000000  0.009717
 683.000000  0.010595
 684.000000  0.009644
 685.000000  0.011059
 686.000000  0.009717
 687.000000  0.008862
 688.000000  0.012133
 689.000000  0.008350
 690.000000  0.012182
 691.000000  0.011084
 692.000000  0.009717
 693.000000  0.010669
 694.000000  0.009692
 695.000000  0.010742
 696.000000  0.012207
 697.000000  0.011035
 698.000000  0.009692
 699.000000  0.010839
 700.000000  0.009570
 701.000000  0.008545
 702.000000  0.009619
 703.000000  0.008545
 704.000000  0.011962
 705.000000  0.011059
 706.000000  0.009473
 707.000000  0.008374
 708.000000  0.009228
 709.000000  0.010620
 710.000000  0.009131
 711.000000  0.011254
 712.000000  0.009668
 713.000000  0.011328
 714.000000  0.009692
 715.000000  0.011401
 716.000000  0.009717
 717.000000  0.011425
 718.000000  0.009692
 719.000000  0.010644
 720.000000  0.009570
 721.000000  0.011010
 722.000000  0.009717
 723.000000  0.011352
 724.000000  0.009692
 725.000000  0.010937
 726.000000  0.009692
 727.000000  0.011059
 728.000000  0.009668
 729.000000  0.008887
 730.000000  0.009668
 731.000000  0.010961
 732.000000  0.009741
 733.000000  0.011254
 734.000000  0.012207
 735.000000  0.011621
 736.000000  0.009668
 737.000000  0.011352
 738.000000  0.009595
 739.000000  0.011059
 740.000000  0.009717
 741.000000  0.011401
 742.000000  0.009766
 743.000000  0.008545
 744.000000  0.009717
 745.000000  0.011596
 746.000000  0.009766
 747.000000  0.008789
 748.000000  0.009766
 749.000000  0.010791
 750.000000  0.009741
 751.000000  0.011352
 752.000000  0.012207
 753.000000  0.011865
 754.000000  0.009741
 755.000000  0.011303
 756.000000  0.009766
 757.000000  0.011010
 758.000000  0.009741
 759.000000  0.009009
 760.000000  0.009741
 761.000000  0.011499
 762.000000  0.009766
 763.000000  0.011010
 764.000000  0.009766
 765.000000  0.010742
 766.000000  0.009717
 767.000000  0.008496
 768.000000  0.009692
 769.000000  0.010400
 770.000000  0.009644
 771.000000  0.010327
 772.000000  0.009692
 773.000000  0.010839
 774.000000  0.012182
 775.000000  0.011108
 776.000000  0.012207
 777.000000  0.010766
 778.000000  0.009717
 779.000000  0.008227
 780.000000  0.009766
 781.000000  0.008960
 782.000000  0.012182
 783.000000  0.010986
 784.000000  0.009668
 785.000000  0.010669
 786.000000  0.009766
 787.000000  0.010864
 788.000000  0.012207
 789.000000  0.010449
 790.000000  0.009741
 791.000000  0.010815
 792.000000  0.009766
 793.000000  0.010620
 794.000000  0.009717
 795.000000  0.011279
 796.000000  0.009766
 797.000000  0.011499
 798.000000  0.009766
 799.000000  0.010839
 800.000000  0.009692
 801.000000  0.010498
 802.000000  0.012207
 803.000000  0.010839
 804.000000  0.009692
 805.000000  0.010864
 806.000000  0.009644
 807.000000  0.010449
 808.000000  0.012182
 809.000000  0.008447
 810.000000  0.009766
 811.000000  0.008545
 812.000000  0.009741
 813.000000  0.008179
 814.000000  0.009717
 815.000000  0.010620
 816.000000  0.009717
 817.000000  0.010986
 818.000000  0.009741
 819.000000  0.010937
 820.000000  0.009741
 821.000000  0.010571
 822.000000  0.009619
 823.000000  0.011132
 824.000000  0.012182
 825.000000  0.011010
 826.000000  0.009692
 827.000000  0.010424
 828.000000  0.009644
 829.000000  0.011108
 830.000000  0.009717
 831.000000  0.010449
 832.000000  0.009668
 833.000000  0.010717
 834.000000  0.009668
 835.000000  0.010351
 836.000000  0.012109
 837.000000  0.010571
 838.000000  0.009741
 839.000000  0.010546
 840.000000  0.009741
 841.000000  0.011010
 842.000000  0.012085
 843.000000  0.011352
 844.000000  0.009766
 845.000000  0.008716
 846.000000  0.012036
 847.000000  0.010815
 848.000000  0.009448
 849.000000  0.010937
 850.000000  0.009546
 851.000000  0.010766
 852.000000  0.009546
 853.000000  0.008227
 854.000000  0.012133
 855.000000  0.010913
 856.000000  0.009424
 857.000000  0.008618
 858.000000  0.009570
 859.000000  0.008350
 860.000000  0.011718
 861.000000  0.010717
 862.000000  0.009326
 863.000000  0.008911
 864.000000  0.009521
 865.000000  0.011352
 866.000000  0.011938
 867.000000  0.008398
 868.000000  0.009228
 869.000000  0.010693
 870.000000  0.009644
 871.000000  0.011059
 872.000000  0.009644
 873.000000  0.010864
 874.000000  0.009546
 875.000000  0.010913
 876.000000  0.009497
 877.000000  0.008130
 878.000000  0.009668
 879.000000  0.008032
 880.000000  0.009570
 881.000000  0.011132
 882.000000  0.009668
 883.000000  0.011108
 884.000000  0.009668
 885.000000  0.011230
 886.000000  0.009741
 887.000000  0.008325
 888.000000  0.009692
 889.000000  0.010937
 890.000000  0.009595
 891.000000  0.010546
 892.000000  0.009644
 893.000000  0.011059
 894.000000  0.009741
 895.000000  0.010864
 896.000000  0.009595
 897.000000  0.011035
 898.000000  0.009717
 899.000000  0.010717
 900.000000  0.009766
 901.000000  0.011377
 902.000000  0.012207
 903.000000  0.010815
 904.000000  0.009668
 905.000000  0.010815
 906.000000  0.012158
 907.000000  0.010571
 908.000000  0.012109
 909.000000  0.010693
 910.000000  0.009692
 911.000000  0.010400
 912.000000  0.009766
 913.000000  0.010424
 914.000000  0.009692
 915.000000  0.010669
 916.000000  0.009766
 917.000000  0.011084
 918.000000  0.012133
 919.000000  0.010644
 920.000000  0.012182
 921.000000  0.010766
 922.000000  0.009717
 923.000000  0.010253
 924.000000  0.009766
 925.000000  0.010595
 926.000000  0.009668
 927.000000  0.010571
 928.000000  0.009741
 929.000000  0.010839
 930.000000  0.009692
 931.000000  0.011572
 932.000000  0.009741
 933.000000  0.011474
 934.000000  0.009766
 935.000000  0.010961
 936.000000  0.009741
 937.000000  0.010571
 938.000000  0.009692
 939.000000  0.010327
 940.000000  0.009741
 941.000000  0.010742
 942.000000  0.009644
 943.000000  0.010449
 944.000000  0.009692
 945.000000  0.007959
 946.000000  0.012158
 947.000000  0.011157
 948.000000  0.009766
 949.000000  0.010815
 950.000000  0.012133
 951.000000  0.010791
 952.000000  0.009766
 953.000000  0.011303
 954.000000  0.009741
 955.000000  0.010302
 956.000000  0.009717
 957.000000  0.010620
 958.000000  0.009717
 959.000000  0.008618
 960.000000  0.009717
 961.000000  0.008105
 962.000000  0.012133
 963.000000  0.007812
 964.000000  0.009595
 965.000000  0.010986
 966.000000  0.009619
 967.000000  0.010571
 968.000000  0.009668
 969.000000  0.010669
 970.000000  0.012158
 971.000000  0.010644
 972.000000  0.009692
 973.000000  0.010815
 974.000000  0.009692
 975.000000  0.010913
 976.000000  0.009692
 977.000000  0.010693
 978.000000  0.009668
 979.000000  0.010034
 980.000000  0.009644
 981.000000  0.010717
 982.000000  0.009619
 983.000000  0.007983
 984.000000  0.009473
 985.000000  0.010693
 986.000000  0.009619
 987.000000  0.010449
 988.000000  0.012109
 989.000000  0.010546
 990.000000  0.009717
 991.000000  0.011157
 992.000000  0.009692
 993.000000  0.010815
 994.000000  0.009668
 995.000000  0.011352
 996.000000  0.009668
 997.000000  0.011132
 998.000000  0.012036
 999.000000  0.010791
 1000.000000  0.011987
 1001.000000  0.010815
 1002.000000  0.009448
 1003.000000  0.010180
 1004.000000  0.009521
 1005.000000  0.010766
 1006.000000  0.009570
 1007.000000  0.010351
 1008.000000  0.009424
 1009.000000  0.010327
 1010.000000  0.009399
 1011.000000  0.010156
 1012.000000  0.009204
 1013.000000  0.010546
 1014.000000  0.009155
 1015.000000  0.010595
 1016.000000  0.009155
 1017.000000  0.010913
 1018.000000  0.009180
 1019.000000  0.010278
 1020.000000  0.008838
 1021.000000  0.010278
 1022.000000  0.008691
 1023.000000  0.011132
