 0.000000  0.008032
 1.000000  0.007373
 2.000000  0.008081
 3.000000  0.007373
 4.000000  0.008105
 5.000000  0.007397
 6.000000  0.008667
 7.000000  0.007422
 8.000000  0.008105
 9.000000  0.007397
 10.000000  0.008252
 11.000000  0.007324
 12.000000  0.008447
 13.000000  0.007373
 14.000000  0.008179
 15.000000  0.007349
 16.000000  0.008472
 17.000000  0.007373
 18.000000  0.008398
 19.000000  0.007397
 20.000000  0.008130
 21.000000  0.007397
 22.000000  0.008008
 23.000000  0.007397
 24.000000  0.008398
 25.000000  0.007373
 26.000000  0.008838
 27.000000  0.009814
 28.000000  0.008179
 29.000000  0.007397
 30.000000  0.008252
 31.000000  0.007446
 32.000000  0.008374
 33.000000  0.007349
 34.000000  0.008276
 35.000000  0.007422
 36.000000  0.008203
 37.000000  0.007373
 38.000000  0.008520
 39.000000  0.009863
 40.000000  0.008398
 41.000000  0.007446
 42.000000  0.008301
 43.000000  0.007349
 44.000000  0.008423
 45.000000  0.007349
 46.000000  0.008472
 47.000000  0.007373
 48.000000  0.008203
 49.000000  0.007373
 50.000000  0.007935
 51.000000  0.007373
 52.000000  0.008105
 53.000000  0.007349
 54.000000  0.008276
 55.000000  0.007373
 56.000000  0.008447
 57.000000  0.007349
 58.000000  0.008569
 59.000000  0.009790
 60.000000  0.008618
 61.000000  0.009814
 62.000000  0.008008
 63.000000  0.007349
 64.000000  0.008667
 65.000000  0.007349
 66.000000  0.008374
 67.000000  0.009814
 68.000000  0.008179
 69.000000  0.007324
 70.000000  0.008179
 71.000000  0.007324
 72.000000  0.008008
 73.000000  0.007373
 74.000000  0.008008
 75.000000  0.007300
 76.000000  0.008252
 77.000000  0.007324
 78.000000  0.008081
 79.000000  0.007349
 80.000000  0.008398
 81.000000  0.007324
 82.000000  0.007935
 83.000000  0.007349
 84.000000  0.007935
 85.000000  0.007373
 86.000000  0.007959
 87.000000  0.007349
 88.000000  0.008203
 89.000000  0.007373
 90.000000  0.008105
 91.000000  0.007373
 92.000000  0.008227
 93.000000  0.007349
 94.000000  0.008081
 95.000000  0.007324
 96.000000  0.008203
 97.000000  0.007324
 98.000000  0.008301
 99.000000  0.007397
 100.000000  0.008276
 101.000000  0.009790
 102.000000  0.007861
 103.000000  0.009814
 104.000000  0.007935
 105.000000  0.007349
 106.000000  0.008374
 107.000000  0.007373
 108.000000  0.008276
 109.000000  0.009790
 110.000000  0.008179
 111.000000  0.007373
 112.000000  0.007910
 113.000000  0.007373
 114.000000  0.008252
 115.000000  0.007373
 116.000000  0.008154
 117.000000  0.007397
 118.000000  0.008276
 119.000000  0.007324
 120.000000  0.008203
 121.000000  0.007324
 122.000000  0.008179
 123.000000  0.007324
 124.000000  0.008252
 125.000000  0.007397
 126.000000  0.008227
 127.000000  0.009838
 128.000000  0.008081
 129.000000  0.007373
 130.000000  0.008447
 131.000000  0.009838
 132.000000  0.008057
 133.000000  0.007349
 134.000000  0.008472
 135.000000  0.009790
 136.000000  0.008423
 137.000000  0.007397
 138.000000  0.008325
 139.000000  0.007349
 140.000000  0.008374
 141.000000  0.007324
 142.000000  0.008032
 143.000000  0.007422
 144.000000  0.008008
 145.000000  0.009765
 146.000000  0.007935
 147.000000  0.007349
 148.000000  0.008350
 149.000000  0.009814
 150.000000  0.008227
 151.000000  0.007300
 152.000000  0.008179
 153.000000  0.007349
 154.000000  0.008032
 155.000000  0.007397
 156.000000  0.007861
 157.000000  0.009790
 158.000000  0.007959
 159.000000  0.007349
 160.000000  0.008301
 161.000000  0.007349
 162.000000  0.008130
 163.000000  0.007349
 164.000000  0.007690
 165.000000  0.007349
 166.000000  0.007886
 167.000000  0.007349
 168.000000  0.008154
 169.000000  0.009838
 170.000000  0.007837
 171.000000  0.007324
 172.000000  0.007739
 173.000000  0.007397
 174.000000  0.007861
 175.000000  0.007324
 176.000000  0.008008
 177.000000  0.007349
 178.000000  0.008179
 179.000000  0.009741
 180.000000  0.008154
 181.000000  0.007422
 182.000000  0.007983
 183.000000  0.007422
 184.000000  0.007886
 185.000000  0.007422
 186.000000  0.008081
 187.000000  0.007373
 188.000000  0.007812
 189.000000  0.007373
 190.000000  0.007983
 191.000000  0.007275
 192.000000  0.007886
 193.000000  0.007349
 194.000000  0.008032
 195.000000  0.007349
 196.000000  0.010571
 197.000000  0.007324
 198.000000  0.007983
 199.000000  0.009765
 200.000000  0.008105
 201.000000  0.009790
 202.000000  0.007837
 203.000000  0.007324
 204.000000  0.007861
 205.000000  0.007349
 206.000000  0.007861
 207.000000  0.007349
 208.000000  0.007910
 209.000000  0.009765
 210.000000  0.008057
 211.000000  0.007324
 212.000000  0.007788
 213.000000  0.009765
 214.000000  0.007861
 215.000000  0.007373
 216.000000  0.007788
 217.000000  0.007324
 218.000000  0.007861
 219.000000  0.009765
 220.000000  0.008081
 221.000000  0.007349
 222.000000  0.007715
 223.000000  0.007349
 224.000000  0.008032
 225.000000  0.007349
 226.000000  0.007764
 227.000000  0.009741
 228.000000  0.008350
 229.000000  0.009741
 230.000000  0.008252
 231.000000  0.007324
 232.000000  0.008252
 233.000000  0.009814
 234.000000  0.007715
 235.000000  0.007373
 236.000000  0.007861
 237.000000  0.007324
 238.000000  0.007764
 239.000000  0.009765
 240.000000  0.008032
 241.000000  0.007349
 242.000000  0.008081
 243.000000  0.009765
 244.000000  0.007837
 245.000000  0.007324
 246.000000  0.007910
 247.000000  0.007324
 248.000000  0.008154
 249.000000  0.007324
 250.000000  0.007861
 251.000000  0.007349
 252.000000  0.007837
 253.000000  0.007349
 254.000000  0.007568
 255.000000  0.009790
 256.000000  0.007764
 257.000000  0.007324
 258.000000  0.007886
 259.000000  0.007324
 260.000000  0.007886
 261.000000  0.007300
 262.000000  0.007812
 263.000000  0.009814
 264.000000  0.007764
 265.000000  0.009790
 266.000000  0.007617
 267.000000  0.009765
 268.000000  0.007593
 269.000000  0.009765
 270.000000  0.007739
 271.000000  0.007349
 272.000000  0.007861
 273.000000  0.007373
 274.000000  0.007837
 275.000000  0.009814
 276.000000  0.007886
 277.000000  0.009814
 278.000000  0.008057
 279.000000  0.007324
 280.000000  0.008105
 281.000000  0.009814
 282.000000  0.007886
 283.000000  0.009765
 284.000000  0.008154
 285.000000  0.007349
 286.000000  0.007861
 287.000000  0.007349
 288.000000  0.007959
 289.000000  0.009814
 290.000000  0.007935
 291.000000  0.007324
 292.000000  0.007764
 293.000000  0.007349
 294.000000  0.007910
 295.000000  0.009741
 296.000000  0.008105
 297.000000  0.009838
 298.000000  0.008252
 299.000000  0.009765
 300.000000  0.008008
 301.000000  0.007349
 302.000000  0.007812
 303.000000  0.009814
 304.000000  0.008130
 305.000000  0.007349
 306.000000  0.007983
 307.000000  0.009814
 308.000000  0.008179
 309.000000  0.009838
 310.000000  0.008081
 311.000000  0.007397
 312.000000  0.007959
 313.000000  0.007324
 314.000000  0.008105
 315.000000  0.009765
 316.000000  0.008008
 317.000000  0.007349
 318.000000  0.007983
 319.000000  0.007300
 320.000000  0.008081
 321.000000  0.009790
 322.000000  0.008057
 323.000000  0.009790
 324.000000  0.007886
 325.000000  0.007349
 326.000000  0.007690
 327.000000  0.007373
 328.000000  0.007935
 329.000000  0.009790
 330.000000  0.008008
 331.000000  0.009765
 332.000000  0.008032
 333.000000  0.009765
 334.000000  0.007886
 335.000000  0.009863
 336.000000  0.008057
 337.000000  0.007324
 338.000000  0.008252
 339.000000  0.007324
 340.000000  0.007959
 341.000000  0.009814
 342.000000  0.010571
 343.000000  0.009765
 344.000000  0.008130
 345.000000  0.009790
 346.000000  0.008179
 347.000000  0.007373
 348.000000  0.007690
 349.000000  0.009790
 350.000000  0.008105
 351.000000  0.009765
 352.000000  0.007886
 353.000000  0.009765
 354.000000  0.007959
 355.000000  0.007373
 356.000000  0.007788
 357.000000  0.007373
 358.000000  0.008350
 359.000000  0.009814
 360.000000  0.008301
 361.000000  0.007300
 362.000000  0.008105
 363.000000  0.009863
 364.000000  0.007959
 365.000000  0.007324
 366.000000  0.008276
 367.000000  0.007373
 368.000000  0.008081
 369.000000  0.007373
 370.000000  0.008032
 371.000000  0.009814
 372.000000  0.008057
 373.000000  0.009814
 374.000000  0.007935
 375.000000  0.009790
 376.000000  0.008252
 377.000000  0.007422
 378.000000  0.008447
 379.000000  0.007397
 380.000000  0.008276
 381.000000  0.009790
 382.000000  0.007983
 383.000000  0.007373
 384.000000  0.008252
 385.000000  0.007397
 386.000000  0.008325
 387.000000  0.009814
 388.000000  0.008032
 389.000000  0.009814
 390.000000  0.008496
 391.000000  0.009814
 392.000000  0.008276
 393.000000  0.007373
 394.000000  0.007935
 395.000000  0.007373
 396.000000  0.008032
 397.000000  0.007349
 398.000000  0.008057
 399.000000  0.007324
 400.000000  0.008374
 401.000000  0.009790
 402.000000  0.008154
 403.000000  0.007373
 404.000000  0.007935
 405.000000  0.007373
 406.000000  0.008130
 407.000000  0.007422
 408.000000  0.008154
 409.000000  0.009814
 410.000000  0.007983
 411.000000  0.009765
 412.000000  0.008032
 413.000000  0.007373
 414.000000  0.008520
 415.000000  0.009814
 416.000000  0.008032
 417.000000  0.007446
 418.000000  0.008203
 419.000000  0.007324
 420.000000  0.008081
 421.000000  0.007373
 422.000000  0.007959
 423.000000  0.007324
 424.000000  0.008130
 425.000000  0.009790
 426.000000  0.007983
 427.000000  0.009863
 428.000000  0.008276
 429.000000  0.009790
 430.000000  0.008643
 431.000000  0.009790
 432.000000  0.008350
 433.000000  0.007349
 434.000000  0.008105
 435.000000  0.009790
 436.000000  0.008179
 437.000000  0.009814
 438.000000  0.008057
 439.000000  0.009838
 440.000000  0.008032
 441.000000  0.009790
 442.000000  0.008496
 443.000000  0.009838
 444.000000  0.008301
 445.000000  0.009814
 446.000000  0.008691
 447.000000  0.007349
 448.000000  0.008203
 449.000000  0.009887
 450.000000  0.008154
 451.000000  0.009863
 452.000000  0.008008
 453.000000  0.009838
 454.000000  0.008350
 455.000000  0.009814
 456.000000  0.008423
 457.000000  0.009838
 458.000000  0.008496
 459.000000  0.009838
 460.000000  0.008472
 461.000000  0.009887
 462.000000  0.008374
 463.000000  0.009790
 464.000000  0.008374
 465.000000  0.009814
 466.000000  0.008765
 467.000000  0.007373
 468.000000  0.008472
 469.000000  0.007349
 470.000000  0.008520
 471.000000  0.009863
 472.000000  0.008227
 473.000000  0.007373
 474.000000  0.008618
 475.000000  0.009814
 476.000000  0.008447
 477.000000  0.007373
 478.000000  0.008423
 479.000000  0.009814
 480.000000  0.008716
 481.000000  0.009985
 482.000000  0.008472
 483.000000  0.007495
 484.000000  0.008350
 485.000000  0.009863
 486.000000  0.008691
 487.000000  0.007397
 488.000000  0.008569
 489.000000  0.007373
 490.000000  0.008520
 491.000000  0.009887
 492.000000  0.008520
 493.000000  0.009863
 494.000000  0.008472
 495.000000  0.009814
 496.000000  0.008496
 497.000000  0.007495
 498.000000  0.008520
 499.000000  0.009887
 500.000000  0.008716
 501.000000  0.009912
 502.000000  0.008057
 503.000000  0.009814
 504.000000  0.008594
 505.000000  0.009863
 506.000000  0.008789
 507.000000  0.007397
 508.000000  0.008911
 509.000000  0.007397
 510.000000  0.008887
 511.000000  0.009863
 512.000000  0.008496
 513.000000  0.007349
 514.000000  0.008618
 515.000000  0.007397
 516.000000  0.008618
 517.000000  0.007471
 518.000000  0.008838
 519.000000  0.007519
 520.000000  0.009204
 521.000000  0.007568
 522.000000  0.008813
 523.000000  0.009985
 524.000000  0.009033
 525.000000  0.009838
 526.000000  0.009302
 527.000000  0.009887
 528.000000  0.009180
 529.000000  0.010083
 530.000000  0.009375
 531.000000  0.010229
 532.000000  0.009424
 533.000000  0.007886
 534.000000  0.009302
 535.000000  0.008081
 536.000000  0.009375
 537.000000  0.010253
 538.000000  0.009619
 539.000000  0.010278
 540.000000  0.009717
 541.000000  0.008374
 542.000000  0.009741
 543.000000  0.009082
 544.000000  0.009741
 545.000000  0.008960
 546.000000  0.009790
 547.000000  0.011596
 548.000000  0.009766
 549.000000  0.012109
 550.000000  0.009766
 551.000000  0.012182
 552.000000  0.010034
 553.000000  0.010181
 554.000000  0.012158
 555.000000  0.012109
 556.000000  0.012158
 557.000000  0.013330
 558.000000  0.012231
 559.000000  0.014672
 560.000000  0.014624
 561.000000  0.015967
 562.000000  0.027222
 563.000000  0.081005
 564.000000  0.177563
 565.000000  0.231567
 566.000000  0.190601
 567.000000  0.127954
 568.000000  0.034302
 569.000000  0.019311
 570.000000  0.014624
 571.000000  0.014672
 572.000000  0.012231
 573.000000  0.013574
 574.000000  0.011084
 575.000000  0.012231
 576.000000  0.009888
 577.000000  0.012182
 578.000000  0.009790
 579.000000  0.012011
 580.000000  0.009766
 581.000000  0.009326
 582.000000  0.009692
 583.000000  0.011328
 584.000000  0.009644
 585.000000  0.010913
 586.000000  0.009717
 587.000000  0.010986
 588.000000  0.009619
 589.000000  0.007812
 590.000000  0.009644
 591.000000  0.010058
 592.000000  0.009326
 593.000000  0.007690
 594.000000  0.009448
 595.000000  0.010083
 596.000000  0.009375
 597.000000  0.010058
 598.000000  0.009277
 599.000000  0.009838
 600.000000  0.008887
 601.000000  0.009887
 602.000000  0.008936
 603.000000  0.009838
 604.000000  0.009424
 605.000000  0.010009
 606.000000  0.009302
 607.000000  0.010058
 608.000000  0.009326
 609.000000  0.010083
 610.000000  0.009351
 611.000000  0.009961
 612.000000  0.011547
 613.000000  0.009863
 614.000000  0.011377
 615.000000  0.009912
 616.000000  0.009131
 617.000000  0.007642
 618.000000  0.009082
 619.000000  0.010009
 620.000000  0.008862
 621.000000  0.009838
 622.000000  0.008813
 623.000000  0.009838
 624.000000  0.011279
 625.000000  0.009814
 626.000000  0.008569
 627.000000  0.009863
 628.000000  0.009082
 629.000000  0.009814
 630.000000  0.008838
 631.000000  0.010009
 632.000000  0.008862
 633.000000  0.009863
 634.000000  0.008984
 635.000000  0.009863
 636.000000  0.008911
 637.000000  0.007446
 638.000000  0.008569
 639.000000  0.009887
 640.000000  0.008862
 641.000000  0.009863
 642.000000  0.008398
 643.000000  0.007495
 644.000000  0.011108
 645.000000  0.009838
 646.000000  0.011230
 647.000000  0.009863
 648.000000  0.008911
 649.000000  0.007568
 650.000000  0.008618
 651.000000  0.007373
 652.000000  0.008936
 653.000000  0.007544
 654.000000  0.008936
 655.000000  0.010009
 656.000000  0.008984
 657.000000  0.009838
 658.000000  0.008691
 659.000000  0.007446
 660.000000  0.008765
 661.000000  0.009838
 662.000000  0.008545
 663.000000  0.009790
 664.000000  0.010620
 665.000000  0.009838
 666.000000  0.011279
 667.000000  0.009863
 668.000000  0.008252
 669.000000  0.007422
 670.000000  0.008838
 671.000000  0.007471
 672.000000  0.008496
 673.000000  0.009814
 674.000000  0.011279
 675.000000  0.009814
 676.000000  0.008691
 677.000000  0.009887
 678.000000  0.008301
 679.000000  0.009838
 680.000000  0.008447
 681.000000  0.007349
 682.000000  0.008740
 683.000000  0.009814
 684.000000  0.008447
 685.000000  0.009790
 686.000000  0.008447
 687.000000  0.007568
 688.000000  0.010986
 689.000000  0.007397
 690.000000  0.011572
 691.000000  0.009838
 692.000000  0.009155
 693.000000  0.009814
 694.000000  0.008594
 695.000000  0.009765
 696.000000  0.010791
 697.000000  0.009838
 698.000000  0.008569
 699.000000  0.009814
 700.000000  0.008594
 701.000000  0.007324
 702.000000  0.008520
 703.000000  0.007446
 704.000000  0.011035
 705.000000  0.009814
 706.000000  0.008398
 707.000000  0.007373
 708.000000  0.008789
 709.000000  0.009814
 710.000000  0.008301
 711.000000  0.009863
 712.000000  0.008520
 713.000000  0.010009
 714.000000  0.008667
 715.000000  0.009887
 716.000000  0.008887
 717.000000  0.009814
 718.000000  0.008691
 719.000000  0.009814
 720.000000  0.008765
 721.000000  0.009936
 722.000000  0.008765
 723.000000  0.009838
 724.000000  0.008813
 725.000000  0.009838
 726.000000  0.008887
 727.000000  0.009814
 728.000000  0.008691
 729.000000  0.007446
 730.000000  0.008862
 731.000000  0.009936
 732.000000  0.008447
 733.000000  0.009936
 734.000000  0.011328
 735.000000  0.009838
 736.000000  0.008398
 737.000000  0.009814
 738.000000  0.008447
 739.000000  0.009790
 740.000000  0.008716
 741.000000  0.009887
 742.000000  0.008911
 743.000000  0.007349
 744.000000  0.008350
 745.000000  0.009912
 746.000000  0.008643
 747.000000  0.007446
 748.000000  0.008960
 749.000000  0.009863
 750.000000  0.008813
 751.000000  0.009985
 752.000000  0.011132
 753.000000  0.009985
 754.000000  0.008594
 755.000000  0.009838
 756.000000  0.008740
 757.000000  0.009863
 758.000000  0.008618
 759.000000  0.007568
 760.000000  0.008838
 761.000000  0.009912
 762.000000  0.008838
 763.000000  0.009838
 764.000000  0.008838
 765.000000  0.009814
 766.000000  0.008227
 767.000000  0.007519
 768.000000  0.008276
 769.000000  0.009814
 770.000000  0.008325
 771.000000  0.009863
 772.000000  0.008032
 773.000000  0.009790
 774.000000  0.010864
 775.000000  0.009838
 776.000000  0.010986
 777.000000  0.009961
 778.000000  0.008374
 779.000000  0.007373
 780.000000  0.008545
 781.000000  0.007397
 782.000000  0.010986
 783.000000  0.009863
 784.000000  0.008301
 785.000000  0.009814
 786.000000  0.008960
 787.000000  0.009863
 788.000000  0.010839
 789.000000  0.009838
 790.000000  0.008276
 791.000000  0.009790
 792.000000  0.008105
 793.000000  0.009765
 794.000000  0.008325
 795.000000  0.009912
 796.000000  0.008594
 797.000000  0.009887
 798.000000  0.008203
 799.000000  0.009838
 800.000000  0.008179
 801.000000  0.009790
 802.000000  0.010791
 803.000000  0.009838
 804.000000  0.008081
 805.000000  0.009863
 806.000000  0.008032
 807.000000  0.009814
 808.000000  0.010864
 809.000000  0.007373
 810.000000  0.008423
 811.000000  0.007471
 812.000000  0.008325
 813.000000  0.007300
 814.000000  0.008374
 815.000000  0.009863
 816.000000  0.008325
 817.000000  0.009838
 818.000000  0.008691
 819.000000  0.009887
 820.000000  0.008325
 821.000000  0.009838
 822.000000  0.007910
 823.000000  0.009814
 824.000000  0.011010
 825.000000  0.009765
 826.000000  0.008325
 827.000000  0.009790
 828.000000  0.008032
 829.000000  0.009838
 830.000000  0.008105
 831.000000  0.009814
 832.000000  0.008105
 833.000000  0.009765
 834.000000  0.008276
 835.000000  0.009814
 836.000000  0.010498
 837.000000  0.009814
 838.000000  0.008154
 839.000000  0.009814
 840.000000  0.008374
 841.000000  0.009814
 842.000000  0.010888
 843.000000  0.009838
 844.000000  0.008398
 845.000000  0.007397
 846.000000  0.010571
 847.000000  0.009790
 848.000000  0.007788
 849.000000  0.009863
 850.000000  0.007983
 851.000000  0.009790
 852.000000  0.007959
 853.000000  0.007324
 854.000000  0.011059
 855.000000  0.009765
 856.000000  0.008154
 857.000000  0.007349
 858.000000  0.008179
 859.000000  0.007373
 860.000000  0.010620
 861.000000  0.009790
 862.000000  0.007886
 863.000000  0.007349
 864.000000  0.007910
 865.000000  0.009814
 866.000000  0.010473
 867.000000  0.007373
 868.000000  0.008325
 869.000000  0.009790
 870.000000  0.008594
 871.000000  0.009838
 872.000000  0.008667
 873.000000  0.009814
 874.000000  0.008179
 875.000000  0.009790
 876.000000  0.007959
 877.000000  0.007324
 878.000000  0.008472
 879.000000  0.007324
 880.000000  0.008057
 881.000000  0.009790
 882.000000  0.008057
 883.000000  0.009790
 884.000000  0.008325
 885.000000  0.009814
 886.000000  0.008252
 887.000000  0.007373
 888.000000  0.008569
 889.000000  0.009765
 890.000000  0.008325
 891.000000  0.009838
 892.000000  0.008545
 893.000000  0.009814
 894.000000  0.008203
 895.000000  0.009790
 896.000000  0.008130
 897.000000  0.009887
 898.000000  0.008008
 899.000000  0.009814
 900.000000  0.008740
 901.000000  0.009838
 902.000000  0.010986
 903.000000  0.009790
 904.000000  0.008325
 905.000000  0.009814
 906.000000  0.010766
 907.000000  0.009790
 908.000000  0.010498
 909.000000  0.009887
 910.000000  0.007959
 911.000000  0.009765
 912.000000  0.008081
 913.000000  0.009765
 914.000000  0.008154
 915.000000  0.009790
 916.000000  0.008423
 917.000000  0.009814
 918.000000  0.010620
 919.000000  0.009814
 920.000000  0.011108
 921.000000  0.009814
 922.000000  0.008374
 923.000000  0.009790
 924.000000  0.008496
 925.000000  0.009765
 926.000000  0.008276
 927.000000  0.009790
 928.000000  0.008398
 929.000000  0.009790
 930.000000  0.008179
 931.000000  0.009863
 932.000000  0.008643
 933.000000  0.009814
 934.000000  0.008643
 935.000000  0.009887
 936.000000  0.008618
 937.000000  0.009838
 938.000000  0.008667
 939.000000  0.009790
 940.000000  0.008301
 941.000000  0.009838
 942.000000  0.008643
 943.000000  0.009814
 944.000000  0.008350
 945.000000  0.007324
 946.000000  0.011059
 947.000000  0.009814
 948.000000  0.008765
 949.000000  0.009838
 950.000000  0.010644
 951.000000  0.009863
 952.000000  0.008545
 953.000000  0.010009
 954.000000  0.008154
 955.000000  0.009814
 956.000000  0.008423
 957.000000  0.009887
 958.000000  0.008105
 959.000000  0.007349
 960.000000  0.008081
 961.000000  0.007422
 962.000000  0.010742
 963.000000  0.007349
 964.000000  0.007812
 965.000000  0.009863
 966.000000  0.008252
 967.000000  0.009814
 968.000000  0.008154
 969.000000  0.009814
 970.000000  0.010717
 971.000000  0.009790
 972.000000  0.008276
 973.000000  0.009863
 974.000000  0.008154
 975.000000  0.009765
 976.000000  0.008130
 977.000000  0.009863
 978.000000  0.008154
 979.000000  0.009838
 980.000000  0.008130
 981.000000  0.009887
 982.000000  0.008008
 983.000000  0.007397
 984.000000  0.008154
 985.000000  0.009838
 986.000000  0.008398
 987.000000  0.009765
 988.000000  0.010864
 989.000000  0.009790
 990.000000  0.008765
 991.000000  0.009887
 992.000000  0.008520
 993.000000  0.009790
 994.000000  0.008227
 995.000000  0.009912
 996.000000  0.008252
 997.000000  0.009863
 998.000000  0.010620
 999.000000  0.009838
 1000.000000  0.010742
 1001.000000  0.009838
 1002.000000  0.008130
 1003.000000  0.009790
 1004.000000  0.007837
 1005.000000  0.009838
 1006.000000  0.008227
 1007.000000  0.009765
 1008.000000  0.007983
 1009.000000  0.009765
 1010.000000  0.007666
 1011.000000  0.009838
 1012.000000  0.007690
 1013.000000  0.009741
 1014.000000  0.007715
 1015.000000  0.009814
 1016.000000  0.008105
 1017.000000  0.009863
 1018.000000  0.007861
 1019.000000  0.009765
 1020.000000  0.007837
 1021.000000  0.009741
 1022.000000  0.007764
 1023.000000  0.009838
