 0.000000  0.008301
 1.000000  0.007373
 2.000000  0.008081
 3.000000  0.007373
 4.000000  0.008594
 5.000000  0.007422
 6.000000  0.008520
 7.000000  0.007397
 8.000000  0.008374
 9.000000  0.007519
 10.000000  0.008569
 11.000000  0.007373
 12.000000  0.008667
 13.000000  0.007471
 14.000000  0.008569
 15.000000  0.007349
 16.000000  0.008545
 17.000000  0.007373
 18.000000  0.008447
 19.000000  0.007422
 20.000000  0.008032
 21.000000  0.007495
 22.000000  0.008350
 23.000000  0.007471
 24.000000  0.008398
 25.000000  0.007422
 26.000000  0.008911
 27.000000  0.009741
 28.000000  0.008472
 29.000000  0.007495
 30.000000  0.008447
 31.000000  0.007495
 32.000000  0.008496
 33.000000  0.007471
 34.000000  0.008447
 35.000000  0.007471
 36.000000  0.008740
 37.000000  0.007446
 38.000000  0.008569
 39.000000  0.009912
 40.000000  0.008765
 41.000000  0.007446
 42.000000  0.008520
 43.000000  0.007349
 44.000000  0.008594
 45.000000  0.007446
 46.000000  0.008716
 47.000000  0.007397
 48.000000  0.008423
 49.000000  0.007397
 50.000000  0.008350
 51.000000  0.007397
 52.000000  0.008325
 53.000000  0.007349
 54.000000  0.008520
 55.000000  0.007397
 56.000000  0.008789
 57.000000  0.007349
 58.000000  0.008862
 59.000000  0.009765
 60.000000  0.008716
 61.000000  0.009814
 62.000000  0.008496
 63.000000  0.007373
 64.000000  0.008618
 65.000000  0.007373
 66.000000  0.008569
 67.000000  0.009790
 68.000000  0.008398
 69.000000  0.007349
 70.000000  0.008252
 71.000000  0.007397
 72.000000  0.008227
 73.000000  0.007397
 74.000000  0.008179
 75.000000  0.007422
 76.000000  0.008691
 77.000000  0.007422
 78.000000  0.008520
 79.000000  0.007422
 80.000000  0.008569
 81.000000  0.007373
 82.000000  0.008154
 83.000000  0.007397
 84.000000  0.008008
 85.000000  0.007324
 86.000000  0.008472
 87.000000  0.007349
 88.000000  0.008545
 89.000000  0.007349
 90.000000  0.008472
 91.000000  0.007397
 92.000000  0.008569
 93.000000  0.007397
 94.000000  0.008130
 95.000000  0.007373
 96.000000  0.008301
 97.000000  0.007373
 98.000000  0.008887
 99.000000  0.007422
 100.000000  0.008618
 101.000000  0.009887
 102.000000  0.008374
 103.000000  0.009814
 104.000000  0.008350
 105.000000  0.007324
 106.000000  0.008789
 107.000000  0.007373
 108.000000  0.008667
 109.000000  0.009838
 110.000000  0.008765
 111.000000  0.007397
 112.000000  0.008472
 113.000000  0.007324
 114.000000  0.008667
 115.000000  0.007422
 116.000000  0.008325
 117.000000  0.007349
 118.000000  0.008691
 119.000000  0.007324
 120.000000  0.008765
 121.000000  0.007349
 122.000000  0.008667
 123.000000  0.007397
 124.000000  0.008520
 125.000000  0.007324
 126.000000  0.008740
 127.000000  0.009814
 128.000000  0.008618
 129.000000  0.007349
 130.000000  0.008472
 131.000000  0.009790
 132.000000  0.008301
 133.000000  0.007397
 134.000000  0.008594
 135.000000  0.009838
 136.000000  0.008301
 137.000000  0.007324
 138.000000  0.008838
 139.000000  0.007373
 140.000000  0.008716
 141.000000  0.007324
 142.000000  0.008350
 143.000000  0.007397
 144.000000  0.008423
 145.000000  0.009912
 146.000000  0.008227
 147.000000  0.007373
 148.000000  0.008594
 149.000000  0.009790
 150.000000  0.008423
 151.000000  0.007324
 152.000000  0.008569
 153.000000  0.007397
 154.000000  0.008423
 155.000000  0.007373
 156.000000  0.008203
 157.000000  0.009838
 158.000000  0.008423
 159.000000  0.007397
 160.000000  0.008691
 161.000000  0.007471
 162.000000  0.008252
 163.000000  0.007349
 164.000000  0.008203
 165.000000  0.007373
 166.000000  0.008374
 167.000000  0.007373
 168.000000  0.008740
 169.000000  0.009887
 170.000000  0.008569
 171.000000  0.007349
 172.000000  0.008081
 173.000000  0.007373
 174.000000  0.008325
 175.000000  0.007349
 176.000000  0.008276
 177.000000  0.007349
 178.000000  0.008227
 179.000000  0.009838
 180.000000  0.008105
 181.000000  0.007373
 182.000000  0.008545
 183.000000  0.007422
 184.000000  0.008423
 185.000000  0.007373
 186.000000  0.008496
 187.000000  0.007324
 188.000000  0.008472
 189.000000  0.007349
 190.000000  0.008496
 191.000000  0.007349
 192.000000  0.008057
 193.000000  0.007422
 194.000000  0.008301
 195.000000  0.007397
 196.000000  0.010839
 197.000000  0.007397
 198.000000  0.008301
 199.000000  0.009838
 200.000000  0.008301
 201.000000  0.009790
 202.000000  0.008789
 203.000000  0.007397
 204.000000  0.008520
 205.000000  0.007397
 206.000000  0.008105
 207.000000  0.007349
 208.000000  0.008179
 209.000000  0.009814
 210.000000  0.008472
 211.000000  0.007397
 212.000000  0.008154
 213.000000  0.009790
 214.000000  0.008203
 215.000000  0.007324
 216.000000  0.008227
 217.000000  0.007373
 218.000000  0.008081
 219.000000  0.009790
 220.000000  0.008301
 221.000000  0.007349
 222.000000  0.008008
 223.000000  0.007324
 224.000000  0.008252
 225.000000  0.007324
 226.000000  0.008179
 227.000000  0.009765
 228.000000  0.008569
 229.000000  0.009814
 230.000000  0.008716
 231.000000  0.007373
 232.000000  0.008227
 233.000000  0.009765
 234.000000  0.008105
 235.000000  0.007349
 236.000000  0.007861
 237.000000  0.007373
 238.000000  0.008301
 239.000000  0.009765
 240.000000  0.008398
 241.000000  0.007373
 242.000000  0.008472
 243.000000  0.009790
 244.000000  0.008154
 245.000000  0.007324
 246.000000  0.008276
 247.000000  0.007397
 248.000000  0.008520
 249.000000  0.007349
 250.000000  0.008252
 251.000000  0.007397
 252.000000  0.008325
 253.000000  0.007300
 254.000000  0.007910
 255.000000  0.009790
 256.000000  0.008154
 257.000000  0.007373
 258.000000  0.008032
 259.000000  0.007349
 260.000000  0.008301
 261.000000  0.007373
 262.000000  0.008105
 263.000000  0.009765
 264.000000  0.008350
 265.000000  0.009814
 266.000000  0.008227
 267.000000  0.009790
 268.000000  0.007910
 269.000000  0.009814
 270.000000  0.008057
 271.000000  0.007373
 272.000000  0.008154
 273.000000  0.007349
 274.000000  0.008545
 275.000000  0.009814
 276.000000  0.008227
 277.000000  0.009814
 278.000000  0.008301
 279.000000  0.007373
 280.000000  0.008716
 281.000000  0.009814
 282.000000  0.008276
 283.000000  0.009741
 284.000000  0.008301
 285.000000  0.007446
 286.000000  0.008227
 287.000000  0.007495
 288.000000  0.008203
 289.000000  0.009863
 290.000000  0.008154
 291.000000  0.007349
 292.000000  0.008130
 293.000000  0.007349
 294.000000  0.008520
 295.000000  0.009765
 296.000000  0.008325
 297.000000  0.009863
 298.000000  0.008447
 299.000000  0.009790
 300.000000  0.008154
 301.000000  0.007349
 302.000000  0.008154
 303.000000  0.009887
 304.000000  0.008618
 305.000000  0.007397
 306.000000  0.008325
 307.000000  0.009887
 308.000000  0.008569
 309.000000  0.009863
 310.000000  0.008496
 311.000000  0.007471
 312.000000  0.008520
 313.000000  0.007422
 314.000000  0.008398
 315.000000  0.009838
 316.000000  0.008350
 317.000000  0.007373
 318.000000  0.008374
 319.000000  0.007397
 320.000000  0.008227
 321.000000  0.009790
 322.000000  0.008301
 323.000000  0.009814
 324.000000  0.008203
 325.000000  0.007422
 326.000000  0.008227
 327.000000  0.007373
 328.000000  0.008325
 329.000000  0.009790
 330.000000  0.008520
 331.000000  0.009838
 332.000000  0.008496
 333.000000  0.009912
 334.000000  0.008398
 335.000000  0.009863
 336.000000  0.008301
 337.000000  0.007373
 338.000000  0.008545
 339.000000  0.007349
 340.000000  0.008252
 341.000000  0.009887
 342.000000  0.010742
 343.000000  0.009912
 344.000000  0.008618
 345.000000  0.009887
 346.000000  0.008520
 347.000000  0.007373
 348.000000  0.008252
 349.000000  0.009961
 350.000000  0.008447
 351.000000  0.009838
 352.000000  0.008350
 353.000000  0.009912
 354.000000  0.008423
 355.000000  0.007349
 356.000000  0.008496
 357.000000  0.007422
 358.000000  0.008691
 359.000000  0.009838
 360.000000  0.008594
 361.000000  0.007349
 362.000000  0.008643
 363.000000  0.009838
 364.000000  0.008447
 365.000000  0.007373
 366.000000  0.008716
 367.000000  0.007324
 368.000000  0.008569
 369.000000  0.007519
 370.000000  0.008423
 371.000000  0.009838
 372.000000  0.008545
 373.000000  0.009790
 374.000000  0.008520
 375.000000  0.009814
 376.000000  0.008862
 377.000000  0.007373
 378.000000  0.009009
 379.000000  0.007422
 380.000000  0.008740
 381.000000  0.009765
 382.000000  0.008301
 383.000000  0.007373
 384.000000  0.008911
 385.000000  0.007349
 386.000000  0.008984
 387.000000  0.009838
 388.000000  0.008569
 389.000000  0.009790
 390.000000  0.009106
 391.000000  0.009814
 392.000000  0.008911
 393.000000  0.007397
 394.000000  0.008398
 395.000000  0.007422
 396.000000  0.008496
 397.000000  0.007422
 398.000000  0.008765
 399.000000  0.007324
 400.000000  0.008887
 401.000000  0.009863
 402.000000  0.008691
 403.000000  0.007373
 404.000000  0.008545
 405.000000  0.007422
 406.000000  0.008691
 407.000000  0.007422
 408.000000  0.008691
 409.000000  0.009838
 410.000000  0.008984
 411.000000  0.009936
 412.000000  0.008813
 413.000000  0.007397
 414.000000  0.009058
 415.000000  0.009863
 416.000000  0.008936
 417.000000  0.007471
 418.000000  0.008911
 419.000000  0.007544
 420.000000  0.009058
 421.000000  0.007471
 422.000000  0.008691
 423.000000  0.007422
 424.000000  0.008887
 425.000000  0.009912
 426.000000  0.008789
 427.000000  0.010009
 428.000000  0.009009
 429.000000  0.009814
 430.000000  0.009155
 431.000000  0.009887
 432.000000  0.009009
 433.000000  0.007519
 434.000000  0.008887
 435.000000  0.009814
 436.000000  0.008838
 437.000000  0.009936
 438.000000  0.008520
 439.000000  0.009887
 440.000000  0.008765
 441.000000  0.009887
 442.000000  0.008838
 443.000000  0.009814
 444.000000  0.009058
 445.000000  0.009961
 446.000000  0.009253
 447.000000  0.007568
 448.000000  0.008984
 449.000000  0.009961
 450.000000  0.008765
 451.000000  0.009936
 452.000000  0.008716
 453.000000  0.010058
 454.000000  0.009033
 455.000000  0.009887
 456.000000  0.009253
 457.000000  0.009961
 458.000000  0.009131
 459.000000  0.009961
 460.000000  0.009326
 461.000000  0.010058
 462.000000  0.008936
 463.000000  0.009887
 464.000000  0.009204
 465.000000  0.010083
 466.000000  0.009302
 467.000000  0.007446
 468.000000  0.009228
 469.000000  0.007739
 470.000000  0.009228
 471.000000  0.010058
 472.000000  0.009106
 473.000000  0.007519
 474.000000  0.009424
 475.000000  0.010131
 476.000000  0.009399
 477.000000  0.007617
 478.000000  0.009082
 479.000000  0.009887
 480.000000  0.009399
 481.000000  0.010327
 482.000000  0.009228
 483.000000  0.007764
 484.000000  0.009106
 485.000000  0.010400
 486.000000  0.009424
 487.000000  0.007715
 488.000000  0.009302
 489.000000  0.007666
 490.000000  0.009302
 491.000000  0.010009
 492.000000  0.009033
 493.000000  0.010107
 494.000000  0.009106
 495.000000  0.010058
 496.000000  0.009448
 497.000000  0.007593
 498.000000  0.009277
 499.000000  0.010083
 500.000000  0.009204
 501.000000  0.010180
 502.000000  0.009180
 503.000000  0.010180
 504.000000  0.009302
 505.000000  0.010107
 506.000000  0.009253
 507.000000  0.007739
 508.000000  0.009399
 509.000000  0.007837
 510.000000  0.009448
 511.000000  0.010107
 512.000000  0.009253
 513.000000  0.007642
 514.000000  0.009351
 515.000000  0.007715
 516.000000  0.009277
 517.000000  0.007886
 518.000000  0.009595
 519.000000  0.008154
 520.000000  0.009595
 521.000000  0.007983
 522.000000  0.009497
 523.000000  0.010180
 524.000000  0.009399
 525.000000  0.010327
 526.000000  0.009668
 527.000000  0.010376
 528.000000  0.009668
 529.000000  0.010742
 530.000000  0.009668
 531.000000  0.010791
 532.000000  0.009692
 533.000000  0.008618
 534.000000  0.009741
 535.000000  0.008838
 536.000000  0.009741
 537.000000  0.011206
 538.000000  0.009741
 539.000000  0.011303
 540.000000  0.009741
 541.000000  0.009155
 542.000000  0.009766
 543.000000  0.009595
 544.000000  0.009766
 545.000000  0.009399
 546.000000  0.009790
 547.000000  0.012036
 548.000000  0.009814
 549.000000  0.012207
 550.000000  0.009790
 551.000000  0.012255
 552.000000  0.011597
 553.000000  0.011987
 554.000000  0.013647
 555.000000  0.013037
 556.000000  0.014697
 557.000000  0.016137
 558.000000  0.014746
 559.000000  0.018286
 560.000000  0.019507
 561.000000  0.022021
 562.000000  0.029248
 563.000000  0.043920
 564.000000  0.088403
 565.000000  0.144311
 566.000000  0.161011
 567.000000  0.167212
 568.000000  0.142456
 569.000000  0.108740
 570.000000  0.086401
 571.000000  0.063769
 572.000000  0.044360
 573.000000  0.032861
 574.000000  0.019507
 575.000000  0.017065
 576.000000  0.012817
 577.000000  0.014355
 578.000000  0.012036
 579.000000  0.012646
 580.000000  0.010400
 581.000000  0.009888
 582.000000  0.009912
 583.000000  0.012182
 584.000000  0.009766
 585.000000  0.011987
 586.000000  0.009741
 587.000000  0.012011
 588.000000  0.009766
 589.000000  0.009253
 590.000000  0.009692
 591.000000  0.011425
 592.000000  0.009717
 593.000000  0.008447
 594.000000  0.009692
 595.000000  0.011352
 596.000000  0.009717
 597.000000  0.011108
 598.000000  0.009570
 599.000000  0.010376
 600.000000  0.009668
 601.000000  0.010376
 602.000000  0.009546
 603.000000  0.010424
 604.000000  0.009668
 605.000000  0.010449
 606.000000  0.009595
 607.000000  0.010913
 608.000000  0.009717
 609.000000  0.010449
 610.000000  0.009668
 611.000000  0.010693
 612.000000  0.012011
 613.000000  0.010693
 614.000000  0.012011
 615.000000  0.010864
 616.000000  0.009448
 617.000000  0.008276
 618.000000  0.009570
 619.000000  0.010351
 620.000000  0.009692
 621.000000  0.010400
 622.000000  0.009521
 623.000000  0.010351
 624.000000  0.012060
 625.000000  0.010180
 626.000000  0.009253
 627.000000  0.010327
 628.000000  0.009424
 629.000000  0.009912
 630.000000  0.009228
 631.000000  0.010644
 632.000000  0.009521
 633.000000  0.010595
 634.000000  0.009375
 635.000000  0.010498
 636.000000  0.009448
 637.000000  0.008032
 638.000000  0.009546
 639.000000  0.010180
 640.000000  0.009375
 641.000000  0.010083
 642.000000  0.009497
 643.000000  0.007935
 644.000000  0.011816
 645.000000  0.010107
 646.000000  0.011816
 647.000000  0.010205
 648.000000  0.009595
 649.000000  0.008130
 650.000000  0.009570
 651.000000  0.007788
 652.000000  0.009473
 653.000000  0.007983
 654.000000  0.009351
 655.000000  0.010180
 656.000000  0.009497
 657.000000  0.010424
 658.000000  0.009351
 659.000000  0.007812
 660.000000  0.009302
 661.000000  0.009985
 662.000000  0.009351
 663.000000  0.010131
 664.000000  0.011645
 665.000000  0.010229
 666.000000  0.012011
 667.000000  0.010156
 668.000000  0.009253
 669.000000  0.007690
 670.000000  0.009448
 671.000000  0.007935
 672.000000  0.009473
 673.000000  0.010253
 674.000000  0.011987
 675.000000  0.010107
 676.000000  0.009497
 677.000000  0.010131
 678.000000  0.009228
 679.000000  0.010302
 680.000000  0.009399
 681.000000  0.007471
 682.000000  0.009473
 683.000000  0.010205
 684.000000  0.009473
 685.000000  0.010253
 686.000000  0.009473
 687.000000  0.008032
 688.000000  0.012036
 689.000000  0.007764
 690.000000  0.012109
 691.000000  0.010180
 692.000000  0.009595
 693.000000  0.010083
 694.000000  0.009399
 695.000000  0.010180
 696.000000  0.011840
 697.000000  0.010400
 698.000000  0.009595
 699.000000  0.010034
 700.000000  0.009570
 701.000000  0.007739
 702.000000  0.009473
 703.000000  0.007739
 704.000000  0.011840
 705.000000  0.010083
 706.000000  0.009326
 707.000000  0.007642
 708.000000  0.009570
 709.000000  0.009985
 710.000000  0.009473
 711.000000  0.010083
 712.000000  0.009424
 713.000000  0.010400
 714.000000  0.009351
 715.000000  0.010473
 716.000000  0.009546
 717.000000  0.010107
 718.000000  0.009521
 719.000000  0.010083
 720.000000  0.009497
 721.000000  0.010229
 722.000000  0.009521
 723.000000  0.010400
 724.000000  0.009668
 725.000000  0.010229
 726.000000  0.009619
 727.000000  0.010278
 728.000000  0.009521
 729.000000  0.008057
 730.000000  0.009497
 731.000000  0.010351
 732.000000  0.009497
 733.000000  0.010473
 734.000000  0.012109
 735.000000  0.010571
 736.000000  0.009326
 737.000000  0.010156
 738.000000  0.009546
 739.000000  0.010156
 740.000000  0.009473
 741.000000  0.010424
 742.000000  0.009595
 743.000000  0.007666
 744.000000  0.009375
 745.000000  0.010205
 746.000000  0.009546
 747.000000  0.007666
 748.000000  0.009570
 749.000000  0.010302
 750.000000  0.009595
 751.000000  0.010546
 752.000000  0.012133
 753.000000  0.010888
 754.000000  0.009521
 755.000000  0.010473
 756.000000  0.009644
 757.000000  0.010327
 758.000000  0.009448
 759.000000  0.008154
 760.000000  0.009570
 761.000000  0.010595
 762.000000  0.009595
 763.000000  0.010327
 764.000000  0.009619
 765.000000  0.010107
 766.000000  0.009180
 767.000000  0.007715
 768.000000  0.009277
 769.000000  0.010107
 770.000000  0.009277
 771.000000  0.010009
 772.000000  0.009082
 773.000000  0.010009
 774.000000  0.011889
 775.000000  0.010156
 776.000000  0.011938
 777.000000  0.010400
 778.000000  0.009326
 779.000000  0.007666
 780.000000  0.009424
 781.000000  0.008032
 782.000000  0.011767
 783.000000  0.010009
 784.000000  0.009277
 785.000000  0.010156
 786.000000  0.009595
 787.000000  0.010131
 788.000000  0.011816
 789.000000  0.009887
 790.000000  0.009253
 791.000000  0.010009
 792.000000  0.009399
 793.000000  0.009985
 794.000000  0.009326
 795.000000  0.010302
 796.000000  0.009546
 797.000000  0.010400
 798.000000  0.009424
 799.000000  0.010058
 800.000000  0.009155
 801.000000  0.010083
 802.000000  0.011694
 803.000000  0.010083
 804.000000  0.009253
 805.000000  0.010058
 806.000000  0.008936
 807.000000  0.010083
 808.000000  0.011987
 809.000000  0.007837
 810.000000  0.009302
 811.000000  0.007788
 812.000000  0.009131
 813.000000  0.007495
 814.000000  0.009326
 815.000000  0.010034
 816.000000  0.009155
 817.000000  0.010083
 818.000000  0.009448
 819.000000  0.010107
 820.000000  0.009326
 821.000000  0.010009
 822.000000  0.009082
 823.000000  0.010156
 824.000000  0.011816
 825.000000  0.010156
 826.000000  0.009253
 827.000000  0.009961
 828.000000  0.009058
 829.000000  0.010009
 830.000000  0.009253
 831.000000  0.009985
 832.000000  0.009106
 833.000000  0.009961
 834.000000  0.009302
 835.000000  0.009887
 836.000000  0.011425
 837.000000  0.009912
 838.000000  0.009351
 839.000000  0.010009
 840.000000  0.009497
 841.000000  0.010156
 842.000000  0.011621
 843.000000  0.010229
 844.000000  0.009228
 845.000000  0.007715
 846.000000  0.011377
 847.000000  0.010034
 848.000000  0.008594
 849.000000  0.010131
 850.000000  0.008960
 851.000000  0.010009
 852.000000  0.009058
 853.000000  0.007471
 854.000000  0.012011
 855.000000  0.009887
 856.000000  0.009155
 857.000000  0.007568
 858.000000  0.009326
 859.000000  0.007471
 860.000000  0.011792
 861.000000  0.009838
 862.000000  0.008838
 863.000000  0.008008
 864.000000  0.009155
 865.000000  0.010107
 866.000000  0.011401
 867.000000  0.007495
 868.000000  0.009497
 869.000000  0.009887
 870.000000  0.009497
 871.000000  0.009985
 872.000000  0.009546
 873.000000  0.010083
 874.000000  0.009131
 875.000000  0.010107
 876.000000  0.008911
 877.000000  0.007568
 878.000000  0.009302
 879.000000  0.007471
 880.000000  0.008838
 881.000000  0.010107
 882.000000  0.008960
 883.000000  0.010351
 884.000000  0.009399
 885.000000  0.010205
 886.000000  0.009326
 887.000000  0.007593
 888.000000  0.009570
 889.000000  0.010058
 890.000000  0.009204
 891.000000  0.009790
 892.000000  0.009204
 893.000000  0.010107
 894.000000  0.009155
 895.000000  0.009961
 896.000000  0.009106
 897.000000  0.010278
 898.000000  0.009033
 899.000000  0.010180
 900.000000  0.009253
 901.000000  0.010083
 902.000000  0.011792
 903.000000  0.009912
 904.000000  0.009180
 905.000000  0.010034
 906.000000  0.011840
 907.000000  0.009961
 908.000000  0.011694
 909.000000  0.009961
 910.000000  0.009058
 911.000000  0.010058
 912.000000  0.009326
 913.000000  0.009936
 914.000000  0.009180
 915.000000  0.009912
 916.000000  0.009228
 917.000000  0.010034
 918.000000  0.011474
 919.000000  0.009912
 920.000000  0.011962
 921.000000  0.010034
 922.000000  0.009253
 923.000000  0.009936
 924.000000  0.009399
 925.000000  0.010009
 926.000000  0.009180
 927.000000  0.010131
 928.000000  0.009204
 929.000000  0.010107
 930.000000  0.009131
 931.000000  0.010180
 932.000000  0.009375
 933.000000  0.010449
 934.000000  0.009326
 935.000000  0.010327
 936.000000  0.009351
 937.000000  0.009936
 938.000000  0.009302
 939.000000  0.009985
 940.000000  0.009180
 941.000000  0.010083
 942.000000  0.009228
 943.000000  0.010131
 944.000000  0.009106
 945.000000  0.007666
 946.000000  0.011889
 947.000000  0.010351
 948.000000  0.009448
 949.000000  0.010156
 950.000000  0.011499
 951.000000  0.010180
 952.000000  0.009302
 953.000000  0.010400
 954.000000  0.009106
 955.000000  0.010034
 956.000000  0.009155
 957.000000  0.010009
 958.000000  0.008960
 959.000000  0.007495
 960.000000  0.008960
 961.000000  0.007471
 962.000000  0.011596
 963.000000  0.007471
 964.000000  0.008862
 965.000000  0.010180
 966.000000  0.008789
 967.000000  0.010034
 968.000000  0.009106
 969.000000  0.010180
 970.000000  0.011547
 971.000000  0.010083
 972.000000  0.009375
 973.000000  0.010131
 974.000000  0.009277
 975.000000  0.010083
 976.000000  0.008887
 977.000000  0.010058
 978.000000  0.009058
 979.000000  0.009936
 980.000000  0.009082
 981.000000  0.010180
 982.000000  0.009009
 983.000000  0.007690
 984.000000  0.008838
 985.000000  0.010253
 986.000000  0.009058
 987.000000  0.009936
 988.000000  0.011865
 989.000000  0.009961
 990.000000  0.009570
 991.000000  0.010131
 992.000000  0.009448
 993.000000  0.010107
 994.000000  0.009351
 995.000000  0.010302
 996.000000  0.009277
 997.000000  0.010229
 998.000000  0.011499
 999.000000  0.009814
 1000.000000  0.011694
 1001.000000  0.010131
 1002.000000  0.009106
 1003.000000  0.009912
 1004.000000  0.008960
 1005.000000  0.010058
 1006.000000  0.009351
 1007.000000  0.009838
 1008.000000  0.009082
 1009.000000  0.009790
 1010.000000  0.008716
 1011.000000  0.009863
 1012.000000  0.008594
 1013.000000  0.009961
 1014.000000  0.008936
 1015.000000  0.010009
 1016.000000  0.008765
 1017.000000  0.010107
 1018.000000  0.008887
 1019.000000  0.009838
 1020.000000  0.009033
 1021.000000  0.009887
 1022.000000  0.008545
 1023.000000  0.010131
