 0.000000  0.008520
 1.000000  0.007422
 2.000000  0.008594
 3.000000  0.007373
 4.000000  0.008765
 5.000000  0.007397
 6.000000  0.008862
 7.000000  0.007446
 8.000000  0.008569
 9.000000  0.007349
 10.000000  0.008813
 11.000000  0.007324
 12.000000  0.009033
 13.000000  0.007422
 14.000000  0.008813
 15.000000  0.007349
 16.000000  0.009180
 17.000000  0.007422
 18.000000  0.009106
 19.000000  0.007422
 20.000000  0.008447
 21.000000  0.007422
 22.000000  0.008545
 23.000000  0.007373
 24.000000  0.008789
 25.000000  0.007324
 26.000000  0.009399
 27.000000  0.009814
 28.000000  0.008862
 29.000000  0.007397
 30.000000  0.009033
 31.000000  0.007373
 32.000000  0.008862
 33.000000  0.007422
 34.000000  0.008936
 35.000000  0.007397
 36.000000  0.008936
 37.000000  0.007324
 38.000000  0.008984
 39.000000  0.009765
 40.000000  0.009180
 41.000000  0.007324
 42.000000  0.008765
 43.000000  0.007373
 44.000000  0.009131
 45.000000  0.007373
 46.000000  0.009180
 47.000000  0.007349
 48.000000  0.009106
 49.000000  0.007422
 50.000000  0.008398
 51.000000  0.007373
 52.000000  0.008716
 53.000000  0.007373
 54.000000  0.008740
 55.000000  0.007349
 56.000000  0.009058
 57.000000  0.007397
 58.000000  0.009277
 59.000000  0.009838
 60.000000  0.009204
 61.000000  0.009887
 62.000000  0.008887
 63.000000  0.007324
 64.000000  0.008691
 65.000000  0.007324
 66.000000  0.008960
 67.000000  0.009838
 68.000000  0.008691
 69.000000  0.007324
 70.000000  0.008911
 71.000000  0.007324
 72.000000  0.008472
 73.000000  0.007349
 74.000000  0.008740
 75.000000  0.007373
 76.000000  0.008911
 77.000000  0.007373
 78.000000  0.008520
 79.000000  0.007422
 80.000000  0.009180
 81.000000  0.007397
 82.000000  0.008301
 83.000000  0.007422
 84.000000  0.008594
 85.000000  0.007397
 86.000000  0.008569
 87.000000  0.007373
 88.000000  0.008984
 89.000000  0.007349
 90.000000  0.008740
 91.000000  0.007446
 92.000000  0.008789
 93.000000  0.007373
 94.000000  0.008447
 95.000000  0.007471
 96.000000  0.008813
 97.000000  0.007324
 98.000000  0.008984
 99.000000  0.007446
 100.000000  0.008667
 101.000000  0.009887
 102.000000  0.008594
 103.000000  0.009912
 104.000000  0.008545
 105.000000  0.007715
 106.000000  0.009082
 107.000000  0.007910
 108.000000  0.008862
 109.000000  0.009765
 110.000000  0.008008
 111.000000  0.007495
 112.000000  0.008301
 113.000000  0.007935
 114.000000  0.009204
 115.000000  0.007739
 116.000000  0.008447
 117.000000  0.007617
 118.000000  0.009033
 119.000000  0.007495
 120.000000  0.009131
 121.000000  0.007519
 122.000000  0.008691
 123.000000  0.007397
 124.000000  0.008911
 125.000000  0.007397
 126.000000  0.008960
 127.000000  0.009985
 128.000000  0.008643
 129.000000  0.007446
 130.000000  0.008887
 131.000000  0.010034
 132.000000  0.008398
 133.000000  0.007471
 134.000000  0.008887
 135.000000  0.009912
 136.000000  0.009058
 137.000000  0.007446
 138.000000  0.009082
 139.000000  0.007519
 140.000000  0.009155
 141.000000  0.007349
 142.000000  0.008960
 143.000000  0.007471
 144.000000  0.008569
 145.000000  0.009912
 146.000000  0.008496
 147.000000  0.007446
 148.000000  0.008667
 149.000000  0.009912
 150.000000  0.008765
 151.000000  0.007349
 152.000000  0.008496
 153.000000  0.007397
 154.000000  0.008691
 155.000000  0.007397
 156.000000  0.008643
 157.000000  0.009936
 158.000000  0.008740
 159.000000  0.007422
 160.000000  0.008789
 161.000000  0.007471
 162.000000  0.008862
 163.000000  0.007422
 164.000000  0.008496
 165.000000  0.007397
 166.000000  0.008447
 167.000000  0.007397
 168.000000  0.009009
 169.000000  0.009790
 170.000000  0.008716
 171.000000  0.007324
 172.000000  0.008423
 173.000000  0.007373
 174.000000  0.008643
 175.000000  0.007373
 176.000000  0.008789
 177.000000  0.007397
 178.000000  0.008862
 179.000000  0.009814
 180.000000  0.008691
 181.000000  0.007446
 182.000000  0.008716
 183.000000  0.007397
 184.000000  0.008887
 185.000000  0.007324
 186.000000  0.009033
 187.000000  0.007349
 188.000000  0.008545
 189.000000  0.007373
 190.000000  0.008862
 191.000000  0.007324
 192.000000  0.008911
 193.000000  0.007373
 194.000000  0.008740
 195.000000  0.007324
 196.000000  0.011450
 197.000000  0.007397
 198.000000  0.008838
 199.000000  0.009765
 200.000000  0.008472
 201.000000  0.009765
 202.000000  0.009009
 203.000000  0.007324
 204.000000  0.008398
 205.000000  0.007349
 206.000000  0.008569
 207.000000  0.007324
 208.000000  0.008716
 209.000000  0.009790
 210.000000  0.008911
 211.000000  0.007324
 212.000000  0.008643
 213.000000  0.009790
 214.000000  0.008765
 215.000000  0.007373
 216.000000  0.008838
 217.000000  0.007324
 218.000000  0.008667
 219.000000  0.009790
 220.000000  0.008618
 221.000000  0.007324
 222.000000  0.008496
 223.000000  0.007324
 224.000000  0.008716
 225.000000  0.007324
 226.000000  0.009058
 227.000000  0.009790
 228.000000  0.009155
 229.000000  0.009790
 230.000000  0.009106
 231.000000  0.007349
 232.000000  0.009082
 233.000000  0.009765
 234.000000  0.008740
 235.000000  0.007397
 236.000000  0.008691
 237.000000  0.007422
 238.000000  0.008984
 239.000000  0.009814
 240.000000  0.009131
 241.000000  0.007373
 242.000000  0.009204
 243.000000  0.009863
 244.000000  0.008691
 245.000000  0.007324
 246.000000  0.008887
 247.000000  0.007446
 248.000000  0.009082
 249.000000  0.007373
 250.000000  0.008667
 251.000000  0.007544
 252.000000  0.009253
 253.000000  0.007397
 254.000000  0.008740
 255.000000  0.009838
 256.000000  0.008813
 257.000000  0.007397
 258.000000  0.008423
 259.000000  0.007324
 260.000000  0.008936
 261.000000  0.007471
 262.000000  0.008276
 263.000000  0.009985
 264.000000  0.008423
 265.000000  0.010278
 266.000000  0.009228
 267.000000  0.010961
 268.000000  0.008887
 269.000000  0.010253
 270.000000  0.007959
 271.000000  0.007471
 272.000000  0.008618
 273.000000  0.007568
 274.000000  0.008716
 275.000000  0.009936
 276.000000  0.008545
 277.000000  0.009912
 278.000000  0.009155
 279.000000  0.007642
 280.000000  0.009155
 281.000000  0.009936
 282.000000  0.009033
 283.000000  0.009838
 284.000000  0.008960
 285.000000  0.007544
 286.000000  0.009033
 287.000000  0.007666
 288.000000  0.008838
 289.000000  0.010131
 290.000000  0.009033
 291.000000  0.007519
 292.000000  0.008838
 293.000000  0.007397
 294.000000  0.008862
 295.000000  0.009838
 296.000000  0.009106
 297.000000  0.009912
 298.000000  0.009204
 299.000000  0.009936
 300.000000  0.008813
 301.000000  0.007446
 302.000000  0.009033
 303.000000  0.010009
 304.000000  0.009277
 305.000000  0.007495
 306.000000  0.009058
 307.000000  0.009887
 308.000000  0.009058
 309.000000  0.009912
 310.000000  0.009058
 311.000000  0.007471
 312.000000  0.009131
 313.000000  0.007495
 314.000000  0.009155
 315.000000  0.010034
 316.000000  0.009131
 317.000000  0.007373
 318.000000  0.009058
 319.000000  0.007397
 320.000000  0.009082
 321.000000  0.009863
 322.000000  0.009058
 323.000000  0.009814
 324.000000  0.008789
 325.000000  0.007422
 326.000000  0.008813
 327.000000  0.007397
 328.000000  0.009009
 329.000000  0.009863
 330.000000  0.009326
 331.000000  0.009985
 332.000000  0.009277
 333.000000  0.009912
 334.000000  0.008667
 335.000000  0.009961
 336.000000  0.009033
 337.000000  0.007471
 338.000000  0.009326
 339.000000  0.007422
 340.000000  0.008740
 341.000000  0.010009
 342.000000  0.011352
 343.000000  0.009936
 344.000000  0.009326
 345.000000  0.009838
 346.000000  0.009351
 347.000000  0.007422
 348.000000  0.009131
 349.000000  0.009936
 350.000000  0.009277
 351.000000  0.009887
 352.000000  0.009277
 353.000000  0.009887
 354.000000  0.009131
 355.000000  0.007349
 356.000000  0.008936
 357.000000  0.007422
 358.000000  0.009546
 359.000000  0.009863
 360.000000  0.009375
 361.000000  0.007495
 362.000000  0.009473
 363.000000  0.009887
 364.000000  0.009302
 365.000000  0.007593
 366.000000  0.009448
 367.000000  0.007544
 368.000000  0.009326
 369.000000  0.007593
 370.000000  0.009302
 371.000000  0.009936
 372.000000  0.009351
 373.000000  0.009863
 374.000000  0.009424
 375.000000  0.009912
 376.000000  0.009351
 377.000000  0.007519
 378.000000  0.009595
 379.000000  0.007568
 380.000000  0.009277
 381.000000  0.009887
 382.000000  0.009351
 383.000000  0.007642
 384.000000  0.009497
 385.000000  0.007544
 386.000000  0.009546
 387.000000  0.009936
 388.000000  0.009155
 389.000000  0.009863
 390.000000  0.009521
 391.000000  0.010229
 392.000000  0.009375
 393.000000  0.007519
 394.000000  0.009155
 395.000000  0.007642
 396.000000  0.009448
 397.000000  0.007544
 398.000000  0.009277
 399.000000  0.007690
 400.000000  0.009204
 401.000000  0.010107
 402.000000  0.009424
 403.000000  0.007788
 404.000000  0.009106
 405.000000  0.007837
 406.000000  0.009253
 407.000000  0.007642
 408.000000  0.009131
 409.000000  0.010131
 410.000000  0.009497
 411.000000  0.010156
 412.000000  0.009351
 413.000000  0.007739
 414.000000  0.009448
 415.000000  0.010180
 416.000000  0.009448
 417.000000  0.008057
 418.000000  0.009619
 419.000000  0.008301
 420.000000  0.009448
 421.000000  0.007446
 422.000000  0.008252
 423.000000  0.007495
 424.000000  0.008374
 425.000000  0.010766
 426.000000  0.009497
 427.000000  0.010986
 428.000000  0.009399
 429.000000  0.010278
 430.000000  0.009668
 431.000000  0.010400
 432.000000  0.009644
 433.000000  0.007837
 434.000000  0.009058
 435.000000  0.010180
 436.000000  0.009326
 437.000000  0.010546
 438.000000  0.009204
 439.000000  0.010131
 440.000000  0.009326
 441.000000  0.010253
 442.000000  0.009448
 443.000000  0.010302
 444.000000  0.009546
 445.000000  0.010253
 446.000000  0.009521
 447.000000  0.008008
 448.000000  0.009546
 449.000000  0.010546
 450.000000  0.009546
 451.000000  0.010693
 452.000000  0.009619
 453.000000  0.010791
 454.000000  0.009570
 455.000000  0.010424
 456.000000  0.009668
 457.000000  0.010253
 458.000000  0.009644
 459.000000  0.010253
 460.000000  0.009717
 461.000000  0.010669
 462.000000  0.009497
 463.000000  0.010278
 464.000000  0.009668
 465.000000  0.010839
 466.000000  0.009766
 467.000000  0.007837
 468.000000  0.009692
 469.000000  0.008179
 470.000000  0.009668
 471.000000  0.010766
 472.000000  0.009521
 473.000000  0.008301
 474.000000  0.009619
 475.000000  0.010473
 476.000000  0.009668
 477.000000  0.008081
 478.000000  0.009692
 479.000000  0.010449
 480.000000  0.009766
 481.000000  0.011254
 482.000000  0.009766
 483.000000  0.008447
 484.000000  0.009692
 485.000000  0.011206
 486.000000  0.009619
 487.000000  0.008227
 488.000000  0.009717
 489.000000  0.008447
 490.000000  0.009717
 491.000000  0.010937
 492.000000  0.009741
 493.000000  0.011010
 494.000000  0.009717
 495.000000  0.010986
 496.000000  0.009766
 497.000000  0.008569
 498.000000  0.009741
 499.000000  0.010620
 500.000000  0.009717
 501.000000  0.010986
 502.000000  0.009717
 503.000000  0.010913
 504.000000  0.009741
 505.000000  0.011377
 506.000000  0.009717
 507.000000  0.008813
 508.000000  0.009766
 509.000000  0.008594
 510.000000  0.009766
 511.000000  0.010961
 512.000000  0.009741
 513.000000  0.008667
 514.000000  0.009717
 515.000000  0.008765
 516.000000  0.009644
 517.000000  0.009180
 518.000000  0.009766
 519.000000  0.009033
 520.000000  0.009766
 521.000000  0.008984
 522.000000  0.009741
 523.000000  0.011352
 524.000000  0.009766
 525.000000  0.011645
 526.000000  0.009766
 527.000000  0.011547
 528.000000  0.009766
 529.000000  0.011694
 530.000000  0.009766
 531.000000  0.011865
 532.000000  0.009766
 533.000000  0.009717
 534.000000  0.009766
 535.000000  0.009595
 536.000000  0.009766
 537.000000  0.012060
 538.000000  0.009766
 539.000000  0.012133
 540.000000  0.009766
 541.000000  0.009741
 542.000000  0.009766
 543.000000  0.009766
 544.000000  0.009790
 545.000000  0.009766
 546.000000  0.009863
 547.000000  0.012207
 548.000000  0.010059
 549.000000  0.012231
 550.000000  0.010889
 551.000000  0.013549
 552.000000  0.012231
 553.000000  0.014648
 554.000000  0.019604
 555.000000  0.022363
 556.000000  0.023242
 557.000000  0.023632
 558.000000  0.018140
 559.000000  0.019506
 560.000000  0.019800
 561.000000  0.022168
 562.000000  0.026880
 563.000000  0.032275
 564.000000  0.038696
 565.000000  0.057861
 566.000000  0.075537
 567.000000  0.102539
 568.000000  0.123291
 569.000000  0.134106
 570.000000  0.153687
 571.000000  0.177563
 572.000000  0.172021
 573.000000  0.145898
 574.000000  0.098145
 575.000000  0.059082
 576.000000  0.033960
 577.000000  0.026269
 578.000000  0.020557
 579.000000  0.021118
 580.000000  0.018603
 581.000000  0.017090
 582.000000  0.015796
 583.000000  0.016308
 584.000000  0.012720
 585.000000  0.014135
 586.000000  0.011841
 587.000000  0.012744
 588.000000  0.010278
 589.000000  0.009766
 590.000000  0.010156
 591.000000  0.012133
 592.000000  0.009790
 593.000000  0.009741
 594.000000  0.009790
 595.000000  0.012207
 596.000000  0.009814
 597.000000  0.012158
 598.000000  0.009766
 599.000000  0.011962
 600.000000  0.009766
 601.000000  0.012109
 602.000000  0.009766
 603.000000  0.011840
 604.000000  0.009790
 605.000000  0.012011
 606.000000  0.009766
 607.000000  0.012011
 608.000000  0.009766
 609.000000  0.011889
 610.000000  0.009766
 611.000000  0.011987
 612.000000  0.012207
 613.000000  0.012060
 614.000000  0.012207
 615.000000  0.012036
 616.000000  0.009766
 617.000000  0.009497
 618.000000  0.009766
 619.000000  0.011962
 620.000000  0.009741
 621.000000  0.012011
 622.000000  0.009766
 623.000000  0.011889
 624.000000  0.012207
 625.000000  0.011669
 626.000000  0.009766
 627.000000  0.011743
 628.000000  0.009766
 629.000000  0.011474
 630.000000  0.009717
 631.000000  0.012158
 632.000000  0.009766
 633.000000  0.011621
 634.000000  0.009766
 635.000000  0.011474
 636.000000  0.009766
 637.000000  0.009302
 638.000000  0.009766
 639.000000  0.011645
 640.000000  0.009766
 641.000000  0.011694
 642.000000  0.009766
 643.000000  0.009448
 644.000000  0.012207
 645.000000  0.011669
 646.000000  0.012182
 647.000000  0.012036
 648.000000  0.009766
 649.000000  0.009375
 650.000000  0.009766
 651.000000  0.009204
 652.000000  0.009766
 653.000000  0.009399
 654.000000  0.009766
 655.000000  0.011792
 656.000000  0.009766
 657.000000  0.011743
 658.000000  0.009766
 659.000000  0.008765
 660.000000  0.009766
 661.000000  0.011181
 662.000000  0.009766
 663.000000  0.011401
 664.000000  0.012207
 665.000000  0.011352
 666.000000  0.012207
 667.000000  0.011328
 668.000000  0.009766
 669.000000  0.008960
 670.000000  0.009766
 671.000000  0.009448
 672.000000  0.009766
 673.000000  0.011352
 674.000000  0.012207
 675.000000  0.011132
 676.000000  0.009766
 677.000000  0.011474
 678.000000  0.009741
 679.000000  0.011669
 680.000000  0.009741
 681.000000  0.009082
 682.000000  0.009766
 683.000000  0.011645
 684.000000  0.009766
 685.000000  0.011669
 686.000000  0.009766
 687.000000  0.009546
 688.000000  0.012207
 689.000000  0.009131
 690.000000  0.012207
 691.000000  0.011572
 692.000000  0.009766
 693.000000  0.011303
 694.000000  0.009766
 695.000000  0.011181
 696.000000  0.012207
 697.000000  0.011865
 698.000000  0.009766
 699.000000  0.011328
 700.000000  0.009766
 701.000000  0.008984
 702.000000  0.009766
 703.000000  0.009106
 704.000000  0.012207
 705.000000  0.011010
 706.000000  0.009741
 707.000000  0.009351
 708.000000  0.009741
 709.000000  0.011523
 710.000000  0.009717
 711.000000  0.011499
 712.000000  0.009741
 713.000000  0.011694
 714.000000  0.009741
 715.000000  0.011914
 716.000000  0.009741
 717.000000  0.011474
 718.000000  0.009692
 719.000000  0.011157
 720.000000  0.009766
 721.000000  0.011694
 722.000000  0.009692
 723.000000  0.011523
 724.000000  0.009766
 725.000000  0.011328
 726.000000  0.009717
 727.000000  0.011694
 728.000000  0.009717
 729.000000  0.009033
 730.000000  0.009766
 731.000000  0.011914
 732.000000  0.009790
 733.000000  0.011596
 734.000000  0.012133
 735.000000  0.010937
 736.000000  0.008960
 737.000000  0.010791
 738.000000  0.009644
 739.000000  0.011865
 740.000000  0.009741
 741.000000  0.011645
 742.000000  0.009766
 743.000000  0.009131
 744.000000  0.009790
 745.000000  0.011865
 746.000000  0.009766
 747.000000  0.009058
 748.000000  0.009766
 749.000000  0.011621
 750.000000  0.009741
 751.000000  0.011596
 752.000000  0.012207
 753.000000  0.012207
 754.000000  0.009741
 755.000000  0.011377
 756.000000  0.009766
 757.000000  0.011767
 758.000000  0.009766
 759.000000  0.009546
 760.000000  0.009766
 761.000000  0.011621
 762.000000  0.009790
 763.000000  0.011816
 764.000000  0.009766
 765.000000  0.011425
 766.000000  0.009766
 767.000000  0.008887
 768.000000  0.009741
 769.000000  0.011206
 770.000000  0.009741
 771.000000  0.010986
 772.000000  0.009692
 773.000000  0.011450
 774.000000  0.012207
 775.000000  0.011767
 776.000000  0.012207
 777.000000  0.011352
 778.000000  0.009741
 779.000000  0.008862
 780.000000  0.009766
 781.000000  0.009644
 782.000000  0.012182
 783.000000  0.011547
 784.000000  0.009717
 785.000000  0.011206
 786.000000  0.009766
 787.000000  0.011279
 788.000000  0.012182
 789.000000  0.011328
 790.000000  0.009741
 791.000000  0.011499
 792.000000  0.009766
 793.000000  0.011279
 794.000000  0.009741
 795.000000  0.011840
 796.000000  0.009766
 797.000000  0.012060
 798.000000  0.009741
 799.000000  0.011352
 800.000000  0.009741
 801.000000  0.011254
 802.000000  0.012207
 803.000000  0.011572
 804.000000  0.009741
 805.000000  0.011499
 806.000000  0.009766
 807.000000  0.011401
 808.000000  0.012207
 809.000000  0.009277
 810.000000  0.009766
 811.000000  0.009595
 812.000000  0.009741
 813.000000  0.008716
 814.000000  0.009766
 815.000000  0.011181
 816.000000  0.009766
 817.000000  0.011523
 818.000000  0.009766
 819.000000  0.011694
 820.000000  0.009766
 821.000000  0.011669
 822.000000  0.009668
 823.000000  0.011938
 824.000000  0.012207
 825.000000  0.011474
 826.000000  0.009766
 827.000000  0.010986
 828.000000  0.009766
 829.000000  0.011840
 830.000000  0.009766
 831.000000  0.010815
 832.000000  0.009741
 833.000000  0.011157
 834.000000  0.009741
 835.000000  0.010791
 836.000000  0.012207
 837.000000  0.011157
 838.000000  0.009766
 839.000000  0.011303
 840.000000  0.009741
 841.000000  0.011572
 842.000000  0.012207
 843.000000  0.011767
 844.000000  0.009766
 845.000000  0.008911
 846.000000  0.012158
 847.000000  0.011132
 848.000000  0.009766
 849.000000  0.011499
 850.000000  0.009692
 851.000000  0.011621
 852.000000  0.009766
 853.000000  0.008887
 854.000000  0.012207
 855.000000  0.011499
 856.000000  0.009717
 857.000000  0.009302
 858.000000  0.009766
 859.000000  0.008911
 860.000000  0.012207
 861.000000  0.011059
 862.000000  0.009766
 863.000000  0.009228
 864.000000  0.009766
 865.000000  0.011718
 866.000000  0.012182
 867.000000  0.008716
 868.000000  0.009741
 869.000000  0.011010
 870.000000  0.009766
 871.000000  0.011181
 872.000000  0.009766
 873.000000  0.011499
 874.000000  0.009741
 875.000000  0.011523
 876.000000  0.009692
 877.000000  0.008447
 878.000000  0.009741
 879.000000  0.008447
 880.000000  0.009692
 881.000000  0.011499
 882.000000  0.009717
 883.000000  0.011596
 884.000000  0.009717
 885.000000  0.011718
 886.000000  0.009668
 887.000000  0.008350
 888.000000  0.009521
 889.000000  0.011059
 890.000000  0.009741
 891.000000  0.011767
 892.000000  0.009888
 893.000000  0.011572
 894.000000  0.009448
 895.000000  0.010669
 896.000000  0.009424
 897.000000  0.011792
 898.000000  0.009717
 899.000000  0.011328
 900.000000  0.009741
 901.000000  0.011401
 902.000000  0.012182
 903.000000  0.011401
 904.000000  0.009790
 905.000000  0.011303
 906.000000  0.012207
 907.000000  0.011279
 908.000000  0.012158
 909.000000  0.011157
 910.000000  0.009668
 911.000000  0.011279
 912.000000  0.009766
 913.000000  0.011108
 914.000000  0.009766
 915.000000  0.011352
 916.000000  0.009717
 917.000000  0.011645
 918.000000  0.012158
 919.000000  0.011425
 920.000000  0.012182
 921.000000  0.011450
 922.000000  0.009717
 923.000000  0.011084
 924.000000  0.009766
 925.000000  0.011157
 926.000000  0.009741
 927.000000  0.011572
 928.000000  0.009741
 929.000000  0.011377
 930.000000  0.009741
 931.000000  0.011865
 932.000000  0.009766
 933.000000  0.012011
 934.000000  0.009766
 935.000000  0.011645
 936.000000  0.009766
 937.000000  0.011547
 938.000000  0.009717
 939.000000  0.010937
 940.000000  0.009766
 941.000000  0.011352
 942.000000  0.009766
 943.000000  0.011206
 944.000000  0.009766
 945.000000  0.008569
 946.000000  0.012207
 947.000000  0.011792
 948.000000  0.009766
 949.000000  0.011401
 950.000000  0.012207
 951.000000  0.011645
 952.000000  0.009766
 953.000000  0.011840
 954.000000  0.009692
 955.000000  0.010913
 956.000000  0.009741
 957.000000  0.011206
 958.000000  0.009717
 959.000000  0.009058
 960.000000  0.009766
 961.000000  0.008252
 962.000000  0.012182
 963.000000  0.008252
 964.000000  0.009741
 965.000000  0.011474
 966.000000  0.009741
 967.000000  0.011206
 968.000000  0.009741
 969.000000  0.011279
 970.000000  0.012207
 971.000000  0.011279
 972.000000  0.009766
 973.000000  0.011621
 974.000000  0.009766
 975.000000  0.011108
 976.000000  0.009766
 977.000000  0.011108
 978.000000  0.009741
 979.000000  0.010766
 980.000000  0.009766
 981.000000  0.011035
 982.000000  0.009717
 983.000000  0.008789
 984.000000  0.009741
 985.000000  0.011767
 986.000000  0.009717
 987.000000  0.011401
 988.000000  0.012207
 989.000000  0.011377
 990.000000  0.009766
 991.000000  0.011743
 992.000000  0.009741
 993.000000  0.011669
 994.000000  0.009741
 995.000000  0.011767
 996.000000  0.009741
 997.000000  0.011914
 998.000000  0.012182
 999.000000  0.011425
 1000.000000  0.012207
 1001.000000  0.011230
 1002.000000  0.009692
 1003.000000  0.010791
 1004.000000  0.009668
 1005.000000  0.011303
 1006.000000  0.009692
 1007.000000  0.010791
 1008.000000  0.009741
 1009.000000  0.010644
 1010.000000  0.009644
 1011.000000  0.010742
 1012.000000  0.009619
 1013.000000  0.010791
 1014.000000  0.009668
 1015.000000  0.011328
 1016.000000  0.009668
 1017.000000  0.011157
 1018.000000  0.009766
 1019.000000  0.010864
 1020.000000  0.009692
 1021.000000  0.010595
 1022.000000  0.009399
 1023.000000  0.011377
