 0.000000  0.007861
 1.000000  0.007349
 2.000000  0.007788
 3.000000  0.007349
 4.000000  0.007983
 5.000000  0.007373
 6.000000  0.008252
 7.000000  0.007349
 8.000000  0.007861
 9.000000  0.007324
 10.000000  0.007983
 11.000000  0.007373
 12.000000  0.008276
 13.000000  0.007324
 14.000000  0.007983
 15.000000  0.007300
 16.000000  0.008203
 17.000000  0.007324
 18.000000  0.008008
 19.000000  0.007349
 20.000000  0.007617
 21.000000  0.007324
 22.000000  0.007861
 23.000000  0.007349
 24.000000  0.008301
 25.000000  0.007324
 26.000000  0.008569
 27.000000  0.009790
 28.000000  0.008057
 29.000000  0.007349
 30.000000  0.008008
 31.000000  0.007373
 32.000000  0.008154
 33.000000  0.007349
 34.000000  0.008325
 35.000000  0.007349
 36.000000  0.008227
 37.000000  0.007300
 38.000000  0.008301
 39.000000  0.009765
 40.000000  0.008252
 41.000000  0.007324
 42.000000  0.008130
 43.000000  0.007324
 44.000000  0.008350
 45.000000  0.007349
 46.000000  0.008227
 47.000000  0.007373
 48.000000  0.008032
 49.000000  0.007349
 50.000000  0.007764
 51.000000  0.007324
 52.000000  0.007886
 53.000000  0.007397
 54.000000  0.007861
 55.000000  0.007349
 56.000000  0.008252
 57.000000  0.007300
 58.000000  0.008472
 59.000000  0.009741
 60.000000  0.008179
 61.000000  0.009765
 62.000000  0.007812
 63.000000  0.007324
 64.000000  0.008130
 65.000000  0.007324
 66.000000  0.008032
 67.000000  0.009790
 68.000000  0.007886
 69.000000  0.007324
 70.000000  0.007886
 71.000000  0.007349
 72.000000  0.007715
 73.000000  0.007324
 74.000000  0.007788
 75.000000  0.007324
 76.000000  0.008203
 77.000000  0.007324
 78.000000  0.007910
 79.000000  0.007373
 80.000000  0.008227
 81.000000  0.007349
 82.000000  0.007886
 83.000000  0.007349
 84.000000  0.007910
 85.000000  0.007275
 86.000000  0.007886
 87.000000  0.007373
 88.000000  0.007935
 89.000000  0.007349
 90.000000  0.007983
 91.000000  0.007349
 92.000000  0.008081
 93.000000  0.007397
 94.000000  0.007935
 95.000000  0.007349
 96.000000  0.007983
 97.000000  0.007373
 98.000000  0.008008
 99.000000  0.007324
 100.000000  0.008105
 101.000000  0.009814
 102.000000  0.007812
 103.000000  0.009814
 104.000000  0.007861
 105.000000  0.007349
 106.000000  0.008179
 107.000000  0.007397
 108.000000  0.008374
 109.000000  0.009765
 110.000000  0.008081
 111.000000  0.007349
 112.000000  0.007886
 113.000000  0.007349
 114.000000  0.007983
 115.000000  0.007349
 116.000000  0.007837
 117.000000  0.007373
 118.000000  0.008081
 119.000000  0.007373
 120.000000  0.008081
 121.000000  0.007422
 122.000000  0.008008
 123.000000  0.007324
 124.000000  0.008008
 125.000000  0.007349
 126.000000  0.007959
 127.000000  0.009741
 128.000000  0.007935
 129.000000  0.007349
 130.000000  0.007983
 131.000000  0.009790
 132.000000  0.007837
 133.000000  0.007349
 134.000000  0.007959
 135.000000  0.009790
 136.000000  0.007935
 137.000000  0.007349
 138.000000  0.008130
 139.000000  0.007324
 140.000000  0.007935
 141.000000  0.007373
 142.000000  0.007959
 143.000000  0.007324
 144.000000  0.007788
 145.000000  0.009765
 146.000000  0.007739
 147.000000  0.007324
 148.000000  0.007910
 149.000000  0.009765
 150.000000  0.008032
 151.000000  0.007324
 152.000000  0.007593
 153.000000  0.007324
 154.000000  0.007935
 155.000000  0.007349
 156.000000  0.007739
 157.000000  0.009790
 158.000000  0.007788
 159.000000  0.007349
 160.000000  0.007812
 161.000000  0.007324
 162.000000  0.007812
 163.000000  0.007324
 164.000000  0.007617
 165.000000  0.007324
 166.000000  0.007495
 167.000000  0.007300
 168.000000  0.007959
 169.000000  0.009741
 170.000000  0.007812
 171.000000  0.007324
 172.000000  0.007642
 173.000000  0.007324
 174.000000  0.007642
 175.000000  0.007324
 176.000000  0.007666
 177.000000  0.007324
 178.000000  0.007690
 179.000000  0.009790
 180.000000  0.007642
 181.000000  0.007349
 182.000000  0.007764
 183.000000  0.007324
 184.000000  0.007642
 185.000000  0.007324
 186.000000  0.007886
 187.000000  0.007324
 188.000000  0.007642
 189.000000  0.007300
 190.000000  0.007617
 191.000000  0.007300
 192.000000  0.007715
 193.000000  0.007373
 194.000000  0.007690
 195.000000  0.007324
 196.000000  0.010180
 197.000000  0.007324
 198.000000  0.007666
 199.000000  0.009765
 200.000000  0.007593
 201.000000  0.009765
 202.000000  0.007739
 203.000000  0.007349
 204.000000  0.007617
 205.000000  0.007324
 206.000000  0.007715
 207.000000  0.007324
 208.000000  0.007617
 209.000000  0.009790
 210.000000  0.007886
 211.000000  0.007324
 212.000000  0.007568
 213.000000  0.009765
 214.000000  0.007617
 215.000000  0.007349
 216.000000  0.007495
 217.000000  0.007324
 218.000000  0.007739
 219.000000  0.009790
 220.000000  0.007617
 221.000000  0.007324
 222.000000  0.007519
 223.000000  0.007324
 224.000000  0.007519
 225.000000  0.007324
 226.000000  0.007642
 227.000000  0.009741
 228.000000  0.007886
 229.000000  0.009765
 230.000000  0.007886
 231.000000  0.007349
 232.000000  0.007837
 233.000000  0.009765
 234.000000  0.007519
 235.000000  0.007373
 236.000000  0.007739
 237.000000  0.007300
 238.000000  0.007642
 239.000000  0.009790
 240.000000  0.007739
 241.000000  0.007324
 242.000000  0.007837
 243.000000  0.009741
 244.000000  0.007593
 245.000000  0.007300
 246.000000  0.007690
 247.000000  0.007349
 248.000000  0.007837
 249.000000  0.007349
 250.000000  0.007593
 251.000000  0.007324
 252.000000  0.007715
 253.000000  0.007300
 254.000000  0.007568
 255.000000  0.009790
 256.000000  0.007642
 257.000000  0.007349
 258.000000  0.007666
 259.000000  0.007349
 260.000000  0.007764
 261.000000  0.007349
 262.000000  0.007690
 263.000000  0.009741
 264.000000  0.007642
 265.000000  0.009765
 266.000000  0.007617
 267.000000  0.009838
 268.000000  0.007568
 269.000000  0.009838
 270.000000  0.007617
 271.000000  0.007349
 272.000000  0.007617
 273.000000  0.007324
 274.000000  0.007666
 275.000000  0.009765
 276.000000  0.007715
 277.000000  0.009741
 278.000000  0.007935
 279.000000  0.007397
 280.000000  0.008057
 281.000000  0.009790
 282.000000  0.007666
 283.000000  0.009790
 284.000000  0.007642
 285.000000  0.007300
 286.000000  0.007544
 287.000000  0.007324
 288.000000  0.007690
 289.000000  0.009716
 290.000000  0.007739
 291.000000  0.007300
 292.000000  0.007666
 293.000000  0.007324
 294.000000  0.007715
 295.000000  0.009765
 296.000000  0.007568
 297.000000  0.009765
 298.000000  0.007861
 299.000000  0.009765
 300.000000  0.007519
 301.000000  0.007324
 302.000000  0.007544
 303.000000  0.009790
 304.000000  0.007788
 305.000000  0.007324
 306.000000  0.007544
 307.000000  0.009765
 308.000000  0.007642
 309.000000  0.009790
 310.000000  0.007837
 311.000000  0.007300
 312.000000  0.007837
 313.000000  0.007300
 314.000000  0.007983
 315.000000  0.009765
 316.000000  0.007788
 317.000000  0.007324
 318.000000  0.007617
 319.000000  0.007324
 320.000000  0.007642
 321.000000  0.009765
 322.000000  0.007519
 323.000000  0.009790
 324.000000  0.007690
 325.000000  0.007349
 326.000000  0.007544
 327.000000  0.007324
 328.000000  0.007568
 329.000000  0.009790
 330.000000  0.007642
 331.000000  0.009765
 332.000000  0.007544
 333.000000  0.009741
 334.000000  0.007568
 335.000000  0.009741
 336.000000  0.007593
 337.000000  0.007300
 338.000000  0.007715
 339.000000  0.007373
 340.000000  0.007642
 341.000000  0.009790
 342.000000  0.010058
 343.000000  0.009790
 344.000000  0.007861
 345.000000  0.009765
 346.000000  0.007910
 347.000000  0.007300
 348.000000  0.007690
 349.000000  0.009741
 350.000000  0.007666
 351.000000  0.009741
 352.000000  0.007617
 353.000000  0.009765
 354.000000  0.007666
 355.000000  0.007324
 356.000000  0.007642
 357.000000  0.007373
 358.000000  0.007690
 359.000000  0.009741
 360.000000  0.007837
 361.000000  0.007300
 362.000000  0.007837
 363.000000  0.009765
 364.000000  0.007642
 365.000000  0.007324
 366.000000  0.007812
 367.000000  0.007324
 368.000000  0.007642
 369.000000  0.007300
 370.000000  0.007739
 371.000000  0.009790
 372.000000  0.007642
 373.000000  0.009765
 374.000000  0.007690
 375.000000  0.009741
 376.000000  0.007812
 377.000000  0.007349
 378.000000  0.007886
 379.000000  0.007349
 380.000000  0.007861
 381.000000  0.009790
 382.000000  0.007666
 383.000000  0.007373
 384.000000  0.007837
 385.000000  0.007373
 386.000000  0.007935
 387.000000  0.009765
 388.000000  0.007519
 389.000000  0.009790
 390.000000  0.007959
 391.000000  0.009765
 392.000000  0.007690
 393.000000  0.007324
 394.000000  0.007764
 395.000000  0.007349
 396.000000  0.007764
 397.000000  0.007373
 398.000000  0.007764
 399.000000  0.007324
 400.000000  0.007715
 401.000000  0.009814
 402.000000  0.007715
 403.000000  0.007373
 404.000000  0.007715
 405.000000  0.007324
 406.000000  0.007666
 407.000000  0.007397
 408.000000  0.007568
 409.000000  0.009790
 410.000000  0.007886
 411.000000  0.009741
 412.000000  0.007812
 413.000000  0.007373
 414.000000  0.007959
 415.000000  0.009814
 416.000000  0.007739
 417.000000  0.007422
 418.000000  0.007886
 419.000000  0.007446
 420.000000  0.007739
 421.000000  0.007324
 422.000000  0.007690
 423.000000  0.007373
 424.000000  0.007593
 425.000000  0.009814
 426.000000  0.007715
 427.000000  0.009790
 428.000000  0.007861
 429.000000  0.009814
 430.000000  0.007886
 431.000000  0.009814
 432.000000  0.007764
 433.000000  0.007373
 434.000000  0.007593
 435.000000  0.009741
 436.000000  0.007666
 437.000000  0.009741
 438.000000  0.007764
 439.000000  0.009741
 440.000000  0.007642
 441.000000  0.009765
 442.000000  0.007812
 443.000000  0.009765
 444.000000  0.007715
 445.000000  0.009765
 446.000000  0.008008
 447.000000  0.007373
 448.000000  0.007788
 449.000000  0.009838
 450.000000  0.007666
 451.000000  0.009790
 452.000000  0.007739
 453.000000  0.009790
 454.000000  0.007861
 455.000000  0.009765
 456.000000  0.007837
 457.000000  0.009765
 458.000000  0.007812
 459.000000  0.009716
 460.000000  0.007837
 461.000000  0.009790
 462.000000  0.007764
 463.000000  0.009790
 464.000000  0.008154
 465.000000  0.009790
 466.000000  0.008057
 467.000000  0.007349
 468.000000  0.007861
 469.000000  0.007349
 470.000000  0.007861
 471.000000  0.009838
 472.000000  0.007788
 473.000000  0.007324
 474.000000  0.007910
 475.000000  0.009814
 476.000000  0.008032
 477.000000  0.007324
 478.000000  0.007935
 479.000000  0.009765
 480.000000  0.007983
 481.000000  0.009765
 482.000000  0.007861
 483.000000  0.007349
 484.000000  0.007642
 485.000000  0.009741
 486.000000  0.007739
 487.000000  0.007324
 488.000000  0.007861
 489.000000  0.007373
 490.000000  0.007690
 491.000000  0.009790
 492.000000  0.007666
 493.000000  0.009790
 494.000000  0.007739
 495.000000  0.009765
 496.000000  0.007910
 497.000000  0.007349
 498.000000  0.007715
 499.000000  0.009765
 500.000000  0.008057
 501.000000  0.009765
 502.000000  0.007593
 503.000000  0.009790
 504.000000  0.007812
 505.000000  0.009814
 506.000000  0.007764
 507.000000  0.007324
 508.000000  0.008105
 509.000000  0.007324
 510.000000  0.008105
 511.000000  0.009790
 512.000000  0.007715
 513.000000  0.007349
 514.000000  0.007935
 515.000000  0.007349
 516.000000  0.007788
 517.000000  0.007324
 518.000000  0.008081
 519.000000  0.007324
 520.000000  0.008105
 521.000000  0.007373
 522.000000  0.007983
 523.000000  0.009765
 524.000000  0.008105
 525.000000  0.009790
 526.000000  0.008374
 527.000000  0.009790
 528.000000  0.008423
 529.000000  0.009814
 530.000000  0.008472
 531.000000  0.009863
 532.000000  0.008276
 533.000000  0.007446
 534.000000  0.008447
 535.000000  0.007495
 536.000000  0.008789
 537.000000  0.009838
 538.000000  0.009082
 539.000000  0.010058
 540.000000  0.009302
 541.000000  0.007568
 542.000000  0.009644
 543.000000  0.007739
 544.000000  0.009595
 545.000000  0.007959
 546.000000  0.009570
 547.000000  0.010693
 548.000000  0.009717
 549.000000  0.011377
 550.000000  0.009717
 551.000000  0.012085
 552.000000  0.009863
 553.000000  0.009741
 554.000000  0.010107
 555.000000  0.010059
 556.000000  0.012207
 557.000000  0.018896
 558.000000  0.048535
 559.000000  0.115503
 560.000000  0.152319
 561.000000  0.140967
 562.000000  0.100562
 563.000000  0.036401
 564.000000  0.014478
 565.000000  0.014013
 566.000000  0.010986
 567.000000  0.012280
 568.000000  0.009741
 569.000000  0.011938
 570.000000  0.009766
 571.000000  0.011474
 572.000000  0.009717
 573.000000  0.010766
 574.000000  0.009473
 575.000000  0.010058
 576.000000  0.008960
 577.000000  0.010009
 578.000000  0.009253
 579.000000  0.010034
 580.000000  0.009155
 581.000000  0.007471
 582.000000  0.008740
 583.000000  0.009814
 584.000000  0.008423
 585.000000  0.009790
 586.000000  0.008227
 587.000000  0.009863
 588.000000  0.008325
 589.000000  0.007300
 590.000000  0.008154
 591.000000  0.009838
 592.000000  0.008179
 593.000000  0.007397
 594.000000  0.008227
 595.000000  0.009814
 596.000000  0.008740
 597.000000  0.009790
 598.000000  0.008008
 599.000000  0.009790
 600.000000  0.007861
 601.000000  0.009765
 602.000000  0.007764
 603.000000  0.009790
 604.000000  0.008398
 605.000000  0.009765
 606.000000  0.008252
 607.000000  0.009765
 608.000000  0.008301
 609.000000  0.009838
 610.000000  0.008130
 611.000000  0.009765
 612.000000  0.010717
 613.000000  0.009863
 614.000000  0.010376
 615.000000  0.009790
 616.000000  0.007812
 617.000000  0.007373
 618.000000  0.007690
 619.000000  0.009765
 620.000000  0.007861
 621.000000  0.009790
 622.000000  0.007764
 623.000000  0.009790
 624.000000  0.010351
 625.000000  0.009741
 626.000000  0.007788
 627.000000  0.009741
 628.000000  0.007617
 629.000000  0.009765
 630.000000  0.007788
 631.000000  0.009790
 632.000000  0.007690
 633.000000  0.009790
 634.000000  0.007544
 635.000000  0.009790
 636.000000  0.007886
 637.000000  0.007349
 638.000000  0.007739
 639.000000  0.009765
 640.000000  0.008081
 641.000000  0.009790
 642.000000  0.007788
 643.000000  0.007324
 644.000000  0.010180
 645.000000  0.009765
 646.000000  0.010253
 647.000000  0.009814
 648.000000  0.007812
 649.000000  0.007300
 650.000000  0.007910
 651.000000  0.007349
 652.000000  0.007764
 653.000000  0.007373
 654.000000  0.007715
 655.000000  0.009790
 656.000000  0.007959
 657.000000  0.009790
 658.000000  0.007715
 659.000000  0.007397
 660.000000  0.007861
 661.000000  0.009716
 662.000000  0.007861
 663.000000  0.009790
 664.000000  0.009985
 665.000000  0.009765
 666.000000  0.010351
 667.000000  0.009790
 668.000000  0.007642
 669.000000  0.007300
 670.000000  0.007886
 671.000000  0.007349
 672.000000  0.007910
 673.000000  0.009790
 674.000000  0.010083
 675.000000  0.009765
 676.000000  0.007690
 677.000000  0.009765
 678.000000  0.007812
 679.000000  0.009790
 680.000000  0.007690
 681.000000  0.007373
 682.000000  0.007739
 683.000000  0.009765
 684.000000  0.007886
 685.000000  0.009790
 686.000000  0.007690
 687.000000  0.007324
 688.000000  0.010424
 689.000000  0.007324
 690.000000  0.010449
 691.000000  0.009814
 692.000000  0.008423
 693.000000  0.009814
 694.000000  0.007788
 695.000000  0.009814
 696.000000  0.009936
 697.000000  0.009790
 698.000000  0.007715
 699.000000  0.009790
 700.000000  0.007690
 701.000000  0.007349
 702.000000  0.007715
 703.000000  0.007324
 704.000000  0.010205
 705.000000  0.009765
 706.000000  0.007910
 707.000000  0.007349
 708.000000  0.007715
 709.000000  0.009765
 710.000000  0.007715
 711.000000  0.009790
 712.000000  0.007788
 713.000000  0.009838
 714.000000  0.007739
 715.000000  0.009790
 716.000000  0.007959
 717.000000  0.009814
 718.000000  0.007788
 719.000000  0.009790
 720.000000  0.007837
 721.000000  0.009790
 722.000000  0.007935
 723.000000  0.009765
 724.000000  0.008081
 725.000000  0.009765
 726.000000  0.007837
 727.000000  0.009790
 728.000000  0.007690
 729.000000  0.007349
 730.000000  0.007910
 731.000000  0.009814
 732.000000  0.007690
 733.000000  0.009790
 734.000000  0.010302
 735.000000  0.009838
 736.000000  0.007568
 737.000000  0.009790
 738.000000  0.007593
 739.000000  0.009765
 740.000000  0.007715
 741.000000  0.009814
 742.000000  0.008008
 743.000000  0.007324
 744.000000  0.007666
 745.000000  0.009863
 746.000000  0.007642
 747.000000  0.007349
 748.000000  0.007812
 749.000000  0.009765
 750.000000  0.007617
 751.000000  0.009765
 752.000000  0.010205
 753.000000  0.009790
 754.000000  0.007617
 755.000000  0.009765
 756.000000  0.007739
 757.000000  0.009765
 758.000000  0.007666
 759.000000  0.007373
 760.000000  0.007837
 761.000000  0.009814
 762.000000  0.007983
 763.000000  0.009790
 764.000000  0.007837
 765.000000  0.009741
 766.000000  0.007519
 767.000000  0.007324
 768.000000  0.007617
 769.000000  0.009765
 770.000000  0.007495
 771.000000  0.009741
 772.000000  0.007495
 773.000000  0.009765
 774.000000  0.010034
 775.000000  0.009765
 776.000000  0.010009
 777.000000  0.009741
 778.000000  0.007544
 779.000000  0.007324
 780.000000  0.007544
 781.000000  0.007349
 782.000000  0.010180
 783.000000  0.009790
 784.000000  0.007422
 785.000000  0.009765
 786.000000  0.007788
 787.000000  0.009765
 788.000000  0.010034
 789.000000  0.009765
 790.000000  0.007666
 791.000000  0.009741
 792.000000  0.007495
 793.000000  0.009741
 794.000000  0.007519
 795.000000  0.009765
 796.000000  0.007593
 797.000000  0.009765
 798.000000  0.007568
 799.000000  0.009741
 800.000000  0.007519
 801.000000  0.009741
 802.000000  0.009985
 803.000000  0.009765
 804.000000  0.007422
 805.000000  0.009790
 806.000000  0.007471
 807.000000  0.009790
 808.000000  0.009838
 809.000000  0.007324
 810.000000  0.007593
 811.000000  0.007300
 812.000000  0.007519
 813.000000  0.007300
 814.000000  0.007471
 815.000000  0.009716
 816.000000  0.007593
 817.000000  0.009838
 818.000000  0.007568
 819.000000  0.009741
 820.000000  0.007422
 821.000000  0.009790
 822.000000  0.007495
 823.000000  0.009765
 824.000000  0.010034
 825.000000  0.009716
 826.000000  0.007519
 827.000000  0.009765
 828.000000  0.007471
 829.000000  0.009765
 830.000000  0.007422
 831.000000  0.009765
 832.000000  0.007519
 833.000000  0.009765
 834.000000  0.007593
 835.000000  0.009741
 836.000000  0.009814
 837.000000  0.009765
 838.000000  0.007495
 839.000000  0.009741
 840.000000  0.007495
 841.000000  0.009741
 842.000000  0.009961
 843.000000  0.009741
 844.000000  0.007544
 845.000000  0.007373
 846.000000  0.009936
 847.000000  0.009790
 848.000000  0.007397
 849.000000  0.009765
 850.000000  0.007422
 851.000000  0.009741
 852.000000  0.007593
 853.000000  0.007300
 854.000000  0.010253
 855.000000  0.009765
 856.000000  0.007544
 857.000000  0.007324
 858.000000  0.007471
 859.000000  0.007349
 860.000000  0.009985
 861.000000  0.009692
 862.000000  0.007495
 863.000000  0.007349
 864.000000  0.007544
 865.000000  0.009765
 866.000000  0.010034
 867.000000  0.007324
 868.000000  0.007593
 869.000000  0.009716
 870.000000  0.007642
 871.000000  0.009765
 872.000000  0.007788
 873.000000  0.009790
 874.000000  0.007593
 875.000000  0.009790
 876.000000  0.007397
 877.000000  0.007324
 878.000000  0.007739
 879.000000  0.007349
 880.000000  0.007593
 881.000000  0.009790
 882.000000  0.007642
 883.000000  0.009790
 884.000000  0.007593
 885.000000  0.009741
 886.000000  0.007739
 887.000000  0.007349
 888.000000  0.007861
 889.000000  0.009765
 890.000000  0.007617
 891.000000  0.009741
 892.000000  0.007642
 893.000000  0.009790
 894.000000  0.007568
 895.000000  0.009716
 896.000000  0.007568
 897.000000  0.009741
 898.000000  0.007519
 899.000000  0.009741
 900.000000  0.007715
 901.000000  0.009741
 902.000000  0.009912
 903.000000  0.009790
 904.000000  0.007690
 905.000000  0.009741
 906.000000  0.010034
 907.000000  0.009790
 908.000000  0.009912
 909.000000  0.009741
 910.000000  0.007495
 911.000000  0.009765
 912.000000  0.007666
 913.000000  0.009765
 914.000000  0.007495
 915.000000  0.009741
 916.000000  0.007471
 917.000000  0.009741
 918.000000  0.009961
 919.000000  0.009741
 920.000000  0.010156
 921.000000  0.009765
 922.000000  0.007422
 923.000000  0.009790
 924.000000  0.007471
 925.000000  0.009790
 926.000000  0.007446
 927.000000  0.009814
 928.000000  0.007593
 929.000000  0.009790
 930.000000  0.007471
 931.000000  0.009765
 932.000000  0.007593
 933.000000  0.009814
 934.000000  0.007397
 935.000000  0.009741
 936.000000  0.007690
 937.000000  0.009765
 938.000000  0.007544
 939.000000  0.009741
 940.000000  0.007519
 941.000000  0.009765
 942.000000  0.007593
 943.000000  0.009741
 944.000000  0.007568
 945.000000  0.007300
 946.000000  0.009936
 947.000000  0.009790
 948.000000  0.007642
 949.000000  0.009790
 950.000000  0.009838
 951.000000  0.009741
 952.000000  0.007617
 953.000000  0.009790
 954.000000  0.007593
 955.000000  0.009765
 956.000000  0.007642
 957.000000  0.009765
 958.000000  0.007495
 959.000000  0.007324
 960.000000  0.007422
 961.000000  0.007300
 962.000000  0.009961
 963.000000  0.007300
 964.000000  0.007495
 965.000000  0.009765
 966.000000  0.007544
 967.000000  0.009790
 968.000000  0.007471
 969.000000  0.009765
 970.000000  0.010009
 971.000000  0.009790
 972.000000  0.007715
 973.000000  0.009741
 974.000000  0.007519
 975.000000  0.009741
 976.000000  0.007422
 977.000000  0.009790
 978.000000  0.007495
 979.000000  0.009765
 980.000000  0.007422
 981.000000  0.009790
 982.000000  0.007519
 983.000000  0.007349
 984.000000  0.007519
 985.000000  0.009765
 986.000000  0.007471
 987.000000  0.009790
 988.000000  0.010034
 989.000000  0.009741
 990.000000  0.007739
 991.000000  0.009790
 992.000000  0.007715
 993.000000  0.009765
 994.000000  0.007519
 995.000000  0.009765
 996.000000  0.007495
 997.000000  0.009765
 998.000000  0.009985
 999.000000  0.009765
 1000.000000  0.009936
 1001.000000  0.009765
 1002.000000  0.007495
 1003.000000  0.009765
 1004.000000  0.007446
 1005.000000  0.009765
 1006.000000  0.007495
 1007.000000  0.009814
 1008.000000  0.007519
 1009.000000  0.009765
 1010.000000  0.007373
 1011.000000  0.009790
 1012.000000  0.007593
 1013.000000  0.009741
 1014.000000  0.007349
 1015.000000  0.009814
 1016.000000  0.007471
 1017.000000  0.009765
 1018.000000  0.007519
 1019.000000  0.009741
 1020.000000  0.007471
 1021.000000  0.009692
 1022.000000  0.007519
 1023.000000  0.009716
