 0.000000  0.007324
 1.000000  0.007324
 2.000000  0.007324
 3.000000  0.007324
 4.000000  0.007324
 5.000000  0.007324
 6.000000  0.009766
 7.000000  0.007324
 8.000000  0.007324
 9.000000  0.007324
 10.000000  0.007324
 11.000000  0.007324
 12.000000  0.009766
 13.000000  0.007324
 14.000000  0.007324
 15.000000  0.007324
 16.000000  0.007324
 17.000000  0.007324
 18.000000  0.007324
 19.000000  0.007324
 20.000000  0.007324
 21.000000  0.007324
 22.000000  0.007324
 23.000000  0.007324
 24.000000  0.009766
 25.000000  0.007324
 26.000000  0.007324
 27.000000  0.009765
 28.000000  0.009766
 29.000000  0.007324
 30.000000  0.007324
 31.000000  0.007324
 32.000000  0.009766
 33.000000  0.007324
 34.000000  0.009766
 35.000000  0.007324
 36.000000  0.009766
 37.000000  0.007324
 38.000000  0.009766
 39.000000  0.012207
 40.000000  0.012207
 41.000000  0.014648
 42.000000  0.017090
 43.000000  0.021973
 44.000000  0.031738
 45.000000  0.039062
 46.000000  0.051270
 47.000000  0.058594
 48.000000  0.065918
 49.000000  0.058594
 50.000000  0.026855
 51.000000  0.009766
 52.000000  0.009766
 53.000000  0.009766
 54.000000  0.009766
 55.000000  0.007324
 56.000000  0.009766
 57.000000  0.007324
 58.000000  0.009766
 59.000000  0.009765
 60.000000  0.007324
 61.000000  0.009765
 62.000000  0.007324
 63.000000  0.007324
 64.000000  0.009766
 65.000000  0.007324
 66.000000  0.007324
 67.000000  0.009765
 68.000000  0.009766
 69.000000  0.007324
 70.000000  0.007324
 71.000000  0.007324
 72.000000  0.009766
 73.000000  0.007324
 74.000000  0.007324
 75.000000  0.007324
 76.000000  0.009766
 77.000000  0.007324
 78.000000  0.009766
 79.000000  0.007324
 80.000000  0.007324
 81.000000  0.007324
 82.000000  0.007324
 83.000000  0.007324
 84.000000  0.007324
 85.000000  0.007324
 86.000000  0.007324
 87.000000  0.007324
 88.000000  0.007324
 89.000000  0.007324
 90.000000  0.009766
 91.000000  0.007324
 92.000000  0.009766
 93.000000  0.007324
 94.000000  0.009766
 95.000000  0.007324
 96.000000  0.007324
 97.000000  0.007324
 98.000000  0.007324
 99.000000  0.007324
 100.000000  0.007324
 101.000000  0.009765
 102.000000  0.009766
 103.000000  0.009765
 104.000000  0.009766
 105.000000  0.007324
 106.000000  0.007324
 107.000000  0.007324
 108.000000  0.009766
 109.000000  0.009765
 110.000000  0.009766
 111.000000  0.007324
 112.000000  0.007324
 113.000000  0.007324
 114.000000  0.009766
 115.000000  0.007324
 116.000000  0.009766
 117.000000  0.007324
 118.000000  0.009766
 119.000000  0.007324
 120.000000  0.009766
 121.000000  0.007324
 122.000000  0.009766
 123.000000  0.009766
 124.000000  0.009766
 125.000000  0.009766
 126.000000  0.012207
 127.000000  0.017089
 128.000000  0.021973
 129.000000  0.031738
 130.000000  0.048828
 131.000000  0.070800
 132.000000  0.090332
 133.000000  0.100098
 134.000000  0.095215
 135.000000  0.080566
 136.000000  0.051270
 137.000000  0.014648
 138.000000  0.009766
 139.000000  0.009766
 140.000000  0.009766
 141.000000  0.007324
 142.000000  0.009766
 143.000000  0.007324
 144.000000  0.009766
 145.000000  0.012207
 146.000000  0.009766
 147.000000  0.009766
 148.000000  0.009766
 149.000000  0.009765
 150.000000  0.009766
 151.000000  0.007324
 152.000000  0.009766
 153.000000  0.009766
 154.000000  0.009766
 155.000000  0.009766
 156.000000  0.009766
 157.000000  0.009765
 158.000000  0.009766
 159.000000  0.009766
 160.000000  0.009766
 161.000000  0.007324
 162.000000  0.009766
 163.000000  0.007324
 164.000000  0.009766
 165.000000  0.009766
 166.000000  0.009766
 167.000000  0.007324
 168.000000  0.009766
 169.000000  0.012207
 170.000000  0.009766
 171.000000  0.009766
 172.000000  0.009766
 173.000000  0.009766
 174.000000  0.009766
 175.000000  0.009766
 176.000000  0.009766
 177.000000  0.009766
 178.000000  0.012207
 179.000000  0.012207
 180.000000  0.009766
 181.000000  0.009766
 182.000000  0.012207
 183.000000  0.012207
 184.000000  0.012207
 185.000000  0.012207
 186.000000  0.012207
 187.000000  0.014648
 188.000000  0.014648
 189.000000  0.014648
 190.000000  0.014648
 191.000000  0.017090
 192.000000  0.019531
 193.000000  0.021973
 194.000000  0.034180
 195.000000  0.078125
 196.000000  0.170898
 197.000000  0.280762
 198.000000  0.444336
 199.000000  0.622558
 200.000000  0.649414
 201.000000  0.588378
 202.000000  0.446777
 203.000000  0.258789
 204.000000  0.065918
 205.000000  0.019531
 206.000000  0.017090
 207.000000  0.014648
 208.000000  0.014648
 209.000000  0.017089
 210.000000  0.014648
 211.000000  0.012207
 212.000000  0.012207
 213.000000  0.014648
 214.000000  0.012207
 215.000000  0.009766
 216.000000  0.012207
 217.000000  0.009766
 218.000000  0.009766
 219.000000  0.012207
 220.000000  0.009766
 221.000000  0.009766
 222.000000  0.009766
 223.000000  0.009766
 224.000000  0.009766
 225.000000  0.009766
 226.000000  0.009766
 227.000000  0.012207
 228.000000  0.009766
 229.000000  0.012207
 230.000000  0.009766
 231.000000  0.009766
 232.000000  0.009766
 233.000000  0.009765
 234.000000  0.009766
 235.000000  0.009766
 236.000000  0.009766
 237.000000  0.009766
 238.000000  0.009766
 239.000000  0.012207
 240.000000  0.009766
 241.000000  0.009766
 242.000000  0.009766
 243.000000  0.009765
 244.000000  0.009766
 245.000000  0.009766
 246.000000  0.009766
 247.000000  0.009766
 248.000000  0.009766
 249.000000  0.009766
 250.000000  0.009766
 251.000000  0.009766
 252.000000  0.009766
 253.000000  0.009766
 254.000000  0.009766
 255.000000  0.012207
 256.000000  0.009766
 257.000000  0.009766
 258.000000  0.009766
 259.000000  0.009766
 260.000000  0.009766
 261.000000  0.009766
 262.000000  0.009766
 263.000000  0.012207
 264.000000  0.009766
 265.000000  0.012207
 266.000000  0.009766
 267.000000  0.012207
 268.000000  0.009766
 269.000000  0.012207
 270.000000  0.009766
 271.000000  0.009766
 272.000000  0.009766
 273.000000  0.009766
 274.000000  0.009766
 275.000000  0.012207
 276.000000  0.009766
 277.000000  0.012207
 278.000000  0.012207
 279.000000  0.009766
 280.000000  0.009766
 281.000000  0.012207
 282.000000  0.009766
 283.000000  0.012207
 284.000000  0.012207
 285.000000  0.009766
 286.000000  0.012207
 287.000000  0.012207
 288.000000  0.012207
 289.000000  0.014648
 290.000000  0.012207
 291.000000  0.012207
 292.000000  0.012207
 293.000000  0.012207
 294.000000  0.014648
 295.000000  0.017089
 296.000000  0.014648
 297.000000  0.017089
 298.000000  0.017090
 299.000000  0.017089
 300.000000  0.017090
 301.000000  0.017090
 302.000000  0.019531
 303.000000  0.024414
 304.000000  0.026855
 305.000000  0.036621
 306.000000  0.100098
 307.000000  0.351562
 308.000000  0.737305
 309.000000  1.113281
 310.000000  1.289062
 311.000000  1.240234
 312.000000  0.981445
 313.000000  0.600586
 314.000000  0.231934
 315.000000  0.041503
 316.000000  0.024414
 317.000000  0.021973
 318.000000  0.021973
 319.000000  0.019531
 320.000000  0.019531
 321.000000  0.021972
 322.000000  0.019531
 323.000000  0.019531
 324.000000  0.017090
 325.000000  0.017090
 326.000000  0.017090
 327.000000  0.014648
 328.000000  0.017090
 329.000000  0.019531
 330.000000  0.017090
 331.000000  0.019531
 332.000000  0.019531
 333.000000  0.019531
 334.000000  0.019531
 335.000000  0.019531
 336.000000  0.019531
 337.000000  0.019531
 338.000000  0.019531
 339.000000  0.019531
 340.000000  0.021973
 341.000000  0.026855
 342.000000  0.026855
 343.000000  0.029296
 344.000000  0.029297
 345.000000  0.036621
 346.000000  0.036621
 347.000000  0.043945
 348.000000  0.053711
 349.000000  0.078125
 350.000000  0.173340
 351.000000  0.651855
 352.000000  1.445312
 353.000000  1.459960
 354.000000  1.467285
 355.000000  1.462402
 356.000000  1.459961
 357.000000  1.357422
 358.000000  0.522461
 359.000000  0.112304
 360.000000  0.061035
 361.000000  0.046387
 362.000000  0.039062
 363.000000  0.036621
 364.000000  0.029297
 365.000000  0.026855
 366.000000  0.024414
 367.000000  0.021973
 368.000000  0.021973
 369.000000  0.019531
 370.000000  0.019531
 371.000000  0.019531
 372.000000  0.017090
 373.000000  0.019531
 374.000000  0.017090
 375.000000  0.017089
 376.000000  0.014648
 377.000000  0.014648
 378.000000  0.014648
 379.000000  0.012207
 380.000000  0.014648
 381.000000  0.014648
 382.000000  0.012207
 383.000000  0.012207
 384.000000  0.012207
 385.000000  0.012207
 386.000000  0.012207
 387.000000  0.014648
 388.000000  0.012207
 389.000000  0.014648
 390.000000  0.012207
 391.000000  0.014648
 392.000000  0.012207
 393.000000  0.009766
 394.000000  0.009766
 395.000000  0.009766
 396.000000  0.009766
 397.000000  0.009766
 398.000000  0.012207
 399.000000  0.012207
 400.000000  0.012207
 401.000000  0.012207
 402.000000  0.009766
 403.000000  0.009766
 404.000000  0.009766
 405.000000  0.009766
 406.000000  0.009766
 407.000000  0.009766
 408.000000  0.009766
 409.000000  0.012207
 410.000000  0.009766
 411.000000  0.012207
 412.000000  0.009766
 413.000000  0.009766
 414.000000  0.009766
 415.000000  0.012207
 416.000000  0.009766
 417.000000  0.009766
 418.000000  0.009766
 419.000000  0.009766
 420.000000  0.009766
 421.000000  0.009766
 422.000000  0.009766
 423.000000  0.009766
 424.000000  0.009766
 425.000000  0.012207
 426.000000  0.009766
 427.000000  0.012207
 428.000000  0.009766
 429.000000  0.012207
 430.000000  0.009766
 431.000000  0.012207
 432.000000  0.009766
 433.000000  0.009766
 434.000000  0.009766
 435.000000  0.012207
 436.000000  0.009766
 437.000000  0.012207
 438.000000  0.009766
 439.000000  0.012207
 440.000000  0.009766
 441.000000  0.012207
 442.000000  0.009766
 443.000000  0.012207
 444.000000  0.009766
 445.000000  0.009765
 446.000000  0.009766
 447.000000  0.009766
 448.000000  0.009766
 449.000000  0.012207
 450.000000  0.009766
 451.000000  0.012207
 452.000000  0.009766
 453.000000  0.012207
 454.000000  0.009766
 455.000000  0.012207
 456.000000  0.009766
 457.000000  0.012207
 458.000000  0.009766
 459.000000  0.009765
 460.000000  0.009766
 461.000000  0.012207
 462.000000  0.009766
 463.000000  0.009765
 464.000000  0.009766
 465.000000  0.009765
 466.000000  0.009766
 467.000000  0.009766
 468.000000  0.009766
 469.000000  0.007324
 470.000000  0.009766
 471.000000  0.012207
 472.000000  0.009766
 473.000000  0.009766
 474.000000  0.009766
 475.000000  0.012207
 476.000000  0.009766
 477.000000  0.007324
 478.000000  0.009766
 479.000000  0.009765
 480.000000  0.009766
 481.000000  0.012207
 482.000000  0.009766
 483.000000  0.009766
 484.000000  0.009766
 485.000000  0.012207
 486.000000  0.009766
 487.000000  0.007324
 488.000000  0.009766
 489.000000  0.007324
 490.000000  0.009766
 491.000000  0.009765
 492.000000  0.009766
 493.000000  0.009765
 494.000000  0.009766
 495.000000  0.012207
 496.000000  0.009766
 497.000000  0.009766
 498.000000  0.009766
 499.000000  0.012207
 500.000000  0.009766
 501.000000  0.009765
 502.000000  0.009766
 503.000000  0.009765
 504.000000  0.009766
 505.000000  0.009765
 506.000000  0.009766
 507.000000  0.009766
 508.000000  0.009766
 509.000000  0.007324
 510.000000  0.009766
 511.000000  0.009765
 512.000000  0.009766
 513.000000  0.007324
 514.000000  0.009766
 515.000000  0.009766
 516.000000  0.009766
 517.000000  0.007324
 518.000000  0.009766
 519.000000  0.009766
 520.000000  0.009766
 521.000000  0.009766
 522.000000  0.009766
 523.000000  0.012207
 524.000000  0.009766
 525.000000  0.012207
 526.000000  0.009766
 527.000000  0.009765
 528.000000  0.009766
 529.000000  0.012207
 530.000000  0.009766
 531.000000  0.009765
 532.000000  0.009766
 533.000000  0.007324
 534.000000  0.009766
 535.000000  0.009766
 536.000000  0.009766
 537.000000  0.012207
 538.000000  0.009766
 539.000000  0.012207
 540.000000  0.009766
 541.000000  0.009766
 542.000000  0.009766
 543.000000  0.009766
 544.000000  0.009766
 545.000000  0.009766
 546.000000  0.009766
 547.000000  0.012207
 548.000000  0.009766
 549.000000  0.012207
 550.000000  0.009766
 551.000000  0.012207
 552.000000  0.009766
 553.000000  0.009766
 554.000000  0.009766
 555.000000  0.009766
 556.000000  0.009766
 557.000000  0.012207
 558.000000  0.009766
 559.000000  0.012207
 560.000000  0.012207
 561.000000  0.009766
 562.000000  0.009766
 563.000000  0.012207
 564.000000  0.009766
 565.000000  0.012207
 566.000000  0.009766
 567.000000  0.012207
 568.000000  0.012207
 569.000000  0.012207
 570.000000  0.012207
 571.000000  0.012207
 572.000000  0.012207
 573.000000  0.014648
 574.000000  0.012207
 575.000000  0.014648
 576.000000  0.012207
 577.000000  0.017089
 578.000000  0.014648
 579.000000  0.017089
 580.000000  0.014648
 581.000000  0.017090
 582.000000  0.017090
 583.000000  0.019531
 584.000000  0.019531
 585.000000  0.021972
 586.000000  0.021973
 587.000000  0.026855
 588.000000  0.029297
 589.000000  0.034180
 590.000000  0.046387
 591.000000  0.144043
 592.000000  0.788574
 593.000000  1.396484
 594.000000  1.445312
 595.000000  1.450195
 596.000000  1.423340
 597.000000  0.798339
 598.000000  0.122070
 599.000000  0.039062
 600.000000  0.029297
 601.000000  0.029296
 602.000000  0.024414
 603.000000  0.024414
 604.000000  0.019531
 605.000000  0.019531
 606.000000  0.017090
 607.000000  0.019531
 608.000000  0.017090
 609.000000  0.017089
 610.000000  0.014648
 611.000000  0.017089
 612.000000  0.017089
 613.000000  0.014648
 614.000000  0.017089
 615.000000  0.014648
 616.000000  0.012207
 617.000000  0.012207
 618.000000  0.012207
 619.000000  0.014648
 620.000000  0.012207
 621.000000  0.012207
 622.000000  0.009766
 623.000000  0.012207
 624.000000  0.012207
 625.000000  0.012207
 626.000000  0.012207
 627.000000  0.014648
 628.000000  0.012207
 629.000000  0.012207
 630.000000  0.009766
 631.000000  0.012207
 632.000000  0.012207
 633.000000  0.012207
 634.000000  0.009766
 635.000000  0.014648
 636.000000  0.012207
 637.000000  0.009766
 638.000000  0.012207
 639.000000  0.014648
 640.000000  0.012207
 641.000000  0.014648
 642.000000  0.012207
 643.000000  0.009766
 644.000000  0.014648
 645.000000  0.014648
 646.000000  0.014648
 647.000000  0.014648
 648.000000  0.014648
 649.000000  0.014648
 650.000000  0.017090
 651.000000  0.021973
 652.000000  0.078125
 653.000000  0.319824
 654.000000  0.510254
 655.000000  0.554199
 656.000000  0.546875
 657.000000  0.488281
 658.000000  0.253906
 659.000000  0.068359
 660.000000  0.021973
 661.000000  0.017089
 662.000000  0.014648
 663.000000  0.014648
 664.000000  0.014648
 665.000000  0.014648
 666.000000  0.014648
 667.000000  0.014648
 668.000000  0.012207
 669.000000  0.009766
 670.000000  0.012207
 671.000000  0.009766
 672.000000  0.009766
 673.000000  0.012207
 674.000000  0.012207
 675.000000  0.012207
 676.000000  0.009766
 677.000000  0.012207
 678.000000  0.009766
 679.000000  0.012207
 680.000000  0.009766
 681.000000  0.009766
 682.000000  0.009766
 683.000000  0.012207
 684.000000  0.009766
 685.000000  0.009765
 686.000000  0.009766
 687.000000  0.009766
 688.000000  0.012207
 689.000000  0.007324
 690.000000  0.012207
 691.000000  0.009765
 692.000000  0.009766
 693.000000  0.012207
 694.000000  0.009766
 695.000000  0.009765
 696.000000  0.012207
 697.000000  0.009765
 698.000000  0.009766
 699.000000  0.012207
 700.000000  0.009766
 701.000000  0.007324
 702.000000  0.009766
 703.000000  0.009766
 704.000000  0.012207
 705.000000  0.009765
 706.000000  0.009766
 707.000000  0.009766
 708.000000  0.009766
 709.000000  0.009765
 710.000000  0.009766
 711.000000  0.009765
 712.000000  0.007324
 713.000000  0.009765
 714.000000  0.009766
 715.000000  0.009765
 716.000000  0.009766
 717.000000  0.009765
 718.000000  0.009766
 719.000000  0.009765
 720.000000  0.009766
 721.000000  0.012207
 722.000000  0.009766
 723.000000  0.009765
 724.000000  0.009766
 725.000000  0.009765
 726.000000  0.009766
 727.000000  0.009765
 728.000000  0.009766
 729.000000  0.009766
 730.000000  0.009766
 731.000000  0.009765
 732.000000  0.009766
 733.000000  0.009765
 734.000000  0.012207
 735.000000  0.009765
 736.000000  0.009766
 737.000000  0.009765
 738.000000  0.009766
 739.000000  0.009765
 740.000000  0.009766
 741.000000  0.009765
 742.000000  0.009766
 743.000000  0.007324
 744.000000  0.009766
 745.000000  0.009765
 746.000000  0.009766
 747.000000  0.007324
 748.000000  0.009766
 749.000000  0.009765
 750.000000  0.009766
 751.000000  0.009765
 752.000000  0.012207
 753.000000  0.009765
 754.000000  0.009766
 755.000000  0.009765
 756.000000  0.009766
 757.000000  0.009765
 758.000000  0.009766
 759.000000  0.007324
 760.000000  0.009766
 761.000000  0.009765
 762.000000  0.009766
 763.000000  0.012207
 764.000000  0.009766
 765.000000  0.012207
 766.000000  0.009766
 767.000000  0.009766
 768.000000  0.007324
 769.000000  0.009765
 770.000000  0.009766
 771.000000  0.009765
 772.000000  0.009766
 773.000000  0.012207
 774.000000  0.012207
 775.000000  0.012207
 776.000000  0.012207
 777.000000  0.009765
 778.000000  0.009766
 779.000000  0.009766
 780.000000  0.009766
 781.000000  0.009766
 782.000000  0.009765
 783.000000  0.009765
 784.000000  0.009766
 785.000000  0.009765
 786.000000  0.009766
 787.000000  0.012207
 788.000000  0.012207
 789.000000  0.012207
 790.000000  0.009766
 791.000000  0.012207
 792.000000  0.009766
 793.000000  0.012207
 794.000000  0.009766
 795.000000  0.012207
 796.000000  0.012207
 797.000000  0.014648
 798.000000  0.014648
 799.000000  0.017089
 800.000000  0.017090
 801.000000  0.019531
 802.000000  0.021972
 803.000000  0.029296
 804.000000  0.051270
 805.000000  0.185546
 806.000000  0.358887
 807.000000  0.495605
 808.000000  0.590820
 809.000000  0.595703
 810.000000  0.476074
 811.000000  0.307617
 812.000000  0.180664
 813.000000  0.080566
 814.000000  0.034180
 815.000000  0.024414
 816.000000  0.019531
 817.000000  0.017089
 818.000000  0.017090
 819.000000  0.014648
 820.000000  0.012207
 821.000000  0.014648
 822.000000  0.012207
 823.000000  0.014648
 824.000000  0.014648
 825.000000  0.012207
 826.000000  0.009766
 827.000000  0.012207
 828.000000  0.009766
 829.000000  0.012207
 830.000000  0.009766
 831.000000  0.012207
 832.000000  0.009766
 833.000000  0.012207
 834.000000  0.009766
 835.000000  0.009765
 836.000000  0.012207
 837.000000  0.009765
 838.000000  0.009766
 839.000000  0.009765
 840.000000  0.007324
 841.000000  0.009765
 842.000000  0.012207
 843.000000  0.009765
 844.000000  0.007324
 845.000000  0.007324
 846.000000  0.012207
 847.000000  0.009765
 848.000000  0.007324
 849.000000  0.009765
 850.000000  0.007324
 851.000000  0.009765
 852.000000  0.009766
 853.000000  0.007324
 854.000000  0.009765
 855.000000  0.009765
 856.000000  0.009766
 857.000000  0.007324
 858.000000  0.009766
 859.000000  0.007324
 860.000000  0.009765
 861.000000  0.009765
 862.000000  0.007324
 863.000000  0.007324
 864.000000  0.007324
 865.000000  0.009765
 866.000000  0.009765
 867.000000  0.007324
 868.000000  0.007324
 869.000000  0.009765
 870.000000  0.009766
 871.000000  0.009765
 872.000000  0.007324
 873.000000  0.009765
 874.000000  0.007324
 875.000000  0.009765
 876.000000  0.007324
 877.000000  0.007324
 878.000000  0.009766
 879.000000  0.007324
 880.000000  0.007324
 881.000000  0.009765
 882.000000  0.007324
 883.000000  0.009765
 884.000000  0.009766
 885.000000  0.009765
 886.000000  0.009766
 887.000000  0.007324
 888.000000  0.007324
 889.000000  0.009765
 890.000000  0.009766
 891.000000  0.009765
 892.000000  0.009766
 893.000000  0.009765
 894.000000  0.007324
 895.000000  0.009765
 896.000000  0.007324
 897.000000  0.009765
 898.000000  0.007324
 899.000000  0.009765
 900.000000  0.007324
 901.000000  0.009765
 902.000000  0.009765
 903.000000  0.009765
 904.000000  0.009766
 905.000000  0.009765
 906.000000  0.009765
 907.000000  0.009765
 908.000000  0.009765
 909.000000  0.009765
 910.000000  0.007324
 911.000000  0.009765
 912.000000  0.007324
 913.000000  0.009765
 914.000000  0.007324
 915.000000  0.009765
 916.000000  0.007324
 917.000000  0.009765
 918.000000  0.009765
 919.000000  0.009765
 920.000000  0.009765
 921.000000  0.009765
 922.000000  0.009766
 923.000000  0.009765
 924.000000  0.009766
 925.000000  0.009765
 926.000000  0.009766
 927.000000  0.009765
 928.000000  0.009766
 929.000000  0.012207
 930.000000  0.009766
 931.000000  0.009765
 932.000000  0.009766
 933.000000  0.012207
 934.000000  0.007324
 935.000000  0.009765
 936.000000  0.007324
 937.000000  0.009765
 938.000000  0.009766
 939.000000  0.009765
 940.000000  0.007324
 941.000000  0.009765
 942.000000  0.007324
 943.000000  0.009765
 944.000000  0.009766
 945.000000  0.007324
 946.000000  0.012207
 947.000000  0.009765
 948.000000  0.007324
 949.000000  0.009765
 950.000000  0.009765
 951.000000  0.009765
 952.000000  0.009766
 953.000000  0.009765
 954.000000  0.007324
 955.000000  0.009765
 956.000000  0.007324
 957.000000  0.009765
 958.000000  0.007324
 959.000000  0.007324
 960.000000  0.009766
 961.000000  0.009766
 962.000000  0.012207
 963.000000  0.009766
 964.000000  0.009766
 965.000000  0.009765
 966.000000  0.009766
 967.000000  0.009765
 968.000000  0.007324
 969.000000  0.009765
 970.000000  0.012207
 971.000000  0.009765
 972.000000  0.009766
 973.000000  0.009765
 974.000000  0.009766
 975.000000  0.012207
 976.000000  0.009766
 977.000000  0.012207
 978.000000  0.009766
 979.000000  0.012207
 980.000000  0.009766
 981.000000  0.012207
 982.000000  0.012207
 983.000000  0.012207
 984.000000  0.014648
 985.000000  0.017089
 986.000000  0.019531
 987.000000  0.029296
 988.000000  0.051269
 989.000000  0.085449
 990.000000  0.122070
 991.000000  0.148925
 992.000000  0.158691
 993.000000  0.173339
 994.000000  0.168457
 995.000000  0.146484
 996.000000  0.109863
 997.000000  0.080566
 998.000000  0.048828
 999.000000  0.029296
 1000.000000  0.021972
 1001.000000  0.017089
 1002.000000  0.014648
 1003.000000  0.014648
 1004.000000  0.012207
 1005.000000  0.012207
 1006.000000  0.009766
 1007.000000  0.012207
 1008.000000  0.009766
 1009.000000  0.012207
 1010.000000  0.009766
 1011.000000  0.012207
 1012.000000  0.009766
 1013.000000  0.009765
 1014.000000  0.009766
 1015.000000  0.009765
 1016.000000  0.009766
 1017.000000  0.009765
 1018.000000  0.009766
 1019.000000  0.009765
 1020.000000  0.007324
 1021.000000  0.009765
 1022.000000  0.007324
 1023.000000  0.009765
